[{"timestamp":1742646517.69751,"label":"Application launched"},{"timestamp":1742646517.697614,"label":"Initialize ARViewModel"},{"label":"Finished Initialize ARViewModel","timestamp":1742646517.699213},{"label":"Initialize RoomManager","timestamp":1742646517.699271},{"timestamp":1742646517.699285,"label":"Initialize BeaconManager"},{"timestamp":1742646517.6993499,"label":"Fininshed Initialize BeaconManager"},{"label":"Fininshed Initialize RoomManager","timestamp":1742646517.699367},{"label":"Initialize CloudAnchorsManager","timestamp":1742646517.6993809},{"label":"Fininshed Initialize CloudAnchorsManager","timestamp":1742646517.699395},{"timestamp":1742646517.699408,"label":"ContentView Initialize"},{"content":{"id":"3F39F93D-AB52-4382-80AA-E0ED5264C1F0","name":"Test Room"},"label":"Room Update","timestamp":1742646518.975281},{"timestamp":1742646518.975356,"label":"Pulling CloudAnchors Ids from Backend","content":{"id":"3F39F93D-AB52-4382-80AA-E0ED5264C1F0","name":"Test Room"}},{"content":{"cloudAnchorsIds":["ua-eee15bae032a8930e41114ea906b4500"],"room":{"name":"Test Room","id":"3F39F93D-AB52-4382-80AA-E0ED5264C1F0"}},"label":"Pulled CloudAnchors Ids from Backend","timestamp":1742646519.111095},{"timestamp":1742646566.230723,"content":{"transform":{"columns":[[0.91369647,0.0050296956,0.4063662,0],[0.0029854083,0.9998134,-0.019087497,0],[-0.40638638,0.018653348,0.9135109,0],[0.16912654,-0.6858422,-0.3735574,1]]},"identifier":"DB6AC7E1-13E5-465A-9975-FEB986268C8E"},"label":"ARCore Update Bunny Anchor"},{"label":"Bunny didAdd (ARKit)","content":{"name":"bunny","identifier":"5A52DFB0-0687-478E-B9D9-95663DB51429","transform":{"columns":[[0.91369647,0.0050296956,0.4063662,0],[0.0029854083,0.9998134,-0.019087497,0],[-0.40638638,0.018653348,0.9135109,0],[0.16912654,-0.6858422,-0.3735574,1]]}},"timestamp":1742646566.2531018},{"timestamp":1742646568.452996,"label":"ARImageAnchor didAdd","content":{"identifier":"FF85DBE1-76D3-E459-2D24-8EDCEE263300","transform":{"columns":[[0.9537794,0.010958689,0.3003077,0],[-0.30030358,-0.0020551144,0.9538413,0],[0.011070024,-0.9999378,0.0013308233,0],[-0.21213408,-0.75406235,-0.20436421,1]]},"name":"Car"}},{"content":{"transform":{"columns":[[0.9537794,0.010958689,0.3003077,0],[-0.30030358,-0.0020551144,0.9538413,0],[0.011070024,-0.9999378,0.0013308233,0],[-0.21213408,-0.75406235,-0.20436421,1]]},"identifier":"FF85DBE1-76D3-E459-2D24-8EDCEE263300","name":"Car"},"label":"ARImageAnchor didUpdate","timestamp":1742646568.464363},{"timestamp":1742646571.086259,"label":"ARImageAnchor didAdd","content":{"name":"Earth","identifier":"088EF783-5990-B052-BE99-B8AA15BA6C68","transform":{"columns":[[0.9696285,-0.0021941424,0.24457213,0],[-0.24457432,-0.016604926,0.96948826,0],[0.0019339059,-0.99985975,-0.01663724,0],[-1.0234311,0.48495904,-0.9963788,0.99999994]]}}},{"label":"ARImageAnchor didUpdate","timestamp":1742646571.092902,"content":{"name":"Earth","transform":{"columns":[[0.9696285,-0.0021941424,0.24457213,0],[-0.24457432,-0.016604926,0.96948826,0],[0.0019339059,-0.99985975,-0.01663724,0],[-1.0234311,0.48495904,-0.9963788,0.99999994]]},"identifier":"088EF783-5990-B052-BE99-B8AA15BA6C68"}},{"timestamp":1742646571.6111898,"label":"ARImageAnchor didUpdate","content":{"transform":{"columns":[[0.96994984,0.000790069,0.24330325,0],[-0.24316895,-0.030238276,0.96951246,0],[0.008123053,-0.9995423,-0.029137496,0],[-1.0299237,0.48911944,-0.9959916,1]]},"name":"Earth","identifier":"088EF783-5990-B052-BE99-B8AA15BA6C68"}},{"label":"ARImageAnchor didUpdate","timestamp":1742646571.6275291,"content":{"identifier":"088EF783-5990-B052-BE99-B8AA15BA6C68","name":"Earth","transform":{"columns":[[0.96994984,0.000790069,0.24330325,0],[-0.24316895,-0.030238276,0.96951246,0],[0.008123053,-0.9995423,-0.029137496,0],[-1.0299237,0.48911944,-0.9959916,1]]}}},{"content":{"name":"bunny","transform":{"columns":[[0.91370785,0.0050858646,0.40633988,0],[0.0029745551,0.9998112,-0.019202592,0],[-0.40636078,0.01875424,0.9135202,0],[0.16912374,-0.68587446,-0.37351975,1.0000001]]},"identifier":"5A52DFB0-0687-478E-B9D9-95663DB51429"},"timestamp":1742646577.396833,"label":"Bunny didUpdate (ARKit)"},{"label":"ARImageAnchor didAdd","content":{"name":"Lenna","identifier":"6BAD7D5D-D14A-EF93-1C8B-F6BEC80B8329","transform":{"columns":[[0.27987853,-0.03724231,-0.9593128,0],[0.95959157,-0.019528136,0.280718,0],[-0.029188173,-0.9991154,0.030271906,0],[0.48048788,-0.75403243,-0.08430663,1]]}},"timestamp":1742646578.51928},{"label":"ARImageAnchor didUpdate","timestamp":1742646578.5264258,"content":{"identifier":"6BAD7D5D-D14A-EF93-1C8B-F6BEC80B8329","transform":{"columns":[[0.27987853,-0.03724231,-0.9593128,0],[0.95959157,-0.019528136,0.280718,0],[-0.029188173,-0.9991154,0.030271906,0],[0.48048788,-0.75403243,-0.08430663,1]]},"name":"Lenna"}},{"content":{"name":"Sailboat","transform":{"columns":[[0.96814775,0.0034862948,0.2503549,0],[-0.250371,0.02154358,0.9679101,0],[-0.0020191239,-0.9997618,0.0217302,0],[0.7350216,0.66739213,-0.52369314,1]]},"identifier":"C35EAC54-3E90-1B97-807B-5E3B8F238DB7"},"timestamp":1742646581.619318,"label":"ARImageAnchor didAdd"},{"content":{"transform":{"columns":[[0.96814775,0.0034862948,0.2503549,0],[-0.250371,0.02154358,0.9679101,0],[-0.0020191239,-0.9997618,0.0217302,0],[0.7350216,0.66739213,-0.52369314,1]]},"identifier":"C35EAC54-3E90-1B97-807B-5E3B8F238DB7","name":"Sailboat"},"timestamp":1742646581.62693,"label":"ARImageAnchor didUpdate"},{"label":"ARImageAnchor didAdd","timestamp":1742646584.718916,"content":{"name":"Mandrill","identifier":"A19C2489-597B-2BED-432C-244B551E75FD","transform":{"columns":[[-0.2572542,-0.011854319,0.966271,0],[-0.96511495,0.053560708,-0.25628936,0],[-0.048716024,-0.99849415,-0.025219502,0],[1.287236,0.693391,0.20540757,1]]}}},{"label":"ARImageAnchor didUpdate","content":{"identifier":"A19C2489-597B-2BED-432C-244B551E75FD","transform":{"columns":[[-0.2572542,-0.011854319,0.966271,0],[-0.96511495,0.053560708,-0.25628936,0],[-0.048716024,-0.99849415,-0.025219502,0],[1.287236,0.693391,0.20540757,1]]},"name":"Mandrill"},"timestamp":1742646584.7286592},{"timestamp":1742646586.785555,"content":{"name":"Peppers","transform":{"columns":[[-0.25039375,-0.0072605507,0.96811676,0],[-0.96811295,0.009883889,-0.25031865,0],[-0.007751326,-0.9999247,-0.0095039,0],[1.176216,0.07628694,0.93910843,1]]},"identifier":"61BB3DDD-C96C-6E82-3432-BD712CCBCB28"},"label":"ARImageAnchor didAdd"},{"label":"ARImageAnchor didUpdate","timestamp":1742646586.795016,"content":{"name":"Peppers","identifier":"61BB3DDD-C96C-6E82-3432-BD712CCBCB28","transform":{"columns":[[-0.25039375,-0.0072605507,0.96811676,0],[-0.96811295,0.009883889,-0.25031865,0],[-0.007751326,-0.9999247,-0.0095039,0],[1.176216,0.07628694,0.93910843,1]]}}},{"content":{"identifier":"5A52DFB0-0687-478E-B9D9-95663DB51429","name":"bunny","transform":{"columns":[[0.91381633,0.005200702,0.40609458,0],[0.0027913386,0.99981385,-0.019085469,0],[-0.40611824,0.018574158,0.9136317,0],[0.16910894,-0.68583953,-0.37356365,1]]}},"timestamp":1742646591.293497,"label":"Bunny didUpdate (ARKit)"},{"label":"ARImageAnchor didUpdate","timestamp":1742646601.2268271,"content":{"transform":{"columns":[[-0.25061718,-0.014651122,0.9679752,0],[-0.96689105,0.05345499,-0.24952734,0],[-0.048087258,-0.99846274,-0.02756278,0],[1.3152236,0.7019967,0.21293396,1]]},"name":"Mandrill","identifier":"A19C2489-597B-2BED-432C-244B551E75FD"}},{"timestamp":1742646601.2611399,"label":"ARImageAnchor didUpdate","content":{"name":"Mandrill","transform":{"columns":[[-0.25061718,-0.014651122,0.9679752,0],[-0.96689105,0.05345499,-0.24952734,0],[-0.048087258,-0.99846274,-0.02756278,0],[1.3152236,0.7019967,0.21293396,1]]},"identifier":"A19C2489-597B-2BED-432C-244B551E75FD"}},{"content":{"transform":{"columns":[[0.96778935,0.0012507358,0.2517576,0],[-0.25170878,-0.015501033,0.96767867,0],[0.0051128143,-0.9998789,-0.014686917,0],[0.74233484,0.67283475,-0.5221994,0.9999998]]},"identifier":"C35EAC54-3E90-1B97-807B-5E3B8F238DB7","name":"Sailboat"},"label":"ARImageAnchor didUpdate","timestamp":1742646604.3263931},{"timestamp":1742646604.36075,"label":"ARImageAnchor didUpdate","content":{"identifier":"C35EAC54-3E90-1B97-807B-5E3B8F238DB7","name":"Sailboat","transform":{"columns":[[0.96778935,0.0012507358,0.2517576,0],[-0.25170878,-0.015501033,0.96767867,0],[0.0051128143,-0.9998789,-0.014686917,0],[0.74233484,0.67283475,-0.5221994,0.9999998]]}}},{"timestamp":1742646606.795648,"label":"Bunny didUpdate (ARKit)","content":{"name":"bunny","identifier":"5A52DFB0-0687-478E-B9D9-95663DB51429","transform":{"columns":[[0.9139165,0.005259275,0.4058683,0],[0.0026863485,0.9998155,-0.019004699,0],[-0.40589333,0.01845901,0.91373384,0],[0.1690741,-0.6858152,-0.3735947,1]]}}}]