[{"label":"Application launched","timestamp":1742646615.4708052},{"timestamp":1742646615.4709349,"label":"Initialize ARViewModel"},{"timestamp":1742646615.47415,"label":"Finished Initialize ARViewModel"},{"timestamp":1742646615.4742,"label":"Initialize RoomManager"},{"label":"Initialize BeaconManager","timestamp":1742646615.474205},{"timestamp":1742646615.4742231,"label":"Fininshed Initialize BeaconManager"},{"timestamp":1742646615.474228,"label":"Fininshed Initialize RoomManager"},{"label":"Initialize CloudAnchorsManager","timestamp":1742646615.474232},{"label":"Fininshed Initialize CloudAnchorsManager","timestamp":1742646615.474236},{"label":"ContentView Initialize","timestamp":1742646615.4742398},{"content":{"name":"Test Room","id":"3F39F93D-AB52-4382-80AA-E0ED5264C1F0"},"timestamp":1742646616.703837,"label":"Room Update"},{"label":"Pulling CloudAnchors Ids from Backend","timestamp":1742646616.703878,"content":{"id":"3F39F93D-AB52-4382-80AA-E0ED5264C1F0","name":"Test Room"}},{"timestamp":1742646616.766396,"content":{"cloudAnchorsIds":["ua-eee15bae032a8930e41114ea906b4500"],"room":{"name":"Test Room","id":"3F39F93D-AB52-4382-80AA-E0ED5264C1F0"}},"label":"Pulled CloudAnchors Ids from Backend"},{"timestamp":1742646645.0621572,"label":"ARCore Update Bunny Anchor","content":{"identifier":"669673E8-F4D1-4E02-8093-50DEB24C89E9","transform":{"columns":[[0.97550887,-0.013690245,0.21953371,0],[0.022205431,0.99909174,-0.036367,0],[-0.21883646,0.04035117,0.9749269,0],[-0.2379538,-0.5472198,-0.43163648,1]]}}},{"label":"Bunny didAdd (ARKit)","content":{"identifier":"BE54D394-CD35-4953-B9C6-B01AE76A3D89","name":"bunny","transform":{"columns":[[0.97550887,-0.013690245,0.21953371,0],[0.022205431,0.99909174,-0.036367,0],[-0.21883646,0.04035117,0.9749269,0],[-0.2379538,-0.5472198,-0.43163648,1]]}},"timestamp":1742646645.116692},{"timestamp":1742646645.927898,"label":"Bunny didUpdate (ARKit)","content":{"name":"bunny","transform":{"columns":[[0.97552484,-0.013641201,0.21946567,0],[0.022139825,0.9990952,-0.036311317,0],[-0.21877182,0.04028152,0.9749442,0],[-0.23792815,-0.54721504,-0.43166488,0.99999994]]},"identifier":"BE54D394-CD35-4953-B9C6-B01AE76A3D89"}},{"timestamp":1742646646.727072,"label":"Bunny didUpdate (ARKit)","content":{"transform":{"columns":[[0.97421795,-0.01359778,0.22519799,0],[0.022301935,0.9990972,-0.036152355,0],[-0.22450311,0.040242627,0.9736419,0],[-0.23484091,-0.5530845,-0.43860185,0.9999998]]},"name":"bunny","identifier":"BE54D394-CD35-4953-B9C6-B01AE76A3D89"}},{"timestamp":1742646647.949851,"content":{"transform":{"columns":[[0.99385375,0.0123736095,0.110006526,0],[-0.110005714,-0.0007485374,0.9939306,0],[0.0123808645,-0.99992305,0.00061725243,0],[-0.57463336,-0.6262336,-0.18932483,0.99999994]]},"identifier":"FF85DBE1-76D3-E459-2D24-8EDCEE263300","name":"Car"},"label":"ARImageAnchor didAdd"},{"label":"ARImageAnchor didUpdate","timestamp":1742646647.9606252,"content":{"name":"Car","identifier":"FF85DBE1-76D3-E459-2D24-8EDCEE263300","transform":{"columns":[[0.99385375,0.0123736095,0.110006526,0],[-0.110005714,-0.0007485374,0.9939306,0],[0.0123808645,-0.99992305,0.00061725243,0],[-0.57463336,-0.6262336,-0.18932483,0.99999994]]}}},{"label":"ARImageAnchor didAdd","timestamp":1742646651.149936,"content":{"name":"Earth","identifier":"088EF783-5990-B052-BE99-B8AA15BA6C68","transform":{"columns":[[0.99607396,0.0033110427,0.08846203,0],[-0.088513695,0.022029134,0.99583125,0],[0.001348497,-0.9997518,0.022235714,0],[-1.5492363,0.6370598,-0.79626,0.9999999]]}}},{"content":{"identifier":"088EF783-5990-B052-BE99-B8AA15BA6C68","transform":{"columns":[[0.99607396,0.0033110427,0.08846203,0],[-0.088513695,0.022029134,0.99583125,0],[0.001348497,-0.9997518,0.022235714,0],[-1.5492363,0.6370598,-0.79626,0.9999999]]},"name":"Earth"},"label":"ARImageAnchor didUpdate","timestamp":1742646651.159154},{"timestamp":1742646654.092897,"label":"Bunny didUpdate (ARKit)","content":{"transform":{"columns":[[0.9742319,-0.013304654,0.22515453,0],[0.021907272,0.99912024,-0.035752397,0],[-0.22448082,0.03976366,0.9736666,0],[-0.23469113,-0.553052,-0.4387576,0.9999998]]},"identifier":"BE54D394-CD35-4953-B9C6-B01AE76A3D89","name":"bunny"}},{"timestamp":1742646654.8829942,"label":"ARImageAnchor didAdd","content":{"transform":{"columns":[[0.99891853,0.0055113207,0.046166275,0],[-0.04620039,0.006235891,0.99891263,0],[0.0052174414,-0.9999652,0.0064837667,0],[0.30042762,0.82872736,-0.6915414,0.99999994]]},"identifier":"C35EAC54-3E90-1B97-807B-5E3B8F238DB7","name":"Sailboat"}},{"timestamp":1742646654.890399,"content":{"transform":{"columns":[[0.99891853,0.0055113207,0.046166275,0],[-0.04620039,0.006235891,0.99891263,0],[0.0052174414,-0.9999652,0.0064837667,0],[0.30042762,0.82872736,-0.6915414,0.99999994]]},"name":"Sailboat","identifier":"C35EAC54-3E90-1B97-807B-5E3B8F238DB7"},"label":"ARImageAnchor didUpdate"},{"label":"ARImageAnchor didUpdate","content":{"name":"Sailboat","identifier":"C35EAC54-3E90-1B97-807B-5E3B8F238DB7","transform":{"columns":[[0.99829,0.0048168884,0.058254723,0],[-0.05835248,0.023554666,0.99801797,0],[0.0034351682,-0.9997108,0.023795469,0],[0.29659224,0.8245807,-0.68850946,0.99999994]]}},"timestamp":1742646655.392209},{"timestamp":1742646655.4255,"label":"ARImageAnchor didUpdate","content":{"transform":{"columns":[[0.99829,0.0048168884,0.058254723,0],[-0.05835248,0.023554666,0.99801797,0],[0.0034351682,-0.9997108,0.023795469,0],[0.29659224,0.8245807,-0.68850946,0.99999994]]},"identifier":"C35EAC54-3E90-1B97-807B-5E3B8F238DB7","name":"Sailboat"}},{"timestamp":1742646658.082827,"label":"ARImageAnchor didAdd","content":{"identifier":"6BAD7D5D-D14A-EF93-1C8B-F6BEC80B8329","name":"Lenna","transform":{"columns":[[0.06057961,-0.03511634,-0.99754524,0],[0.99814284,0.008504558,0.060316537,0],[0.0063656033,-0.9993468,0.035566345,0],[0.12831482,-0.6197417,-0.20496906,0.9999998]]}}},{"content":{"transform":{"columns":[[0.06057961,-0.03511634,-0.99754524,0],[0.99814284,0.008504558,0.060316537,0],[0.0063656033,-0.9993468,0.035566345,0],[0.12831482,-0.6197417,-0.20496906,0.9999998]]},"name":"Lenna","identifier":"6BAD7D5D-D14A-EF93-1C8B-F6BEC80B8329"},"label":"ARImageAnchor didUpdate","timestamp":1742646658.093401},{"content":{"name":"Lenna","transform":{"columns":[[0.069996476,-0.03503707,-0.99693173,0],[0.99754405,0.0049464894,0.06986568,0],[0.0024834406,-0.9993737,0.035297263,0],[0.13548136,-0.61185294,-0.20338736,0.99999994]]},"identifier":"6BAD7D5D-D14A-EF93-1C8B-F6BEC80B8329"},"label":"ARImageAnchor didUpdate","timestamp":1742646658.5936031},{"timestamp":1742646658.6272159,"label":"ARImageAnchor didUpdate","content":{"transform":{"columns":[[0.069996476,-0.03503707,-0.99693173,0],[0.99754405,0.0049464894,0.06986568,0],[0.0024834406,-0.9993737,0.035297263,0],[0.13548136,-0.61185294,-0.20338736,0.99999994]]},"name":"Lenna","identifier":"6BAD7D5D-D14A-EF93-1C8B-F6BEC80B8329"}},{"content":{"identifier":"A19C2489-597B-2BED-432C-244B551E75FD","name":"Mandrill","transform":{"columns":[[-0.051521827,-0.01397652,0.9985741,0],[-0.9962036,0.07097555,-0.05040613,0],[-0.07016985,-0.99738,-0.017580252,0],[1.0286098,0.839459,-0.072903745,0.99999994]]}},"timestamp":1742646661.282706,"label":"ARImageAnchor didAdd"},{"timestamp":1742646661.292317,"content":{"identifier":"A19C2489-597B-2BED-432C-244B551E75FD","transform":{"columns":[[-0.051521827,-0.01397652,0.9985741,0],[-0.9962036,0.07097555,-0.05040613,0],[-0.07016985,-0.99738,-0.017580252,0],[1.0286098,0.839459,-0.072903745,0.99999994]]},"name":"Mandrill"},"label":"ARImageAnchor didUpdate"},{"timestamp":1742646661.790925,"label":"ARImageAnchor didUpdate","content":{"identifier":"A19C2489-597B-2BED-432C-244B551E75FD","transform":{"columns":[[-0.05725434,-0.013872832,0.9982632,0],[-0.99660426,0.06005979,-0.056324624,0],[-0.05917409,-0.9980982,-0.017264415,0],[1.0351717,0.83949256,-0.065603346,0.99999994]]},"name":"Mandrill"}},{"timestamp":1742646661.8253531,"content":{"identifier":"A19C2489-597B-2BED-432C-244B551E75FD","transform":{"columns":[[-0.05725434,-0.013872832,0.9982632,0],[-0.99660426,0.06005979,-0.056324624,0],[-0.05917409,-0.9980982,-0.017264415,0],[1.0351717,0.83949256,-0.065603346,0.99999994]]},"name":"Mandrill"},"label":"ARImageAnchor didUpdate"},{"timestamp":1742646663.4160008,"label":"ARImageAnchor didAdd","content":{"transform":{"columns":[[-0.0638305,-0.0063073263,0.9979408,0],[-0.9979117,0.0103135975,-0.063763484,0],[-0.009890184,-0.99992687,-0.0069524776,0],[1.0386696,0.22130321,0.6613211,0.99999994]]},"identifier":"61BB3DDD-C96C-6E82-3432-BD712CCBCB28","name":"Peppers"}},{"content":{"identifier":"61BB3DDD-C96C-6E82-3432-BD712CCBCB28","transform":{"columns":[[-0.0638305,-0.0063073263,0.9979408,0],[-0.9979117,0.0103135975,-0.063763484,0],[-0.009890184,-0.99992687,-0.0069524776,0],[1.0386696,0.22130321,0.6613211,0.99999994]]},"name":"Peppers"},"label":"ARImageAnchor didUpdate","timestamp":1742646663.426869},{"label":"ARImageAnchor didUpdate","content":{"transform":{"columns":[[-0.06305911,-0.0114624845,0.99794376,0],[-0.9965059,0.055593543,-0.0623297,0],[-0.054764766,-0.9983875,-0.014928116,0],[1.0119339,0.83621335,-0.07864317,0.99999994]]},"identifier":"A19C2489-597B-2BED-432C-244B551E75FD","name":"Mandrill"},"timestamp":1742646666.06047},{"label":"ARImageAnchor didUpdate","content":{"transform":{"columns":[[-0.06305911,-0.0114624845,0.99794376,0],[-0.9965059,0.055593543,-0.0623297,0],[-0.054764766,-0.9983875,-0.014928116,0],[1.0119339,0.83621335,-0.07864317,0.99999994]]},"name":"Mandrill","identifier":"A19C2489-597B-2BED-432C-244B551E75FD"},"timestamp":1742646666.093638},{"content":{"name":"Sailboat","identifier":"C35EAC54-3E90-1B97-807B-5E3B8F238DB7","transform":{"columns":[[0.9960561,0.0018657112,0.08870539,0],[-0.08871878,0.009079515,0.9960152,0],[0.0010528775,-0.9999569,0.00920923,0],[0.3182115,0.81021535,-0.6952102,0.9999998]]}},"timestamp":1742646667.6591759,"label":"ARImageAnchor didUpdate"},{"label":"ARImageAnchor didUpdate","content":{"transform":{"columns":[[0.9960561,0.0018657112,0.08870539,0],[-0.08871878,0.009079515,0.9960152,0],[0.0010528775,-0.9999569,0.00920923,0],[0.3182115,0.81021535,-0.6952102,0.9999998]]},"identifier":"C35EAC54-3E90-1B97-807B-5E3B8F238DB7","name":"Sailboat"},"timestamp":1742646667.692548},{"timestamp":1742646669.7926378,"label":"ARImageAnchor didUpdate","content":{"transform":{"columns":[[0.09058106,-0.030433817,-0.99542373,0],[0.9958403,0.012634909,0.090232685,0],[0.009830979,-0.99945664,0.0314517,0],[0.14707783,-0.62317353,-0.21545072,0.99999994]]},"name":"Lenna","identifier":"6BAD7D5D-D14A-EF93-1C8B-F6BEC80B8329"}},{"label":"ARImageAnchor didUpdate","timestamp":1742646669.82708,"content":{"transform":{"columns":[[0.09058106,-0.030433817,-0.99542373,0],[0.9958403,0.012634909,0.090232685,0],[0.009830979,-0.99945664,0.0314517,0],[0.14707783,-0.62317353,-0.21545072,0.99999994]]},"identifier":"6BAD7D5D-D14A-EF93-1C8B-F6BEC80B8329","name":"Lenna"}},{"timestamp":1742646670.3253732,"content":{"name":"Lenna","identifier":"6BAD7D5D-D14A-EF93-1C8B-F6BEC80B8329","transform":{"columns":[[0.059726592,-0.036188632,-0.9975584,0],[0.9981836,-0.0057187174,0.059971526,0],[-0.007875021,-0.99932855,0.03578136,0],[0.15846244,-0.6113349,-0.20932284,0.99999994]]}},"label":"ARImageAnchor didUpdate"},{"label":"ARImageAnchor didUpdate","content":{"identifier":"6BAD7D5D-D14A-EF93-1C8B-F6BEC80B8329","transform":{"columns":[[0.059726592,-0.036188632,-0.9975584,0],[0.9981836,-0.0057187174,0.059971526,0],[-0.007875021,-0.99932855,0.03578136,0],[0.15846244,-0.6113349,-0.20932284,0.99999994]]},"name":"Lenna"},"timestamp":1742646670.355891},{"content":{"name":"bunny","identifier":"BE54D394-CD35-4953-B9C6-B01AE76A3D89","transform":{"columns":[[0.97435784,-0.013316158,0.22460729,0],[0.021716164,0.999152,-0.034969706,0],[-0.22395124,0.038950633,0.97382134,0],[-0.23461184,-0.55305606,-0.4391116,0.99999994]]}},"timestamp":1742646672.626982,"label":"Bunny didUpdate (ARKit)"},{"label":"ARImageAnchor didUpdate","content":{"name":"Earth","identifier":"088EF783-5990-B052-BE99-B8AA15BA6C68","transform":{"columns":[[0.9989307,-0.0045678765,0.046004303,0],[-0.04607184,-0.015985977,0.9988101,0],[-0.0038270212,-0.9998616,-0.016179346,0],[-1.5368781,0.6321594,-0.79918474,0.9999999]]}},"timestamp":1742646675.6578999},{"timestamp":1742646675.6908278,"content":{"transform":{"columns":[[0.9989307,-0.0045678765,0.046004303,0],[-0.04607184,-0.015985977,0.9988101,0],[-0.0038270212,-0.9998616,-0.016179346,0],[-1.5368781,0.6321594,-0.79918474,0.9999999]]},"name":"Earth","identifier":"088EF783-5990-B052-BE99-B8AA15BA6C68"},"label":"ARImageAnchor didUpdate"},{"timestamp":1742646676.189347,"label":"ARImageAnchor didUpdate","content":{"name":"Earth","identifier":"088EF783-5990-B052-BE99-B8AA15BA6C68","transform":{"columns":[[0.9991461,-0.0005213336,0.041310903,0],[-0.041312188,-0.022397844,0.99889517,0],[0.00040452066,-0.99974895,-0.022400236,0],[-1.5445479,0.6356852,-0.80685854,1]]}}},{"label":"ARImageAnchor didUpdate","timestamp":1742646676.222897,"content":{"name":"Earth","identifier":"088EF783-5990-B052-BE99-B8AA15BA6C68","transform":{"columns":[[0.9991461,-0.0005213336,0.041310903,0],[-0.041312188,-0.022397844,0.99889517,0],[0.00040452066,-0.99974895,-0.022400236,0],[-1.5445479,0.6356852,-0.80685854,1]]}}},{"label":"ARImageAnchor didUpdate","content":{"identifier":"C35EAC54-3E90-1B97-807B-5E3B8F238DB7","name":"Sailboat","transform":{"columns":[[0.9986122,0.009809926,0.051741894,0],[-0.05193888,0.021026514,0.9984287,0],[0.008706566,-0.99973065,0.021506844,0],[0.2869705,0.82096386,-0.6731403,0.99999994]]}},"timestamp":1742646680.455562},{"timestamp":1742646680.488883,"label":"ARImageAnchor didUpdate","content":{"identifier":"C35EAC54-3E90-1B97-807B-5E3B8F238DB7","transform":{"columns":[[0.9986122,0.009809926,0.051741894,0],[-0.05193888,0.021026514,0.9984287,0],[0.008706566,-0.99973065,0.021506844,0],[0.2869705,0.82096386,-0.6731403,0.99999994]]},"name":"Sailboat"}},{"timestamp":1742646682.590066,"content":{"name":"Mandrill","identifier":"A19C2489-597B-2BED-432C-244B551E75FD","transform":{"columns":[[-0.064246505,-0.014376851,0.99783033,0],[-0.9965915,0.052769896,-0.06340648,0],[-0.051743798,-0.9985032,-0.017718138,0],[0.97620475,0.8456991,-0.07115909,0.99999994]]}},"label":"ARImageAnchor didUpdate"},{"content":{"identifier":"A19C2489-597B-2BED-432C-244B551E75FD","transform":{"columns":[[-0.064246505,-0.014376851,0.99783033,0],[-0.9965915,0.052769896,-0.06340648,0],[-0.051743798,-0.9985032,-0.017718138,0],[0.97620475,0.8456991,-0.07115909,0.99999994]]},"name":"Mandrill"},"label":"ARImageAnchor didUpdate","timestamp":1742646682.626034},{"timestamp":1742646684.193346,"content":{"name":"Peppers","identifier":"61BB3DDD-C96C-6E82-3432-BD712CCBCB28","transform":{"columns":[[-0.050793562,-0.006186029,0.99868995,0],[-0.9984403,-0.022879101,-0.050922558,0],[0.0231641,-0.9997191,-0.005014272,0],[0.99762404,0.22569025,0.6726261,0.99999994]]}},"label":"ARImageAnchor didUpdate"},{"timestamp":1742646684.226285,"label":"ARImageAnchor didUpdate","content":{"name":"Peppers","identifier":"61BB3DDD-C96C-6E82-3432-BD712CCBCB28","transform":{"columns":[[-0.050793562,-0.006186029,0.99868995,0],[-0.9984403,-0.022879101,-0.050922558,0],[0.0231641,-0.9997191,-0.005014272,0],[0.99762404,0.22569025,0.6726261,0.99999994]]}}},{"label":"ARImageAnchor didUpdate","content":{"name":"Peppers","identifier":"61BB3DDD-C96C-6E82-3432-BD712CCBCB28","transform":{"columns":[[-0.048726313,-0.0059987325,0.99879414,0],[-0.99872214,-0.013130536,-0.048801683,0],[0.013407423,-0.99989563,-0.0053512636,0],[1.0387621,0.21911082,0.66155016,0.99999994]]}},"timestamp":1742646684.7252421},{"content":{"transform":{"columns":[[-0.048726313,-0.0059987325,0.99879414,0],[-0.99872214,-0.013130536,-0.048801683,0],[0.013407423,-0.99989563,-0.0053512636,0],[1.0387621,0.21911082,0.66155016,0.99999994]]},"name":"Peppers","identifier":"61BB3DDD-C96C-6E82-3432-BD712CCBCB28"},"timestamp":1742646684.758452,"label":"ARImageAnchor didUpdate"},{"content":{"identifier":"BE54D394-CD35-4953-B9C6-B01AE76A3D89","name":"bunny","transform":{"columns":[[0.9743986,-0.013469052,0.2244213,0],[0.02183881,0.9991534,-0.03485434,0],[-0.223762,0.038863134,0.9738683,0],[-0.23465547,-0.55307215,-0.43917537,0.99999994]]}},"timestamp":1742646685.225659,"label":"Bunny didUpdate (ARKit)"},{"timestamp":1742646685.325475,"content":{"name":"bunny","transform":{"columns":[[0.9743984,-0.013468219,0.224422,0],[0.02183731,0.9991534,-0.034851395,0],[-0.22376274,0.038859937,0.97386813,0],[-0.23465517,-0.55307204,-0.43917662,0.9999999]]},"identifier":"BE54D394-CD35-4953-B9C6-B01AE76A3D89"},"label":"Bunny didUpdate (ARKit)"},{"label":"ARImageAnchor didUpdate","content":{"transform":{"columns":[[-0.052066293,-0.008443357,0.99860775,0],[-0.9986018,-0.0087112505,-0.052139726,0],[0.009139364,-0.99992615,-0.007977991,0],[1.0342053,0.21952231,0.652586,0.9999999]]},"name":"Peppers","identifier":"61BB3DDD-C96C-6E82-3432-BD712CCBCB28"},"timestamp":1742646686.3258948},{"label":"ARImageAnchor didUpdate","timestamp":1742646686.359871,"content":{"name":"Peppers","identifier":"61BB3DDD-C96C-6E82-3432-BD712CCBCB28","transform":{"columns":[[-0.052066293,-0.008443357,0.99860775,0],[-0.9986018,-0.0087112505,-0.052139726,0],[0.009139364,-0.99992615,-0.007977991,0],[1.0342053,0.21952231,0.652586,0.9999999]]}}},{"timestamp":1742646694.324113,"label":"ARImageAnchor didUpdate","content":{"transform":{"columns":[[-0.054776985,-0.0119607225,0.99842685,0],[-0.99689656,0.057274614,-0.054006927,0],[-0.056538563,-0.99828666,-0.015060942,0],[1.0056465,0.8401512,-0.08362659,0.99999994]]},"name":"Mandrill","identifier":"A19C2489-597B-2BED-432C-244B551E75FD"}},{"content":{"name":"Mandrill","transform":{"columns":[[-0.054776985,-0.0119607225,0.99842685,0],[-0.99689656,0.057274614,-0.054006927,0],[-0.056538563,-0.99828666,-0.015060942,0],[1.0056465,0.8401512,-0.08362659,0.99999994]]},"identifier":"A19C2489-597B-2BED-432C-244B551E75FD"},"timestamp":1742646694.356741,"label":"ARImageAnchor didUpdate"}]