[{"timestamp":1742675241.187562,"label":"Application launched"},{"timestamp":1742675241.1883569,"label":"Initialize ARViewModel"},{"timestamp":1742675241.190638,"label":"Finished Initialize ARViewModel"},{"timestamp":1742675241.1907082,"label":"Initialize RoomManager"},{"timestamp":1742675241.190723,"label":"Initialize BeaconManager"},{"timestamp":1742675241.1907601,"label":"Fininshed Initialize BeaconManager"},{"label":"Fininshed Initialize RoomManager","timestamp":1742675241.1907768},{"label":"Initialize CloudAnchorsManager","timestamp":1742675241.1907902},{"timestamp":1742675241.190804,"label":"Fininshed Initialize CloudAnchorsManager"},{"timestamp":1742675241.190816,"label":"ContentView Initialize"},{"timestamp":1742675242.438191,"label":"Room Update","content":{"id":"3F39F93D-AB52-4382-80AA-E0ED5264C1F0","name":"Test Room"}},{"timestamp":1742675242.4382591,"content":{"id":"3F39F93D-AB52-4382-80AA-E0ED5264C1F0","name":"Test Room"},"label":"Pulling CloudAnchors Ids from Backend"},{"timestamp":1742675242.499703,"label":"Pulled CloudAnchors Ids from Backend","content":{"cloudAnchorsIds":["ua-eee15bae032a8930e41114ea906b4500"],"room":{"name":"Test Room","id":"3F39F93D-AB52-4382-80AA-E0ED5264C1F0"}}},{"timestamp":1742675321.156959,"label":"ARCore Update Bunny Anchor","content":{"transform":{"columns":[[-0.04166761,0.020674836,-0.9989176,0],[-0.019985618,0.9995686,0.021521965,0],[0.99893165,0.020860754,-0.041236434,0],[0.25394827,-0.61569774,-0.016705096,1]]},"identifier":"71E1DDFD-ED2D-4E73-94EE-592CAAD1849C"}},{"label":"Bunny didAdd (ARKit)","content":{"name":"bunny","identifier":"9CAAF12E-9107-4A5E-84CF-467A82F137C4","transform":{"columns":[[-0.04166761,0.020674836,-0.9989176,0],[-0.019985618,0.9995686,0.021521965,0],[0.99893165,0.020860754,-0.041236434,0],[0.25394827,-0.61569774,-0.016705096,1]]}},"timestamp":1742675324.766354},{"content":{"transform":{"columns":[[-0.21931358,0.009166971,-0.9756114,0],[0.97559756,-0.008743955,-0.21939254,0],[-0.01054195,-0.9999196,-0.00702559,0],[0.70224714,-0.5890961,0.10917634,0.9999999]]},"name":"Car","identifier":"FF85DBE1-76D3-E459-2D24-8EDCEE263300"},"timestamp":1742675329.930119,"label":"ARImageAnchor didAdd"},{"timestamp":1742675329.940898,"label":"ARImageAnchor didUpdate","content":{"name":"Car","transform":{"columns":[[-0.21931358,0.009166971,-0.9756114,0],[0.97559756,-0.008743955,-0.21939254,0],[-0.01054195,-0.9999196,-0.00702559,0],[0.70224714,-0.5890961,0.10917634,0.9999999]]},"identifier":"FF85DBE1-76D3-E459-2D24-8EDCEE263300"}},{"timestamp":1742675333.064374,"content":{"transform":{"columns":[[-0.25982505,-0.011687278,-0.96558493,0],[0.9647603,-0.046192046,-0.25904408,0],[-0.04157483,-0.9988641,0.023277273,0],[0.4464106,0.67596054,1.2142516,0.9999999]]},"identifier":"088EF783-5990-B052-BE99-B8AA15BA6C68","name":"Earth"},"label":"ARImageAnchor didAdd"},{"timestamp":1742675333.071086,"content":{"name":"Earth","identifier":"088EF783-5990-B052-BE99-B8AA15BA6C68","transform":{"columns":[[-0.25982505,-0.011687278,-0.96558493,0],[0.9647603,-0.046192046,-0.25904408,0],[-0.04157483,-0.9988641,0.023277273,0],[0.4464106,0.67596054,1.2142516,0.9999999]]}},"label":"ARImageAnchor didUpdate"},{"label":"ARImageAnchor didAdd","timestamp":1742675338.364739,"content":{"transform":{"columns":[[-0.22315554,-0.010136648,-0.97473013,0],[0.9746949,0.011115249,-0.22326307,0],[0.01309751,-0.9998868,0.007399709,0],[-0.044256985,0.84907454,-0.5750461,0.9999999]]},"identifier":"C35EAC54-3E90-1B97-807B-5E3B8F238DB7","name":"Sailboat"}},{"label":"ARImageAnchor didUpdate","content":{"transform":{"columns":[[-0.22315554,-0.010136648,-0.97473013,0],[0.9746949,0.011115249,-0.22326307,0],[0.01309751,-0.9998868,0.007399709,0],[-0.044256985,0.84907454,-0.5750461,0.9999999]]},"name":"Sailboat","identifier":"C35EAC54-3E90-1B97-807B-5E3B8F238DB7"},"timestamp":1742675338.371058},{"label":"ARImageAnchor didUpdate","timestamp":1742675338.91482,"content":{"name":"Sailboat","transform":{"columns":[[-0.26681197,-0.00093190523,-0.9637482,0],[0.9633654,0.027941005,-0.26673302,0],[0.027176658,-0.9996091,-0.00655723,0],[-0.05292751,0.8458688,-0.5677863,1]]},"identifier":"C35EAC54-3E90-1B97-807B-5E3B8F238DB7"}},{"content":{"identifier":"C35EAC54-3E90-1B97-807B-5E3B8F238DB7","name":"Sailboat","transform":{"columns":[[-0.26681197,-0.00093190523,-0.9637482,0],[0.9633654,0.027941005,-0.26673302,0],[0.027176658,-0.9996091,-0.00655723,0],[-0.05292751,0.8458688,-0.5677863,1]]}},"timestamp":1742675338.9211211,"label":"ARImageAnchor didUpdate"},{"timestamp":1742675340.496306,"label":"ARImageAnchor didAdd","content":{"transform":{"columns":[[0.9630443,-0.022184903,-0.26842803,0],[0.26905867,0.033434134,0.9625433,0],[-0.012379279,-0.9991946,0.03816759,0],[0.29169354,0.87056947,-1.411317,0.9999998]]},"name":"Mandrill","identifier":"A19C2489-597B-2BED-432C-244B551E75FD"}},{"label":"ARImageAnchor didUpdate","content":{"identifier":"A19C2489-597B-2BED-432C-244B551E75FD","transform":{"columns":[[0.9630443,-0.022184903,-0.26842803,0],[0.26905867,0.033434134,0.9625433,0],[-0.012379279,-0.9991946,0.03816759,0],[0.29169354,0.87056947,-1.411317,0.9999998]]},"name":"Mandrill"},"timestamp":1742675340.505198},{"content":{"transform":{"columns":[[0.9702817,-0.005643935,-0.24191211,0],[0.2419141,-0.00034292476,0.9702975,0],[-0.0055592526,-0.9999839,0.0010326272,0],[0.9838636,0.24941221,-1.6763306,0.9999999]]},"name":"Peppers","identifier":"61BB3DDD-C96C-6E82-3432-BD712CCBCB28"},"timestamp":1742675342.612927,"label":"ARImageAnchor didAdd"},{"timestamp":1742675342.6218271,"label":"ARImageAnchor didUpdate","content":{"identifier":"61BB3DDD-C96C-6E82-3432-BD712CCBCB28","transform":{"columns":[[0.9702817,-0.005643935,-0.24191211,0],[0.2419141,-0.00034292476,0.9702975,0],[-0.0055592526,-0.9999839,0.0010326272,0],[0.9838636,0.24941221,-1.6763306,0.9999999]]},"name":"Peppers"}},{"timestamp":1742675343.138474,"label":"ARImageAnchor didUpdate","content":{"identifier":"61BB3DDD-C96C-6E82-3432-BD712CCBCB28","transform":{"columns":[[0.9659551,-0.0070491396,-0.25861415,0],[0.2585155,-0.012470634,0.9659266,0],[-0.01003401,-0.9998973,-0.010223788,0],[0.9797709,0.25123614,-1.6736733,0.9999999]]},"name":"Peppers"}},{"content":{"identifier":"61BB3DDD-C96C-6E82-3432-BD712CCBCB28","transform":{"columns":[[0.9659551,-0.0070491396,-0.25861415,0],[0.2585155,-0.012470634,0.9659266,0],[-0.01003401,-0.9998973,-0.010223788,0],[0.9797709,0.25123614,-1.6736733,0.9999999]]},"name":"Peppers"},"label":"ARImageAnchor didUpdate","timestamp":1742675343.155108},{"timestamp":1742675345.246138,"label":"ARImageAnchor didAdd","content":{"transform":{"columns":[[-0.9726719,-0.03259494,0.22988434,0],[-0.22903419,-0.02782704,-0.97302043,0],[0.03811254,-0.99908113,0.019601231,0],[0.44183075,-0.590024,-0.54257476,0.9999999]]},"name":"Lenna","identifier":"6BAD7D5D-D14A-EF93-1C8B-F6BEC80B8329"}},{"content":{"name":"Lenna","identifier":"6BAD7D5D-D14A-EF93-1C8B-F6BEC80B8329","transform":{"columns":[[-0.9726719,-0.03259494,0.22988434,0],[-0.22903419,-0.02782704,-0.97302043,0],[0.03811254,-0.99908113,0.019601231,0],[0.44183075,-0.590024,-0.54257476,0.9999999]]}},"timestamp":1742675345.2539458,"label":"ARImageAnchor didUpdate"},{"content":{"name":"Lenna","identifier":"6BAD7D5D-D14A-EF93-1C8B-F6BEC80B8329","transform":{"columns":[[-0.96978223,-0.035077233,0.24143746,0],[-0.24072881,-0.02325335,-0.9703138,0],[0.039650142,-0.999114,0.014106578,0],[0.44470543,-0.58666545,-0.5544649,0.9999998]]}},"label":"ARImageAnchor didUpdate","timestamp":1742675345.781492},{"timestamp":1742675345.787931,"label":"ARImageAnchor didUpdate","content":{"identifier":"6BAD7D5D-D14A-EF93-1C8B-F6BEC80B8329","transform":{"columns":[[-0.96978223,-0.035077233,0.24143746,0],[-0.24072881,-0.02325335,-0.9703138,0],[0.039650142,-0.999114,0.014106578,0],[0.44470543,-0.58666545,-0.5544649,0.9999998]]},"name":"Lenna"}},{"label":"ARImageAnchor didUpdate","content":{"transform":{"columns":[[0.9674508,-0.010231102,-0.25285232,0],[0.25279778,-0.00633277,0.9674983,0],[-0.011499852,-0.9999275,-0.00354023,0],[0.99649376,0.25626087,-1.7085527,0.9999999]]},"name":"Peppers","identifier":"61BB3DDD-C96C-6E82-3432-BD712CCBCB28"},"timestamp":1742675352.15253},{"timestamp":1742675352.171619,"label":"ARImageAnchor didUpdate","content":{"transform":{"columns":[[0.9674508,-0.010231102,-0.25285232,0],[0.25279778,-0.00633277,0.9674983,0],[-0.011499852,-0.9999275,-0.00354023,0],[0.99649376,0.25626087,-1.7085527,0.9999999]]},"identifier":"61BB3DDD-C96C-6E82-3432-BD712CCBCB28","name":"Peppers"}},{"content":{"transform":{"columns":[[0.9244223,-0.020938512,-0.38079515,0],[0.38124126,0.076714635,0.9212871,0],[0.00992218,-0.9968331,0.07889937,0],[1.0022755,0.25668806,-1.6999589,0.9999999]]},"identifier":"61BB3DDD-C96C-6E82-3432-BD712CCBCB28","name":"Peppers"},"timestamp":1742675352.698617,"label":"ARImageAnchor didUpdate"},{"timestamp":1742675352.704211,"content":{"transform":{"columns":[[0.9244223,-0.020938512,-0.38079515,0],[0.38124126,0.076714635,0.9212871,0],[0.00992218,-0.9968331,0.07889937,0],[1.0022755,0.25668806,-1.6999589,0.9999999]]},"identifier":"61BB3DDD-C96C-6E82-3432-BD712CCBCB28","name":"Peppers"},"label":"ARImageAnchor didUpdate"},{"label":"Bunny didUpdate (ARKit)","timestamp":1742675354.730908,"content":{"identifier":"9CAAF12E-9107-4A5E-84CF-467A82F137C4","name":"bunny","transform":{"columns":[[-0.04211343,0.021839986,-0.998874,0],[-0.020262605,0.99953675,0.022708766,0],[0.99890715,0.021196138,-0.041651383,0],[0.25417465,-0.6160598,-0.017079627,0.9999998]]}}},{"timestamp":1742675355.820868,"label":"ARImageAnchor didUpdate","content":{"identifier":"C35EAC54-3E90-1B97-807B-5E3B8F238DB7","transform":{"columns":[[-0.29534745,0.0065127555,-0.95536774,0],[0.9553134,-0.010641507,-0.29540315,0],[-0.012090443,-0.99992204,-0.0030787827,0],[-0.053063244,0.84894603,-0.5553254,0.9999999]]},"name":"Sailboat"}},{"content":{"transform":{"columns":[[-0.29534745,0.0065127555,-0.95536774,0],[0.9553134,-0.010641507,-0.29540315,0],[-0.012090443,-0.99992204,-0.0030787827,0],[-0.053063244,0.84894603,-0.5553254,0.9999999]]},"name":"Sailboat","identifier":"C35EAC54-3E90-1B97-807B-5E3B8F238DB7"},"timestamp":1742675355.837892,"label":"ARImageAnchor didUpdate"},{"timestamp":1742675360.552891,"content":{"name":"Earth","identifier":"088EF783-5990-B052-BE99-B8AA15BA6C68","transform":{"columns":[[-0.26500005,-0.0060599204,-0.9642294,0],[0.9637896,-0.03250965,-0.2646748,0],[-0.029742848,-0.99945295,0.014455549,0],[0.44064415,0.68498313,1.2482979,0.9999998]]}},"label":"ARImageAnchor didUpdate"},{"timestamp":1742675360.5796142,"label":"ARImageAnchor didUpdate","content":{"transform":{"columns":[[-0.26500005,-0.0060599204,-0.9642294,0],[0.9637896,-0.03250965,-0.2646748,0],[-0.029742848,-0.99945295,0.014455549,0],[0.44064415,0.68498313,1.2482979,0.9999998]]},"name":"Earth","identifier":"088EF783-5990-B052-BE99-B8AA15BA6C68"}},{"timestamp":1742675361.0870419,"label":"ARImageAnchor didUpdate","content":{"identifier":"088EF783-5990-B052-BE99-B8AA15BA6C68","transform":{"columns":[[-0.27573848,-0.011037017,-0.9611693,0],[0.9606734,-0.037271105,-0.27516827,0],[-0.0327868,-0.99924415,0.020880042,0],[0.4384062,0.6744088,1.2203678,0.9999999]]},"name":"Earth"}},{"timestamp":1742675361.113449,"content":{"transform":{"columns":[[-0.27573848,-0.011037017,-0.9611693,0],[0.9606734,-0.037271105,-0.27516827,0],[-0.0327868,-0.99924415,0.020880042,0],[0.4384062,0.6744088,1.2203678,0.9999999]]},"name":"Earth","identifier":"088EF783-5990-B052-BE99-B8AA15BA6C68"},"label":"ARImageAnchor didUpdate"},{"content":{"identifier":"9CAAF12E-9107-4A5E-84CF-467A82F137C4","transform":{"columns":[[-0.042127453,0.021791097,-0.99887455,0],[-0.020268643,0.9995378,0.022660391,0],[0.9989064,0.021200456,-0.04166629,0],[0.25418088,-0.6160453,-0.017063325,0.9999998]]},"name":"bunny"},"timestamp":1742675361.61994,"label":"Bunny didUpdate (ARKit)"},{"label":"ARImageAnchor didUpdate","timestamp":1742675363.7541652,"content":{"name":"Car","identifier":"FF85DBE1-76D3-E459-2D24-8EDCEE263300","transform":{"columns":[[-0.21645127,0.01254385,-0.97621286,0],[0.97605497,0.024878029,-0.2160966,0],[0.02157557,-0.99961174,-0.017628377,0],[0.69872534,-0.58480376,0.11877026,0.99999976]]}}},{"label":"ARImageAnchor didUpdate","timestamp":1742675363.770718,"content":{"name":"Car","identifier":"FF85DBE1-76D3-E459-2D24-8EDCEE263300","transform":{"columns":[[-0.21645127,0.01254385,-0.97621286,0],[0.97605497,0.024878029,-0.2160966,0],[0.02157557,-0.99961174,-0.017628377,0],[0.69872534,-0.58480376,0.11877026,0.99999976]]}}},{"timestamp":1742675366.388905,"content":{"name":"Lenna","identifier":"6BAD7D5D-D14A-EF93-1C8B-F6BEC80B8329","transform":{"columns":[[-0.96982235,-0.03913916,0.24065048,0],[-0.24099964,0.0043902434,-0.9705153,0],[0.036928628,-0.999224,-0.013690212,0],[0.45268732,-0.5883645,-0.5565152,0.99999976]]}},"label":"ARImageAnchor didUpdate"},{"label":"ARImageAnchor didUpdate","timestamp":1742675366.405472,"content":{"name":"Lenna","identifier":"6BAD7D5D-D14A-EF93-1C8B-F6BEC80B8329","transform":{"columns":[[-0.96982235,-0.03913916,0.24065048,0],[-0.24099964,0.0043902434,-0.9705153,0],[0.036928628,-0.999224,-0.013690212,0],[0.45268732,-0.5883645,-0.5565152,0.99999976]]}}},{"content":{"name":"bunny","identifier":"9CAAF12E-9107-4A5E-84CF-467A82F137C4","transform":{"columns":[[-0.042050842,0.021899516,-0.9988753,0],[-0.020365339,0.9995333,0.022771284,0],[0.99890745,0.021299984,-0.041585203,0],[0.25418824,-0.6160815,-0.017102122,0.9999999]]}},"timestamp":1742675366.921282,"label":"Bunny didUpdate (ARKit)"}]