[{"timestamp":1742631889.2171621,"label":"Application launched"},{"label":"Initialize ARViewModel","timestamp":1742631889.217236},{"label":"Finished Initialize ARViewModel","timestamp":1742631889.217825},{"timestamp":1742631889.217836,"label":"Initialize RoomManager"},{"label":"Initialize BeaconManager","timestamp":1742631889.21784},{"label":"Fininshed Initialize BeaconManager","timestamp":1742631889.217852},{"timestamp":1742631889.217857,"label":"Fininshed Initialize RoomManager"},{"timestamp":1742631889.2178612,"label":"Initialize CloudAnchorsManager"},{"timestamp":1742631889.217885,"label":"Fininshed Initialize CloudAnchorsManager"},{"label":"ContentView Initialize","timestamp":1742631889.2178879},{"timestamp":1742631890.511018,"label":"Room Update","content":{"name":"Test Room","id":"3F39F93D-AB52-4382-80AA-E0ED5264C1F0"}},{"timestamp":1742631890.5110722,"label":"Pulling CloudAnchors Ids from Backend","content":{"id":"3F39F93D-AB52-4382-80AA-E0ED5264C1F0","name":"Test Room"}},{"timestamp":1742631890.576519,"label":"Pulled CloudAnchors Ids from Backend","content":{"room":{"id":"3F39F93D-AB52-4382-80AA-E0ED5264C1F0","name":"Test Room"},"cloudAnchorsIds":["ua-86342b65eff50124c5d05bbb9af5e4ff"]}},{"timestamp":1742631993.307827,"label":"ARCore Update Bunny Anchor","content":{"transform":{"columns":[[0.9327897,0.020249581,0.3598519,0],[-0.023087233,0.999727,0.0035889195,0],[-0.35968098,-0.011655691,0.93300253,0],[-0.04843126,-0.55675185,-0.4787609,1]]},"identifier":"784BFBE5-3509-4377-9011-2DDD59A26F19"}},{"content":{"transform":{"columns":[[0.9327897,0.020249581,0.3598519,0],[-0.023087233,0.999727,0.0035889195,0],[-0.35968098,-0.011655691,0.93300253,0],[-0.04843126,-0.55675185,-0.4787609,1]]},"name":"bunny","identifier":"D1A93472-0231-4E53-8DC7-3DD1194992A0"},"timestamp":1742631993.36674,"label":"Bunny didAdd (ARKit)"},{"content":{"transform":{"columns":[[0.9078595,0.017307729,0.4189171,0],[-0.41915447,0.013558193,0.90781367,0],[0.010032432,-0.9997582,0.019563535,0],[-0.46954125,-0.6246278,-0.3784856,0.9999999]]},"name":"Car","identifier":"FF85DBE1-76D3-E459-2D24-8EDCEE263300"},"label":"ARImageAnchor didAdd","timestamp":1742631996.332501},{"content":{"identifier":"FF85DBE1-76D3-E459-2D24-8EDCEE263300","transform":{"columns":[[0.9078595,0.017307729,0.4189171,0],[-0.41915447,0.013558193,0.90781367,0],[0.010032432,-0.9997582,0.019563535,0],[-0.46954125,-0.6246278,-0.3784856,0.9999999]]},"name":"Car"},"label":"ARImageAnchor didUpdate","timestamp":1742631996.343616},{"timestamp":1742632000.46579,"label":"ARImageAnchor didAdd","content":{"name":"Earth","identifier":"088EF783-5990-B052-BE99-B8AA15BA6C68","transform":{"columns":[[0.9278221,0.00041132767,0.37302285,0],[-0.37284952,-0.029475736,0.92742354,0],[0.011376599,-0.9995653,-0.027194882,0],[-1.1869991,0.6385613,-1.2684914,0.99999994]]}}},{"label":"ARImageAnchor didUpdate","content":{"transform":{"columns":[[0.9278221,0.00041132767,0.37302285,0],[-0.37284952,-0.029475736,0.92742354,0],[0.011376599,-0.9995653,-0.027194882,0],[-1.1869991,0.6385613,-1.2684914,0.99999994]]},"name":"Earth","identifier":"088EF783-5990-B052-BE99-B8AA15BA6C68"},"timestamp":1742632000.475679},{"label":"ARImageAnchor didAdd","timestamp":1742632004.5987911,"content":{"transform":{"columns":[[0.92372113,0.0034297612,0.38305047,0],[-0.38304394,0.018943615,0.92353576,0],[-0.0040888656,-0.99981457,0.018812357,0],[0.52742624,0.816968,-0.569353,0.99999994]]},"name":"Sailboat","identifier":"C35EAC54-3E90-1B97-807B-5E3B8F238DB7"}},{"timestamp":1742632004.607985,"label":"ARImageAnchor didUpdate","content":{"transform":{"columns":[[0.92372113,0.0034297612,0.38305047,0],[-0.38304394,0.018943615,0.92353576,0],[-0.0040888656,-0.99981457,0.018812357,0],[0.52742624,0.816968,-0.569353,0.99999994]]},"identifier":"C35EAC54-3E90-1B97-807B-5E3B8F238DB7","name":"Sailboat"}},{"label":"ARImageAnchor didAdd","content":{"name":"Mandrill","identifier":"A19C2489-597B-2BED-432C-244B551E75FD","transform":{"columns":[[-0.38313213,-0.014201878,0.9235843,0],[-0.9225473,0.055676606,-0.38184592,0],[-0.045999106,-0.99834776,-0.0344334,0],[0.98562175,0.8416424,0.22108467,0.9999999]]}},"timestamp":1742632007.69858},{"timestamp":1742632007.707747,"label":"ARImageAnchor didUpdate","content":{"identifier":"A19C2489-597B-2BED-432C-244B551E75FD","name":"Mandrill","transform":{"columns":[[-0.38313213,-0.014201878,0.9235843,0],[-0.9225473,0.055676606,-0.38184592,0],[-0.045999106,-0.99834776,-0.0344334,0],[0.98562175,0.8416424,0.22108467,0.9999999]]}}},{"timestamp":1742632009.7651901,"label":"ARImageAnchor didAdd","content":{"identifier":"61BB3DDD-C96C-6E82-3432-BD712CCBCB28","transform":{"columns":[[-0.36714265,-0.006839801,0.93013936,0],[-0.93011445,-0.007673604,-0.36718923,0],[0.009649028,-0.9999471,-0.0035445034,0],[0.76978457,0.2256947,0.9285134,0.9999999]]},"name":"Peppers"}},{"content":{"name":"Peppers","identifier":"61BB3DDD-C96C-6E82-3432-BD712CCBCB28","transform":{"columns":[[-0.36714265,-0.006839801,0.93013936,0],[-0.93011445,-0.007673604,-0.36718923,0],[0.009649028,-0.9999471,-0.0035445034,0],[0.76978457,0.2256947,0.9285134,0.9999999]]}},"label":"ARImageAnchor didUpdate","timestamp":1742632009.774572},{"timestamp":1742632013.9086962,"content":{"name":"Peppers","identifier":"61BB3DDD-C96C-6E82-3432-BD712CCBCB28","transform":{"columns":[[-0.3830057,-0.0041979044,0.9237364,0],[-0.92373204,0.007212366,-0.38297117,0],[-0.005054691,-0.9999651,-0.0066401283,0],[0.7692467,0.22703747,0.92513186,0.99999994]]}},"label":"ARImageAnchor didUpdate"},{"timestamp":1742632013.942657,"label":"ARImageAnchor didUpdate","content":{"identifier":"61BB3DDD-C96C-6E82-3432-BD712CCBCB28","name":"Peppers","transform":{"columns":[[-0.3830057,-0.0041979044,0.9237364,0],[-0.92373204,0.007212366,-0.38297117,0],[-0.005054691,-0.9999651,-0.0066401283,0],[0.7692467,0.22703747,0.92513186,0.99999994]]}}},{"timestamp":1742632020.131185,"content":{"identifier":"6BAD7D5D-D14A-EF93-1C8B-F6BEC80B8329","name":"Lenna","transform":{"columns":[[0.38080472,-0.033679016,-0.92404187,0],[0.9245259,-0.002855776,0.38110837,0],[-0.015474209,-0.9994285,0.030049631,0],[0.21778592,-0.618524,-0.16917133,0.99999994]]}},"label":"ARImageAnchor didAdd"},{"content":{"name":"Lenna","identifier":"6BAD7D5D-D14A-EF93-1C8B-F6BEC80B8329","transform":{"columns":[[0.38080472,-0.033679016,-0.92404187,0],[0.9245259,-0.002855776,0.38110837,0],[-0.015474209,-0.9994285,0.030049631,0],[0.21778592,-0.618524,-0.16917133,0.99999994]]}},"label":"ARImageAnchor didUpdate","timestamp":1742632020.141603},{"content":{"transform":{"columns":[[0.9328062,0.020284127,0.35980734,0],[-0.023101129,0.9997268,0.0035304686,0],[-0.3596374,-0.011605198,0.93301994,0],[-0.04842839,-0.55675066,-0.47875258,0.99999994]]},"name":"bunny","identifier":"D1A93472-0231-4E53-8DC7-3DD1194992A0"},"label":"Bunny didUpdate (ARKit)","timestamp":1742632020.175816},{"content":{"name":"bunny","transform":{"columns":[[0.93282723,0.020288618,0.35975266,0],[-0.023096256,0.9997269,0.0035072335,0],[-0.35958335,-0.011580583,0.9330411,0],[-0.04816474,-0.5555728,-0.47619852,0.99999994]]},"identifier":"D1A93472-0231-4E53-8DC7-3DD1194992A0"},"label":"Bunny didUpdate (ARKit)","timestamp":1742632023.041445},{"timestamp":1742632028.4410958,"content":{"identifier":"61BB3DDD-C96C-6E82-3432-BD712CCBCB28","transform":{"columns":[[-0.38111135,-0.0050026756,0.92451555,0],[-0.92446035,-0.010128807,-0.38114348,0],[0.011270984,-0.99993616,-0.0007645651,0],[0.78668916,0.22314554,0.9478051,0.9999999]]},"name":"Peppers"},"label":"ARImageAnchor didUpdate"},{"content":{"identifier":"61BB3DDD-C96C-6E82-3432-BD712CCBCB28","name":"Peppers","transform":{"columns":[[-0.38111135,-0.0050026756,0.92451555,0],[-0.92446035,-0.010128807,-0.38114348,0],[0.011270984,-0.99993616,-0.0007645651,0],[0.78668916,0.22314554,0.9478051,0.9999999]]}},"timestamp":1742632028.473699,"label":"ARImageAnchor didUpdate"},{"content":{"transform":{"columns":[[-0.3775219,-0.016597172,0.92585176,0],[-0.9252266,0.04762901,-0.37641326,0],[-0.03784999,-0.99872714,-0.03333716,0],[0.9953572,0.84353685,0.23981081,0.99999994]]},"name":"Mandrill","identifier":"A19C2489-597B-2BED-432C-244B551E75FD"},"timestamp":1742632030.508531,"label":"ARImageAnchor didUpdate"},{"label":"ARImageAnchor didUpdate","content":{"transform":{"columns":[[-0.3775219,-0.016597172,0.92585176,0],[-0.9252266,0.04762901,-0.37641326,0],[-0.03784999,-0.99872714,-0.03333716,0],[0.9953572,0.84353685,0.23981081,0.99999994]]},"identifier":"A19C2489-597B-2BED-432C-244B551E75FD","name":"Mandrill"},"timestamp":1742632030.539156},{"label":"ARImageAnchor didUpdate","timestamp":1742632034.637909,"content":{"identifier":"088EF783-5990-B052-BE99-B8AA15BA6C68","transform":{"columns":[[0.9299917,0.0034472267,0.36756408,0],[-0.3675662,-5.5033556e-06,0.9299973,0],[0.0032079406,-0.999994,0.0012619614,0],[-1.3075444,0.6260175,-1.3863417,0.9999999]]},"name":"Earth"}},{"label":"ARImageAnchor didUpdate","content":{"identifier":"088EF783-5990-B052-BE99-B8AA15BA6C68","transform":{"columns":[[0.9299917,0.0034472267,0.36756408,0],[-0.3675662,-5.5033556e-06,0.9299973,0],[0.0032079406,-0.999994,0.0012619614,0],[-1.3075444,0.6260175,-1.3863417,0.9999999]]},"name":"Earth"},"timestamp":1742632034.6735501},{"timestamp":1742632035.6744041,"label":"ARImageAnchor didUpdate","content":{"name":"Earth","identifier":"088EF783-5990-B052-BE99-B8AA15BA6C68","transform":{"columns":[[0.93114704,-0.00025379137,0.36464354,0],[-0.3646125,-0.013713485,0.9310583,0],[0.0047642356,-0.9999058,-0.012861788,0],[-1.3324811,0.64104927,-1.4560615,0.99999994]]}}},{"timestamp":1742632035.705328,"content":{"identifier":"088EF783-5990-B052-BE99-B8AA15BA6C68","transform":{"columns":[[0.93114704,-0.00025379137,0.36464354,0],[-0.3646125,-0.013713485,0.9310583,0],[0.0047642356,-0.9999058,-0.012861788,0],[-1.3324811,0.64104927,-1.4560615,0.99999994]]},"name":"Earth"},"label":"ARImageAnchor didUpdate"},{"timestamp":1742632036.705762,"content":{"transform":{"columns":[[0.9294475,0.00010906145,0.36895436,0],[-0.36884278,-0.024317706,0.9291736,0],[0.009073452,-0.9997042,-0.022561785,0],[-1.2549077,0.63440573,-1.3373177,0.99999994]]},"identifier":"088EF783-5990-B052-BE99-B8AA15BA6C68","name":"Earth"},"label":"ARImageAnchor didUpdate"},{"label":"ARImageAnchor didUpdate","timestamp":1742632036.7397032,"content":{"identifier":"088EF783-5990-B052-BE99-B8AA15BA6C68","transform":{"columns":[[0.9294475,0.00010906145,0.36895436,0],[-0.36884278,-0.024317706,0.9291736,0],[0.009073452,-0.9997042,-0.022561785,0],[-1.2549077,0.63440573,-1.3373177,0.99999994]]},"name":"Earth"}},{"label":"Bunny didUpdate (ARKit)","content":{"transform":{"columns":[[0.9328324,0.020201985,0.35974392,0],[-0.02301493,0.99972844,0.0035374383,0],[-0.35957488,-0.01157932,0.9330444,0],[-0.048174776,-0.55556905,-0.4762074,0.99999994]]},"name":"bunny","identifier":"D1A93472-0231-4E53-8DC7-3DD1194992A0"},"timestamp":1742632041.140296},{"timestamp":1742632041.53789,"label":"Bunny didUpdate (ARKit)","content":{"identifier":"D1A93472-0231-4E53-8DC7-3DD1194992A0","name":"bunny","transform":{"columns":[[0.93283296,0.020199588,0.35974282,0],[-0.023013053,0.9997284,0.003539292,0],[-0.3595738,-0.0115803545,0.9330448,0],[-0.048174985,-0.5555691,-0.47620752,0.99999994]]}}},{"label":"Bunny didUpdate (ARKit)","timestamp":1742632041.637916,"content":{"name":"bunny","identifier":"D1A93472-0231-4E53-8DC7-3DD1194992A0","transform":{"columns":[[0.93230206,0.020199584,0.36111608,0],[-0.023018239,0.99972814,0.0035053992,0],[-0.36094743,-0.0115803545,0.9325143,0],[-0.048329737,-0.5556684,-0.47684178,0.99999994]]}}},{"label":"ARImageAnchor didUpdate","content":{"name":"Earth","identifier":"088EF783-5990-B052-BE99-B8AA15BA6C68","transform":{"columns":[[0.9287174,-0.0012401394,0.37078613,0],[-0.37078366,-0.008045276,0.92868435,0],[0.0018313864,-0.9999668,-0.007931608,0],[-1.1865512,0.6363657,-1.2904187,0.99999994]]}},"timestamp":1742632043.938447},{"timestamp":1742632043.971849,"content":{"identifier":"088EF783-5990-B052-BE99-B8AA15BA6C68","transform":{"columns":[[0.9287174,-0.0012401394,0.37078613,0],[-0.37078366,-0.008045276,0.92868435,0],[0.0018313864,-0.9999668,-0.007931608,0],[-1.1865512,0.6363657,-1.2904187,0.99999994]]},"name":"Earth"},"label":"ARImageAnchor didUpdate"},{"timestamp":1742632052.2055712,"content":{"name":"Peppers","identifier":"61BB3DDD-C96C-6E82-3432-BD712CCBCB28","transform":{"columns":[[-0.38368002,-0.005658735,0.92344856,0],[-0.92342997,-0.00648005,-0.38371193,0],[0.008155329,-0.9999629,-0.0027391848,0],[0.7605366,0.22544944,0.9581202,0.9999999]]}},"label":"ARImageAnchor didUpdate"},{"content":{"transform":{"columns":[[-0.38368002,-0.005658735,0.92344856,0],[-0.92342997,-0.00648005,-0.38371193,0],[0.008155329,-0.9999629,-0.0027391848,0],[0.7605366,0.22544944,0.9581202,0.9999999]]},"identifier":"61BB3DDD-C96C-6E82-3432-BD712CCBCB28","name":"Peppers"},"timestamp":1742632052.239357,"label":"ARImageAnchor didUpdate"},{"label":"Bunny didUpdate (ARKit)","timestamp":1742632055.872714,"content":{"identifier":"D1A93472-0231-4E53-8DC7-3DD1194992A0","transform":{"columns":[[0.9323566,0.020181185,0.3609764,0],[-0.022989763,0.99972874,0.0034876072,0],[-0.36080852,-0.011550466,0.9325685,0],[-0.048328772,-0.555667,-0.47683474,0.99999994]]},"name":"bunny"}},{"label":"ARImageAnchor didUpdate","timestamp":1742632060.470766,"content":{"name":"Earth","transform":{"columns":[[0.92799306,-0.0033116261,0.37258282,0],[-0.37254244,-0.025441777,0.9276663,0],[0.0064070798,-0.9996707,-0.024843486,0],[-1.1661958,0.6350408,-1.221978,0.99999994]]},"identifier":"088EF783-5990-B052-BE99-B8AA15BA6C68"}},{"label":"ARImageAnchor didUpdate","content":{"transform":{"columns":[[0.92799306,-0.0033116261,0.37258282,0],[-0.37254244,-0.025441777,0.9276663,0],[0.0064070798,-0.9996707,-0.024843486,0],[-1.1661958,0.6350408,-1.221978,0.99999994]]},"identifier":"088EF783-5990-B052-BE99-B8AA15BA6C68","name":"Earth"},"timestamp":1742632060.504857},{"label":"Bunny didUpdate (ARKit)","content":{"identifier":"D1A93472-0231-4E53-8DC7-3DD1194992A0","name":"bunny","transform":{"columns":[[0.9323566,0.020181185,0.3609764,0],[-0.02298976,0.9997286,0.0034876065,0],[-0.36080852,-0.011550466,0.9325685,0],[-0.048328772,-0.555667,-0.47683474,0.99999994]]}},"timestamp":1742632063.938159}]