[{"timestamp":1742655535.7198591,"label":"Application launched"},{"label":"Initialize ARViewModel","timestamp":1742655535.7200909},{"timestamp":1742655535.722667,"label":"Finished Initialize ARViewModel"},{"timestamp":1742655535.72269,"label":"Initialize RoomManager"},{"timestamp":1742655535.7226949,"label":"Initialize BeaconManager"},{"label":"Fininshed Initialize BeaconManager","timestamp":1742655535.722707},{"timestamp":1742655535.722712,"label":"Fininshed Initialize RoomManager"},{"timestamp":1742655535.7227159,"label":"Initialize CloudAnchorsManager"},{"timestamp":1742655535.7227201,"label":"Fininshed Initialize CloudAnchorsManager"},{"timestamp":1742655535.722724,"label":"ContentView Initialize"},{"label":"Room Update","timestamp":1742655536.967937,"content":{"name":"Test Room","id":"3F39F93D-AB52-4382-80AA-E0ED5264C1F0"}},{"label":"Pulling CloudAnchors Ids from Backend","content":{"id":"3F39F93D-AB52-4382-80AA-E0ED5264C1F0","name":"Test Room"},"timestamp":1742655536.9679918},{"timestamp":1742655537.035105,"label":"Pulled CloudAnchors Ids from Backend","content":{"cloudAnchorsIds":["ua-eee15bae032a8930e41114ea906b4500"],"room":{"name":"Test Room","id":"3F39F93D-AB52-4382-80AA-E0ED5264C1F0"}}},{"timestamp":1742655545.300276,"label":"ARCore Update Bunny Anchor","content":{"identifier":"8ADA8B02-D1C6-4AD0-8448-BDECC0158EAE","transform":{"columns":[[0.97961414,0.011400917,-0.20056471,0],[-0.012068564,0.99992496,-0.0021064277,0],[0.20052564,0.0044840146,0.9796782,0],[-0.008191495,-0.5411529,-0.3277861,1]]}}},{"content":{"name":"bunny","transform":{"columns":[[0.97961414,0.011400917,-0.20056471,0],[-0.012068564,0.99992496,-0.0021064277,0],[0.20052564,0.0044840146,0.9796782,0],[-0.008191495,-0.5411529,-0.3277861,1]]},"identifier":"6E750CB0-D880-45EE-A49E-D2A180C60822"},"timestamp":1742655545.356683,"label":"Bunny didAdd (ARKit)"},{"label":"ARImageAnchor didAdd","timestamp":1742655551.122961,"content":{"name":"Car","identifier":"FF85DBE1-76D3-E459-2D24-8EDCEE263300","transform":{"columns":[[0.9523714,0.0070738667,-0.3048579,0],[0.30487892,-0.0020967235,0.9523886,0],[0.0060978387,-0.9999727,-0.0041535483,0],[-0.22473672,-0.60808396,0.023238808,0.99999994]]}}},{"timestamp":1742655551.133357,"label":"ARImageAnchor didUpdate","content":{"transform":{"columns":[[0.9523714,0.0070738667,-0.3048579,0],[0.30487892,-0.0020967235,0.9523886,0],[0.0060978387,-0.9999727,-0.0041535483,0],[-0.22473672,-0.60808396,0.023238808,0.99999994]]},"name":"Car","identifier":"FF85DBE1-76D3-E459-2D24-8EDCEE263300"}},{"timestamp":1742655551.631897,"label":"ARImageAnchor didUpdate","content":{"transform":{"columns":[[0.951782,0.009560346,-0.3066256,0],[0.30665737,-0.0020176556,0.9518177,0],[0.008481011,-0.99995214,-0.0048521557,0],[-0.2225693,-0.6039171,0.024570242,1]]},"identifier":"FF85DBE1-76D3-E459-2D24-8EDCEE263300","name":"Car"}},{"content":{"identifier":"FF85DBE1-76D3-E459-2D24-8EDCEE263300","name":"Car","transform":{"columns":[[0.951782,0.009560346,-0.3066256,0],[0.30665737,-0.0020176556,0.9518177,0],[0.008481011,-0.99995214,-0.0048521557,0],[-0.2225693,-0.6039171,0.024570242,1]]}},"timestamp":1742655551.665752,"label":"ARImageAnchor didUpdate"},{"timestamp":1742655554.856158,"content":{"name":"Earth","identifier":"088EF783-5990-B052-BE99-B8AA15BA6C68","transform":{"columns":[[0.9327515,-0.0051087877,-0.36048317,0],[0.36017802,-0.030299587,0.9323912,0],[-0.015685873,-0.99952775,-0.026421905,0],[-1.3214011,0.62847376,-0.14513345,0.99999994]]}},"label":"ARImageAnchor didAdd"},{"content":{"identifier":"088EF783-5990-B052-BE99-B8AA15BA6C68","transform":{"columns":[[0.9327515,-0.0051087877,-0.36048317,0],[0.36017802,-0.030299587,0.9323912,0],[-0.015685873,-0.99952775,-0.026421905,0],[-1.3214011,0.62847376,-0.14513345,0.99999994]]},"name":"Earth"},"timestamp":1742655554.86467,"label":"ARImageAnchor didUpdate"},{"timestamp":1742655555.36442,"content":{"name":"Earth","identifier":"088EF783-5990-B052-BE99-B8AA15BA6C68","transform":{"columns":[[0.9344022,-0.0024965906,-0.35621044,0],[0.3561837,-0.007567058,0.9343851,0],[-0.005028244,-0.9999681,-0.0061814366,0],[-1.3320751,0.63456273,-0.14921492,0.99999994]]}},"label":"ARImageAnchor didUpdate"},{"timestamp":1742655555.396699,"label":"ARImageAnchor didUpdate","content":{"transform":{"columns":[[0.9344022,-0.0024965906,-0.35621044,0],[0.3561837,-0.007567058,0.9343851,0],[-0.005028244,-0.9999681,-0.0061814366,0],[-1.3320751,0.63456273,-0.14921492,0.99999994]]},"identifier":"088EF783-5990-B052-BE99-B8AA15BA6C68","name":"Earth"}},{"timestamp":1742655555.898447,"content":{"identifier":"088EF783-5990-B052-BE99-B8AA15BA6C68","transform":{"columns":[[0.9310499,0.00038650524,-0.36489126,0],[0.36466154,-0.036478594,0.93042517,0],[-0.012951106,-0.99933434,-0.034104344,0],[-1.3411235,0.63982546,-0.1498285,0.99999994]]},"name":"Earth"},"label":"ARImageAnchor didUpdate"},{"content":{"identifier":"088EF783-5990-B052-BE99-B8AA15BA6C68","name":"Earth","transform":{"columns":[[0.9310499,0.00038650524,-0.36489126,0],[0.36466154,-0.036478594,0.93042517,0],[-0.012951106,-0.99933434,-0.034104344,0],[-1.3411235,0.63982546,-0.1498285,0.99999994]]}},"label":"ARImageAnchor didUpdate","timestamp":1742655555.930513},{"content":{"identifier":"6E750CB0-D880-45EE-A49E-D2A180C60822","name":"bunny","transform":{"columns":[[0.9793654,0.011917438,-0.2017458,0],[-0.012677663,0.9999166,-0.002476485,0],[0.20169945,0.004983049,0.97943485,0],[-0.007797565,-0.54130214,-0.3272401,0.99999994]]}},"label":"Bunny didUpdate (ARKit)","timestamp":1742655559.800313},{"label":"Bunny didUpdate (ARKit)","timestamp":1742655561.00053,"content":{"identifier":"6E750CB0-D880-45EE-A49E-D2A180C60822","name":"bunny","transform":{"columns":[[0.9793427,0.012059986,-0.20184761,0],[-0.012794096,0.9999154,-0.0023326513,0],[0.20180242,0.0048669223,0.9794142,0],[-0.0077434736,-0.541368,-0.32724658,0.9999999]]}}},{"timestamp":1742655561.2555718,"label":"ARImageAnchor didAdd","content":{"name":"Lenna","transform":{"columns":[[-0.30930045,-0.03492463,-0.9503226,0],[0.9504938,0.020070542,-0.3100938,0],[0.029903416,-0.9991882,0.026987838,0],[0.40177318,-0.60639495,-0.26745224,1]]},"identifier":"6BAD7D5D-D14A-EF93-1C8B-F6BEC80B8329"}},{"content":{"name":"Lenna","transform":{"columns":[[-0.30930045,-0.03492463,-0.9503226,0],[0.9504938,0.020070542,-0.3100938,0],[0.029903416,-0.9991882,0.026987838,0],[0.40177318,-0.60639495,-0.26745224,1]]},"identifier":"6BAD7D5D-D14A-EF93-1C8B-F6BEC80B8329"},"timestamp":1742655561.265451,"label":"ARImageAnchor didUpdate"},{"content":{"transform":{"columns":[[0.9793266,0.012179069,-0.20191847,0],[-0.012916263,0.9999139,-0.0023337223,0],[0.20187268,0.0048935087,0.97939974,0],[-0.007693324,-0.541411,-0.32722023,0.99999994]]},"identifier":"6E750CB0-D880-45EE-A49E-D2A180C60822","name":"bunny"},"timestamp":1742655561.5000072,"label":"Bunny didUpdate (ARKit)"},{"label":"ARImageAnchor didUpdate","content":{"identifier":"6BAD7D5D-D14A-EF93-1C8B-F6BEC80B8329","name":"Lenna","transform":{"columns":[[-0.3101906,-0.03867794,-0.94988704,0],[0.95056146,-0.028006122,-0.30927044,0],[-0.014640718,-0.998859,0.045452997,0],[0.40566474,-0.60244966,-0.2648965,0.9999999]]}},"timestamp":1742655562.296689},{"content":{"identifier":"6BAD7D5D-D14A-EF93-1C8B-F6BEC80B8329","transform":{"columns":[[-0.3101906,-0.03867794,-0.94988704,0],[0.95056146,-0.028006122,-0.30927044,0],[-0.014640718,-0.998859,0.045452997,0],[0.40566474,-0.60244966,-0.2648965,0.9999999]]},"name":"Lenna"},"label":"ARImageAnchor didUpdate","timestamp":1742655562.330419},{"label":"ARImageAnchor didAdd","timestamp":1742655564.988838,"content":{"name":"Sailboat","identifier":"C35EAC54-3E90-1B97-807B-5E3B8F238DB7","transform":{"columns":[[0.9486008,-0.0035372386,-0.31645462,0],[0.31647405,0.0120995585,0.9485239,0],[0.00047382517,-0.9999204,0.012597114,0],[0.3764122,0.81408924,-0.7694168,1]]}}},{"label":"ARImageAnchor didUpdate","content":{"identifier":"C35EAC54-3E90-1B97-807B-5E3B8F238DB7","transform":{"columns":[[0.9486008,-0.0035372386,-0.31645462,0],[0.31647405,0.0120995585,0.9485239,0],[0.00047382517,-0.9999204,0.012597114,0],[0.3764122,0.81408924,-0.7694168,1]]},"name":"Sailboat"},"timestamp":1742655564.997411},{"timestamp":1742655567.122023,"content":{"transform":{"columns":[[0.3285924,-0.01805907,0.9442989,0],[-0.9425418,0.05761245,0.3290827,0],[-0.060346298,-0.99817556,0.0019095757,0],[1.2422396,0.8418666,-0.4840665,1]]},"name":"Mandrill","identifier":"A19C2489-597B-2BED-432C-244B551E75FD"},"label":"ARImageAnchor didAdd"},{"label":"ARImageAnchor didUpdate","timestamp":1742655567.131223,"content":{"transform":{"columns":[[0.3285924,-0.01805907,0.9442989,0],[-0.9425418,0.05761245,0.3290827,0],[-0.060346298,-0.99817556,0.0019095757,0],[1.2422396,0.8418666,-0.4840665,1]]},"name":"Mandrill","identifier":"A19C2489-597B-2BED-432C-244B551E75FD"}},{"label":"ARImageAnchor didAdd","content":{"identifier":"61BB3DDD-C96C-6E82-3432-BD712CCBCB28","transform":{"columns":[[0.32372588,-0.008515911,0.9461125,0],[-0.94600534,0.014620516,0.3238208,0],[-0.016590284,-0.9998567,-0.0033230574,0],[1.5616006,0.221338,0.18541402,1]]},"name":"Peppers"},"timestamp":1742655569.255182},{"content":{"name":"Peppers","transform":{"columns":[[0.32372588,-0.008515911,0.9461125,0],[-0.94600534,0.014620516,0.3238208,0],[-0.016590284,-0.9998567,-0.0033230574,0],[1.5616006,0.221338,0.18541402,1]]},"identifier":"61BB3DDD-C96C-6E82-3432-BD712CCBCB28"},"label":"ARImageAnchor didUpdate","timestamp":1742655569.265483},{"label":"Bunny didUpdate (ARKit)","timestamp":1742655573.897616,"content":{"identifier":"6E750CB0-D880-45EE-A49E-D2A180C60822","transform":{"columns":[[0.9792085,0.012480386,-0.20247184,0],[-0.013230132,0.9999097,-0.002349955,0],[0.2024243,0.004979826,0.97928554,0],[-0.0074993665,-0.5415179,-0.32701236,0.99999994]]},"name":"bunny"}}]