[{"timestamp":1742657351.579984,"label":"Application launched"},{"timestamp":1742657351.580062,"label":"Initialize ARViewModel"},{"timestamp":1742657351.5817919,"label":"Finished Initialize ARViewModel"},{"label":"Initialize RoomManager","timestamp":1742657351.581859},{"label":"Initialize BeaconManager","timestamp":1742657351.5818682},{"timestamp":1742657351.581887,"label":"Fininshed Initialize BeaconManager"},{"label":"Fininshed Initialize RoomManager","timestamp":1742657351.581893},{"label":"Initialize CloudAnchorsManager","timestamp":1742657351.581897},{"timestamp":1742657351.5819001,"label":"Fininshed Initialize CloudAnchorsManager"},{"label":"ContentView Initialize","timestamp":1742657351.581904},{"label":"Room Update","content":{"id":"3F39F93D-AB52-4382-80AA-E0ED5264C1F0","name":"Test Room"},"timestamp":1742657352.859057},{"content":{"id":"3F39F93D-AB52-4382-80AA-E0ED5264C1F0","name":"Test Room"},"timestamp":1742657352.859106,"label":"Pulling CloudAnchors Ids from Backend"},{"timestamp":1742657352.960715,"content":{"cloudAnchorsIds":["ua-eee15bae032a8930e41114ea906b4500"],"room":{"id":"3F39F93D-AB52-4382-80AA-E0ED5264C1F0","name":"Test Room"}},"label":"Pulled CloudAnchors Ids from Backend"},{"content":{"identifier":"C0AC87BC-624A-4DFB-BC35-BD5863568753","transform":{"columns":[[0.95240635,0.014855856,0.30446914,0],[-0.018208314,0.9998008,0.008174284,0],[-0.30428708,-0.01332911,0.9524871,0],[-0.2450473,-0.434388,-0.19136472,1]]}},"label":"ARCore Update Bunny Anchor","timestamp":1742657379.95703},{"label":"Bunny didAdd (ARKit)","content":{"identifier":"40F6CDA8-88BA-4F9B-B1E8-192D8C33BC76","name":"bunny","transform":{"columns":[[0.95240635,0.014855856,0.30446914,0],[-0.018208314,0.9998008,0.008174284,0],[-0.30428708,-0.01332911,0.9524871,0],[-0.2450473,-0.434388,-0.19136472,1]]}},"timestamp":1742657380.011135},{"timestamp":1742657384.144186,"label":"ARImageAnchor didAdd","content":{"identifier":"FF85DBE1-76D3-E459-2D24-8EDCEE263300","transform":{"columns":[[0.98488164,0.009767727,0.17295298,0],[-0.17301579,0.005989466,0.9849009,0],[0.008584372,-0.9999342,0.007588861,0],[-0.60562974,-0.4957626,0.036273897,1]]},"name":"Car"}},{"content":{"transform":{"columns":[[0.98488164,0.009767727,0.17295298,0],[-0.17301579,0.005989466,0.9849009,0],[0.008584372,-0.9999342,0.007588861,0],[-0.60562974,-0.4957626,0.036273897,1]]},"name":"Car","identifier":"FF85DBE1-76D3-E459-2D24-8EDCEE263300"},"timestamp":1742657384.155469,"label":"ARImageAnchor didUpdate"},{"timestamp":1742657387.8773751,"label":"ARImageAnchor didAdd","content":{"name":"Earth","transform":{"columns":[[0.99318165,-0.005181863,0.11646228,0],[-0.11651838,-0.012292611,0.99311244,0],[-0.0037145505,-0.999911,-0.012812576,0],[-1.5144161,0.76903903,-0.62439656,1]]},"identifier":"088EF783-5990-B052-BE99-B8AA15BA6C68"}},{"label":"ARImageAnchor didUpdate","timestamp":1742657387.883947,"content":{"transform":{"columns":[[0.99318165,-0.005181863,0.11646228,0],[-0.11651838,-0.012292611,0.99311244,0],[-0.0037145505,-0.999911,-0.012812576,0],[-1.5144161,0.76903903,-0.62439656,1]]},"name":"Earth","identifier":"088EF783-5990-B052-BE99-B8AA15BA6C68"}},{"label":"ARImageAnchor didUpdate","timestamp":1742657388.385343,"content":{"transform":{"columns":[[0.992308,-0.004824594,0.12369898,0],[-0.12372315,-0.0050733816,0.9923037,0],[-0.0041598873,-0.9999755,-0.005631272,0],[-1.5064338,0.76275665,-0.6276963,1]]},"name":"Earth","identifier":"088EF783-5990-B052-BE99-B8AA15BA6C68"}},{"label":"ARImageAnchor didUpdate","content":{"transform":{"columns":[[0.992308,-0.004824594,0.12369898,0],[-0.12372315,-0.0050733816,0.9923037,0],[-0.0041598873,-0.9999755,-0.005631272,0],[-1.5064338,0.76275665,-0.6276963,1]]},"identifier":"088EF783-5990-B052-BE99-B8AA15BA6C68","name":"Earth"},"timestamp":1742657388.41942},{"label":"ARImageAnchor didUpdate","timestamp":1742657388.918896,"content":{"name":"Earth","transform":{"columns":[[0.9941604,-0.0041163918,0.10783359,0],[-0.10788641,-0.016094442,0.99403286,0],[-0.0023563076,-0.9998619,-0.01644456,0],[-1.5122567,0.7645133,-0.63863903,0.99999994]]},"identifier":"088EF783-5990-B052-BE99-B8AA15BA6C68"}},{"content":{"identifier":"088EF783-5990-B052-BE99-B8AA15BA6C68","transform":{"columns":[[0.9941604,-0.0041163918,0.10783359,0],[-0.10788641,-0.016094442,0.99403286,0],[-0.0023563076,-0.9998619,-0.01644456,0],[-1.5122567,0.7645133,-0.63863903,0.99999994]]},"name":"Earth"},"label":"ARImageAnchor didUpdate","timestamp":1742657388.9525619},{"timestamp":1742657391.654588,"label":"Bunny didUpdate (ARKit)","content":{"transform":{"columns":[[0.9523348,0.014556586,0.30470768,0],[-0.017943652,0.99980444,0.008318216,0],[-0.30452695,-0.013389293,0.95240957,0],[-0.24513401,-0.43435916,-0.19143997,1.0000001]]},"identifier":"40F6CDA8-88BA-4F9B-B1E8-192D8C33BC76","name":"bunny"}},{"content":{"identifier":"40F6CDA8-88BA-4F9B-B1E8-192D8C33BC76","transform":{"columns":[[0.95234114,0.014557986,0.3046878,0],[-0.017949414,0.99980414,0.008332561,0],[-0.30450678,-0.013404406,0.95241576,0],[-0.24513236,-0.43435943,-0.19144267,1]]},"name":"bunny"},"timestamp":1742657392.0546231,"label":"Bunny didUpdate (ARKit)"},{"label":"Bunny didUpdate (ARKit)","timestamp":1742657392.954441,"content":{"name":"bunny","identifier":"40F6CDA8-88BA-4F9B-B1E8-192D8C33BC76","transform":{"columns":[[0.9523577,0.014504741,0.30463895,0],[-0.01788893,0.9998054,0.008320477,0],[-0.30445886,-0.01337373,0.95243144,0],[-0.24515393,-0.43435383,-0.19143312,1.0000001]]}}},{"content":{"transform":{"columns":[[0.9523809,0.014487225,0.30456722,0],[-0.017876633,0.99980533,0.008342847,0],[-0.30438694,-0.013390197,0.9524541,0],[-0.24515933,-0.43435225,-0.19143294,0.9999999]]},"identifier":"40F6CDA8-88BA-4F9B-B1E8-192D8C33BC76","name":"bunny"},"timestamp":1742657393.454578,"label":"Bunny didUpdate (ARKit)"},{"content":{"identifier":"6BAD7D5D-D14A-EF93-1C8B-F6BEC80B8329","name":"Lenna","transform":{"columns":[[0.16525453,-0.034734275,-0.985639,0],[0.9861416,-0.0090578925,0.16565798,0],[-0.014681768,-0.99935555,0.032756068,0],[0.09781742,-0.5027825,0.06811207,0.99999994]]}},"label":"ARImageAnchor didAdd","timestamp":1742657393.743583},{"timestamp":1742657393.752707,"content":{"name":"Lenna","identifier":"6BAD7D5D-D14A-EF93-1C8B-F6BEC80B8329","transform":{"columns":[[0.16525453,-0.034734275,-0.985639,0],[0.9861416,-0.0090578925,0.16565798,0],[-0.014681768,-0.99935555,0.032756068,0],[0.09781742,-0.5027825,0.06811207,0.99999994]]}},"label":"ARImageAnchor didUpdate"},{"content":{"name":"bunny","transform":{"columns":[[0.9524121,0.014494681,0.30446875,0],[-0.017914351,0.9998038,0.008440956,0],[-0.30428657,-0.0134936245,0.95248467,0],[-0.24514806,-0.43435422,-0.19145557,1]]},"identifier":"40F6CDA8-88BA-4F9B-B1E8-192D8C33BC76"},"timestamp":1742657396.5533252,"label":"Bunny didUpdate (ARKit)"},{"label":"ARImageAnchor didAdd","content":{"transform":{"columns":[[0.99165696,-0.0006755875,0.12890251,0],[-0.12885563,0.022268679,0.9914131,0],[-0.0035402742,-0.9997516,0.02199584,0],[0.30738935,0.92976767,-0.39696595,0.9999999]]},"name":"Sailboat","identifier":"C35EAC54-3E90-1B97-807B-5E3B8F238DB7"},"timestamp":1742657398.010005},{"timestamp":1742657398.017844,"label":"ARImageAnchor didUpdate","content":{"transform":{"columns":[[0.99165696,-0.0006755875,0.12890251,0],[-0.12885563,0.022268679,0.9914131,0],[-0.0035402742,-0.9997516,0.02199584,0],[0.30738935,0.92976767,-0.39696595,0.9999999]]},"name":"Sailboat","identifier":"C35EAC54-3E90-1B97-807B-5E3B8F238DB7"}},{"label":"ARImageAnchor didAdd","content":{"name":"Mandrill","transform":{"columns":[[-0.1427718,-0.017954376,0.9895928,0],[-0.9885769,0.05136905,-0.14169323,0],[-0.048290428,-0.9985183,-0.025083328,0],[0.95413566,0.95200795,0.2639517,1]]},"identifier":"A19C2489-597B-2BED-432C-244B551E75FD"},"timestamp":1742657399.609943},{"label":"ARImageAnchor didUpdate","timestamp":1742657399.620522,"content":{"transform":{"columns":[[-0.1427718,-0.017954376,0.9895928,0],[-0.9885769,0.05136905,-0.14169323,0],[-0.048290428,-0.9985183,-0.025083328,0],[0.95413566,0.95200795,0.2639517,1]]},"name":"Mandrill","identifier":"A19C2489-597B-2BED-432C-244B551E75FD"}},{"timestamp":1742657400.118462,"content":{"identifier":"A19C2489-597B-2BED-432C-244B551E75FD","transform":{"columns":[[-0.14099303,-0.016531998,0.98987263,0],[-0.9889403,0.04883112,-0.14004476,0],[-0.046021365,-0.99867016,-0.023234008,0],[0.942302,0.9528545,0.25504777,1]]},"name":"Mandrill"},"label":"ARImageAnchor didUpdate"},{"content":{"transform":{"columns":[[-0.14099303,-0.016531998,0.98987263,0],[-0.9889403,0.04883112,-0.14004476,0],[-0.046021365,-0.99867016,-0.023234008,0],[0.942302,0.9528545,0.25504777,1]]},"name":"Mandrill","identifier":"A19C2489-597B-2BED-432C-244B551E75FD"},"timestamp":1742657400.1533551,"label":"ARImageAnchor didUpdate"},{"timestamp":1742657401.743132,"label":"ARImageAnchor didAdd","content":{"transform":{"columns":[[-0.17376675,-0.002491589,0.9847836,0],[-0.9843503,-0.029329384,-0.17376448,0],[0.029316077,-0.9995666,0.0026438725,0],[0.9065323,0.3342052,0.993656,1]]},"identifier":"61BB3DDD-C96C-6E82-3432-BD712CCBCB28","name":"Peppers"}},{"content":{"name":"Peppers","transform":{"columns":[[-0.17376675,-0.002491589,0.9847836,0],[-0.9843503,-0.029329384,-0.17376448,0],[0.029316077,-0.9995666,0.0026438725,0],[0.9065323,0.3342052,0.993656,1]]},"identifier":"61BB3DDD-C96C-6E82-3432-BD712CCBCB28"},"label":"ARImageAnchor didUpdate","timestamp":1742657401.752877},{"timestamp":1742657402.2525501,"label":"ARImageAnchor didUpdate","content":{"transform":{"columns":[[-0.1235662,-0.0089810295,0.99229556,0],[-0.99208397,-0.021424936,-0.12373379,0],[0.022371134,-0.99973,-0.0062625357,0],[0.9087632,0.33359745,0.9895722,0.99999994]]},"identifier":"61BB3DDD-C96C-6E82-3432-BD712CCBCB28","name":"Peppers"}},{"content":{"transform":{"columns":[[-0.1235662,-0.0089810295,0.99229556,0],[-0.99208397,-0.021424936,-0.12373379,0],[0.022371134,-0.99973,-0.0062625357,0],[0.9087632,0.33359745,0.9895722,0.99999994]]},"name":"Peppers","identifier":"61BB3DDD-C96C-6E82-3432-BD712CCBCB28"},"timestamp":1742657402.285625,"label":"ARImageAnchor didUpdate"}]