[{"timestamp":1742655430.39656,"label":"Application launched"},{"timestamp":1742655430.396645,"label":"Initialize ARViewModel"},{"label":"Finished Initialize ARViewModel","timestamp":1742655430.3974729},{"timestamp":1742655430.397489,"label":"Initialize RoomManager"},{"timestamp":1742655430.397493,"label":"Initialize BeaconManager"},{"timestamp":1742655430.397507,"label":"Fininshed Initialize BeaconManager"},{"timestamp":1742655430.397512,"label":"Fininshed Initialize RoomManager"},{"label":"Initialize CloudAnchorsManager","timestamp":1742655430.397516},{"label":"Fininshed Initialize CloudAnchorsManager","timestamp":1742655430.39752},{"label":"ContentView Initialize","timestamp":1742655430.397523},{"label":"Room Update","content":{"name":"Test Room","id":"3F39F93D-AB52-4382-80AA-E0ED5264C1F0"},"timestamp":1742655431.8931808},{"content":{"name":"Test Room","id":"3F39F93D-AB52-4382-80AA-E0ED5264C1F0"},"label":"Pulling CloudAnchors Ids from Backend","timestamp":1742655431.893223},{"timestamp":1742655431.960833,"label":"Pulled CloudAnchors Ids from Backend","content":{"room":{"id":"3F39F93D-AB52-4382-80AA-E0ED5264C1F0","name":"Test Room"},"cloudAnchorsIds":["ua-eee15bae032a8930e41114ea906b4500"]}},{"content":{"identifier":"52155E7B-1962-4BD8-A91D-F665DC4C2A88","transform":{"columns":[[0.98453903,-0.012367488,0.17472827,0],[0.01997455,0.99892443,-0.041845195,0],[-0.17402281,0.044688344,0.9837271,0],[0.23023395,-0.42480978,-0.20199041,1]]}},"timestamp":1742655478.087013,"label":"ARCore Update Bunny Anchor"},{"timestamp":1742655478.111465,"label":"Bunny didAdd (ARKit)","content":{"transform":{"columns":[[0.98453903,-0.012367488,0.17472827,0],[0.01997455,0.99892443,-0.041845195,0],[-0.17402281,0.044688344,0.9837271,0],[0.23023395,-0.42480978,-0.20199041,1]]},"name":"bunny","identifier":"D08F8E38-B149-43A3-9468-0932C4A82C9C"}},{"label":"ARImageAnchor didAdd","timestamp":1742655481.277724,"content":{"identifier":"FF85DBE1-76D3-E459-2D24-8EDCEE263300","name":"Car","transform":{"columns":[[0.9967563,0.012778317,0.07945745,0],[-0.0794601,-0.00030393174,0.996838,0],[0.012762058,-0.9999182,0.00071242196,0],[-0.10605305,-0.50332695,0.045172036,1]]}}},{"content":{"identifier":"FF85DBE1-76D3-E459-2D24-8EDCEE263300","transform":{"columns":[[0.9967563,0.012778317,0.07945745,0],[-0.0794601,-0.00030393174,0.996838,0],[0.012762058,-0.9999182,0.00071242196,0],[-0.10605305,-0.50332695,0.045172036,1]]},"name":"Car"},"timestamp":1742655481.287904,"label":"ARImageAnchor didUpdate"},{"label":"ARImageAnchor didAdd","content":{"name":"Earth","transform":{"columns":[[0.9999641,0.008332384,-0.0015150546,0],[0.0014802006,0.004187787,0.99999005,0],[0.008338647,-0.99995637,0.0041753016,0],[-1.0748813,0.7367114,-0.51715547,1]]},"identifier":"088EF783-5990-B052-BE99-B8AA15BA6C68"},"timestamp":1742655483.894217},{"timestamp":1742655483.901998,"label":"ARImageAnchor didUpdate","content":{"transform":{"columns":[[0.9999641,0.008332384,-0.0015150546,0],[0.0014802006,0.004187787,0.99999005,0],[0.008338647,-0.99995637,0.0041753016,0],[-1.0748813,0.7367114,-0.51715547,1]]},"identifier":"088EF783-5990-B052-BE99-B8AA15BA6C68","name":"Earth"}},{"content":{"transform":{"columns":[[0.9997481,0.006390713,0.021512393,0],[-0.021645572,0.02156306,0.999533,0],[0.0059238677,-0.9997469,0.021695968,0],[0.75490403,0.92415446,-0.46422517,0.9999999]]},"identifier":"C35EAC54-3E90-1B97-807B-5E3B8F238DB7","name":"Sailboat"},"label":"ARImageAnchor didAdd","timestamp":1742655487.060977},{"label":"ARImageAnchor didUpdate","timestamp":1742655487.068798,"content":{"identifier":"C35EAC54-3E90-1B97-807B-5E3B8F238DB7","name":"Sailboat","transform":{"columns":[[0.9997481,0.006390713,0.021512393,0],[-0.021645572,0.02156306,0.999533,0],[0.0059238677,-0.9997469,0.021695968,0],[0.75490403,0.92415446,-0.46422517,0.9999999]]}}},{"label":"ARImageAnchor didAdd","timestamp":1742655489.210635,"content":{"identifier":"6BAD7D5D-D14A-EF93-1C8B-F6BEC80B8329","name":"Lenna","transform":{"columns":[[0.051577155,-0.035648845,-0.9980325,0],[0.99862576,-0.007459621,0.05187427,0],[-0.009294194,-0.9993365,0.03521514,0],[0.61875534,-0.5058839,0.012417153,1]]}}},{"timestamp":1742655489.225802,"content":{"name":"Lenna","identifier":"6BAD7D5D-D14A-EF93-1C8B-F6BEC80B8329","transform":{"columns":[[0.051577155,-0.035648845,-0.9980325,0],[0.99862576,-0.007459621,0.05187427,0],[-0.009294194,-0.9993365,0.03521514,0],[0.61875534,-0.5058839,0.012417153,1]]}},"label":"ARImageAnchor didUpdate"},{"label":"ARImageAnchor didAdd","content":{"transform":{"columns":[[-0.03156672,-0.011312302,0.99943763,0],[-0.9977208,0.060020782,-0.030833153,0],[-0.059638258,-0.998133,-0.013181183,0],[1.4695799,0.9369038,0.12251632,1]]},"name":"Mandrill","identifier":"A19C2489-597B-2BED-432C-244B551E75FD"},"timestamp":1742655491.877059},{"label":"ARImageAnchor didUpdate","timestamp":1742655491.886493,"content":{"name":"Mandrill","identifier":"A19C2489-597B-2BED-432C-244B551E75FD","transform":{"columns":[[-0.03156672,-0.011312302,0.99943763,0],[-0.9977208,0.060020782,-0.030833153,0],[-0.059638258,-0.998133,-0.013181183,0],[1.4695799,0.9369038,0.12251632,1]]}}},{"timestamp":1742655492.41132,"label":"ARImageAnchor didUpdate","content":{"transform":{"columns":[[-0.029730594,-0.014296204,0.9994556,0],[-0.9984442,0.04761247,-0.029019464,0],[-0.04717169,-0.99876344,-0.015689509,0],[1.4765007,0.9280429,0.13743876,0.99999994]]},"name":"Mandrill","identifier":"A19C2489-597B-2BED-432C-244B551E75FD"}},{"timestamp":1742655492.417999,"label":"ARImageAnchor didUpdate","content":{"identifier":"A19C2489-597B-2BED-432C-244B551E75FD","transform":{"columns":[[-0.029730594,-0.014296204,0.9994556,0],[-0.9984442,0.04761247,-0.029019464,0],[-0.04717169,-0.99876344,-0.015689509,0],[1.4765007,0.9280429,0.13743876,0.99999994]]},"name":"Mandrill"}},{"content":{"name":"Mandrill","identifier":"A19C2489-597B-2BED-432C-244B551E75FD","transform":{"columns":[[-0.027561724,-0.014354033,0.9995171,0],[-0.9983451,0.050880346,-0.026798718,0],[-0.05047111,-0.99860156,-0.015732637,0],[1.4693773,0.9295823,0.13271712,1]]}},"timestamp":1742655497.6174212,"label":"ARImageAnchor didUpdate"},{"label":"ARImageAnchor didUpdate","content":{"name":"Mandrill","identifier":"A19C2489-597B-2BED-432C-244B551E75FD","transform":{"columns":[[-0.027561724,-0.014354033,0.9995171,0],[-0.9983451,0.050880346,-0.026798718,0],[-0.05047111,-0.99860156,-0.015732637,0],[1.4693773,0.9295823,0.13271712,1]]}},"timestamp":1742655497.634982},{"timestamp":1742655499.209746,"content":{"transform":{"columns":[[-0.0224291,-0.0062719025,0.99972874,0],[-0.99972326,0.007232967,-0.022383584,0],[-0.007090633,-0.9999541,-0.0064323964,0],[1.5267828,0.31013215,0.8668735,1.0000001]]},"identifier":"61BB3DDD-C96C-6E82-3432-BD712CCBCB28","name":"Peppers"},"label":"ARImageAnchor didAdd"},{"timestamp":1742655499.218295,"label":"ARImageAnchor didUpdate","content":{"identifier":"61BB3DDD-C96C-6E82-3432-BD712CCBCB28","name":"Peppers","transform":{"columns":[[-0.0224291,-0.0062719025,0.99972874,0],[-0.99972326,0.007232967,-0.022383584,0],[-0.007090633,-0.9999541,-0.0064323964,0],[1.5267828,0.31013215,0.8668735,1.0000001]]}}},{"content":{"transform":{"columns":[[0.984519,-0.012539411,0.1748287,0],[0.02010527,0.9989332,-0.041572034,0],[-0.17412087,0.044443432,0.9837208,0],[0.2302222,-0.42477188,-0.20204563,1]]},"name":"bunny","identifier":"D08F8E38-B149-43A3-9468-0932C4A82C9C"},"timestamp":1742655505.402934,"label":"Bunny didUpdate (ARKit)"},{"content":{"name":"Car","transform":{"columns":[[0.9973757,0.010035328,0.07170001,0],[-0.071660206,-0.0042729774,0.99742,0],[0.010315805,-0.99994045,-0.0035426395,0],[-0.10353927,-0.53330797,0.069323,1.0000001]]},"identifier":"FF85DBE1-76D3-E459-2D24-8EDCEE263300"},"label":"ARImageAnchor didUpdate","timestamp":1742655506.069058},{"label":"ARImageAnchor didUpdate","content":{"transform":{"columns":[[0.9973757,0.010035328,0.07170001,0],[-0.071660206,-0.0042729774,0.99742,0],[0.010315805,-0.99994045,-0.0035426395,0],[-0.10353927,-0.53330797,0.069323,1.0000001]]},"name":"Car","identifier":"FF85DBE1-76D3-E459-2D24-8EDCEE263300"},"timestamp":1742655506.099827},{"label":"ARImageAnchor didUpdate","content":{"transform":{"columns":[[0.041204643,-0.033114754,-0.9986018,0],[0.999024,-0.014554806,0.041704707,0],[-0.015915543,-0.9993456,0.032482672,0],[0.60836816,-0.5334713,0.030719824,1]]},"identifier":"6BAD7D5D-D14A-EF93-1C8B-F6BEC80B8329","name":"Lenna"},"timestamp":1742655509.202136},{"label":"ARImageAnchor didUpdate","timestamp":1742655509.2359262,"content":{"transform":{"columns":[[0.041204643,-0.033114754,-0.9986018,0],[0.999024,-0.014554806,0.041704707,0],[-0.015915543,-0.9993456,0.032482672,0],[0.60836816,-0.5334713,0.030719824,1]]},"name":"Lenna","identifier":"6BAD7D5D-D14A-EF93-1C8B-F6BEC80B8329"}},{"timestamp":1742655509.734281,"label":"Bunny didUpdate (ARKit)","content":{"name":"bunny","identifier":"D08F8E38-B149-43A3-9468-0932C4A82C9C","transform":{"columns":[[0.9845004,-0.012597528,0.17492948,0],[0.020161802,0.9989336,-0.0415322,0],[-0.17421973,0.04441536,0.98370457,0],[0.23022693,-0.42476547,-0.20205487,1]]}}},{"content":{"name":"Sailboat","identifier":"C35EAC54-3E90-1B97-807B-5E3B8F238DB7","transform":{"columns":[[0.99996966,0.006790268,-0.0037993302,0],[0.0037456318,0.007903644,0.99996173,0],[0.006820032,-0.9999457,0.0078779645,0],[0.75403595,0.897835,-0.44596708,1]]}},"label":"ARImageAnchor didUpdate","timestamp":1742655512.3345718},{"timestamp":1742655512.3667068,"label":"ARImageAnchor didUpdate","content":{"identifier":"C35EAC54-3E90-1B97-807B-5E3B8F238DB7","name":"Sailboat","transform":{"columns":[[0.99996966,0.006790268,-0.0037993302,0],[0.0037456318,0.007903644,0.99996173,0],[0.006820032,-0.9999457,0.0078779645,0],[0.75403595,0.897835,-0.44596708,1]]}}},{"label":"ARImageAnchor didUpdate","content":{"transform":{"columns":[[0.99999225,0.0009191866,-0.0038045757,0],[0.0038150526,-0.011687112,0.9999243,0],[0.00087464554,-0.9999313,-0.011690524,0],[-1.0848325,0.722313,-0.50125885,1]]},"name":"Earth","identifier":"088EF783-5990-B052-BE99-B8AA15BA6C68"},"timestamp":1742655515.434886},{"timestamp":1742655515.467674,"content":{"identifier":"088EF783-5990-B052-BE99-B8AA15BA6C68","transform":{"columns":[[0.99999225,0.0009191866,-0.0038045757,0],[0.0038150526,-0.011687112,0.9999243,0],[0.00087464554,-0.9999313,-0.011690524,0],[-1.0848325,0.722313,-0.50125885,1]]},"name":"Earth"},"label":"ARImageAnchor didUpdate"},{"content":{"name":"bunny","transform":{"columns":[[0.98447794,-0.01254619,0.17505959,0],[0.020094914,0.99893975,-0.041415103,0],[-0.17435439,0.044290062,0.9836863,0],[0.23026145,-0.4247495,-0.20208003,0.9999999]]},"identifier":"D08F8E38-B149-43A3-9468-0932C4A82C9C"},"timestamp":1742655518.197155,"label":"Bunny didUpdate (ARKit)"}]