[{"label":"Application launched","timestamp":1742638046.226019},{"label":"Initialize ARViewModel","timestamp":1742638046.22614},{"timestamp":1742638046.2276359,"label":"Finished Initialize ARViewModel"},{"label":"Initialize RoomManager","timestamp":1742638046.227693},{"timestamp":1742638046.227707,"label":"Initialize BeaconManager"},{"timestamp":1742638046.22774,"label":"Fininshed Initialize BeaconManager"},{"label":"Fininshed Initialize RoomManager","timestamp":1742638046.227756},{"timestamp":1742638046.227769,"label":"Initialize CloudAnchorsManager"},{"timestamp":1742638046.227783,"label":"Fininshed Initialize CloudAnchorsManager"},{"label":"ContentView Initialize","timestamp":1742638046.227796},{"content":{"name":"Test Room","id":"3F39F93D-AB52-4382-80AA-E0ED5264C1F0"},"label":"Room Update","timestamp":1742638047.5095},{"content":{"id":"3F39F93D-AB52-4382-80AA-E0ED5264C1F0","name":"Test Room"},"label":"Pulling CloudAnchors Ids from Backend","timestamp":1742638047.5095348},{"content":{"room":{"id":"3F39F93D-AB52-4382-80AA-E0ED5264C1F0","name":"Test Room"},"cloudAnchorsIds":["ua-eee15bae032a8930e41114ea906b4500"]},"label":"Pulled CloudAnchors Ids from Backend","timestamp":1742638047.581633},{"content":{"transform":{"columns":[[0.9047993,-0.021199964,0.42531022,0],[0.03085675,0.99939847,-0.015828343,0],[-0.42471883,0.027445165,0.9049092,0],[0.20077911,-0.6269504,-0.4159653,1]]},"identifier":"CF4F375D-D857-4943-85B9-3DABD2E87EC3"},"label":"ARCore Update Bunny Anchor","timestamp":1742638051.758491},{"timestamp":1742638051.782021,"label":"Bunny didAdd (ARKit)","content":{"name":"bunny","identifier":"B64BD0B8-AB68-4C73-91E1-AC728B951932","transform":{"columns":[[0.9047993,-0.021199964,0.42531022,0],[0.03085675,0.99939847,-0.015828343,0],[-0.42471883,0.027445165,0.9049092,0],[0.20077911,-0.6269504,-0.4159653,1]]}}},{"label":"ARImageAnchor didAdd","content":{"name":"Car","transform":{"columns":[[0.94993705,0.0070362887,0.31236193,0],[-0.31234547,-0.0033549664,0.9499627,0],[0.00773217,-0.99996954,-0.0009892375,0],[-0.18505245,-0.6936203,-0.23413341,0.99999994]]},"identifier":"FF85DBE1-76D3-E459-2D24-8EDCEE263300"},"timestamp":1742638053.898497},{"label":"ARImageAnchor didUpdate","content":{"identifier":"FF85DBE1-76D3-E459-2D24-8EDCEE263300","transform":{"columns":[[0.94993705,0.0070362887,0.31236193,0],[-0.31234547,-0.0033549664,0.9499627,0],[0.00773217,-0.99996954,-0.0009892375,0],[-0.18505245,-0.6936203,-0.23413341,0.99999994]]},"name":"Car"},"timestamp":1742638053.907889},{"timestamp":1742638055.998569,"label":"ARImageAnchor didAdd","content":{"name":"Earth","identifier":"088EF783-5990-B052-BE99-B8AA15BA6C68","transform":{"columns":[[0.95838964,-0.011324797,0.28523827,0],[-0.28546125,-0.034468725,0.9577701,0],[-0.0010147534,-0.9993415,-0.03626726,0],[-1.008248,0.5648942,-1.0329543,0.99999994]]}}},{"label":"ARImageAnchor didUpdate","timestamp":1742638056.0058079,"content":{"name":"Earth","transform":{"columns":[[0.95838964,-0.011324797,0.28523827,0],[-0.28546125,-0.034468725,0.9577701,0],[-0.0010147534,-0.9993415,-0.03626726,0],[-1.008248,0.5648942,-1.0329543,0.99999994]]},"identifier":"088EF783-5990-B052-BE99-B8AA15BA6C68"}},{"content":{"transform":{"columns":[[0.96106005,-0.003325574,0.27631953,0],[-0.2762127,0.018734593,0.9609137,0],[-0.008372321,-0.99981886,0.017086497,0],[0.75890625,0.7409725,-0.5565281,0.99999994]]},"name":"Sailboat","identifier":"C35EAC54-3E90-1B97-807B-5E3B8F238DB7"},"label":"ARImageAnchor didAdd","timestamp":1742638059.1650782},{"label":"ARImageAnchor didUpdate","content":{"identifier":"C35EAC54-3E90-1B97-807B-5E3B8F238DB7","transform":{"columns":[[0.96106005,-0.003325574,0.27631953,0],[-0.2762127,0.018734593,0.9609137,0],[-0.008372321,-0.99981886,0.017086497,0],[0.75890625,0.7409725,-0.5565281,0.99999994]]},"name":"Sailboat"},"timestamp":1742638059.182735},{"timestamp":1742638061.798016,"label":"ARImageAnchor didAdd","content":{"identifier":"6BAD7D5D-D14A-EF93-1C8B-F6BEC80B8329","transform":{"columns":[[0.31631064,-0.029414376,-0.94819945,0],[0.94813,-0.023466256,0.31701538,0],[-0.03157553,-0.9992917,0.020466035,0],[0.5096588,-0.70084447,-0.11902384,0.99999994]]},"name":"Lenna"}},{"content":{"name":"Lenna","transform":{"columns":[[0.31631064,-0.029414376,-0.94819945,0],[0.94813,-0.023466256,0.31701538,0],[-0.03157553,-0.9992917,0.020466035,0],[0.5096588,-0.70084447,-0.11902384,0.99999994]]},"identifier":"6BAD7D5D-D14A-EF93-1C8B-F6BEC80B8329"},"label":"ARImageAnchor didUpdate","timestamp":1742638061.808377},{"label":"ARImageAnchor didAdd","timestamp":1742638064.431314,"content":{"transform":{"columns":[[-0.26904386,-0.01621875,0.96299136,0],[-0.9619902,0.05310855,-0.2678697,0],[-0.04679856,-0.9984571,-0.029890805,0],[1.3065588,0.75594854,0.17267086,1]]},"identifier":"A19C2489-597B-2BED-432C-244B551E75FD","name":"Mandrill"}},{"timestamp":1742638064.440675,"label":"ARImageAnchor didUpdate","content":{"transform":{"columns":[[-0.26904386,-0.01621875,0.96299136,0],[-0.9619902,0.05310855,-0.2678697,0],[-0.04679856,-0.9984571,-0.029890805,0],[1.3065588,0.75594854,0.17267086,1]]},"name":"Mandrill","identifier":"A19C2489-597B-2BED-432C-244B551E75FD"}},{"label":"ARImageAnchor didAdd","timestamp":1742638066.0312161,"content":{"transform":{"columns":[[-0.26387048,-0.008306856,0.9645223,0],[-0.96454567,-0.0028019731,-0.263901,0],[0.004894743,-0.9999615,-0.0072729876,0],[1.1845545,0.13923562,0.9035027,0.99999994]]},"name":"Peppers","identifier":"61BB3DDD-C96C-6E82-3432-BD712CCBCB28"}},{"label":"ARImageAnchor didUpdate","content":{"identifier":"61BB3DDD-C96C-6E82-3432-BD712CCBCB28","transform":{"columns":[[-0.26387048,-0.008306856,0.9645223,0],[-0.96454567,-0.0028019731,-0.263901,0],[0.004894743,-0.9999615,-0.0072729876,0],[1.1845545,0.13923562,0.9035027,0.99999994]]},"name":"Peppers"},"timestamp":1742638066.04107}]