[{"label":"Application launched","timestamp":1742644043.028341},{"timestamp":1742644043.0284681,"label":"Initialize ARViewModel"},{"timestamp":1742644043.031169,"label":"Finished Initialize ARViewModel"},{"timestamp":1742644043.031188,"label":"Initialize RoomManager"},{"label":"Initialize BeaconManager","timestamp":1742644043.031193},{"label":"Fininshed Initialize BeaconManager","timestamp":1742644043.0312219},{"label":"Fininshed Initialize RoomManager","timestamp":1742644043.031228},{"timestamp":1742644043.0312319,"label":"Initialize CloudAnchorsManager"},{"label":"Fininshed Initialize CloudAnchorsManager","timestamp":1742644043.0312362},{"label":"ContentView Initialize","timestamp":1742644043.03124},{"content":{"id":"3F39F93D-AB52-4382-80AA-E0ED5264C1F0","name":"Test Room"},"timestamp":1742644044.366826,"label":"Room Update"},{"timestamp":1742644044.36687,"label":"Pulling CloudAnchors Ids from Backend","content":{"name":"Test Room","id":"3F39F93D-AB52-4382-80AA-E0ED5264C1F0"}},{"label":"Pulled CloudAnchors Ids from Backend","timestamp":1742644044.436672,"content":{"room":{"name":"Test Room","id":"3F39F93D-AB52-4382-80AA-E0ED5264C1F0"},"cloudAnchorsIds":["ua-eee15bae032a8930e41114ea906b4500"]}},{"label":"ARCore Update Bunny Anchor","content":{"identifier":"2207DAF6-A60D-4B6A-A6F7-942DD2811860","transform":{"columns":[[0.88550687,-0.015092477,0.46438107,0],[0.014758248,0.9998816,0.0043545277,0],[-0.4643918,0.0029974869,0.88562477,0],[0.16314855,-0.6328099,-0.36995015,1]]}},"timestamp":1742644085.514017},{"label":"Bunny didAdd (ARKit)","content":{"identifier":"E9BE13D7-8E4F-412E-B925-7A38CCCBE6F4","transform":{"columns":[[0.88550687,-0.015092477,0.46438107,0],[0.014758248,0.9998816,0.0043545277,0],[-0.4643918,0.0029974869,0.88562477,0],[0.16314855,-0.6328099,-0.36995015,1]]},"name":"bunny"},"timestamp":1742644085.569758},{"timestamp":1742644088.302835,"content":{"name":"Car","transform":{"columns":[[0.93265474,0.016495297,0.36039278,0],[-0.36050904,0.0046189367,0.93274415,0],[0.01372126,-0.99985325,0.0102545945,0],[-0.23914719,-0.70241004,-0.21091786,1]]},"identifier":"FF85DBE1-76D3-E459-2D24-8EDCEE263300"},"label":"ARImageAnchor didAdd"},{"content":{"transform":{"columns":[[0.93265474,0.016495297,0.36039278,0],[-0.36050904,0.0046189367,0.93274415,0],[0.01372126,-0.99985325,0.0102545945,0],[-0.23914719,-0.70241004,-0.21091786,1]]},"name":"Car","identifier":"FF85DBE1-76D3-E459-2D24-8EDCEE263300"},"timestamp":1742644088.313044,"label":"ARImageAnchor didUpdate"},{"label":"ARImageAnchor didAdd","content":{"transform":{"columns":[[0.9502756,-0.0011157254,0.3114076,0],[-0.3113614,-0.021000372,0.9500593,0],[0.005479672,-0.99977875,-0.02030353,0],[-1.0223244,0.55500436,-1.0260242,0.99999994]]},"name":"Earth","identifier":"088EF783-5990-B052-BE99-B8AA15BA6C68"},"timestamp":1742644090.969362},{"content":{"transform":{"columns":[[0.9502756,-0.0011157254,0.3114076,0],[-0.3113614,-0.021000372,0.9500593,0],[0.005479672,-0.99977875,-0.02030353,0],[-1.0223244,0.55500436,-1.0260242,0.99999994]]},"name":"Earth","identifier":"088EF783-5990-B052-BE99-B8AA15BA6C68"},"timestamp":1742644090.977663,"label":"ARImageAnchor didUpdate"},{"content":{"name":"Earth","identifier":"088EF783-5990-B052-BE99-B8AA15BA6C68","transform":{"columns":[[0.95720893,0.002947907,0.28938225,0],[-0.28913316,-0.032966603,0.9567209,0],[0.012360277,-0.9994521,-0.03070359,0],[-1.0292718,0.5586866,-1.0314637,1]]}},"label":"ARImageAnchor didUpdate","timestamp":1742644091.477618},{"timestamp":1742644091.510742,"label":"ARImageAnchor didUpdate","content":{"transform":{"columns":[[0.95720893,0.002947907,0.28938225,0],[-0.28913316,-0.032966603,0.9567209,0],[0.012360277,-0.9994521,-0.03070359,0],[-1.0292718,0.5586866,-1.0314637,1]]},"name":"Earth","identifier":"088EF783-5990-B052-BE99-B8AA15BA6C68"}},{"timestamp":1742644095.235865,"label":"ARImageAnchor didAdd","content":{"transform":{"columns":[[0.9501476,0.0033371397,0.31178227,0],[-0.31178683,0.0009404113,0.95015156,0],[0.0028775886,-0.999994,0.0019340076,0],[0.7359406,0.7509831,-0.48596138,1]]},"name":"Sailboat","identifier":"C35EAC54-3E90-1B97-807B-5E3B8F238DB7"}},{"label":"ARImageAnchor didUpdate","timestamp":1742644095.2427049,"content":{"name":"Sailboat","transform":{"columns":[[0.9501476,0.0033371397,0.31178227,0],[-0.31178683,0.0009404113,0.95015156,0],[0.0028775886,-0.999994,0.0019340076,0],[0.7359406,0.7509831,-0.48596138,1]]},"identifier":"C35EAC54-3E90-1B97-807B-5E3B8F238DB7"}},{"timestamp":1742644097.3689718,"label":"ARImageAnchor didAdd","content":{"name":"Lenna","transform":{"columns":[[0.38133028,-0.02620633,-0.924067,0],[0.9225802,-0.0525629,0.3822074,0],[-0.058587898,-0.99827355,0.0041336184,0],[0.451163,-0.7027228,-0.068978034,0.9999999]]},"identifier":"6BAD7D5D-D14A-EF93-1C8B-F6BEC80B8329"}},{"timestamp":1742644097.3797622,"label":"ARImageAnchor didUpdate","content":{"transform":{"columns":[[0.38133028,-0.02620633,-0.924067,0],[0.9225802,-0.0525629,0.3822074,0],[-0.058587898,-0.99827355,0.0041336184,0],[0.451163,-0.7027228,-0.068978034,0.9999999]]},"identifier":"6BAD7D5D-D14A-EF93-1C8B-F6BEC80B8329","name":"Lenna"}},{"content":{"name":"Lenna","identifier":"6BAD7D5D-D14A-EF93-1C8B-F6BEC80B8329","transform":{"columns":[[0.30739912,-0.03531057,-0.9509252,0],[0.95072454,-0.030978499,0.30848464,0],[-0.040351003,-0.9988961,0.02404786,0],[0.45988598,-0.69074446,-0.06793956,1]]}},"timestamp":1742644097.8789139,"label":"ARImageAnchor didUpdate"},{"content":{"name":"Lenna","identifier":"6BAD7D5D-D14A-EF93-1C8B-F6BEC80B8329","transform":{"columns":[[0.30739912,-0.03531057,-0.9509252,0],[0.95072454,-0.030978499,0.30848464,0],[-0.040351003,-0.9988961,0.02404786,0],[0.45988598,-0.69074446,-0.06793956,1]]}},"timestamp":1742644097.90982,"label":"ARImageAnchor didUpdate"},{"timestamp":1742644098.410207,"label":"ARImageAnchor didUpdate","content":{"identifier":"6BAD7D5D-D14A-EF93-1C8B-F6BEC80B8329","transform":{"columns":[[0.31736505,-0.03361335,-0.9477075,0],[0.9477527,-0.022808008,0.3181892,0],[-0.03231072,-0.99917465,0.02461868,0],[0.46671468,-0.68025666,-0.06619275,1]]},"name":"Lenna"}},{"content":{"name":"Lenna","transform":{"columns":[[0.31736505,-0.03361335,-0.9477075,0],[0.9477527,-0.022808008,0.3181892,0],[-0.03231072,-0.99917465,0.02461868,0],[0.46671468,-0.68025666,-0.06619275,1]]},"identifier":"6BAD7D5D-D14A-EF93-1C8B-F6BEC80B8329"},"timestamp":1742644098.4424071,"label":"ARImageAnchor didUpdate"},{"timestamp":1742644101.135355,"label":"ARImageAnchor didAdd","content":{"transform":{"columns":[[-0.3142862,-0.016345488,0.9491874,0],[-0.94890547,0.035244185,-0.31358594,0],[-0.028327633,-0.99924505,-0.026587084,0],[1.2648635,0.73917246,0.27616212,1]]},"name":"Mandrill","identifier":"A19C2489-597B-2BED-432C-244B551E75FD"}},{"label":"ARImageAnchor didUpdate","timestamp":1742644101.1456409,"content":{"transform":{"columns":[[-0.3142862,-0.016345488,0.9491874,0],[-0.94890547,0.035244185,-0.31358594,0],[-0.028327633,-0.99924505,-0.026587084,0],[1.2648635,0.73917246,0.27616212,1]]},"name":"Mandrill","identifier":"A19C2489-597B-2BED-432C-244B551E75FD"}},{"content":{"transform":{"columns":[[-0.3161203,-0.012909635,0.9486311,0],[-0.94776565,0.049111646,-0.31516358,0],[-0.042520177,-0.9987098,-0.0277605,0],[1.2560606,0.748931,0.27338874,1]]},"name":"Mandrill","identifier":"A19C2489-597B-2BED-432C-244B551E75FD"},"timestamp":1742644101.6459641,"label":"ARImageAnchor didUpdate"},{"label":"ARImageAnchor didUpdate","content":{"name":"Mandrill","identifier":"A19C2489-597B-2BED-432C-244B551E75FD","transform":{"columns":[[-0.3161203,-0.012909635,0.9486311,0],[-0.94776565,0.049111646,-0.31516358,0],[-0.042520177,-0.9987098,-0.0277605,0],[1.2560606,0.748931,0.27338874,1]]}},"timestamp":1742644101.679367},{"timestamp":1742644102.176996,"label":"ARImageAnchor didUpdate","content":{"identifier":"A19C2489-597B-2BED-432C-244B551E75FD","name":"Mandrill","transform":{"columns":[[-0.31216505,-0.010483026,0.9499699,0],[-0.9492645,0.043511562,-0.31145313,0],[-0.038069684,-0.9989978,-0.02353395,0],[1.2561313,0.7547174,0.2735986,0.99999994]]}}},{"label":"ARImageAnchor didUpdate","timestamp":1742644102.211652,"content":{"transform":{"columns":[[-0.31216505,-0.010483026,0.9499699,0],[-0.9492645,0.043511562,-0.31145313,0],[-0.038069684,-0.9989978,-0.02353395,0],[1.2561313,0.7547174,0.2735986,0.99999994]]},"identifier":"A19C2489-597B-2BED-432C-244B551E75FD","name":"Mandrill"}},{"content":{"name":"Peppers","identifier":"61BB3DDD-C96C-6E82-3432-BD712CCBCB28","transform":{"columns":[[-0.34254152,0.001178328,0.9395018,0],[-0.9394993,-0.003060868,-0.3425368,0],[0.002472087,-0.9999945,0.0021555112,0],[1.0953174,0.13707736,0.9946415,1]]}},"timestamp":1742644103.268571,"label":"ARImageAnchor didAdd"},{"label":"ARImageAnchor didUpdate","content":{"identifier":"61BB3DDD-C96C-6E82-3432-BD712CCBCB28","name":"Peppers","transform":{"columns":[[-0.34254152,0.001178328,0.9395018,0],[-0.9394993,-0.003060868,-0.3425368,0],[0.002472087,-0.9999945,0.0021555112,0],[1.0953174,0.13707736,0.9946415,1]]}},"timestamp":1742644103.277734},{"timestamp":1742644111.045393,"label":"Bunny didUpdate (ARKit)","content":{"transform":{"columns":[[0.88541687,-0.0152197825,0.46454814,0],[0.014826172,0.9998799,0.0045003085,0],[-0.4645609,0.0029028216,0.8855364,0],[0.1631654,-0.6328017,-0.36993814,0.9999999]]},"name":"bunny","identifier":"E9BE13D7-8E4F-412E-B925-7A38CCCBE6F4"}},{"content":{"name":"bunny","identifier":"E9BE13D7-8E4F-412E-B925-7A38CCCBE6F4","transform":{"columns":[[0.8853848,-0.01522522,0.46460876,0],[0.014813273,0.9998798,0.004537025,0],[-0.46462217,0.0028653643,0.88550436,0],[0.16318083,-0.632792,-0.36992997,1]]}},"timestamp":1742644114.845434,"label":"Bunny didUpdate (ARKit)"},{"content":{"name":"bunny","identifier":"E9BE13D7-8E4F-412E-B925-7A38CCCBE6F4","transform":{"columns":[[0.88540363,-0.015208012,0.46457317,0],[0.014803246,0.9998799,0.0045188507,0],[-0.46458635,0.0028761853,0.88552314,0],[0.16317613,-0.63279253,-0.36993563,0.99999994]]}},"timestamp":1742644115.2418141,"label":"Bunny didUpdate (ARKit)"}]