[{"timestamp":1742577752.0222301,"label":"Application launched"},{"label":"Initialize ARViewModel","timestamp":1742577752.022311},{"label":"Finished Initialize ARViewModel","timestamp":1742577752.023104},{"label":"Initialize RoomManager","timestamp":1742577752.023114},{"label":"Initialize BeaconManager","timestamp":1742577752.023118},{"timestamp":1742577752.02313,"label":"Fininshed Initialize BeaconManager"},{"timestamp":1742577752.023135,"label":"Fininshed Initialize RoomManager"},{"label":"Initialize CloudAnchorsManager","timestamp":1742577752.023138},{"timestamp":1742577752.0231419,"label":"Fininshed Initialize CloudAnchorsManager"},{"label":"ContentView Initialize","timestamp":1742577752.0231462},{"label":"Room Update","content":{"id":"3F39F93D-AB52-4382-80AA-E0ED5264C1F0","name":"Test Room"},"timestamp":1742577753.260093},{"timestamp":1742577753.260144,"content":{"id":"3F39F93D-AB52-4382-80AA-E0ED5264C1F0","name":"Test Room"},"label":"Pulling CloudAnchors Ids from Backend"},{"content":{"room":{"id":"3F39F93D-AB52-4382-80AA-E0ED5264C1F0","name":"Test Room"},"cloudAnchorsIds":["ua-86342b65eff50124c5d05bbb9af5e4ff"]},"timestamp":1742577753.380686,"label":"Pulled CloudAnchors Ids from Backend"},{"label":"ARCore Update Bunny Anchor","timestamp":1742577851.557652,"content":{"transform":{"columns":[[0.9573273,0.0018061441,-0.28900033,0],[0.011206754,0.9989964,0.043366257,0],[0.28878862,-0.044754457,0.9563463,0],[-0.22627075,-0.5384667,-0.09587293,1]]},"identifier":"062DD4E9-08E8-41B7-B170-64DE012E5189"}},{"timestamp":1742577851.572171,"label":"Bunny didAdd (ARKit)","content":{"name":"bunny","identifier":"7FEEFD31-40F0-4F4D-9BFE-05CA8E604865","transform":{"columns":[[0.9573273,0.0018061441,-0.28900033,0],[0.011206754,0.9989964,0.043366257,0],[0.28878862,-0.044754457,0.9563463,0],[-0.22627075,-0.5384667,-0.09587293,1]]}}},{"label":"Bunny didUpdate (ARKit)","content":{"identifier":"7FEEFD31-40F0-4F4D-9BFE-05CA8E604865","transform":{"columns":[[0.9573361,0.0018035184,-0.28897202,0],[0.011208854,0.9989964,0.043368727,0],[0.28876016,-0.044757478,0.95635486,0],[-0.22627461,-0.53846675,-0.09587294,1.0000001]]},"name":"bunny"},"timestamp":1742577855.664002},{"timestamp":1742577858.45401,"label":"ARImageAnchor didAdd","content":{"name":"Car","transform":{"columns":[[0.9742142,0.016016038,-0.22505556,0],[0.22497082,0.0069330377,0.97434074,0],[0.017165419,-0.9998477,0.0031510973,0],[-0.49224654,-0.5921616,0.25057155,1]]},"identifier":"FF85DBE1-76D3-E459-2D24-8EDCEE263300"}},{"timestamp":1742577858.465456,"content":{"transform":{"columns":[[0.9742142,0.016016038,-0.22505556,0],[0.22497082,0.0069330377,0.97434074,0],[0.017165419,-0.9998477,0.0031510973,0],[-0.49224654,-0.5921616,0.25057155,1]]},"identifier":"FF85DBE1-76D3-E459-2D24-8EDCEE263300","name":"Car"},"label":"ARImageAnchor didUpdate"},{"label":"ARImageAnchor didAdd","content":{"name":"Earth","identifier":"088EF783-5990-B052-BE99-B8AA15BA6C68","transform":{"columns":[[0.9618394,-0.0034567986,-0.2735927,0],[0.27344957,-0.022571571,0.9616214,0],[-0.009499545,-0.99973905,-0.020764953,0],[-1.575895,0.66600925,0.03521049,0.99999994]]}},"timestamp":1742577862.6537828},{"label":"ARImageAnchor didUpdate","content":{"transform":{"columns":[[0.9618394,-0.0034567986,-0.2735927,0],[0.27344957,-0.022571571,0.9616214,0],[-0.009499545,-0.99973905,-0.020764953,0],[-1.575895,0.66600925,0.03521049,0.99999994]]},"name":"Earth","identifier":"088EF783-5990-B052-BE99-B8AA15BA6C68"},"timestamp":1742577862.662406},{"content":{"transform":{"columns":[[0.9530603,0.004647961,-0.30274445,0],[0.3027727,-0.021627128,0.95281726,0],[-0.0021188348,-0.9997552,-0.022019235,0],[-1.5994257,0.66955173,0.009737641,1.0000001]]},"identifier":"088EF783-5990-B052-BE99-B8AA15BA6C68","name":"Earth"},"timestamp":1742577863.66322,"label":"ARImageAnchor didUpdate"},{"content":{"transform":{"columns":[[0.9530603,0.004647961,-0.30274445,0],[0.3027727,-0.021627128,0.95281726,0],[-0.0021188348,-0.9997552,-0.022019235,0],[-1.5994257,0.66955173,0.009737641,1.0000001]]},"name":"Earth","identifier":"088EF783-5990-B052-BE99-B8AA15BA6C68"},"label":"ARImageAnchor didUpdate","timestamp":1742577863.6973848},{"label":"ARImageAnchor didAdd","content":{"identifier":"6BAD7D5D-D14A-EF93-1C8B-F6BEC80B8329","name":"Lenna","transform":{"columns":[[-0.28178242,-0.03290051,-0.9589139,0],[0.95947385,-0.012640714,-0.28151327,0],[-0.0028594055,-0.9993786,0.03512909,0],[0.18101376,-0.59195256,-0.0036882013,1]]}},"timestamp":1742577869.953227},{"timestamp":1742577869.963346,"label":"ARImageAnchor didUpdate","content":{"name":"Lenna","identifier":"6BAD7D5D-D14A-EF93-1C8B-F6BEC80B8329","transform":{"columns":[[-0.28178242,-0.03290051,-0.9589139,0],[0.95947385,-0.012640714,-0.28151327,0],[-0.0028594055,-0.9993786,0.03512909,0],[0.18101376,-0.59195256,-0.0036882013,1]]}}},{"timestamp":1742577872.163076,"label":"Bunny didUpdate (ARKit)","content":{"identifier":"7FEEFD31-40F0-4F4D-9BFE-05CA8E604865","transform":{"columns":[[0.95736104,0.0016249274,-0.28889078,0],[0.011368956,0.99899787,0.043294888,0],[0.28867152,-0.044733208,0.9563829,0],[-0.22632888,-0.5384616,-0.095851034,1.0000001]]},"name":"bunny"}},{"label":"ARImageAnchor didAdd","timestamp":1742577873.086792,"content":{"name":"Sailboat","transform":{"columns":[[0.9620083,0.0064732535,-0.27294308,0],[0.27301195,-0.030407833,0.96152985,0],[-0.0020753804,-0.9995165,-0.031019878,0],[0.1798656,0.8447634,-0.49352008,1.0000001]]},"identifier":"C35EAC54-3E90-1B97-807B-5E3B8F238DB7"}},{"content":{"identifier":"C35EAC54-3E90-1B97-807B-5E3B8F238DB7","transform":{"columns":[[0.9620083,0.0064732535,-0.27294308,0],[0.27301195,-0.030407833,0.96152985,0],[-0.0020753804,-0.9995165,-0.031019878,0],[0.1798656,0.8447634,-0.49352008,1.0000001]]},"name":"Sailboat"},"timestamp":1742577873.096905,"label":"ARImageAnchor didUpdate"},{"timestamp":1742577874.0962381,"label":"ARImageAnchor didUpdate","content":{"name":"Sailboat","identifier":"C35EAC54-3E90-1B97-807B-5E3B8F238DB7","transform":{"columns":[[0.95741796,0.0044127605,-0.28867134,0],[0.28818747,0.045240827,0.9565046,0],[0.017280556,-0.99896634,0.04204268,0],[0.17592533,0.84986585,-0.5078483,1]]}}},{"timestamp":1742577874.129716,"content":{"identifier":"C35EAC54-3E90-1B97-807B-5E3B8F238DB7","name":"Sailboat","transform":{"columns":[[0.95741796,0.0044127605,-0.28867134,0],[0.28818747,0.045240827,0.9565046,0],[0.017280556,-0.99896634,0.04204268,0],[0.17592533,0.84986585,-0.5078483,1]]}},"label":"ARImageAnchor didUpdate"},{"timestamp":1742577877.219461,"label":"ARImageAnchor didAdd","content":{"identifier":"A19C2489-597B-2BED-432C-244B551E75FD","transform":{"columns":[[0.26557812,-0.011241573,0.96402365,0],[-0.9626585,0.05136181,0.2658009,0],[-0.052502025,-0.9986167,0.002818773,0],[1.0191498,0.87943274,-0.1602172,1]]},"name":"Mandrill"}},{"label":"ARImageAnchor didUpdate","content":{"name":"Mandrill","identifier":"A19C2489-597B-2BED-432C-244B551E75FD","transform":{"columns":[[0.26557812,-0.011241573,0.96402365,0],[-0.9626585,0.05136181,0.2658009,0],[-0.052502025,-0.9986167,0.002818773,0],[1.0191498,0.87943274,-0.1602172,1]]}},"timestamp":1742577877.2287169},{"content":{"identifier":"61BB3DDD-C96C-6E82-3432-BD712CCBCB28","transform":{"columns":[[0.27153322,-0.004759514,0.96241724,0],[-0.962415,-0.0067210943,0.27149934,0],[0.0051762634,-0.99996597,-0.0064056236,0],[1.2846752,0.26453522,0.5268719,1]]},"name":"Peppers"},"timestamp":1742577880.35266,"label":"ARImageAnchor didAdd"},{"timestamp":1742577880.362482,"content":{"name":"Peppers","identifier":"61BB3DDD-C96C-6E82-3432-BD712CCBCB28","transform":{"columns":[[0.27153322,-0.004759514,0.96241724,0],[-0.962415,-0.0067210943,0.27149934,0],[0.0051762634,-0.99996597,-0.0064056236,0],[1.2846752,0.26453522,0.5268719,1]]}},"label":"ARImageAnchor didUpdate"},{"timestamp":1742577885.528975,"label":"ARImageAnchor didUpdate","content":{"identifier":"61BB3DDD-C96C-6E82-3432-BD712CCBCB28","name":"Peppers","transform":{"columns":[[0.26773423,-0.0049426556,0.96347994,0],[-0.9634888,-0.0042100893,0.2677151,0],[0.0027331256,-0.99997884,-0.0058893855,0],[1.2938216,0.26020986,0.5262517,1]]}}},{"timestamp":1742577885.562088,"content":{"name":"Peppers","identifier":"61BB3DDD-C96C-6E82-3432-BD712CCBCB28","transform":{"columns":[[0.26773423,-0.0049426556,0.96347994,0],[-0.9634888,-0.0042100893,0.2677151,0],[0.0027331256,-0.99997884,-0.0058893855,0],[1.2938216,0.26020986,0.5262517,1]]}},"label":"ARImageAnchor didUpdate"}]