[{"label":"Application launched","timestamp":1742631727.612379},{"label":"Initialize ARViewModel","timestamp":1742631727.612462},{"timestamp":1742631727.613322,"label":"Finished Initialize ARViewModel"},{"timestamp":1742631727.6133351,"label":"Initialize RoomManager"},{"timestamp":1742631727.613339,"label":"Initialize BeaconManager"},{"timestamp":1742631727.61335,"label":"Fininshed Initialize BeaconManager"},{"timestamp":1742631727.6133552,"label":"Fininshed Initialize RoomManager"},{"timestamp":1742631727.613359,"label":"Initialize CloudAnchorsManager"},{"timestamp":1742631727.613363,"label":"Fininshed Initialize CloudAnchorsManager"},{"timestamp":1742631727.613367,"label":"ContentView Initialize"},{"label":"Room Update","timestamp":1742631728.897591,"content":{"name":"Test Room","id":"3F39F93D-AB52-4382-80AA-E0ED5264C1F0"}},{"content":{"id":"3F39F93D-AB52-4382-80AA-E0ED5264C1F0","name":"Test Room"},"timestamp":1742631728.897624,"label":"Pulling CloudAnchors Ids from Backend"},{"content":{"cloudAnchorsIds":["ua-86342b65eff50124c5d05bbb9af5e4ff"],"room":{"name":"Test Room","id":"3F39F93D-AB52-4382-80AA-E0ED5264C1F0"}},"label":"Pulled CloudAnchors Ids from Backend","timestamp":1742631728.969615},{"label":"ARCore Update Bunny Anchor","timestamp":1742631828.837562,"content":{"transform":{"columns":[[0.7882999,-0.009564994,0.61521685,0],[-0.009122884,0.99958754,0.027230427,0],[-0.6152236,-0.027078295,0.7878875,0],[0.12351967,-0.58292353,-0.28714913,1]]},"identifier":"468D6CA7-559A-47B0-BB48-6317D2FF83C5"}},{"label":"Bunny didAdd (ARKit)","content":{"identifier":"218815E4-DD9D-4268-89A6-2E86B918DA4C","transform":{"columns":[[0.7882999,-0.009564994,0.61521685,0],[-0.009122884,0.99958754,0.027230427,0],[-0.6152236,-0.027078295,0.7878875,0],[0.12351967,-0.58292353,-0.28714913,1]]},"name":"bunny"},"timestamp":1742631828.860122},{"timestamp":1742631831.826756,"label":"ARImageAnchor didAdd","content":{"transform":{"columns":[[0.77251655,0.013914024,0.63484216,0],[-0.63483876,-0.0052212644,0.7726269,0],[0.014065055,-0.9998896,0.004799659,0],[-0.31107804,-0.639277,-0.27788854,0.99999994]]},"name":"Car","identifier":"FF85DBE1-76D3-E459-2D24-8EDCEE263300"}},{"timestamp":1742631831.8344269,"label":"ARImageAnchor didUpdate","content":{"name":"Car","transform":{"columns":[[0.77251655,0.013914024,0.63484216,0],[-0.63483876,-0.0052212644,0.7726269,0],[0.014065055,-0.9998896,0.004799659,0],[-0.31107804,-0.639277,-0.27788854,0.99999994]]},"identifier":"FF85DBE1-76D3-E459-2D24-8EDCEE263300"}},{"timestamp":1742631837.1276321,"label":"ARImageAnchor didAdd","content":{"name":"Earth","transform":{"columns":[[0.7774778,-0.008585176,0.6288517,0],[-0.6289076,-0.013558064,0.7773618,0],[0.0018522178,-0.99987125,-0.01594038,0],[-0.7738158,0.6156118,-1.3241684,1.0000001]]},"identifier":"088EF783-5990-B052-BE99-B8AA15BA6C68"}},{"timestamp":1742631837.134619,"label":"ARImageAnchor didUpdate","content":{"name":"Earth","identifier":"088EF783-5990-B052-BE99-B8AA15BA6C68","transform":{"columns":[[0.7774778,-0.008585176,0.6288517,0],[-0.6289076,-0.013558064,0.7773618,0],[0.0018522178,-0.99987125,-0.01594038,0],[-0.7738158,0.6156118,-1.3241684,1.0000001]]}}},{"timestamp":1742631838.7178059,"label":"ARImageAnchor didUpdate","content":{"transform":{"columns":[[0.7964449,-0.0045191874,0.60469425,0],[-0.6047037,-0.010896786,0.79637593,0],[0.0029902488,-0.99993044,-0.011411458,0],[-0.7720016,0.62318766,-1.3307028,1.0000001]]},"name":"Earth","identifier":"088EF783-5990-B052-BE99-B8AA15BA6C68"}},{"label":"ARImageAnchor didUpdate","content":{"name":"Earth","identifier":"088EF783-5990-B052-BE99-B8AA15BA6C68","transform":{"columns":[[0.7964449,-0.0045191874,0.60469425,0],[-0.6047037,-0.010896786,0.79637593,0],[0.0029902488,-0.99993044,-0.011411458,0],[-0.7720016,0.62318766,-1.3307028,1.0000001]]}},"timestamp":1742631838.734371},{"timestamp":1742631843.4258509,"label":"ARImageAnchor didAdd","content":{"identifier":"6BAD7D5D-D14A-EF93-1C8B-F6BEC80B8329","name":"Lenna","transform":{"columns":[[0.63619083,-0.033133138,-0.77081984,0],[0.7710792,-0.006903949,0.63670164,0],[-0.026417637,-0.99942714,0.021156034,0],[0.29418492,-0.632818,0.10600348,1]]}}},{"content":{"name":"Lenna","identifier":"6BAD7D5D-D14A-EF93-1C8B-F6BEC80B8329","transform":{"columns":[[0.63619083,-0.033133138,-0.77081984,0],[0.7710792,-0.006903949,0.63670164,0],[-0.026417637,-0.99942714,0.021156034,0],[0.29418492,-0.632818,0.10600348,1]]}},"timestamp":1742631843.435916,"label":"ARImageAnchor didUpdate"},{"content":{"name":"Sailboat","transform":{"columns":[[0.8247116,-0.002036324,0.5655498,0],[-0.5644845,0.05848938,0.8233688,0],[-0.034755323,-0.998286,0.047087412,0],[0.70252293,0.7981558,-0.185368,1]]},"identifier":"C35EAC54-3E90-1B97-807B-5E3B8F238DB7"},"label":"ARImageAnchor didAdd","timestamp":1742631845.5272322},{"content":{"name":"Sailboat","transform":{"columns":[[0.8247116,-0.002036324,0.5655498,0],[-0.5644845,0.05848938,0.8233688,0],[-0.034755323,-0.998286,0.047087412,0],[0.70252293,0.7981558,-0.185368,1]]},"identifier":"C35EAC54-3E90-1B97-807B-5E3B8F238DB7"},"timestamp":1742631845.534054,"label":"ARImageAnchor didUpdate"},{"content":{"identifier":"C35EAC54-3E90-1B97-807B-5E3B8F238DB7","name":"Sailboat","transform":{"columns":[[0.7530688,0.003207328,0.6579338,0],[-0.65733886,0.04646188,0.7521614,0],[-0.02815641,-0.99891496,0.03709729,0],[0.69784427,0.8042733,-0.18396261,0.99999994]]}},"timestamp":1742631846.050323,"label":"ARImageAnchor didUpdate"},{"timestamp":1742631846.0658631,"label":"ARImageAnchor didUpdate","content":{"identifier":"C35EAC54-3E90-1B97-807B-5E3B8F238DB7","transform":{"columns":[[0.7530688,0.003207328,0.6579338,0],[-0.65733886,0.04646188,0.7521614,0],[-0.02815641,-0.99891496,0.03709729,0],[0.69784427,0.8042733,-0.18396261,0.99999994]]},"name":"Sailboat"}},{"content":{"identifier":"A19C2489-597B-2BED-432C-244B551E75FD","transform":{"columns":[[-0.6030973,-0.016548192,0.79749584,0],[-0.7968921,0.056568105,-0.6014672,0],[-0.03515959,-0.99826163,-0.047303196,0],[0.9314617,0.82712823,0.7012429,1]]},"name":"Mandrill"},"label":"ARImageAnchor didAdd","timestamp":1742631848.708736},{"timestamp":1742631848.717577,"content":{"identifier":"A19C2489-597B-2BED-432C-244B551E75FD","transform":{"columns":[[-0.6030973,-0.016548192,0.79749584,0],[-0.7968921,0.056568105,-0.6014672,0],[-0.03515959,-0.99826163,-0.047303196,0],[0.9314617,0.82712823,0.7012429,1]]},"name":"Mandrill"},"label":"ARImageAnchor didUpdate"},{"timestamp":1742631852.3917,"label":"ARImageAnchor didAdd","content":{"identifier":"61BB3DDD-C96C-6E82-3432-BD712CCBCB28","transform":{"columns":[[-0.64430314,-0.0023935763,0.7647662,0],[-0.7647661,0.005198558,-0.6442868,0],[-0.0024335138,-0.99998355,-0.0051799715,0],[0.53051496,0.20749924,1.320517,0.9999999]]},"name":"Peppers"}},{"timestamp":1742631852.402055,"content":{"identifier":"61BB3DDD-C96C-6E82-3432-BD712CCBCB28","transform":{"columns":[[-0.64430314,-0.0023935763,0.7647662,0],[-0.7647661,0.005198558,-0.6442868,0],[-0.0024335138,-0.99998355,-0.0051799715,0],[0.53051496,0.20749924,1.320517,0.9999999]]},"name":"Peppers"},"label":"ARImageAnchor didUpdate"},{"content":{"transform":{"columns":[[-0.6328443,-0.005492628,0.7742596,0],[-0.774277,0.0067997123,-0.63281024,0],[-0.001788944,-0.9999618,-0.008555996,0],[0.5311092,0.21089034,1.316052,1]]},"name":"Peppers","identifier":"61BB3DDD-C96C-6E82-3432-BD712CCBCB28"},"timestamp":1742631852.917494,"label":"ARImageAnchor didUpdate"},{"timestamp":1742631852.943892,"content":{"identifier":"61BB3DDD-C96C-6E82-3432-BD712CCBCB28","name":"Peppers","transform":{"columns":[[-0.6328443,-0.005492628,0.7742596,0],[-0.774277,0.0067997123,-0.63281024,0],[-0.001788944,-0.9999618,-0.008555996,0],[0.5311092,0.21089034,1.316052,1]]}},"label":"ARImageAnchor didUpdate"},{"content":{"identifier":"61BB3DDD-C96C-6E82-3432-BD712CCBCB28","name":"Peppers","transform":{"columns":[[-0.6203899,-0.012748159,0.7841899,0],[-0.78407526,-0.013500945,-0.62051874,0],[0.018497787,-0.9998277,-0.0016196736,0],[0.5311676,0.21009436,1.311394,1]]}},"timestamp":1742631855.017192,"label":"ARImageAnchor didUpdate"},{"content":{"name":"Peppers","identifier":"61BB3DDD-C96C-6E82-3432-BD712CCBCB28","transform":{"columns":[[-0.6203899,-0.012748159,0.7841899,0],[-0.78407526,-0.013500945,-0.62051874,0],[0.018497787,-0.9998277,-0.0016196736,0],[0.5311676,0.21009436,1.311394,1]]}},"timestamp":1742631855.042976,"label":"ARImageAnchor didUpdate"},{"label":"ARImageAnchor didUpdate","content":{"identifier":"088EF783-5990-B052-BE99-B8AA15BA6C68","name":"Earth","transform":{"columns":[[0.7908423,-0.0009946192,0.61201906,0],[-0.6120007,-0.009218301,0.7908035,0],[0.004855202,-0.9999571,-0.007898972,0],[-0.7505145,0.6229517,-1.3247837,1]]}},"timestamp":1742631863.482036},{"content":{"transform":{"columns":[[0.7908423,-0.0009946192,0.61201906,0],[-0.6120007,-0.009218301,0.7908035,0],[0.004855202,-0.9999571,-0.007898972,0],[-0.7505145,0.6229517,-1.3247837,1]]},"identifier":"088EF783-5990-B052-BE99-B8AA15BA6C68","name":"Earth"},"timestamp":1742631863.498709,"label":"ARImageAnchor didUpdate"},{"label":"ARImageAnchor didUpdate","content":{"name":"Mandrill","identifier":"A19C2489-597B-2BED-432C-244B551E75FD","transform":{"columns":[[-0.6207076,-0.014828052,0.78390175,0],[-0.7832954,0.05535064,-0.6191804,0],[-0.034208197,-0.99835694,-0.04597129,0],[0.9248891,0.82932055,0.7189846,1]]}},"timestamp":1742631870.358521},{"label":"ARImageAnchor didUpdate","timestamp":1742631870.365206,"content":{"name":"Mandrill","identifier":"A19C2489-597B-2BED-432C-244B551E75FD","transform":{"columns":[[-0.6207076,-0.014828052,0.78390175,0],[-0.7832954,0.05535064,-0.6191804,0],[-0.034208197,-0.99835694,-0.04597129,0],[0.9248891,0.82932055,0.7189846,1]]}}}]