[{"timestamp":1742638075.286261,"label":"Application launched"},{"timestamp":1742638075.286405,"label":"Initialize ARViewModel"},{"label":"Finished Initialize ARViewModel","timestamp":1742638075.28721},{"label":"Initialize RoomManager","timestamp":1742638075.287224},{"timestamp":1742638075.28723,"label":"Initialize BeaconManager"},{"timestamp":1742638075.2872481,"label":"Fininshed Initialize BeaconManager"},{"timestamp":1742638075.287253,"label":"Fininshed Initialize RoomManager"},{"timestamp":1742638075.287257,"label":"Initialize CloudAnchorsManager"},{"label":"Fininshed Initialize CloudAnchorsManager","timestamp":1742638075.287261},{"timestamp":1742638075.2872639,"label":"ContentView Initialize"},{"content":{"id":"3F39F93D-AB52-4382-80AA-E0ED5264C1F0","name":"Test Room"},"timestamp":1742638076.58729,"label":"Room Update"},{"content":{"id":"3F39F93D-AB52-4382-80AA-E0ED5264C1F0","name":"Test Room"},"label":"Pulling CloudAnchors Ids from Backend","timestamp":1742638076.587328},{"timestamp":1742638076.65022,"label":"Pulled CloudAnchors Ids from Backend","content":{"room":{"id":"3F39F93D-AB52-4382-80AA-E0ED5264C1F0","name":"Test Room"},"cloudAnchorsIds":["ua-eee15bae032a8930e41114ea906b4500"]}},{"content":{"transform":{"columns":[[0.981122,-0.018931149,0.19246085,0],[0.021037333,0.99973905,-0.008905616,0],[-0.19224203,0.012786359,0.98126423,0],[-0.011538689,-0.51932615,-0.17092834,1]]},"identifier":"AAC44AB6-281C-45A6-94F9-AD6A29979C12"},"timestamp":1742638081.9905949,"label":"ARCore Update Bunny Anchor"},{"label":"Bunny didAdd (ARKit)","content":{"name":"bunny","identifier":"2E07B2E4-E137-465E-A6DF-D14D67469D2C","transform":{"columns":[[0.981122,-0.018931149,0.19246085,0],[0.021037333,0.99973905,-0.008905616,0],[-0.19224203,0.012786359,0.98126423,0],[-0.011538689,-0.51932615,-0.17092834,1]]}},"timestamp":1742638082.013576},{"timestamp":1742638085.082639,"label":"ARImageAnchor didAdd","content":{"name":"Car","identifier":"FF85DBE1-76D3-E459-2D24-8EDCEE263300","transform":{"columns":[[0.9980136,0.012239606,0.061798047,0],[-0.062032655,0.019813603,0.9978774,0],[0.010989185,-0.9997286,0.02053347,0],[-0.3478196,-0.5865005,0.08789116,1]]}}},{"content":{"identifier":"FF85DBE1-76D3-E459-2D24-8EDCEE263300","transform":{"columns":[[0.9980136,0.012239606,0.061798047,0],[-0.062032655,0.019813603,0.9978774,0],[0.010989185,-0.9997286,0.02053347,0],[-0.3478196,-0.5865005,0.08789116,1]]},"name":"Car"},"timestamp":1742638085.091773,"label":"ARImageAnchor didUpdate"},{"label":"ARImageAnchor didAdd","content":{"name":"Earth","identifier":"088EF783-5990-B052-BE99-B8AA15BA6C68","transform":{"columns":[[0.99997795,-0.001073328,0.006554669,0],[-0.0065592607,-0.004305677,0.9999691,0],[-0.0010450725,-0.9999901,-0.004312624,0],[-1.3388233,0.6735386,-0.50347686,1]]}},"timestamp":1742638087.18012},{"timestamp":1742638087.197727,"content":{"transform":{"columns":[[0.99997795,-0.001073328,0.006554669,0],[-0.0065592607,-0.004305677,0.9999691,0],[-0.0010450725,-0.9999901,-0.004312624,0],[-1.3388233,0.6735386,-0.50347686,1]]},"name":"Earth","identifier":"088EF783-5990-B052-BE99-B8AA15BA6C68"},"label":"ARImageAnchor didUpdate"},{"content":{"identifier":"C35EAC54-3E90-1B97-807B-5E3B8F238DB7","name":"Sailboat","transform":{"columns":[[0.99991363,0.0032553286,0.012733792,0],[-0.012764933,0.009723847,0.99987125,0],[0.0031310841,-0.99994737,0.009764562,0],[0.495136,0.8546949,-0.46297932,1]]}},"timestamp":1742638090.380035,"label":"ARImageAnchor didAdd"},{"timestamp":1742638090.387922,"label":"ARImageAnchor didUpdate","content":{"name":"Sailboat","identifier":"C35EAC54-3E90-1B97-807B-5E3B8F238DB7","transform":{"columns":[[0.99991363,0.0032553286,0.012733792,0],[-0.012764933,0.009723847,0.99987125,0],[0.0031310841,-0.99994737,0.009764562,0],[0.495136,0.8546949,-0.46297932,1]]}}},{"label":"ARImageAnchor didAdd","content":{"transform":{"columns":[[-0.019989101,-0.012994907,0.99971557,0],[-0.99798703,0.060449068,-0.019168774,0],[-0.060182735,-0.9980865,-0.01417707,0],[1.2062527,0.87910175,0.12610476,0.9999998]]},"name":"Mandrill","identifier":"A19C2489-597B-2BED-432C-244B551E75FD"},"timestamp":1742638092.514646},{"timestamp":1742638092.52039,"content":{"identifier":"A19C2489-597B-2BED-432C-244B551E75FD","transform":{"columns":[[-0.019989101,-0.012994907,0.99971557,0],[-0.99798703,0.060449068,-0.019168774,0],[-0.060182735,-0.9980865,-0.01417707,0],[1.2062527,0.87910175,0.12610476,0.9999998]]},"name":"Mandrill"},"label":"ARImageAnchor didUpdate"},{"content":{"transform":{"columns":[[-0.021650517,-0.0053957608,0.99975103,0],[-0.99944985,0.0252457,-0.021507714,0],[-0.025123367,-0.9996667,-0.0059393765,0],[1.265818,0.25920692,0.8582552,1]]},"identifier":"61BB3DDD-C96C-6E82-3432-BD712CCBCB28","name":"Peppers"},"label":"ARImageAnchor didAdd","timestamp":1742638094.1147041},{"timestamp":1742638094.120444,"content":{"name":"Peppers","identifier":"61BB3DDD-C96C-6E82-3432-BD712CCBCB28","transform":{"columns":[[-0.021650517,-0.0053957608,0.99975103,0],[-0.99944985,0.0252457,-0.021507714,0],[-0.025123367,-0.9996667,-0.0059393765,0],[1.265818,0.25920692,0.8582552,1]]}},"label":"ARImageAnchor didUpdate"},{"timestamp":1742638096.505659,"label":"Bunny didUpdate (ARKit)","content":{"name":"bunny","identifier":"2E07B2E4-E137-465E-A6DF-D14D67469D2C","transform":{"columns":[[0.98074245,-0.019448236,0.19433416,0],[0.02111551,0.9997558,-0.006511409,0],[-0.19416007,0.01048948,0.9809137,0],[-0.011243901,-0.5189441,-0.17177059,0.99999994]]}}},{"timestamp":1742638096.76293,"label":"ARImageAnchor didAdd","content":{"name":"Lenna","identifier":"6BAD7D5D-D14A-EF93-1C8B-F6BEC80B8329","transform":{"columns":[[0.06509201,-0.033856966,-0.9973046,0],[0.99784636,-0.005898299,0.06532757,0],[-0.008094216,-0.9994091,0.033400126,0],[0.3387111,-0.5888151,0.02947238,0.9999999]]}}},{"timestamp":1742638096.781174,"content":{"name":"Lenna","transform":{"columns":[[0.06509201,-0.033856966,-0.9973046,0],[0.99784636,-0.005898299,0.06532757,0],[-0.008094216,-0.9994091,0.033400126,0],[0.3387111,-0.5888151,0.02947238,0.9999999]]},"identifier":"6BAD7D5D-D14A-EF93-1C8B-F6BEC80B8329"},"label":"ARImageAnchor didUpdate"},{"timestamp":1742638100.921663,"label":"Bunny didUpdate (ARKit)","content":{"transform":{"columns":[[0.9807926,-0.020126738,0.19401203,0],[0.02182148,0.99974,-0.0066018524,0],[-0.19382875,0.0107086785,0.98097676,0],[-0.011651337,-0.519077,-0.17178452,1]]},"identifier":"2E07B2E4-E137-465E-A6DF-D14D67469D2C","name":"bunny"}},{"timestamp":1742638101.322144,"label":"Bunny didUpdate (ARKit)","content":{"identifier":"2E07B2E4-E137-465E-A6DF-D14D67469D2C","transform":{"columns":[[0.9808222,-0.0202372,0.19385058,0],[0.02192128,0.99973816,-0.00654616,0],[-0.19366735,0.0106700715,0.981009,0],[-0.011728838,-0.519084,-0.17184144,1]]},"name":"bunny"}},{"timestamp":1742638102.120685,"content":{"name":"bunny","identifier":"2E07B2E4-E137-465E-A6DF-D14D67469D2C","transform":{"columns":[[0.98084325,-0.02025571,0.19374196,0],[0.021935418,0.9997379,-0.0065282774,0],[-0.19355898,0.010653028,0.9810305,0],[-0.011754683,-0.519083,-0.17187001,0.99999994]]}},"label":"Bunny didUpdate (ARKit)"}]