[{"timestamp":1742643744.493496,"label":"Application launched"},{"timestamp":1742643744.493565,"label":"Initialize ARViewModel"},{"label":"Finished Initialize ARViewModel","timestamp":1742643744.494596},{"label":"Initialize RoomManager","timestamp":1742643744.494607},{"timestamp":1742643744.494611,"label":"Initialize BeaconManager"},{"label":"Fininshed Initialize BeaconManager","timestamp":1742643744.494623},{"label":"Fininshed Initialize RoomManager","timestamp":1742643744.494628},{"label":"Initialize CloudAnchorsManager","timestamp":1742643744.494632},{"label":"Fininshed Initialize CloudAnchorsManager","timestamp":1742643744.494636},{"timestamp":1742643744.494639,"label":"ContentView Initialize"},{"timestamp":1742643745.802271,"content":{"id":"3F39F93D-AB52-4382-80AA-E0ED5264C1F0","name":"Test Room"},"label":"Room Update"},{"timestamp":1742643745.802325,"content":{"name":"Test Room","id":"3F39F93D-AB52-4382-80AA-E0ED5264C1F0"},"label":"Pulling CloudAnchors Ids from Backend"},{"timestamp":1742643745.872894,"label":"Pulled CloudAnchors Ids from Backend","content":{"cloudAnchorsIds":["ua-eee15bae032a8930e41114ea906b4500"],"room":{"name":"Test Room","id":"3F39F93D-AB52-4382-80AA-E0ED5264C1F0"}}},{"label":"ARCore Update Bunny Anchor","timestamp":1742643759.259324,"content":{"identifier":"7F20D170-023B-43BC-9150-5E604CF018BD","transform":{"columns":[[0.9693344,-0.027165042,0.2442394,0],[0.026730528,0.9996297,0.005094033,0],[-0.24428734,0.0015908263,0.9697016,0],[0.25743294,-0.5935793,-0.2460893,1]]}}},{"content":{"name":"bunny","identifier":"10F64507-B2BC-47C0-AF6F-C4722C458CD4","transform":{"columns":[[0.9693344,-0.027165042,0.2442394,0],[0.026730528,0.9996297,0.005094033,0],[-0.24428734,0.0015908263,0.9697016,0],[0.25743294,-0.5935793,-0.2460893,1]]}},"timestamp":1742643759.2729402,"label":"Bunny didAdd (ARKit)"},{"timestamp":1742643761.422982,"label":"ARImageAnchor didAdd","content":{"identifier":"FF85DBE1-76D3-E459-2D24-8EDCEE263300","transform":{"columns":[[0.9932834,0.0103066955,0.11524702,0],[-0.11521707,-0.0034645528,0.99333423,0],[0.010637246,-0.9999408,-0.0022537997,0],[-0.08367419,-0.65836126,0.007847354,0.9999999]]},"name":"Car"}},{"content":{"name":"Car","identifier":"FF85DBE1-76D3-E459-2D24-8EDCEE263300","transform":{"columns":[[0.9932834,0.0103066955,0.11524702,0],[-0.11521707,-0.0034645528,0.99333423,0],[0.010637246,-0.9999408,-0.0022537997,0],[-0.08367419,-0.65836126,0.007847354,0.9999999]]}},"timestamp":1742643761.431762,"label":"ARImageAnchor didUpdate"},{"timestamp":1742643764.5560641,"label":"ARImageAnchor didAdd","content":{"name":"Earth","identifier":"088EF783-5990-B052-BE99-B8AA15BA6C68","transform":{"columns":[[0.997997,-0.0017233221,0.06323867,0],[-0.063261375,-0.022375261,0.99774605,0],[-0.00030445482,-0.99974805,-0.022439465,0],[-1.0236748,0.5898225,-0.5845617,0.99999994]]}}},{"timestamp":1742643764.562727,"label":"ARImageAnchor didUpdate","content":{"transform":{"columns":[[0.997997,-0.0017233221,0.06323867,0],[-0.063261375,-0.022375261,0.99774605,0],[-0.00030445482,-0.99974805,-0.022439465,0],[-1.0236748,0.5898225,-0.5845617,0.99999994]]},"name":"Earth","identifier":"088EF783-5990-B052-BE99-B8AA15BA6C68"}},{"timestamp":1742643765.612949,"content":{"transform":{"columns":[[0.99841315,6.282462e-07,0.05631099,0],[-0.056237772,-0.05094216,0.99711674,0],[0.002869229,-0.99870145,-0.0508613,0],[-1.0330139,0.59577674,-0.60495466,0.9999998]]},"name":"Earth","identifier":"088EF783-5990-B052-BE99-B8AA15BA6C68"},"label":"ARImageAnchor didUpdate"},{"content":{"identifier":"088EF783-5990-B052-BE99-B8AA15BA6C68","transform":{"columns":[[0.99841315,6.282462e-07,0.05631099,0],[-0.056237772,-0.05094216,0.99711674,0],[0.002869229,-0.99870145,-0.0508613,0],[-1.0330139,0.59577674,-0.60495466,0.9999998]]},"name":"Earth"},"label":"ARImageAnchor didUpdate","timestamp":1742643765.640733},{"timestamp":1742643769.2889729,"label":"ARImageAnchor didAdd","content":{"transform":{"columns":[[0.07725153,-0.03330872,-0.99645495,0],[0.996946,-0.008880888,0.07758648,0],[-0.0114336945,-0.9994056,0.032520957,0],[0.62625456,-0.66140866,-0.011063237,0.9999999]]},"identifier":"6BAD7D5D-D14A-EF93-1C8B-F6BEC80B8329","name":"Lenna"}},{"label":"ARImageAnchor didUpdate","timestamp":1742643769.3,"content":{"name":"Lenna","identifier":"6BAD7D5D-D14A-EF93-1C8B-F6BEC80B8329","transform":{"columns":[[0.07725153,-0.03330872,-0.99645495,0],[0.996946,-0.008880888,0.07758648,0],[-0.0114336945,-0.9994056,0.032520957,0],[0.62625456,-0.66140866,-0.011063237,0.9999999]]}}},{"timestamp":1742643770.373619,"label":"ARImageAnchor didUpdate","content":{"identifier":"6BAD7D5D-D14A-EF93-1C8B-F6BEC80B8329","name":"Lenna","transform":{"columns":[[0.098014235,-0.0331555,-0.9946325,0],[0.9951222,-0.007953796,0.09832762,0],[-0.011171184,-0.99941844,0.032214187,0],[0.62917376,-0.6557468,-0.009233242,0.99999994]]}}},{"timestamp":1742643770.380364,"label":"ARImageAnchor didUpdate","content":{"name":"Lenna","transform":{"columns":[[0.098014235,-0.0331555,-0.9946325,0],[0.9951222,-0.007953796,0.09832762,0],[-0.011171184,-0.99941844,0.032214187,0],[0.62917376,-0.6557468,-0.009233242,0.99999994]]},"identifier":"6BAD7D5D-D14A-EF93-1C8B-F6BEC80B8329"}},{"timestamp":1742643772.9887161,"content":{"identifier":"C35EAC54-3E90-1B97-807B-5E3B8F238DB7","name":"Sailboat","transform":{"columns":[[0.9979174,0.011730159,0.06342698,0],[-0.06309844,-0.02653151,0.9976545,0],[0.01338547,-0.9995791,-0.025736103,0],[0.79924095,0.7740418,-0.459703,0.9999999]]}},"label":"ARImageAnchor didAdd"},{"content":{"name":"Sailboat","identifier":"C35EAC54-3E90-1B97-807B-5E3B8F238DB7","transform":{"columns":[[0.9979174,0.011730159,0.06342698,0],[-0.06309844,-0.02653151,0.9976545,0],[0.01338547,-0.9995791,-0.025736103,0],[0.79924095,0.7740418,-0.459703,0.9999999]]}},"timestamp":1742643772.9971309,"label":"ARImageAnchor didUpdate"},{"content":{"name":"Sailboat","identifier":"C35EAC54-3E90-1B97-807B-5E3B8F238DB7","transform":{"columns":[[0.998988,0.00649409,0.044503726,0],[-0.044606116,0.016583266,0.9988669,0],[0.0057487176,-0.9998413,0.016856162,0],[0.79549193,0.76832813,-0.46987018,0.99999994]]}},"timestamp":1742643773.5238662,"label":"ARImageAnchor didUpdate"},{"label":"ARImageAnchor didUpdate","content":{"identifier":"C35EAC54-3E90-1B97-807B-5E3B8F238DB7","transform":{"columns":[[0.998988,0.00649409,0.044503726,0],[-0.044606116,0.016583266,0.9988669,0],[0.0057487176,-0.9998413,0.016856162,0],[0.79549193,0.76832813,-0.46987018,0.99999994]]},"name":"Sailboat"},"timestamp":1742643773.529856},{"content":{"identifier":"A19C2489-597B-2BED-432C-244B551E75FD","name":"Mandrill","transform":{"columns":[[-0.07787307,-0.012152163,0.99688905,0],[-0.99587405,0.047675077,-0.07721262,0],[-0.04658846,-0.9987889,-0.01581463,0],[1.471629,0.7989964,0.12659599,0.9999999]]}},"timestamp":1742643775.6219292,"label":"ARImageAnchor didAdd"},{"content":{"transform":{"columns":[[-0.07787307,-0.012152163,0.99688905,0],[-0.99587405,0.047675077,-0.07721262,0],[-0.04658846,-0.9987889,-0.01581463,0],[1.471629,0.7989964,0.12659599,0.9999999]]},"name":"Mandrill","identifier":"A19C2489-597B-2BED-432C-244B551E75FD"},"label":"ARImageAnchor didUpdate","timestamp":1742643775.630769},{"content":{"transform":{"columns":[[-0.09407529,-0.0034326834,0.99555916,0],[-0.9953771,-0.019101493,-0.094123945,0],[0.019339751,-0.99981153,-0.0016198343,0],[1.4944543,0.17620164,0.8743554,0.99999994]]},"identifier":"61BB3DDD-C96C-6E82-3432-BD712CCBCB28","name":"Peppers"},"timestamp":1742643777.721808,"label":"ARImageAnchor didAdd"},{"timestamp":1742643777.731944,"label":"ARImageAnchor didUpdate","content":{"identifier":"61BB3DDD-C96C-6E82-3432-BD712CCBCB28","transform":{"columns":[[-0.09407529,-0.0034326834,0.99555916,0],[-0.9953771,-0.019101493,-0.094123945,0],[0.019339751,-0.99981153,-0.0016198343,0],[1.4944543,0.17620164,0.8743554,0.99999994]]},"name":"Peppers"}},{"label":"ARImageAnchor didUpdate","timestamp":1742643778.247411,"content":{"name":"Peppers","identifier":"61BB3DDD-C96C-6E82-3432-BD712CCBCB28","transform":{"columns":[[-0.07533758,-0.0057188626,0.99714154,0],[-0.99714595,-0.0044724834,-0.07536357,0],[0.0048907124,-0.9999735,-0.0053655957,0],[1.4933926,0.18016472,0.8682635,0.9999998]]}}},{"label":"ARImageAnchor didUpdate","timestamp":1742643778.263506,"content":{"transform":{"columns":[[-0.07533758,-0.0057188626,0.99714154,0],[-0.99714595,-0.0044724834,-0.07536357,0],[0.0048907124,-0.9999735,-0.0053655957,0],[1.4933926,0.18016472,0.8682635,0.9999998]]},"name":"Peppers","identifier":"61BB3DDD-C96C-6E82-3432-BD712CCBCB28"}},{"timestamp":1742643781.329952,"label":"Bunny didUpdate (ARKit)","content":{"name":"bunny","transform":{"columns":[[0.9691712,-0.026074763,0.24500391,0],[0.02619937,0.9996529,0.0027511423,0],[-0.24499065,0.0037526211,0.96951807,0],[0.25768474,-0.5938063,-0.24527456,0.9999998]]},"identifier":"10F64507-B2BC-47C0-AF6F-C4722C458CD4"}},{"timestamp":1742643781.7117991,"content":{"identifier":"10F64507-B2BC-47C0-AF6F-C4722C458CD4","transform":{"columns":[[0.96916986,-0.026072288,0.24500892,0],[0.02620131,0.9996529,0.0027334515,0],[-0.24499518,0.0037703756,0.96951675,0],[0.2576851,-0.5938071,-0.24526812,0.9999998]]},"name":"bunny"},"label":"Bunny didUpdate (ARKit)"}]