[{"timestamp":1742646789.438484,"label":"Application launched"},{"label":"Initialize ARViewModel","timestamp":1742646789.4388099},{"label":"Finished Initialize ARViewModel","timestamp":1742646789.440014},{"label":"Initialize RoomManager","timestamp":1742646789.440036},{"timestamp":1742646789.44004,"label":"Initialize BeaconManager"},{"timestamp":1742646789.440052,"label":"Fininshed Initialize BeaconManager"},{"timestamp":1742646789.440057,"label":"Fininshed Initialize RoomManager"},{"timestamp":1742646789.440061,"label":"Initialize CloudAnchorsManager"},{"label":"Fininshed Initialize CloudAnchorsManager","timestamp":1742646789.440065},{"timestamp":1742646789.440069,"label":"ContentView Initialize"},{"content":{"id":"3F39F93D-AB52-4382-80AA-E0ED5264C1F0","name":"Test Room"},"timestamp":1742646790.738662,"label":"Room Update"},{"label":"Pulling CloudAnchors Ids from Backend","content":{"id":"3F39F93D-AB52-4382-80AA-E0ED5264C1F0","name":"Test Room"},"timestamp":1742646790.738714},{"label":"Pulled CloudAnchors Ids from Backend","content":{"room":{"name":"Test Room","id":"3F39F93D-AB52-4382-80AA-E0ED5264C1F0"},"cloudAnchorsIds":["ua-eee15bae032a8930e41114ea906b4500"]},"timestamp":1742646790.849946},{"timestamp":1742646866.819384,"label":"ARCore Update Bunny Anchor","content":{"identifier":"654189C6-774C-4E41-AF5A-39BBD44DFD9D","transform":{"columns":[[0.9888522,-0.013026544,-0.14832944,0],[0.015519482,0.9997569,0.015661737,0],[0.14808935,-0.017789138,0.988814,0],[-0.06788743,-0.39301148,-0.038296007,1]]}}},{"content":{"identifier":"25FD9131-434B-41CF-B419-3403523FC5B4","transform":{"columns":[[0.9888522,-0.013026544,-0.14832944,0],[0.015519482,0.9997569,0.015661737,0],[0.14808935,-0.017789138,0.988814,0],[-0.06788743,-0.39301148,-0.038296007,1]]},"name":"bunny"},"timestamp":1742646866.8761458,"label":"Bunny didAdd (ARKit)"},{"content":{"name":"Car","transform":{"columns":[[0.9684617,0.008639976,-0.24901254,0],[0.24906379,-0.0054725627,0.9684715,0],[0.0070048464,-0.9999476,-0.00745185,0],[-0.2935264,-0.44554442,0.31889856,1]]},"identifier":"FF85DBE1-76D3-E459-2D24-8EDCEE263300"},"label":"ARImageAnchor didAdd","timestamp":1742646870.5426378},{"content":{"identifier":"FF85DBE1-76D3-E459-2D24-8EDCEE263300","transform":{"columns":[[0.9684617,0.008639976,-0.24901254,0],[0.24906379,-0.0054725627,0.9684715,0],[0.0070048464,-0.9999476,-0.00745185,0],[-0.2935264,-0.44554442,0.31889856,1]]},"name":"Car"},"timestamp":1742646870.5529032,"label":"ARImageAnchor didUpdate"},{"content":{"transform":{"columns":[[0.9888451,-0.013128725,-0.1483678,0],[0.01562648,0.9997548,0.015681716,0],[0.14812554,-0.017825251,0.9888079,0],[-0.06791778,-0.3930205,-0.038305186,1]]},"identifier":"25FD9131-434B-41CF-B419-3403523FC5B4","name":"bunny"},"label":"Bunny didUpdate (ARKit)","timestamp":1742646874.485684},{"label":"ARImageAnchor didAdd","content":{"name":"Earth","transform":{"columns":[[0.9370441,0.006950497,-0.34914178,0],[0.34912935,-0.0402625,0.9362091,0],[-0.0075502014,-0.99916494,-0.04015436,0],[-1.4071486,0.80363494,0.09489745,1]]},"identifier":"088EF783-5990-B052-BE99-B8AA15BA6C68"},"timestamp":1742646874.8091931},{"timestamp":1742646874.815664,"label":"ARImageAnchor didUpdate","content":{"name":"Earth","transform":{"columns":[[0.9370441,0.006950497,-0.34914178,0],[0.34912935,-0.0402625,0.9362091,0],[-0.0075502014,-0.99916494,-0.04015436,0],[-1.4071486,0.80363494,0.09489745,1]]},"identifier":"088EF783-5990-B052-BE99-B8AA15BA6C68"}},{"content":{"identifier":"6BAD7D5D-D14A-EF93-1C8B-F6BEC80B8329","transform":{"columns":[[-0.2900206,-0.03384216,-0.9564218,0],[0.9570189,-0.008553456,-0.289899,0],[0.0016301089,-0.9993905,0.034868266,0],[0.35302147,-0.44888312,0.047390074,0.99999994]]},"name":"Lenna"},"timestamp":1742646879.608955,"label":"ARImageAnchor didAdd"},{"content":{"transform":{"columns":[[-0.2900206,-0.03384216,-0.9564218,0],[0.9570189,-0.008553456,-0.289899,0],[0.0016301089,-0.9993905,0.034868266,0],[0.35302147,-0.44888312,0.047390074,0.99999994]]},"identifier":"6BAD7D5D-D14A-EF93-1C8B-F6BEC80B8329","name":"Lenna"},"timestamp":1742646879.620267,"label":"ARImageAnchor didUpdate"},{"content":{"identifier":"C35EAC54-3E90-1B97-807B-5E3B8F238DB7","transform":{"columns":[[0.96279097,-0.002146388,-0.27023876,0],[0.27014986,-0.019202448,0.9626267,0],[-0.0072554215,-0.99981326,-0.017908098,0],[0.33985248,0.9685933,-0.4511475,1]]},"name":"Sailboat"},"label":"ARImageAnchor didAdd","timestamp":1742646883.408906},{"timestamp":1742646883.418714,"label":"ARImageAnchor didUpdate","content":{"transform":{"columns":[[0.96279097,-0.002146388,-0.27023876,0],[0.27014986,-0.019202448,0.9626267,0],[-0.0072554215,-0.99981326,-0.017908098,0],[0.33985248,0.9685933,-0.4511475,1]]},"name":"Sailboat","identifier":"C35EAC54-3E90-1B97-807B-5E3B8F238DB7"}},{"timestamp":1742646883.917311,"content":{"name":"Sailboat","identifier":"C35EAC54-3E90-1B97-807B-5E3B8F238DB7","transform":{"columns":[[0.9565834,0.0027814866,-0.29144517,0],[0.29145613,-0.0051535442,0.95657015,0],[0.0011587132,-0.9999828,-0.0057404647,0],[0.33931628,0.973951,-0.44796956,0.99999994]]}},"label":"ARImageAnchor didUpdate"},{"content":{"identifier":"C35EAC54-3E90-1B97-807B-5E3B8F238DB7","name":"Sailboat","transform":{"columns":[[0.9565834,0.0027814866,-0.29144517,0],[0.29145613,-0.0051535442,0.95657015,0],[0.0011587132,-0.9999828,-0.0057404647,0],[0.33931628,0.973951,-0.44796956,0.99999994]]}},"label":"ARImageAnchor didUpdate","timestamp":1742646883.950605},{"timestamp":1742646886.108736,"label":"ARImageAnchor didAdd","content":{"transform":{"columns":[[0.28602383,-0.015283894,0.95810056,0],[-0.95635986,0.057758737,0.28642547,0],[-0.059716374,-0.99821347,0.0019034495,0],[1.2029997,1.0040771,-0.12738006,1]]},"identifier":"A19C2489-597B-2BED-432C-244B551E75FD","name":"Mandrill"}},{"label":"ARImageAnchor didUpdate","timestamp":1742646886.1177769,"content":{"name":"Mandrill","transform":{"columns":[[0.28602383,-0.015283894,0.95810056,0],[-0.95635986,0.057758737,0.28642547,0],[-0.059716374,-0.99821347,0.0019034495,0],[1.2029997,1.0040771,-0.12738006,1]]},"identifier":"A19C2489-597B-2BED-432C-244B551E75FD"}},{"timestamp":1742646886.617836,"content":{"name":"Mandrill","transform":{"columns":[[0.2945479,-0.014110716,0.9555325,0],[-0.9543761,0.0469963,0.29488543,0],[-0.049067553,-0.9987953,0.00037573944,0],[1.192659,1.0025862,-0.13024959,0.99999994]]},"identifier":"A19C2489-597B-2BED-432C-244B551E75FD"},"label":"ARImageAnchor didUpdate"},{"label":"ARImageAnchor didUpdate","content":{"name":"Mandrill","identifier":"A19C2489-597B-2BED-432C-244B551E75FD","transform":{"columns":[[0.2945479,-0.014110716,0.9555325,0],[-0.9543761,0.0469963,0.29488543,0],[-0.049067553,-0.9987953,0.00037573944,0],[1.192659,1.0025862,-0.13024959,0.99999994]]}},"timestamp":1742646886.650576},{"label":"ARImageAnchor didAdd","timestamp":1742646889.875204,"content":{"transform":{"columns":[[0.2771139,-0.0068848287,0.96081245,0],[-0.9607832,-0.012581047,0.27701533,0],[0.010180821,-0.9998972,-0.010101189,0],[1.4800397,0.3827752,0.55626684,1]]},"name":"Peppers","identifier":"61BB3DDD-C96C-6E82-3432-BD712CCBCB28"}},{"label":"ARImageAnchor didUpdate","content":{"name":"Peppers","identifier":"61BB3DDD-C96C-6E82-3432-BD712CCBCB28","transform":{"columns":[[0.2771139,-0.0068848287,0.96081245,0],[-0.9607832,-0.012581047,0.27701533,0],[0.010180821,-0.9998972,-0.010101189,0],[1.4800397,0.3827752,0.55626684,1]]}},"timestamp":1742646889.883187},{"content":{"transform":{"columns":[[0.2823563,-0.0070106387,0.9592839,0],[-0.9591992,-0.017224867,0.28220558,0],[0.0145450905,-0.9998269,-0.011588145,0],[1.4735162,0.38557482,0.555924,1]]},"name":"Peppers","identifier":"61BB3DDD-C96C-6E82-3432-BD712CCBCB28"},"label":"ARImageAnchor didUpdate","timestamp":1742646897.3181381},{"timestamp":1742646897.350332,"content":{"transform":{"columns":[[0.2823563,-0.0070106387,0.9592839,0],[-0.9591992,-0.017224867,0.28220558,0],[0.0145450905,-0.9998269,-0.011588145,0],[1.4735162,0.38557482,0.555924,1]]},"identifier":"61BB3DDD-C96C-6E82-3432-BD712CCBCB28","name":"Peppers"},"label":"ARImageAnchor didUpdate"}]