[{"label":"Application launched","timestamp":1742657236.3919358},{"timestamp":1742657236.392241,"label":"Initialize ARViewModel"},{"label":"Finished Initialize ARViewModel","timestamp":1742657236.39431},{"label":"Initialize RoomManager","timestamp":1742657236.394393},{"label":"Initialize BeaconManager","timestamp":1742657236.394407},{"timestamp":1742657236.3944402,"label":"Fininshed Initialize BeaconManager"},{"timestamp":1742657236.3944569,"label":"Fininshed Initialize RoomManager"},{"timestamp":1742657236.394469,"label":"Initialize CloudAnchorsManager"},{"timestamp":1742657236.394483,"label":"Fininshed Initialize CloudAnchorsManager"},{"label":"ContentView Initialize","timestamp":1742657236.394495},{"content":{"id":"3F39F93D-AB52-4382-80AA-E0ED5264C1F0","name":"Test Room"},"label":"Room Update","timestamp":1742657237.874062},{"label":"Pulling CloudAnchors Ids from Backend","timestamp":1742657237.874106,"content":{"id":"3F39F93D-AB52-4382-80AA-E0ED5264C1F0","name":"Test Room"}},{"label":"Pulled CloudAnchors Ids from Backend","content":{"cloudAnchorsIds":["ua-eee15bae032a8930e41114ea906b4500"],"room":{"id":"3F39F93D-AB52-4382-80AA-E0ED5264C1F0","name":"Test Room"}},"timestamp":1742657237.9419131},{"timestamp":1742657256.164706,"content":{"identifier":"DF5A9671-B4E7-4FA4-A6B3-88F34B028B48","transform":{"columns":[[0.5884035,0.018481674,0.8083562,0],[0.022207486,0.9989922,-0.039005093,0],[-0.8082624,0.040902294,0.5874001,0],[0.36604384,-0.5222006,-0.07149919,1]]}},"label":"ARCore Update Bunny Anchor"},{"content":{"transform":{"columns":[[0.5884035,0.018481674,0.8083562,0],[0.022207486,0.9989922,-0.039005093,0],[-0.8082624,0.040902294,0.5874001,0],[0.36604384,-0.5222006,-0.07149919,1]]},"name":"bunny","identifier":"6D03A6DD-6954-4735-BF0F-A0837E334660"},"label":"Bunny didAdd (ARKit)","timestamp":1742657256.219293},{"timestamp":1742657260.352332,"label":"ARImageAnchor didAdd","content":{"name":"Car","identifier":"FF85DBE1-76D3-E459-2D24-8EDCEE263300","transform":{"columns":[[0.6902064,0.007562583,0.7235731,0],[-0.72360975,0.0044350238,0.69019496,0],[0.0020106013,-0.9999615,0.008533466,0],[-0.05710978,-0.6064332,-0.111848995,1]]}}},{"timestamp":1742657260.3625689,"content":{"transform":{"columns":[[0.6902064,0.007562583,0.7235731,0],[-0.72360975,0.0044350238,0.69019496,0],[0.0020106013,-0.9999615,0.008533466,0],[-0.05710978,-0.6064332,-0.111848995,1]]},"identifier":"FF85DBE1-76D3-E459-2D24-8EDCEE263300","name":"Car"},"label":"ARImageAnchor didUpdate"},{"label":"ARImageAnchor didAdd","content":{"identifier":"088EF783-5990-B052-BE99-B8AA15BA6C68","name":"Earth","transform":{"columns":[[0.73146415,-0.004121311,0.68186754,0],[-0.68179417,-0.020290349,0.7312626,0],[0.010821572,-0.9997855,-0.017651547,0],[-0.39038143,0.6520164,-1.2046695,0.99999994]]}},"timestamp":1742657264.085551},{"content":{"identifier":"088EF783-5990-B052-BE99-B8AA15BA6C68","transform":{"columns":[[0.73146415,-0.004121311,0.68186754,0],[-0.68179417,-0.020290349,0.7312626,0],[0.010821572,-0.9997855,-0.017651547,0],[-0.39038143,0.6520164,-1.2046695,0.99999994]]},"name":"Earth"},"timestamp":1742657264.0927439,"label":"ARImageAnchor didUpdate"},{"label":"Bunny didUpdate (ARKit)","content":{"identifier":"6D03A6DD-6954-4735-BF0F-A0837E334660","name":"bunny","transform":{"columns":[[0.5888457,0.018915398,0.8080241,0],[0.021899143,0.9989857,-0.039344642,0],[-0.80794877,0.040862955,0.58783406,0],[0.3661776,-0.5221776,-0.07138993,1]]}},"timestamp":1742657268.130311},{"timestamp":1742657269.418536,"label":"ARImageAnchor didAdd","content":{"name":"Lenna","identifier":"6BAD7D5D-D14A-EF93-1C8B-F6BEC80B8329","transform":{"columns":[[0.7169277,-0.035352744,-0.6962506,0],[0.6964048,-0.009772117,0.7175827,0],[-0.032172363,-0.99932706,0.017613918,0],[0.49303728,-0.6120213,0.32532454,1]]}}},{"label":"ARImageAnchor didUpdate","timestamp":1742657269.4294682,"content":{"identifier":"6BAD7D5D-D14A-EF93-1C8B-F6BEC80B8329","transform":{"columns":[[0.7169277,-0.035352744,-0.6962506,0],[0.6964048,-0.009772117,0.7175827,0],[-0.032172363,-0.99932706,0.017613918,0],[0.49303728,-0.6120213,0.32532454,1]]},"name":"Lenna"}},{"content":{"identifier":"6BAD7D5D-D14A-EF93-1C8B-F6BEC80B8329","transform":{"columns":[[0.7087364,-0.0386033,-0.70441645,0],[0.7045847,-0.011371312,0.7095288,0],[-0.035400297,-0.99918985,0.019140037,0],[0.49492663,-0.6057769,0.33213645,1]]},"name":"Lenna"},"label":"ARImageAnchor didUpdate","timestamp":1742657270.459733},{"content":{"identifier":"6BAD7D5D-D14A-EF93-1C8B-F6BEC80B8329","transform":{"columns":[[0.7087364,-0.0386033,-0.70441645,0],[0.7045847,-0.011371312,0.7095288,0],[-0.035400297,-0.99918985,0.019140037,0],[0.49492663,-0.6057769,0.33213645,1]]},"name":"Lenna"},"label":"ARImageAnchor didUpdate","timestamp":1742657270.494051},{"content":{"transform":{"columns":[[0.72097844,0.0024721222,0.6929532,0],[-0.6925337,-0.032404054,0.7206574,0],[0.024236044,-0.9994717,-0.021650588,0],[0.92656314,0.81437784,0.088094145,1]]},"identifier":"C35EAC54-3E90-1B97-807B-5E3B8F238DB7","name":"Sailboat"},"timestamp":1742657273.684855,"label":"ARImageAnchor didAdd"},{"timestamp":1742657273.693254,"label":"ARImageAnchor didUpdate","content":{"name":"Sailboat","identifier":"C35EAC54-3E90-1B97-807B-5E3B8F238DB7","transform":{"columns":[[0.72097844,0.0024721222,0.6929532,0],[-0.6925337,-0.032404054,0.7206574,0],[0.024236044,-0.9994717,-0.021650588,0],[0.92656314,0.81437784,0.088094145,1]]}}},{"content":{"transform":{"columns":[[0.7395521,0.002183593,0.6730958,0],[-0.67298543,0.020798258,0.7393634,0],[-0.012384749,-0.99978125,0.016850924,0],[0.9314856,0.8218296,0.08157045,1]]},"name":"Sailboat","identifier":"C35EAC54-3E90-1B97-807B-5E3B8F238DB7"},"label":"ARImageAnchor didUpdate","timestamp":1742657274.727754},{"timestamp":1742657274.760534,"label":"ARImageAnchor didUpdate","content":{"identifier":"C35EAC54-3E90-1B97-807B-5E3B8F238DB7","transform":{"columns":[[0.7395521,0.002183593,0.6730958,0],[-0.67298543,0.020798258,0.7393634,0],[-0.012384749,-0.99978125,0.016850924,0],[0.9314856,0.8218296,0.08157045,1]]},"name":"Sailboat"}},{"timestamp":1742657276.351332,"content":{"transform":{"columns":[[-0.6937282,-0.013841879,0.720104,0],[-0.7195397,0.057302803,-0.6920831,0],[-0.031684242,-0.9982608,-0.04971235,0],[1.0548928,0.8453361,0.98151386,1]]},"identifier":"A19C2489-597B-2BED-432C-244B551E75FD","name":"Mandrill"},"label":"ARImageAnchor didAdd"},{"label":"ARImageAnchor didUpdate","timestamp":1742657276.3607001,"content":{"transform":{"columns":[[-0.6937282,-0.013841879,0.720104,0],[-0.7195397,0.057302803,-0.6920831,0],[-0.031684242,-0.9982608,-0.04971235,0],[1.0548928,0.8453361,0.98151386,1]]},"name":"Mandrill","identifier":"A19C2489-597B-2BED-432C-244B551E75FD"}},{"content":{"identifier":"61BB3DDD-C96C-6E82-3432-BD712CCBCB28","name":"Peppers","transform":{"columns":[[-0.7189415,-0.005857427,0.6950458,0],[-0.6950382,-0.0035839572,-0.7189638,0],[0.006702288,-0.9999763,-0.0014944866,0],[0.60081816,0.23075934,1.5637828,1]]}},"timestamp":1742657278.4843721,"label":"ARImageAnchor didAdd"},{"timestamp":1742657278.493582,"label":"ARImageAnchor didUpdate","content":{"identifier":"61BB3DDD-C96C-6E82-3432-BD712CCBCB28","name":"Peppers","transform":{"columns":[[-0.7189415,-0.005857427,0.6950458,0],[-0.6950382,-0.0035839572,-0.7189638,0],[0.006702288,-0.9999763,-0.0014944866,0],[0.60081816,0.23075934,1.5637828,1]]}}},{"label":"ARImageAnchor didUpdate","timestamp":1742657278.9937959,"content":{"identifier":"61BB3DDD-C96C-6E82-3432-BD712CCBCB28","name":"Peppers","transform":{"columns":[[-0.7080315,-0.0069829333,0.70614654,0],[-0.7061762,0.003326831,-0.7080284,0],[0.0025948866,-0.99996996,-0.0072866804,0],[0.6006501,0.2301324,1.5579164,1]]}}},{"timestamp":1742657279.027667,"content":{"name":"Peppers","identifier":"61BB3DDD-C96C-6E82-3432-BD712CCBCB28","transform":{"columns":[[-0.7080315,-0.0069829333,0.70614654,0],[-0.7061762,0.003326831,-0.7080284,0],[0.0025948866,-0.99996996,-0.0072866804,0],[0.6006501,0.2301324,1.5579164,1]]}},"label":"ARImageAnchor didUpdate"},{"label":"Bunny didUpdate (ARKit)","timestamp":1742657283.0275111,"content":{"identifier":"6D03A6DD-6954-4735-BF0F-A0837E334660","transform":{"columns":[[0.5898045,0.01885913,0.8073258,0],[0.0218,0.9989912,-0.039262753,0],[-0.8072517,0.040757045,0.5887981,0],[0.36620572,-0.5221743,-0.071529284,1]]},"name":"bunny"}}]