[{"timestamp":1742643842.142661,"label":"Application launched"},{"timestamp":1742643842.1427422,"label":"Initialize ARViewModel"},{"label":"Finished Initialize ARViewModel","timestamp":1742643842.144696},{"timestamp":1742643842.1447139,"label":"Initialize RoomManager"},{"label":"Initialize BeaconManager","timestamp":1742643842.1447182},{"timestamp":1742643842.144731,"label":"Fininshed Initialize BeaconManager"},{"timestamp":1742643842.144736,"label":"Fininshed Initialize RoomManager"},{"label":"Initialize CloudAnchorsManager","timestamp":1742643842.14474},{"timestamp":1742643842.144743,"label":"Fininshed Initialize CloudAnchorsManager"},{"timestamp":1742643842.144747,"label":"ContentView Initialize"},{"content":{"id":"3F39F93D-AB52-4382-80AA-E0ED5264C1F0","name":"Test Room"},"label":"Room Update","timestamp":1742643843.505043},{"label":"Pulling CloudAnchors Ids from Backend","content":{"name":"Test Room","id":"3F39F93D-AB52-4382-80AA-E0ED5264C1F0"},"timestamp":1742643843.50511},{"timestamp":1742643843.566915,"content":{"room":{"name":"Test Room","id":"3F39F93D-AB52-4382-80AA-E0ED5264C1F0"},"cloudAnchorsIds":["ua-eee15bae032a8930e41114ea906b4500"]},"label":"Pulled CloudAnchors Ids from Backend"},{"content":{"identifier":"D502D3EA-7B5C-4840-ABE6-3A5C5F3EE4B6","transform":{"columns":[[0.8775486,-0.027912883,0.47867462,0],[0.025120886,0.99960953,0.012236261,0],[-0.47882926,0.0012868174,0.8779071,0],[0.4444368,-0.51001185,-0.1853663,1]]}},"timestamp":1742643862.6606379,"label":"ARCore Update Bunny Anchor"},{"timestamp":1742643862.716151,"content":{"name":"bunny","identifier":"CCC73470-6630-4A2A-930F-C1732682544F","transform":{"columns":[[0.8775486,-0.027912883,0.47867462,0],[0.025120886,0.99960953,0.012236261,0],[-0.47882926,0.0012868174,0.8779071,0],[0.4444368,-0.51001185,-0.1853663,1]]}},"label":"Bunny didAdd (ARKit)"},{"timestamp":1742643865.6159549,"label":"ARImageAnchor didAdd","content":{"transform":{"columns":[[0.93212533,0.00882398,0.36202794,0],[-0.36200434,-0.0042009335,0.9321669,0],[0.0097462805,-0.99995214,-0.00072149234,0],[0.046175234,-0.56712013,-0.029001504,1.0000001]]},"name":"Car","identifier":"FF85DBE1-76D3-E459-2D24-8EDCEE263300"}},{"timestamp":1742643865.6268249,"label":"ARImageAnchor didUpdate","content":{"identifier":"FF85DBE1-76D3-E459-2D24-8EDCEE263300","transform":{"columns":[[0.93212533,0.00882398,0.36202794,0],[-0.36200434,-0.0042009335,0.9321669,0],[0.0097462805,-0.99995214,-0.00072149234,0],[0.046175234,-0.56712013,-0.029001504,1.0000001]]},"name":"Car"}},{"label":"ARImageAnchor didAdd","content":{"transform":{"columns":[[0.93918264,-0.006567356,0.34335524,0],[-0.34338245,-0.03235311,0.93863815,0],[0.004944239,-0.9994549,-0.032640588,0],[-0.7168744,0.68076324,-0.8810134,1.0000001]]},"identifier":"088EF783-5990-B052-BE99-B8AA15BA6C68","name":"Earth"},"timestamp":1742643868.815932},{"timestamp":1742643868.823954,"content":{"identifier":"088EF783-5990-B052-BE99-B8AA15BA6C68","name":"Earth","transform":{"columns":[[0.93918264,-0.006567356,0.34335524,0],[-0.34338245,-0.03235311,0.93863815,0],[0.004944239,-0.9994549,-0.032640588,0],[-0.7168744,0.68076324,-0.8810134,1.0000001]]}},"label":"ARImageAnchor didUpdate"},{"label":"ARImageAnchor didAdd","content":{"identifier":"6BAD7D5D-D14A-EF93-1C8B-F6BEC80B8329","transform":{"columns":[[0.35554764,-0.032418698,-0.9340956,0],[0.9344838,-0.00696866,0.35593724,0],[-0.018048417,-0.99945,0.027817069,0],[0.73943603,-0.5713241,0.13670766,1.0000001]]},"name":"Lenna"},"timestamp":1742643873.6155019},{"label":"ARImageAnchor didUpdate","content":{"identifier":"6BAD7D5D-D14A-EF93-1C8B-F6BEC80B8329","name":"Lenna","transform":{"columns":[[0.35554764,-0.032418698,-0.9340956,0],[0.9344838,-0.00696866,0.35593724,0],[-0.018048417,-0.99945,0.027817069,0],[0.73943603,-0.5713241,0.13670766,1.0000001]]}},"timestamp":1742643873.626462},{"content":{"name":"bunny","identifier":"CCC73470-6630-4A2A-930F-C1732682544F","transform":{"columns":[[0.87760246,-0.0278743,0.4785784,0],[0.02511974,0.9996106,0.012157477,0],[-0.47873092,0.0013523318,0.87796086,0],[0.4444385,-0.5100108,-0.1853592,1]]}},"label":"Bunny didUpdate (ARKit)","timestamp":1742643873.9926739},{"content":{"transform":{"columns":[[0.94702315,0.0037417428,0.32114327,0],[-0.32112902,-0.003942285,0.9470271,0],[0.004809569,-0.9999852,-0.0025318568,0],[1.0245466,0.84999806,-0.26900202,1]]},"identifier":"C35EAC54-3E90-1B97-807B-5E3B8F238DB7","name":"Sailboat"},"timestamp":1742643877.348671,"label":"ARImageAnchor didAdd"},{"timestamp":1742643877.356831,"content":{"name":"Sailboat","transform":{"columns":[[0.94702315,0.0037417428,0.32114327,0],[-0.32112902,-0.003942285,0.9470271,0],[0.004809569,-0.9999852,-0.0025318568,0],[1.0245466,0.84999806,-0.26900202,1]]},"identifier":"C35EAC54-3E90-1B97-807B-5E3B8F238DB7"},"label":"ARImageAnchor didUpdate"},{"label":"ARImageAnchor didAdd","content":{"transform":{"columns":[[-0.35080382,-0.018590825,0.9362644,0],[-0.9353876,0.054541472,-0.34939232,0],[-0.04456973,-0.99833834,-0.03652297,0],[1.5317543,0.8808625,0.5057891,1.0000001]]},"identifier":"A19C2489-597B-2BED-432C-244B551E75FD","name":"Mandrill"},"timestamp":1742643878.948567},{"label":"ARImageAnchor didUpdate","timestamp":1742643878.958657,"content":{"transform":{"columns":[[-0.35080382,-0.018590825,0.9362644,0],[-0.9353876,0.054541472,-0.34939232,0],[-0.04456973,-0.99833834,-0.03652297,0],[1.5317543,0.8808625,0.5057891,1.0000001]]},"identifier":"A19C2489-597B-2BED-432C-244B551E75FD","name":"Mandrill"}},{"label":"ARImageAnchor didUpdate","timestamp":1742643879.458514,"content":{"transform":{"columns":[[-0.3332879,-0.015201368,0.94270253,0],[-0.9420335,0.046330813,-0.33230433,0],[-0.03862469,-0.9988104,-0.0297617,0],[1.5199789,0.8811415,0.49395937,1.0000001]]},"identifier":"A19C2489-597B-2BED-432C-244B551E75FD","name":"Mandrill"}},{"label":"ARImageAnchor didUpdate","timestamp":1742643879.492588,"content":{"identifier":"A19C2489-597B-2BED-432C-244B551E75FD","transform":{"columns":[[-0.3332879,-0.015201368,0.94270253,0],[-0.9420335,0.046330813,-0.33230433,0],[-0.03862469,-0.9988104,-0.0297617,0],[1.5199789,0.8811415,0.49395937,1.0000001]]},"name":"Mandrill"}},{"content":{"identifier":"61BB3DDD-C96C-6E82-3432-BD712CCBCB28","transform":{"columns":[[-0.35745767,-0.0030780393,0.9339241,0],[-0.9339127,-0.0047656153,-0.35746902,0],[0.0055510122,-0.99998385,-0.0011711238,0],[1.3514093,0.26435038,1.2138286,1.0000001]]},"name":"Peppers"},"timestamp":1742643881.0816221,"label":"ARImageAnchor didAdd"},{"timestamp":1742643881.091611,"content":{"name":"Peppers","transform":{"columns":[[-0.35745767,-0.0030780393,0.9339241,0],[-0.9339127,-0.0047656153,-0.35746902,0],[0.0055510122,-0.99998385,-0.0011711238,0],[1.3514093,0.26435038,1.2138286,1.0000001]]},"identifier":"61BB3DDD-C96C-6E82-3432-BD712CCBCB28"},"label":"ARImageAnchor didUpdate"},{"content":{"identifier":"61BB3DDD-C96C-6E82-3432-BD712CCBCB28","name":"Peppers","transform":{"columns":[[-0.3230161,-0.0050512836,0.9463799,0],[-0.94638646,-0.002073621,-0.32302946,0],[0.003594149,-0.999985,-0.0041106567,0],[1.3459269,0.2652683,1.2059495,1.0000001]]}},"label":"ARImageAnchor didUpdate","timestamp":1742643881.592084},{"content":{"identifier":"61BB3DDD-C96C-6E82-3432-BD712CCBCB28","name":"Peppers","transform":{"columns":[[-0.3230161,-0.0050512836,0.9463799,0],[-0.94638646,-0.002073621,-0.32302946,0],[0.003594149,-0.999985,-0.0041106567,0],[1.3459269,0.2652683,1.2059495,1.0000001]]}},"label":"ARImageAnchor didUpdate","timestamp":1742643881.6241422},{"content":{"identifier":"CCC73470-6630-4A2A-930F-C1732682544F","transform":{"columns":[[0.8778197,-0.028172128,0.47816223,0],[0.025358375,0.9996024,0.012340679,0],[-0.4783198,0.0012925259,0.8781851,0],[0.44436362,-0.5100509,-0.1855024,1]]},"name":"bunny"},"label":"Bunny didUpdate (ARKit)","timestamp":1742643887.5865722},{"content":{"name":"bunny","identifier":"CCC73470-6630-4A2A-930F-C1732682544F","transform":{"columns":[[0.877906,-0.028188653,0.47800285,0],[0.025340907,0.99960196,0.012406833,0],[-0.47816244,0.0012209928,0.87827104,0],[0.44437164,-0.5100482,-0.18555595,1]]}},"label":"Bunny didUpdate (ARKit)","timestamp":1742643889.9909968},{"timestamp":1742643892.255992,"label":"ARImageAnchor didUpdate","content":{"identifier":"61BB3DDD-C96C-6E82-3432-BD712CCBCB28","name":"Peppers","transform":{"columns":[[-0.33441013,-0.010038046,0.94237405,0],[-0.9422585,-0.015376101,-0.33453295,0],[0.017848114,-0.9998314,-0.004316541,0],[1.3762379,0.26153058,1.208241,1]]}}},{"content":{"name":"Peppers","identifier":"61BB3DDD-C96C-6E82-3432-BD712CCBCB28","transform":{"columns":[[-0.33441013,-0.010038046,0.94237405,0],[-0.9422585,-0.015376101,-0.33453295,0],[0.017848114,-0.9998314,-0.004316541,0],[1.3762379,0.26153058,1.208241,1]]}},"label":"ARImageAnchor didUpdate","timestamp":1742643892.29043}]