[{"timestamp":1742640851.6170468,"label":"Application launched"},{"label":"Initialize ARViewModel","timestamp":1742640851.617303},{"label":"Finished Initialize ARViewModel","timestamp":1742640851.619874},{"label":"Initialize RoomManager","timestamp":1742640851.619951},{"timestamp":1742640851.619966,"label":"Initialize BeaconManager"},{"label":"Fininshed Initialize BeaconManager","timestamp":1742640851.6200042},{"timestamp":1742640851.62002,"label":"Fininshed Initialize RoomManager"},{"timestamp":1742640851.620033,"label":"Initialize CloudAnchorsManager"},{"timestamp":1742640851.62005,"label":"Fininshed Initialize CloudAnchorsManager"},{"label":"ContentView Initialize","timestamp":1742640851.6200628},{"content":{"name":"Test Room","id":"3F39F93D-AB52-4382-80AA-E0ED5264C1F0"},"label":"Room Update","timestamp":1742640852.918356},{"label":"Pulling CloudAnchors Ids from Backend","content":{"name":"Test Room","id":"3F39F93D-AB52-4382-80AA-E0ED5264C1F0"},"timestamp":1742640852.9183989},{"content":{"cloudAnchorsIds":["ua-eee15bae032a8930e41114ea906b4500"],"room":{"name":"Test Room","id":"3F39F93D-AB52-4382-80AA-E0ED5264C1F0"}},"label":"Pulled CloudAnchors Ids from Backend","timestamp":1742640852.985454},{"timestamp":1742640865.789036,"content":{"transform":{"columns":[[0.9794103,0.0042531276,0.20183517,0],[-0.0036390265,0.99998754,-0.0034135506,0],[-0.20184718,0.0026087828,0.97941357,0],[0.08578775,-0.53363174,-0.1983323,1]]},"identifier":"CBACEABD-536B-4052-9CDB-63B1A8609F17"},"label":"ARCore Update Bunny Anchor"},{"timestamp":1742640865.8116488,"content":{"transform":{"columns":[[0.9794103,0.0042531276,0.20183517,0],[-0.0036390265,0.99998754,-0.0034135506,0],[-0.20184718,0.0026087828,0.97941357,0],[0.08578775,-0.53363174,-0.1983323,1]]},"identifier":"0B38DEBD-DDD8-4368-9AF4-981F3B0BC15C","name":"bunny"},"label":"Bunny didAdd (ARKit)"},{"content":{"transform":{"columns":[[0.9962628,0.01280297,0.08541919,0],[-0.08556714,0.011491518,0.99626607,0],[0.011773581,-0.9998519,0.012544097,0],[-0.2638007,-0.6137511,0.056251824,0.9999999]]},"identifier":"FF85DBE1-76D3-E459-2D24-8EDCEE263300","name":"Car"},"timestamp":1742640869.5613708,"label":"ARImageAnchor didAdd"},{"timestamp":1742640869.571729,"content":{"identifier":"FF85DBE1-76D3-E459-2D24-8EDCEE263300","name":"Car","transform":{"columns":[[0.9962628,0.01280297,0.08541919,0],[-0.08556714,0.011491518,0.99626607,0],[0.011773581,-0.9998519,0.012544097,0],[-0.2638007,-0.6137511,0.056251824,0.9999999]]}},"label":"ARImageAnchor didUpdate"},{"content":{"transform":{"columns":[[0.9970159,0.014780082,0.0757687,0],[-0.076041415,0.018855974,0.9969263,0],[0.013305958,-0.9997128,0.019923639,0],[-0.2626519,-0.6090658,0.05382888,0.99999994]]},"name":"Car","identifier":"FF85DBE1-76D3-E459-2D24-8EDCEE263300"},"timestamp":1742640870.070445,"label":"ARImageAnchor didUpdate"},{"content":{"name":"Car","identifier":"FF85DBE1-76D3-E459-2D24-8EDCEE263300","transform":{"columns":[[0.9970159,0.014780082,0.0757687,0],[-0.076041415,0.018855974,0.9969263,0],[0.013305958,-0.9997128,0.019923639,0],[-0.2626519,-0.6090658,0.05382888,0.99999994]]}},"timestamp":1742640870.096426,"label":"ARImageAnchor didUpdate"},{"content":{"identifier":"088EF783-5990-B052-BE99-B8AA15BA6C68","name":"Earth","transform":{"columns":[[0.99999523,-0.0030892382,1.9668163e-05,0],[-0.00010432013,-0.027405431,0.9996243,0],[-0.0030875388,-0.9996195,-0.02740562,0],[-1.243956,0.6486592,-0.53603584,0.99999994]]}},"timestamp":1742640872.1613111,"label":"ARImageAnchor didAdd"},{"label":"ARImageAnchor didUpdate","content":{"transform":{"columns":[[0.99999523,-0.0030892382,1.9668163e-05,0],[-0.00010432013,-0.027405431,0.9996243,0],[-0.0030875388,-0.9996195,-0.02740562,0],[-1.243956,0.6486592,-0.53603584,0.99999994]]},"name":"Earth","identifier":"088EF783-5990-B052-BE99-B8AA15BA6C68"},"timestamp":1742640872.1785212},{"label":"ARImageAnchor didAdd","content":{"transform":{"columns":[[0.9994512,0.010137854,0.031535055,0],[-0.031687524,0.015251249,0.9993814,0],[0.009650635,-0.9998321,0.015564138,0],[0.6033037,0.8326673,-0.46872368,0.9999999]]},"name":"Sailboat","identifier":"C35EAC54-3E90-1B97-807B-5E3B8F238DB7"},"timestamp":1742640875.827681},{"timestamp":1742640875.836536,"content":{"identifier":"C35EAC54-3E90-1B97-807B-5E3B8F238DB7","transform":{"columns":[[0.9994512,0.010137854,0.031535055,0],[-0.031687524,0.015251249,0.9993814,0],[0.009650635,-0.9998321,0.015564138,0],[0.6033037,0.8326673,-0.46872368,0.9999999]]},"name":"Sailboat"},"label":"ARImageAnchor didUpdate"},{"timestamp":1742640877.9442291,"label":"ARImageAnchor didAdd","content":{"name":"Lenna","identifier":"6BAD7D5D-D14A-EF93-1C8B-F6BEC80B8329","transform":{"columns":[[0.032697126,-0.036095116,-0.99881333,0],[0.9994266,0.009975979,0.032356713,0],[0.008796207,-0.9992985,0.03640059,0],[0.4373934,-0.6088561,0.00056974357,0.99999994]]}}},{"timestamp":1742640877.954245,"content":{"name":"Lenna","transform":{"columns":[[0.032697126,-0.036095116,-0.99881333,0],[0.9994266,0.009975979,0.032356713,0],[0.008796207,-0.9992985,0.03640059,0],[0.4373934,-0.6088561,0.00056974357,0.99999994]]},"identifier":"6BAD7D5D-D14A-EF93-1C8B-F6BEC80B8329"},"label":"ARImageAnchor didUpdate"},{"content":{"name":"Lenna","identifier":"6BAD7D5D-D14A-EF93-1C8B-F6BEC80B8329","transform":{"columns":[[0.054093566,-0.03427823,-0.9979474,0],[0.99843454,-0.012370853,0.05454489,0],[-0.01421515,-0.9993355,0.033555396,0],[0.44901377,-0.6068278,0.005853474,0.99999994]]}},"label":"ARImageAnchor didUpdate","timestamp":1742640879.5457191},{"timestamp":1742640879.552881,"label":"ARImageAnchor didUpdate","content":{"transform":{"columns":[[0.054093566,-0.03427823,-0.9979474,0],[0.99843454,-0.012370853,0.05454489,0],[-0.01421515,-0.9993355,0.033555396,0],[0.44901377,-0.6068278,0.005853474,0.99999994]]},"name":"Lenna","identifier":"6BAD7D5D-D14A-EF93-1C8B-F6BEC80B8329"}},{"content":{"name":"Mandrill","identifier":"A19C2489-597B-2BED-432C-244B551E75FD","transform":{"columns":[[-0.033047747,-0.015541405,0.9993328,0],[-0.99802816,0.05389631,-0.032166455,0],[-0.05336045,-0.99842536,-0.017291913,0],[1.3148618,0.83929926,0.11446861,0.9999998]]}},"label":"ARImageAnchor didAdd","timestamp":1742640881.645803},{"timestamp":1742640881.653256,"content":{"transform":{"columns":[[-0.033047747,-0.015541405,0.9993328,0],[-0.99802816,0.05389631,-0.032166455,0],[-0.05336045,-0.99842536,-0.017291913,0],[1.3148618,0.83929926,0.11446861,0.9999998]]},"name":"Mandrill","identifier":"A19C2489-597B-2BED-432C-244B551E75FD"},"label":"ARImageAnchor didUpdate"},{"content":{"name":"Peppers","transform":{"columns":[[-0.04147966,-0.0067028143,0.9991168,0],[-0.9990971,-0.00891294,-0.04153864,0],[0.009183507,-0.99993765,-0.0063270605,0],[1.3559488,0.22343998,0.85130733,0.99999994]]},"identifier":"61BB3DDD-C96C-6E82-3432-BD712CCBCB28"},"label":"ARImageAnchor didAdd","timestamp":1742640883.227335},{"content":{"identifier":"61BB3DDD-C96C-6E82-3432-BD712CCBCB28","name":"Peppers","transform":{"columns":[[-0.04147966,-0.0067028143,0.9991168,0],[-0.9990971,-0.00891294,-0.04153864,0],[0.009183507,-0.99993765,-0.0063270605,0],[1.3559488,0.22343998,0.85130733,0.99999994]]}},"timestamp":1742640883.234231,"label":"ARImageAnchor didUpdate"}]