[{"label":"Application launched","timestamp":1742638110.464087},{"label":"Initialize ARViewModel","timestamp":1742638110.464212},{"timestamp":1742638110.466854,"label":"Finished Initialize ARViewModel"},{"timestamp":1742638110.466959,"label":"Initialize RoomManager"},{"timestamp":1742638110.466979,"label":"Initialize BeaconManager"},{"label":"Fininshed Initialize BeaconManager","timestamp":1742638110.467016},{"timestamp":1742638110.467042,"label":"Fininshed Initialize RoomManager"},{"timestamp":1742638110.467056,"label":"Initialize CloudAnchorsManager"},{"label":"Fininshed Initialize CloudAnchorsManager","timestamp":1742638110.4670691},{"label":"ContentView Initialize","timestamp":1742638110.4670858},{"timestamp":1742638111.7690191,"label":"Room Update","content":{"id":"3F39F93D-AB52-4382-80AA-E0ED5264C1F0","name":"Test Room"}},{"timestamp":1742638111.769061,"label":"Pulling CloudAnchors Ids from Backend","content":{"id":"3F39F93D-AB52-4382-80AA-E0ED5264C1F0","name":"Test Room"}},{"label":"Pulled CloudAnchors Ids from Backend","content":{"cloudAnchorsIds":["ua-eee15bae032a8930e41114ea906b4500"],"room":{"name":"Test Room","id":"3F39F93D-AB52-4382-80AA-E0ED5264C1F0"}},"timestamp":1742638111.83173},{"timestamp":1742638113.8884668,"label":"ARCore Update Bunny Anchor","content":{"transform":{"columns":[[0.99713063,0.0049039843,-0.07554072,0],[-0.0017532654,0.99912786,0.041718856,0],[0.07567943,-0.041466706,0.9962696,0],[-0.059462912,-0.50246394,-0.19620094,1]]},"identifier":"3F02D2B3-5F3E-4D84-9E6C-5EAFF3045A46"}},{"label":"Bunny didAdd (ARKit)","content":{"transform":{"columns":[[0.99713063,0.0049039843,-0.07554072,0],[-0.0017532654,0.99912786,0.041718856,0],[0.07567943,-0.041466706,0.9962696,0],[-0.059462912,-0.50246394,-0.19620094,1]]},"name":"bunny","identifier":"596697C3-EE4B-4417-BD7A-672C42B9C13D"},"timestamp":1742638113.911952},{"timestamp":1742638116.028409,"content":{"transform":{"columns":[[0.9763842,0.016938735,-0.21537556,0],[0.21536793,0.0022966564,0.97653013,0],[0.01703584,-0.9998539,-0.0014056608,0],[-0.3246616,-0.56580174,0.17622377,1.0000001]]},"name":"Car","identifier":"FF85DBE1-76D3-E459-2D24-8EDCEE263300"},"label":"ARImageAnchor didAdd"},{"content":{"name":"Car","transform":{"columns":[[0.9763842,0.016938735,-0.21537556,0],[0.21536793,0.0022966564,0.97653013,0],[0.01703584,-0.9998539,-0.0014056608,0],[-0.3246616,-0.56580174,0.17622377,1.0000001]]},"identifier":"FF85DBE1-76D3-E459-2D24-8EDCEE263300"},"timestamp":1742638116.0386782,"label":"ARImageAnchor didUpdate"},{"label":"ARImageAnchor didAdd","content":{"name":"Earth","transform":{"columns":[[0.962057,0.0028549023,-0.27283317,0],[0.272848,-0.01108182,0.9619931,0],[-0.0002770931,-0.9999345,-0.0114403,0],[-1.4410757,0.6928368,-0.09477383,0.9999999]]},"identifier":"088EF783-5990-B052-BE99-B8AA15BA6C68"},"timestamp":1742638118.662827},{"timestamp":1742638118.670237,"label":"ARImageAnchor didUpdate","content":{"identifier":"088EF783-5990-B052-BE99-B8AA15BA6C68","transform":{"columns":[[0.962057,0.0028549023,-0.27283317,0],[0.272848,-0.01108182,0.9619931,0],[-0.0002770931,-0.9999345,-0.0114403,0],[-1.4410757,0.6928368,-0.09477383,0.9999999]]},"name":"Earth"}},{"label":"ARImageAnchor didAdd","content":{"identifier":"C35EAC54-3E90-1B97-807B-5E3B8F238DB7","name":"Sailboat","transform":{"columns":[[0.95059276,0.015644355,-0.3100457,0],[0.3101111,-0.0018842451,0.9506983,0],[0.014288866,-0.9998758,-0.006642639,0],[0.3240413,0.8793389,-0.5737269,1]]}},"timestamp":1742638121.296043},{"label":"ARImageAnchor didUpdate","timestamp":1742638121.302068,"content":{"transform":{"columns":[[0.95059276,0.015644355,-0.3100457,0],[0.3101111,-0.0018842451,0.9506983,0],[0.014288866,-0.9998758,-0.006642639,0],[0.3240413,0.8793389,-0.5737269,1]]},"name":"Sailboat","identifier":"C35EAC54-3E90-1B97-807B-5E3B8F238DB7"}},{"timestamp":1742638123.4112859,"label":"ARImageAnchor didAdd","content":{"identifier":"6BAD7D5D-D14A-EF93-1C8B-F6BEC80B8329","transform":{"columns":[[-0.23798236,-0.035585593,-0.97061723,0],[0.9712682,-0.0071191415,-0.23788095,0],[0.0015551422,-0.9993412,0.03625739,0],[0.29370776,-0.5604048,-0.07540119,1]]},"name":"Lenna"}},{"content":{"name":"Lenna","identifier":"6BAD7D5D-D14A-EF93-1C8B-F6BEC80B8329","transform":{"columns":[[-0.23798236,-0.035585593,-0.97061723,0],[0.9712682,-0.0071191415,-0.23788095,0],[0.0015551422,-0.9993412,0.03625739,0],[0.29370776,-0.5604048,-0.07540119,1]]}},"label":"ARImageAnchor didUpdate","timestamp":1742638123.4219031},{"label":"ARImageAnchor didUpdate","timestamp":1742638123.920988,"content":{"transform":{"columns":[[-0.27485454,-0.03627422,-0.9608012,0],[0.96136725,0.005315662,-0.27521715,0],[0.015090591,-0.99932766,0.033411827,0],[0.3164411,-0.56247455,-0.073704384,1]]},"name":"Lenna","identifier":"6BAD7D5D-D14A-EF93-1C8B-F6BEC80B8329"}},{"content":{"transform":{"columns":[[-0.27485454,-0.03627422,-0.9608012,0],[0.96136725,0.005315662,-0.27521715,0],[0.015090591,-0.99932766,0.033411827,0],[0.3164411,-0.56247455,-0.073704384,1]]},"name":"Lenna","identifier":"6BAD7D5D-D14A-EF93-1C8B-F6BEC80B8329"},"label":"ARImageAnchor didUpdate","timestamp":1742638123.937426},{"label":"ARImageAnchor didAdd","timestamp":1742638125.512388,"content":{"name":"Mandrill","identifier":"A19C2489-597B-2BED-432C-244B551E75FD","transform":{"columns":[[0.2650307,-0.012536689,0.9641584,0],[-0.9629027,0.049200665,0.26532522,0],[-0.05076355,-0.99871016,0.000968078,0],[1.1624696,0.89045835,-0.23782006,1]]}}},{"content":{"transform":{"columns":[[0.2650307,-0.012536689,0.9641584,0],[-0.9629027,0.049200665,0.26532522,0],[-0.05076355,-0.99871016,0.000968078,0],[1.1624696,0.89045835,-0.23782006,1]]},"name":"Mandrill","identifier":"A19C2489-597B-2BED-432C-244B551E75FD"},"timestamp":1742638125.5198479,"label":"ARImageAnchor didUpdate"},{"label":"ARImageAnchor didAdd","content":{"transform":{"columns":[[0.27249664,-0.0038008997,0.9621491,0],[-0.9620606,0.013043402,0.27252308,0],[-0.013585554,-0.9999076,-0.00010240607,0],[1.438237,0.27919254,0.45442766,1]]},"identifier":"61BB3DDD-C96C-6E82-3432-BD712CCBCB28","name":"Peppers"},"timestamp":1742638127.09618},{"timestamp":1742638127.102633,"content":{"transform":{"columns":[[0.27249664,-0.0038008997,0.9621491,0],[-0.9620606,0.013043402,0.27252308,0],[-0.013585554,-0.9999076,-0.00010240607,0],[1.438237,0.27919254,0.45442766,1]]},"identifier":"61BB3DDD-C96C-6E82-3432-BD712CCBCB28","name":"Peppers"},"label":"ARImageAnchor didUpdate"},{"timestamp":1742638130.329386,"content":{"transform":{"columns":[[0.99796337,0.0034212307,-0.06369691,0],[-0.0012198844,0.99940145,0.03456657,0],[0.063777074,-0.034418467,0.9973704,0],[-0.057007052,-0.50415623,-0.1935607,1]]},"identifier":"596697C3-EE4B-4417-BD7A-672C42B9C13D","name":"bunny"},"label":"Bunny didUpdate (ARKit)"}]