[{"label":"Application launched","timestamp":1742636672.764443},{"label":"Initialize ARViewModel","timestamp":1742636672.764659},{"label":"Finished Initialize ARViewModel","timestamp":1742636672.766923},{"label":"Initialize RoomManager","timestamp":1742636672.7669702},{"timestamp":1742636672.766984,"label":"Initialize BeaconManager"},{"timestamp":1742636672.7670221,"label":"Fininshed Initialize BeaconManager"},{"label":"Fininshed Initialize RoomManager","timestamp":1742636672.7670379},{"timestamp":1742636672.76705,"label":"Initialize CloudAnchorsManager"},{"timestamp":1742636672.7670631,"label":"Fininshed Initialize CloudAnchorsManager"},{"timestamp":1742636672.767075,"label":"ContentView Initialize"},{"timestamp":1742636674.045608,"label":"Room Update","content":{"name":"Test Room","id":"3F39F93D-AB52-4382-80AA-E0ED5264C1F0"}},{"timestamp":1742636674.045635,"content":{"name":"Test Room","id":"3F39F93D-AB52-4382-80AA-E0ED5264C1F0"},"label":"Pulling CloudAnchors Ids from Backend"},{"label":"Pulled CloudAnchors Ids from Backend","content":{"room":{"name":"Test Room","id":"3F39F93D-AB52-4382-80AA-E0ED5264C1F0"},"cloudAnchorsIds":[]},"timestamp":1742636674.1115952},{"label":"Hosting ARAnchor","timestamp":1742636711.870133,"content":{"transform":{"columns":[[0.99515736,0,-0.09829441,0],[0,1,0,0],[0.09829442,0,0.99515724,0],[0.3336547,-0.50004023,-0.3170051,1]]},"name":"bunny","identifier":"F9CE3D13-D8E6-4C72-B9DF-41A16083B0D5"}},{"label":"Bunny didAdd (ARKit)","content":{"transform":{"columns":[[0.99515736,0,-0.09829441,0],[0,1,0,0],[0.09829442,0,0.99515724,0],[0.3336547,-0.50004023,-0.3170051,1]]},"name":"bunny","identifier":"F9CE3D13-D8E6-4C72-B9DF-41A16083B0D5"},"timestamp":1742636711.900125},{"content":{"cloudAnchorState":"Success","cloudId":"ua-eee15bae032a8930e41114ea906b4500","arAnchor":{"name":"bunny","transform":{"columns":[[0.99515736,0,-0.09829441,0],[0,1,0,0],[0.09829442,0,0.99515724,0],[0.3336547,-0.50004023,-0.3170051,1]]},"identifier":"F9CE3D13-D8E6-4C72-B9DF-41A16083B0D5"}},"timestamp":1742636720.375793,"label":"Hosted ARAnchor"},{"label":"Uploading CloudAnchors Ids to Backend","content":{"name":"Test Room","id":"3F39F93D-AB52-4382-80AA-E0ED5264C1F0"},"timestamp":1742636720.375835},{"timestamp":1742636724.681359,"label":"Uploaded CloudAnchors Ids to Backend","content":{"room":{"name":"Test Room","id":"3F39F93D-AB52-4382-80AA-E0ED5264C1F0"},"cloudAnchorsId":"ua-eee15bae032a8930e41114ea906b4500"}},{"content":{"name":"Car","identifier":"FF85DBE1-76D3-E459-2D24-8EDCEE263300","transform":{"columns":[[0.97549015,0.01404045,-0.21959391,0],[0.21976204,-0.011810766,0.97548187,0],[0.0111026345,-0.9998316,-0.014606864,0],[0.08383045,-0.57353675,0.03260058,1]]}},"label":"ARImageAnchor didAdd","timestamp":1742636731.032129},{"label":"ARImageAnchor didUpdate","timestamp":1742636731.042554,"content":{"identifier":"FF85DBE1-76D3-E459-2D24-8EDCEE263300","transform":{"columns":[[0.97549015,0.01404045,-0.21959391,0],[0.21976204,-0.011810766,0.97548187,0],[0.0111026345,-0.9998316,-0.014606864,0],[0.08383045,-0.57353675,0.03260058,1]]},"name":"Car"}},{"content":{"transform":{"columns":[[0.9527942,0.0035744924,-0.30359524,0],[0.30350474,-0.038316283,0.952059,0],[-0.008229515,-0.9992592,-0.03759241,0],[-1.0229169,0.6772653,-0.2206862,0.9999999]]},"name":"Earth","identifier":"088EF783-5990-B052-BE99-B8AA15BA6C68"},"timestamp":1742636735.766582,"label":"ARImageAnchor didAdd"},{"timestamp":1742636735.773785,"label":"ARImageAnchor didUpdate","content":{"identifier":"088EF783-5990-B052-BE99-B8AA15BA6C68","transform":{"columns":[[0.9527942,0.0035744924,-0.30359524,0],[0.30350474,-0.038316283,0.952059,0],[-0.008229515,-0.9992592,-0.03759241,0],[-1.0229169,0.6772653,-0.2206862,0.9999999]]},"name":"Earth"}},{"timestamp":1742636736.3168988,"label":"ARImageAnchor didUpdate","content":{"transform":{"columns":[[0.96106297,0.0035066132,-0.27630675,0],[0.2762997,-0.026754215,0.96069896,0],[-0.0040235664,-0.99963576,-0.026681364,0],[-1.0299208,0.6808354,-0.22303796,0.99999994]]},"name":"Earth","identifier":"088EF783-5990-B052-BE99-B8AA15BA6C68"}},{"timestamp":1742636736.32267,"label":"ARImageAnchor didUpdate","content":{"name":"Earth","transform":{"columns":[[0.96106297,0.0035066132,-0.27630675,0],[0.2762997,-0.026754215,0.96069896,0],[-0.0040235664,-0.99963576,-0.026681364,0],[-1.0299208,0.6808354,-0.22303796,0.99999994]]},"identifier":"088EF783-5990-B052-BE99-B8AA15BA6C68"}},{"label":"ARImageAnchor didAdd","content":{"identifier":"6BAD7D5D-D14A-EF93-1C8B-F6BEC80B8329","transform":{"columns":[[-0.25822595,-0.032325957,-0.96554345,0],[0.9660836,-0.009897745,-0.25803906,0],[-0.0012152991,-0.99942833,0.033785436,0],[0.7472597,-0.5746704,-0.22952718,1]]},"name":"Lenna"},"timestamp":1742636741.048346},{"timestamp":1742636741.058583,"label":"ARImageAnchor didUpdate","content":{"transform":{"columns":[[-0.25822595,-0.032325957,-0.96554345,0],[0.9660836,-0.009897745,-0.25803906,0],[-0.0012152991,-0.99942833,0.033785436,0],[0.7472597,-0.5746704,-0.22952718,1]]},"identifier":"6BAD7D5D-D14A-EF93-1C8B-F6BEC80B8329","name":"Lenna"}},{"label":"Bunny didUpdate (ARKit)","content":{"identifier":"F9CE3D13-D8E6-4C72-B9DF-41A16083B0D5","name":"bunny","transform":{"columns":[[0.99518996,1.9877609e-05,-0.09796432,0],[-4.5221335e-05,1,-0.00025648327,0],[0.09796433,0.00025967965,0.99518985,0],[0.3336556,-0.5000295,-0.31692147,1]]}},"timestamp":1742636741.258892},{"content":{"name":"bunny","transform":{"columns":[[0.99518937,2.0430114e-05,-0.09797037,0],[-4.5877907e-05,0.99999994,-0.0002574972,0],[0.09797039,0.00026075315,0.99518925,0],[0.33365595,-0.50002944,-0.3169214,0.99999994]]},"identifier":"F9CE3D13-D8E6-4C72-B9DF-41A16083B0D5"},"timestamp":1742636741.658239,"label":"Bunny didUpdate (ARKit)"},{"label":"Bunny didUpdate (ARKit)","timestamp":1742636743.8500872,"content":{"identifier":"F9CE3D13-D8E6-4C72-B9DF-41A16083B0D5","transform":{"columns":[[0.99519086,-1.9359437e-05,-0.09795427,0],[-9.043324e-06,0.9999999,-0.0002895152,0],[0.0979543,0.00028900884,0.9951908,0],[0.33364546,-0.5000299,-0.31691214,0.9999999]]},"name":"bunny"}},{"content":{"identifier":"C35EAC54-3E90-1B97-807B-5E3B8F238DB7","transform":{"columns":[[0.96038586,0.007301581,-0.27857745,0],[0.27867118,-0.028922513,0.95995075,0],[-0.0010480004,-0.99955493,-0.029811513,0],[0.7480251,0.8560697,-0.7208047,1]]},"name":"Sailboat"},"label":"ARImageAnchor didAdd","timestamp":1742636744.764773},{"content":{"transform":{"columns":[[0.96038586,0.007301581,-0.27857745,0],[0.27867118,-0.028922513,0.95995075,0],[-0.0010480004,-0.99955493,-0.029811513,0],[0.7480251,0.8560697,-0.7208047,1]]},"identifier":"C35EAC54-3E90-1B97-807B-5E3B8F238DB7","name":"Sailboat"},"label":"ARImageAnchor didUpdate","timestamp":1742636744.773319},{"timestamp":1742636747.9144502,"label":"ARImageAnchor didAdd","content":{"transform":{"columns":[[0.2681396,-0.01157004,0.96331054,0],[-0.96232724,0.043515995,0.26838854,0],[-0.04502469,-0.99898565,0.000534198,0],[1.5963069,0.89068073,-0.37459204,1]]},"identifier":"A19C2489-597B-2BED-432C-244B551E75FD","name":"Mandrill"}},{"label":"ARImageAnchor didUpdate","timestamp":1742636747.924201,"content":{"transform":{"columns":[[0.2681396,-0.01157004,0.96331054,0],[-0.96232724,0.043515995,0.26838854,0],[-0.04502469,-0.99898565,0.000534198,0],[1.5963069,0.89068073,-0.37459204,1]]},"name":"Mandrill","identifier":"A19C2489-597B-2BED-432C-244B551E75FD"}},{"label":"ARImageAnchor didAdd","content":{"transform":{"columns":[[0.28795934,-0.003787389,0.9576351,0],[-0.9576156,-0.008627876,0.28791934,0],[0.0071718805,-0.99995553,-0.0061113373,0],[1.867472,0.2758723,0.31310368,1]]},"name":"Peppers","identifier":"61BB3DDD-C96C-6E82-3432-BD712CCBCB28"},"timestamp":1742636750.54772},{"timestamp":1742636750.558377,"label":"ARImageAnchor didUpdate","content":{"name":"Peppers","transform":{"columns":[[0.28795934,-0.003787389,0.9576351,0],[-0.9576156,-0.008627876,0.28791934,0],[0.0071718805,-0.99995553,-0.0061113373,0],[1.867472,0.2758723,0.31310368,1]]},"identifier":"61BB3DDD-C96C-6E82-3432-BD712CCBCB28"}},{"label":"ARImageAnchor didUpdate","timestamp":1742636756.906351,"content":{"name":"Peppers","identifier":"61BB3DDD-C96C-6E82-3432-BD712CCBCB28","transform":{"columns":[[0.2551942,-0.00456475,0.9668789,0],[-0.96688795,0.0006968153,0.25519988,0],[-0.0018386706,-0.99998933,-0.0042357845,0],[1.853794,0.27611274,0.31172845,1]]}}},{"content":{"transform":{"columns":[[0.2551942,-0.00456475,0.9668789,0],[-0.96688795,0.0006968153,0.25519988,0],[-0.0018386706,-0.99998933,-0.0042357845,0],[1.853794,0.27611274,0.31172845,1]]},"identifier":"61BB3DDD-C96C-6E82-3432-BD712CCBCB28","name":"Peppers"},"timestamp":1742636756.923794,"label":"ARImageAnchor didUpdate"},{"label":"ARImageAnchor didUpdate","timestamp":1742636757.4409719,"content":{"name":"Peppers","identifier":"61BB3DDD-C96C-6E82-3432-BD712CCBCB28","transform":{"columns":[[0.24702077,-0.005912747,0.96899205,0],[-0.96863073,-0.02948577,0.24674863,0],[0.027112493,-0.9995477,-0.013010858,0],[1.8587763,0.27594298,0.31387624,1]]}}},{"timestamp":1742636757.457298,"content":{"name":"Peppers","identifier":"61BB3DDD-C96C-6E82-3432-BD712CCBCB28","transform":{"columns":[[0.24702077,-0.005912747,0.96899205,0],[-0.96863073,-0.02948577,0.24674863,0],[0.027112493,-0.9995477,-0.013010858,0],[1.8587763,0.27594298,0.31387624,1]]}},"label":"ARImageAnchor didUpdate"},{"timestamp":1742636760.57215,"label":"ARImageAnchor didUpdate","content":{"name":"Sailboat","identifier":"C35EAC54-3E90-1B97-807B-5E3B8F238DB7","transform":{"columns":[[0.9701732,0.0028415727,-0.24239615,0],[0.24227154,0.022773143,0.96994114,0],[0.008276286,-0.9997366,0.021405457,0],[0.74928236,0.86882687,-0.7419003,1.0000001]]}}},{"content":{"identifier":"C35EAC54-3E90-1B97-807B-5E3B8F238DB7","transform":{"columns":[[0.9701732,0.0028415727,-0.24239615,0],[0.24227154,0.022773143,0.96994114,0],[0.008276286,-0.9997366,0.021405457,0],[0.74928236,0.86882687,-0.7419003,1.0000001]]},"name":"Sailboat"},"label":"ARImageAnchor didUpdate","timestamp":1742636760.587434},{"timestamp":1742636774.454764,"label":"Bunny didUpdate (ARKit)","content":{"name":"bunny","identifier":"F9CE3D13-D8E6-4C72-B9DF-41A16083B0D5","transform":{"columns":[[0.99518555,-2.9898634e-05,-0.09800728,0],[5.684755e-07,0.9999998,-0.00029929285,0],[0.098007314,0.0002977963,0.99518555,0],[0.3336447,-0.50003,-0.31691176,0.9999999]]}}},{"content":{"transform":{"columns":[[0.9951873,-2.4732335e-05,-0.09798869,0],[-3.8601897e-06,0.99999976,-0.00029160432,0],[0.09798874,0.00029057934,0.99518734,0],[0.33364522,-0.50003004,-0.31691304,0.9999999]]},"name":"bunny","identifier":"F9CE3D13-D8E6-4C72-B9DF-41A16083B0D5"},"timestamp":1742636774.8373818,"label":"Bunny didUpdate (ARKit)"}]