[{"label":"Application launched","timestamp":1742636883.706269},{"timestamp":1742636883.706644,"label":"Initialize ARViewModel"},{"label":"Finished Initialize ARViewModel","timestamp":1742636883.710373},{"timestamp":1742636883.710449,"label":"Initialize RoomManager"},{"timestamp":1742636883.710463,"label":"Initialize BeaconManager"},{"timestamp":1742636883.710499,"label":"Fininshed Initialize BeaconManager"},{"label":"Fininshed Initialize RoomManager","timestamp":1742636883.710515},{"timestamp":1742636883.7105289,"label":"Initialize CloudAnchorsManager"},{"timestamp":1742636883.710542,"label":"Fininshed Initialize CloudAnchorsManager"},{"label":"ContentView Initialize","timestamp":1742636883.710555},{"content":{"name":"Test Room","id":"3F39F93D-AB52-4382-80AA-E0ED5264C1F0"},"label":"Room Update","timestamp":1742636884.9756331},{"label":"Pulling CloudAnchors Ids from Backend","timestamp":1742636884.975698,"content":{"name":"Test Room","id":"3F39F93D-AB52-4382-80AA-E0ED5264C1F0"}},{"timestamp":1742636885.0444021,"content":{"room":{"id":"3F39F93D-AB52-4382-80AA-E0ED5264C1F0","name":"Test Room"},"cloudAnchorsIds":["ua-eee15bae032a8930e41114ea906b4500"]},"label":"Pulled CloudAnchors Ids from Backend"},{"timestamp":1742636888.832477,"label":"ARCore Update Bunny Anchor","content":{"transform":{"columns":[[0.9410484,-0.012191579,0.33805227,0],[0.019181868,0.99966556,-0.017345145,0],[-0.33772773,0.022807095,0.9409675,0],[0.19733584,-0.59854436,-0.4604792,1]]},"identifier":"A5371FAC-A0FC-4755-B486-F40C8DD2E500"}},{"label":"Bunny didAdd (ARKit)","content":{"transform":{"columns":[[0.9410484,-0.012191579,0.33805227,0],[0.019181868,0.99966556,-0.017345145,0],[-0.33772773,0.022807095,0.9409675,0],[0.19733584,-0.59854436,-0.4604792,1]]},"name":"bunny","identifier":"BC01B8D3-D0EE-4E0E-8023-8E0A04D1DCAE"},"timestamp":1742636888.855684},{"timestamp":1742636890.855511,"label":"ARImageAnchor didAdd","content":{"transform":{"columns":[[0.2267525,-0.024336997,-0.9736482,0],[0.97380126,0.023271834,0.22620642,0],[0.017153379,-0.9994328,0.028976329,0],[0.5317236,-0.66186666,-0.18184716,0.99999994]]},"name":"Lenna","identifier":"6BAD7D5D-D14A-EF93-1C8B-F6BEC80B8329"}},{"content":{"transform":{"columns":[[0.2267525,-0.024336997,-0.9736482,0],[0.97380126,0.023271834,0.22620642,0],[0.017153379,-0.9994328,0.028976329,0],[0.5317236,-0.66186666,-0.18184716,0.99999994]]},"name":"Lenna","identifier":"6BAD7D5D-D14A-EF93-1C8B-F6BEC80B8329"},"label":"ARImageAnchor didUpdate","timestamp":1742636890.866312},{"content":{"transform":{"columns":[[0.9749583,0.014257712,0.22192965,0],[-0.222043,0.0069089923,0.9750122,0],[0.012368112,-0.9998743,0.009901819,0],[-0.16937444,-0.6614031,-0.2567205,0.9999999]]},"identifier":"FF85DBE1-76D3-E459-2D24-8EDCEE263300","name":"Car"},"label":"ARImageAnchor didAdd","timestamp":1742636894.021977},{"content":{"transform":{"columns":[[0.9749583,0.014257712,0.22192965,0],[-0.222043,0.0069089923,0.9750122,0],[0.012368112,-0.9998743,0.009901819,0],[-0.16937444,-0.6614031,-0.2567205,0.9999999]]},"name":"Car","identifier":"FF85DBE1-76D3-E459-2D24-8EDCEE263300"},"label":"ARImageAnchor didUpdate","timestamp":1742636894.030746},{"content":{"transform":{"columns":[[0.97997105,0.00055307505,0.19913945,0],[-0.1989489,-0.041102417,0.97914743,0],[0.00872666,-0.99915475,-0.040169124,0],[-1.0694193,0.592093,-0.9546019,1]]},"name":"Earth","identifier":"088EF783-5990-B052-BE99-B8AA15BA6C68"},"timestamp":1742636897.1552582,"label":"ARImageAnchor didAdd"},{"content":{"transform":{"columns":[[0.97997105,0.00055307505,0.19913945,0],[-0.1989489,-0.041102417,0.97914743,0],[0.00872666,-0.99915475,-0.040169124,0],[-1.0694193,0.592093,-0.9546019,1]]},"identifier":"088EF783-5990-B052-BE99-B8AA15BA6C68","name":"Earth"},"timestamp":1742636897.172854,"label":"ARImageAnchor didUpdate"},{"label":"ARImageAnchor didAdd","content":{"identifier":"C35EAC54-3E90-1B97-807B-5E3B8F238DB7","transform":{"columns":[[0.98587763,0.009134451,0.16721763,0],[-0.16734871,0.016223907,0.98576415,0],[0.006291489,-0.9998266,0.017523427,0],[0.7423838,0.7701336,-0.6190412,1]]},"name":"Sailboat"},"timestamp":1742636899.821741},{"timestamp":1742636899.839593,"content":{"identifier":"C35EAC54-3E90-1B97-807B-5E3B8F238DB7","transform":{"columns":[[0.98587763,0.009134451,0.16721763,0],[-0.16734871,0.016223907,0.98576415,0],[0.006291489,-0.9998266,0.017523427,0],[0.7423838,0.7701336,-0.6190412,1]]},"name":"Sailboat"},"label":"ARImageAnchor didUpdate"},{"content":{"transform":{"columns":[[-0.1935343,-0.011463975,0.9810265,0],[-0.97985584,0.05246769,-0.1926902,0],[-0.049263205,-0.9985568,-0.021387333,0],[1.3437059,0.7987626,0.05756197,1]]},"identifier":"A19C2489-597B-2BED-432C-244B551E75FD","name":"Mandrill"},"timestamp":1742636901.421525,"label":"ARImageAnchor didAdd"},{"content":{"identifier":"A19C2489-597B-2BED-432C-244B551E75FD","transform":{"columns":[[-0.1935343,-0.011463975,0.9810265,0],[-0.97985584,0.05246769,-0.1926902,0],[-0.049263205,-0.9985568,-0.021387333,0],[1.3437059,0.7987626,0.05756197,1]]},"name":"Mandrill"},"timestamp":1742636901.439866,"label":"ARImageAnchor didUpdate"},{"label":"ARImageAnchor didAdd","timestamp":1742636902.988245,"content":{"transform":{"columns":[[-0.18759611,-0.00216668,0.98224384,0],[-0.98222226,-0.0065651783,-0.18760648,0],[0.0068551,-0.999976,-0.00089655543,0],[1.2795855,0.18210211,0.7898772,1]]},"identifier":"61BB3DDD-C96C-6E82-3432-BD712CCBCB28","name":"Peppers"}},{"content":{"transform":{"columns":[[-0.18759611,-0.00216668,0.98224384,0],[-0.98222226,-0.0065651783,-0.18760648,0],[0.0068551,-0.999976,-0.00089655543,0],[1.2795855,0.18210211,0.7898772,1]]},"name":"Peppers","identifier":"61BB3DDD-C96C-6E82-3432-BD712CCBCB28"},"timestamp":1742636902.996975,"label":"ARImageAnchor didUpdate"},{"content":{"name":"bunny","identifier":"BC01B8D3-D0EE-4E0E-8023-8E0A04D1DCAE","transform":{"columns":[[0.94130576,-0.011226939,0.33736858,0],[0.018169338,0.99968314,-0.01742759,0],[-0.33706596,0.022534452,0.9412114,0],[0.19781837,-0.5981539,-0.46072978,1]]}},"label":"Bunny didUpdate (ARKit)","timestamp":1742636905.190165}]