[{"timestamp":1742637992.547941,"label":"Application launched"},{"timestamp":1742637992.5481691,"label":"Initialize ARViewModel"},{"label":"Finished Initialize ARViewModel","timestamp":1742637992.550644},{"timestamp":1742637992.5507178,"label":"Initialize RoomManager"},{"label":"Initialize BeaconManager","timestamp":1742637992.550723},{"timestamp":1742637992.550736,"label":"Fininshed Initialize BeaconManager"},{"timestamp":1742637992.5507421,"label":"Fininshed Initialize RoomManager"},{"timestamp":1742637992.550746,"label":"Initialize CloudAnchorsManager"},{"label":"Fininshed Initialize CloudAnchorsManager","timestamp":1742637992.55075},{"timestamp":1742637992.550754,"label":"ContentView Initialize"},{"label":"Room Update","content":{"id":"3F39F93D-AB52-4382-80AA-E0ED5264C1F0","name":"Test Room"},"timestamp":1742637993.866857},{"label":"Pulling CloudAnchors Ids from Backend","content":{"name":"Test Room","id":"3F39F93D-AB52-4382-80AA-E0ED5264C1F0"},"timestamp":1742637993.866885},{"content":{"room":{"id":"3F39F93D-AB52-4382-80AA-E0ED5264C1F0","name":"Test Room"},"cloudAnchorsIds":["ua-eee15bae032a8930e41114ea906b4500"]},"timestamp":1742637993.934252,"label":"Pulled CloudAnchors Ids from Backend"},{"timestamp":1742638021.327468,"label":"ARCore Update Bunny Anchor","content":{"transform":{"columns":[[0.9999935,0.0036070012,2.5948904e-05,0],[-0.003600896,0.9986709,-0.051415574,0],[-0.00021137044,0.051415145,0.9986774,0],[0.16233544,-0.51098794,-0.1495083,1]]},"identifier":"0B867FE9-AE58-4CA1-8C7B-9CB89534F2CF"}},{"timestamp":1742638021.350296,"label":"Bunny didAdd (ARKit)","content":{"transform":{"columns":[[0.9999935,0.0036070012,2.5948904e-05,0],[-0.003600896,0.9986709,-0.051415574,0],[-0.00021137044,0.051415145,0.9986774,0],[0.16233544,-0.51098794,-0.1495083,1]]},"name":"bunny","identifier":"0AC9CB7A-3EEC-4C54-BCFA-E3B70A015793"}},{"timestamp":1742638024.133545,"label":"ARImageAnchor didAdd","content":{"transform":{"columns":[[0.9903813,0.011960659,-0.13784626,0],[0.13774133,0.009198896,0.99042535,0],[0.013114176,-0.999886,0.007462956,0],[-0.12072975,-0.6068701,0.16089985,0.99999994]]},"name":"Car","identifier":"FF85DBE1-76D3-E459-2D24-8EDCEE263300"}},{"label":"ARImageAnchor didUpdate","timestamp":1742638024.143842,"content":{"transform":{"columns":[[0.9903813,0.011960659,-0.13784626,0],[0.13774133,0.009198896,0.99042535,0],[0.013114176,-0.999886,0.007462956,0],[-0.12072975,-0.6068701,0.16089985,0.99999994]]},"identifier":"FF85DBE1-76D3-E459-2D24-8EDCEE263300","name":"Car"}},{"label":"ARImageAnchor didAdd","content":{"name":"Earth","identifier":"088EF783-5990-B052-BE99-B8AA15BA6C68","transform":{"columns":[[0.9823867,0.00070677244,-0.1868576,0],[0.18685877,-0.0022966426,0.98238397,0],[0.00026518008,-0.999997,-0.0023882606,0],[-1.2134569,0.6468163,-0.20979987,1]]}},"timestamp":1742638026.76853},{"timestamp":1742638026.774887,"content":{"name":"Earth","identifier":"088EF783-5990-B052-BE99-B8AA15BA6C68","transform":{"columns":[[0.9823867,0.00070677244,-0.1868576,0],[0.18685877,-0.0022966426,0.98238397,0],[0.00026518008,-0.999997,-0.0023882606,0],[-1.2134569,0.6468163,-0.20979987,1]]}},"label":"ARImageAnchor didUpdate"},{"content":{"transform":{"columns":[[0.97796315,0.012541076,-0.20839988,0],[0.20818096,0.016791295,0.97794604,0],[0.015763812,-0.9997802,0.013810468,0],[0.60031766,0.8311576,-0.53676915,1]]},"name":"Sailboat","identifier":"C35EAC54-3E90-1B97-807B-5E3B8F238DB7"},"timestamp":1742638029.434972,"label":"ARImageAnchor didAdd"},{"timestamp":1742638029.441564,"label":"ARImageAnchor didUpdate","content":{"name":"Sailboat","identifier":"C35EAC54-3E90-1B97-807B-5E3B8F238DB7","transform":{"columns":[[0.97796315,0.012541076,-0.20839988,0],[0.20818096,0.016791295,0.97794604,0],[0.015763812,-0.9997802,0.013810468,0],[0.60031766,0.8311576,-0.53676915,1]]}}},{"content":{"name":"Mandrill","identifier":"A19C2489-597B-2BED-432C-244B551E75FD","transform":{"columns":[[0.18409866,-0.013055507,0.9828208,0],[-0.9814217,0.052517198,0.18453419,0],[-0.054024205,-0.9985344,-0.0031445937,0],[1.409523,0.8598024,-0.12925117,0.9999999]]}},"timestamp":1742638031.535018,"label":"ARImageAnchor didAdd"},{"content":{"transform":{"columns":[[0.18409866,-0.013055507,0.9828208,0],[-0.9814217,0.052517198,0.18453419,0],[-0.054024205,-0.9985344,-0.0031445937,0],[1.409523,0.8598024,-0.12925117,0.9999999]]},"identifier":"A19C2489-597B-2BED-432C-244B551E75FD","name":"Mandrill"},"timestamp":1742638031.541909,"label":"ARImageAnchor didUpdate"},{"label":"ARImageAnchor didAdd","content":{"name":"Peppers","transform":{"columns":[[0.1707758,-0.0047497335,0.9852982,0],[-0.98515725,0.016765624,0.1708322,0],[-0.01733056,-0.999848,-0.001816052,0],[1.6172533,0.24354376,0.57772547,0.99999994]]},"identifier":"61BB3DDD-C96C-6E82-3432-BD712CCBCB28"},"timestamp":1742638033.1180038},{"content":{"name":"Peppers","transform":{"columns":[[0.1707758,-0.0047497335,0.9852982,0],[-0.98515725,0.016765624,0.1708322,0],[-0.01733056,-0.999848,-0.001816052,0],[1.6172533,0.24354376,0.57772547,0.99999994]]},"identifier":"61BB3DDD-C96C-6E82-3432-BD712CCBCB28"},"label":"ARImageAnchor didUpdate","timestamp":1742638033.123578},{"label":"ARImageAnchor didAdd","timestamp":1742638035.1995249,"content":{"transform":{"columns":[[-0.16695394,-0.036906064,-0.9852736,0],[0.9857872,0.012703861,-0.1675168,0],[0.018699171,-0.9992378,0.034260586,0],[0.54986876,-0.60685194,-0.03651437,1]]},"name":"Lenna","identifier":"6BAD7D5D-D14A-EF93-1C8B-F6BEC80B8329"}},{"timestamp":1742638035.20804,"content":{"identifier":"6BAD7D5D-D14A-EF93-1C8B-F6BEC80B8329","name":"Lenna","transform":{"columns":[[-0.16695394,-0.036906064,-0.9852736,0],[0.9857872,0.012703861,-0.1675168,0],[0.018699171,-0.9992378,0.034260586,0],[0.54986876,-0.60685194,-0.03651437,1]]}},"label":"ARImageAnchor didUpdate"},{"timestamp":1742638038.390005,"label":"Bunny didUpdate (ARKit)","content":{"name":"bunny","identifier":"0AC9CB7A-3EEC-4C54-BCFA-E3B70A015793","transform":{"columns":[[0.9999945,0.0032647797,0.00040479327,0],[-0.0032397432,0.9986805,-0.05125074,0],[-0.00057158386,0.051249154,0.99868566,0],[0.16225988,-0.5109062,-0.14938872,0.99999994]]}}}]