[{"label":"Application launched","timestamp":1742636802.586364},{"timestamp":1742636802.586616,"label":"Initialize ARViewModel"},{"timestamp":1742636802.587513,"label":"Finished Initialize ARViewModel"},{"timestamp":1742636802.587525,"label":"Initialize RoomManager"},{"label":"Initialize BeaconManager","timestamp":1742636802.587529},{"label":"Fininshed Initialize BeaconManager","timestamp":1742636802.587542},{"label":"Fininshed Initialize RoomManager","timestamp":1742636802.5875459},{"timestamp":1742636802.5875502,"label":"Initialize CloudAnchorsManager"},{"timestamp":1742636802.587554,"label":"Fininshed Initialize CloudAnchorsManager"},{"timestamp":1742636802.587558,"label":"ContentView Initialize"},{"content":{"id":"3F39F93D-AB52-4382-80AA-E0ED5264C1F0","name":"Test Room"},"timestamp":1742636803.848123,"label":"Room Update"},{"timestamp":1742636803.848172,"content":{"name":"Test Room","id":"3F39F93D-AB52-4382-80AA-E0ED5264C1F0"},"label":"Pulling CloudAnchors Ids from Backend"},{"timestamp":1742636803.910653,"label":"Pulled CloudAnchors Ids from Backend","content":{"cloudAnchorsIds":["ua-eee15bae032a8930e41114ea906b4500"],"room":{"name":"Test Room","id":"3F39F93D-AB52-4382-80AA-E0ED5264C1F0"}}},{"label":"ARCore Update Bunny Anchor","timestamp":1742636808.621214,"content":{"identifier":"89312AD6-6203-466C-AC56-BA00BEE967A8","transform":{"columns":[[0.9989162,0.02063862,-0.04171806,0],[-0.02104735,0.99973446,-0.009382031,0],[0.041513346,0.010249917,0.99908537,0],[0.0654414,-0.582054,-0.358753,1]]}}},{"content":{"identifier":"62B31C08-9129-4E84-93B8-13D61B173468","transform":{"columns":[[0.9989162,0.02063862,-0.04171806,0],[-0.02104735,0.99973446,-0.009382031,0],[0.041513346,0.010249917,0.99908537,0],[0.0654414,-0.582054,-0.358753,1]]},"name":"bunny"},"label":"Bunny didAdd (ARKit)","timestamp":1742636808.644216},{"label":"ARImageAnchor didAdd","content":{"name":"Car","identifier":"FF85DBE1-76D3-E459-2D24-8EDCEE263300","transform":{"columns":[[0.98575544,0.008927044,-0.16794758,0],[0.16808374,-0.017691614,0.98561376,0],[0.0058273575,-0.9998035,-0.01894009,0],[-0.19960618,-0.6456802,-0.02552545,1]]}},"timestamp":1742636811.279571},{"label":"ARImageAnchor didUpdate","timestamp":1742636811.287425,"content":{"transform":{"columns":[[0.98575544,0.008927044,-0.16794758,0],[0.16808374,-0.017691614,0.98561376,0],[0.0058273575,-0.9998035,-0.01894009,0],[-0.19960618,-0.6456802,-0.02552545,1]]},"name":"Car","identifier":"FF85DBE1-76D3-E459-2D24-8EDCEE263300"}},{"label":"ARImageAnchor didAdd","timestamp":1742636814.443841,"content":{"transform":{"columns":[[0.97686476,0.00052508555,-0.21385707,0],[0.21385176,0.005046458,0.97685295,0],[0.0015921516,-0.99998707,0.0048174183,0],[-1.2783153,0.60049427,-0.36185563,0.99999994]]},"name":"Earth","identifier":"088EF783-5990-B052-BE99-B8AA15BA6C68"}},{"timestamp":1742636814.450306,"label":"ARImageAnchor didUpdate","content":{"name":"Earth","transform":{"columns":[[0.97686476,0.00052508555,-0.21385707,0],[0.21385176,0.005046458,0.97685295,0],[0.0015921516,-0.99998707,0.0048174183,0],[-1.2783153,0.60049427,-0.36185563,0.99999994]]},"identifier":"088EF783-5990-B052-BE99-B8AA15BA6C68"}},{"label":"ARImageAnchor didUpdate","content":{"name":"Earth","transform":{"columns":[[0.9749859,0.0008499958,-0.2222647,0],[0.2222582,0.004851759,0.9749757,0],[0.0019071017,-0.99998784,0.0045414786,0],[-1.2929688,0.60747695,-0.3635369,1]]},"identifier":"088EF783-5990-B052-BE99-B8AA15BA6C68"},"timestamp":1742636814.9688768},{"label":"ARImageAnchor didUpdate","content":{"transform":{"columns":[[0.9749859,0.0008499958,-0.2222647,0],[0.2222582,0.004851759,0.9749757,0],[0.0019071017,-0.99998784,0.0045414786,0],[-1.2929688,0.60747695,-0.3635369,1]]},"name":"Earth","identifier":"088EF783-5990-B052-BE99-B8AA15BA6C68"},"timestamp":1742636814.985502},{"timestamp":1742636817.603801,"label":"Bunny didUpdate (ARKit)","content":{"transform":{"columns":[[0.99926287,0.018086212,-0.033857346,0],[-0.018325752,0.9998091,-0.0067779976,0],[0.033728287,0.0073934626,0.9994036,0],[0.063988976,-0.5811451,-0.36293054,0.99999994]]},"name":"bunny","identifier":"62B31C08-9129-4E84-93B8-13D61B173468"}},{"label":"ARImageAnchor didAdd","timestamp":1742636819.195385,"content":{"identifier":"6BAD7D5D-D14A-EF93-1C8B-F6BEC80B8329","transform":{"columns":[[-0.17799756,-0.037660435,-0.98331,0],[0.983274,-0.045995668,-0.17622943,0],[-0.038591128,-0.9982314,0.04521763,0],[0.47118968,-0.6554897,-0.24419796,1]]},"name":"Lenna"}},{"content":{"name":"Lenna","identifier":"6BAD7D5D-D14A-EF93-1C8B-F6BEC80B8329","transform":{"columns":[[-0.17799756,-0.037660435,-0.98331,0],[0.983274,-0.045995668,-0.17622943,0],[-0.038591128,-0.9982314,0.04521763,0],[0.47118968,-0.6554897,-0.24419796,1]]}},"label":"ARImageAnchor didUpdate","timestamp":1742636819.202923},{"label":"ARImageAnchor didUpdate","timestamp":1742636819.718807,"content":{"transform":{"columns":[[-0.1834162,-0.03674235,-0.9823484,0],[0.9828355,-0.027005412,-0.182497,0],[-0.01982335,-0.9989598,0.041064896,0],[0.47429726,-0.6496991,-0.2406547,1]]},"identifier":"6BAD7D5D-D14A-EF93-1C8B-F6BEC80B8329","name":"Lenna"}},{"label":"ARImageAnchor didUpdate","content":{"name":"Lenna","identifier":"6BAD7D5D-D14A-EF93-1C8B-F6BEC80B8329","transform":{"columns":[[-0.1834162,-0.03674235,-0.9823484,0],[0.9828355,-0.027005412,-0.182497,0],[-0.01982335,-0.9989598,0.041064896,0],[0.47429726,-0.6496991,-0.2406547,1]]}},"timestamp":1742636819.734323},{"content":{"transform":{"columns":[[0.99925536,0.018266667,-0.03398195,0],[-0.018446892,0.99981743,-0.004997413,0],[0.033884462,0.0056205527,0.99940985,0],[0.064050876,-0.5812142,-0.3637556,1]]},"name":"bunny","identifier":"62B31C08-9129-4E84-93B8-13D61B173468"},"label":"Bunny didUpdate (ARKit)","timestamp":1742636822.612348},{"label":"ARImageAnchor didAdd","timestamp":1742636822.8766398,"content":{"transform":{"columns":[[0.97964984,0.0038021964,-0.20067805,0],[0.20061557,0.012772837,0.97958666,0],[0.0062878174,-0.99991107,0.011750129,0],[0.5069721,0.7756223,-0.74227893,1]]},"identifier":"C35EAC54-3E90-1B97-807B-5E3B8F238DB7","name":"Sailboat"}},{"label":"ARImageAnchor didUpdate","content":{"transform":{"columns":[[0.97964984,0.0038021964,-0.20067805,0],[0.20061557,0.012772837,0.97958666,0],[0.0062878174,-0.99991107,0.011750129,0],[0.5069721,0.7756223,-0.74227893,1]]},"name":"Sailboat","identifier":"C35EAC54-3E90-1B97-807B-5E3B8F238DB7"},"timestamp":1742636822.895578},{"timestamp":1742636823.412127,"label":"ARImageAnchor didUpdate","content":{"identifier":"C35EAC54-3E90-1B97-807B-5E3B8F238DB7","transform":{"columns":[[0.97533995,0.0018097316,-0.2207004,0],[0.22051136,0.034191553,0.9747849,0],[0.009310189,-0.99941355,0.03294933,0],[0.50765556,0.7810777,-0.7429553,1]]},"name":"Sailboat"}},{"timestamp":1742636823.417748,"label":"ARImageAnchor didUpdate","content":{"name":"Sailboat","identifier":"C35EAC54-3E90-1B97-807B-5E3B8F238DB7","transform":{"columns":[[0.97533995,0.0018097316,-0.2207004,0],[0.22051136,0.034191553,0.9747849,0],[0.009310189,-0.99941355,0.03294933,0],[0.50765556,0.7810777,-0.7429553,1]]}}},{"label":"ARImageAnchor didAdd","content":{"name":"Mandrill","identifier":"A19C2489-597B-2BED-432C-244B551E75FD","transform":{"columns":[[0.18004522,-0.018635985,0.98348176,0],[-0.98214155,0.052094627,0.180787,0],[-0.054603267,-0.9984682,-0.008923787,0],[1.3439031,0.8065657,-0.32910407,1]]}},"timestamp":1742636825.012559},{"timestamp":1742636825.019662,"content":{"transform":{"columns":[[0.18004522,-0.018635985,0.98348176,0],[-0.98214155,0.052094627,0.180787,0],[-0.054603267,-0.9984682,-0.008923787,0],[1.3439031,0.8065657,-0.32910407,1]]},"identifier":"A19C2489-597B-2BED-432C-244B551E75FD","name":"Mandrill"},"label":"ARImageAnchor didUpdate"},{"timestamp":1742636825.5453792,"content":{"identifier":"A19C2489-597B-2BED-432C-244B551E75FD","transform":{"columns":[[0.21031171,-0.011798381,0.97756326,0],[-0.97603005,0.054727063,0.21064238,0],[-0.055984404,-0.9984316,-5.831528e-06,0],[1.3321975,0.80752945,-0.33306736,1]]},"name":"Mandrill"},"label":"ARImageAnchor didUpdate"},{"timestamp":1742636825.553189,"label":"ARImageAnchor didUpdate","content":{"name":"Mandrill","identifier":"A19C2489-597B-2BED-432C-244B551E75FD","transform":{"columns":[[0.21031171,-0.011798381,0.97756326,0],[-0.97603005,0.054727063,0.21064238,0],[-0.055984404,-0.9984316,-5.831528e-06,0],[1.3321975,0.80752945,-0.33306736,1]]}}},{"timestamp":1742636827.1097379,"label":"ARImageAnchor didAdd","content":{"transform":{"columns":[[0.1966073,-0.0047080386,0.9804709,0],[-0.98044086,-0.010126302,0.19655265,0],[0.009003153,-0.99993753,-0.006606862,0],[1.5549213,0.18447222,0.37725037,0.99999994]]},"name":"Peppers","identifier":"61BB3DDD-C96C-6E82-3432-BD712CCBCB28"}},{"label":"ARImageAnchor didUpdate","content":{"identifier":"61BB3DDD-C96C-6E82-3432-BD712CCBCB28","transform":{"columns":[[0.1966073,-0.0047080386,0.9804709,0],[-0.98044086,-0.010126302,0.19655265,0],[0.009003153,-0.99993753,-0.006606862,0],[1.5549213,0.18447222,0.37725037,0.99999994]]},"name":"Peppers"},"timestamp":1742636827.12846},{"content":{"transform":{"columns":[[0.19882706,-0.005571797,0.98001873,0],[-0.9799751,0.009889318,0.19887438,0],[-0.010799809,-0.99993545,-0.0034939754,0],[1.5533794,0.18768819,0.36921078,1]]},"name":"Peppers","identifier":"61BB3DDD-C96C-6E82-3432-BD712CCBCB28"},"label":"ARImageAnchor didUpdate","timestamp":1742636827.6451669},{"timestamp":1742636827.6513991,"label":"ARImageAnchor didUpdate","content":{"transform":{"columns":[[0.19882706,-0.005571797,0.98001873,0],[-0.9799751,0.009889318,0.19887438,0],[-0.010799809,-0.99993545,-0.0034939754,0],[1.5533794,0.18768819,0.36921078,1]]},"name":"Peppers","identifier":"61BB3DDD-C96C-6E82-3432-BD712CCBCB28"}},{"content":{"name":"bunny","transform":{"columns":[[0.99925417,0.017808715,-0.034258947,0],[-0.017998403,0.9998245,-0.0052362946,0],[0.03415968,0.005848995,0.9993992,0],[0.063831635,-0.58104867,-0.36353645,1]]},"identifier":"62B31C08-9129-4E84-93B8-13D61B173468"},"timestamp":1742636831.802044,"label":"Bunny didUpdate (ARKit)"},{"timestamp":1742636832.302084,"label":"Bunny didUpdate (ARKit)","content":{"name":"bunny","identifier":"62B31C08-9129-4E84-93B8-13D61B173468","transform":{"columns":[[0.99925405,0.017681906,-0.034324728,0],[-0.017877264,0.9998259,-0.0053926096,0],[0.034223378,0.0060022185,0.9993961,0],[0.063772306,-0.58100253,-0.36343557,0.99999994]]}}}]