[{"label":"Application launched","timestamp":1742657414.9867449},{"timestamp":1742657414.987267,"label":"Initialize ARViewModel"},{"timestamp":1742657414.990504,"label":"Finished Initialize ARViewModel"},{"timestamp":1742657414.990559,"label":"Initialize RoomManager"},{"label":"Initialize BeaconManager","timestamp":1742657414.990573},{"label":"Fininshed Initialize BeaconManager","timestamp":1742657414.990619},{"timestamp":1742657414.9906359,"label":"Fininshed Initialize RoomManager"},{"label":"Initialize CloudAnchorsManager","timestamp":1742657414.990649},{"timestamp":1742657414.9906712,"label":"Fininshed Initialize CloudAnchorsManager"},{"timestamp":1742657414.990684,"label":"ContentView Initialize"},{"content":{"name":"Test Room","id":"3F39F93D-AB52-4382-80AA-E0ED5264C1F0"},"timestamp":1742657416.262522,"label":"Room Update"},{"content":{"id":"3F39F93D-AB52-4382-80AA-E0ED5264C1F0","name":"Test Room"},"timestamp":1742657416.262577,"label":"Pulling CloudAnchors Ids from Backend"},{"label":"Pulled CloudAnchors Ids from Backend","timestamp":1742657416.320535,"content":{"room":{"name":"Test Room","id":"3F39F93D-AB52-4382-80AA-E0ED5264C1F0"},"cloudAnchorsIds":["ua-eee15bae032a8930e41114ea906b4500"]}},{"timestamp":1742657492.948344,"label":"ARCore Update Bunny Anchor","content":{"identifier":"DBB119F2-F9A5-4FC8-908B-F67F212793E8","transform":{"columns":[[0.97249955,0.016405972,0.23232615,0],[-0.0152388625,0.99986064,-0.006817561,0],[-0.23240562,0.003089689,0.97261405,0],[-0.026257975,-0.6358493,-0.32075143,1]]}}},{"timestamp":1742657493.003758,"content":{"name":"bunny","transform":{"columns":[[0.97249955,0.016405972,0.23232615,0],[-0.0152388625,0.99986064,-0.006817561,0],[-0.23240562,0.003089689,0.97261405,0],[-0.026257975,-0.6358493,-0.32075143,1]]},"identifier":"2FB22E0E-0641-46EA-88B3-4C123772FB5A"},"label":"Bunny didAdd (ARKit)"},{"content":{"name":"bunny","transform":{"columns":[[0.9725071,0.016419794,0.23229344,0],[-0.015250594,0.9998602,-0.006828401,0],[-0.23237315,0.0030980557,0.9726218,0],[-0.026262075,-0.6358535,-0.32074344,1]]},"identifier":"2FB22E0E-0641-46EA-88B3-4C123772FB5A"},"label":"Bunny didUpdate (ARKit)","timestamp":1742657495.881711},{"label":"ARImageAnchor didAdd","content":{"identifier":"FF85DBE1-76D3-E459-2D24-8EDCEE263300","name":"Car","transform":{"columns":[[0.99257356,0.00884391,0.12132422,0],[-0.121328846,-1.6200103e-05,0.9926123,0],[0.008780544,-0.9999609,0.0010569614,0],[-0.37323678,-0.69976556,-0.08764592,1]]}},"timestamp":1742657496.5035481},{"label":"ARImageAnchor didUpdate","content":{"name":"Car","identifier":"FF85DBE1-76D3-E459-2D24-8EDCEE263300","transform":{"columns":[[0.99257356,0.00884391,0.12132422,0],[-0.121328846,-1.6200103e-05,0.9926123,0],[0.008780544,-0.9999609,0.0010569614,0],[-0.37323678,-0.69976556,-0.08764592,1]]}},"timestamp":1742657496.513568},{"timestamp":1742657500.236639,"label":"ARImageAnchor didAdd","content":{"name":"Earth","identifier":"088EF783-5990-B052-BE99-B8AA15BA6C68","transform":{"columns":[[0.9991775,-0.001937403,0.040502485,0],[-0.0405444,-0.033035267,0.9986315,0],[-0.0005967422,-0.9994523,-0.033086646,0],[-1.3173009,0.5485784,-0.7066536,1]]}}},{"content":{"identifier":"088EF783-5990-B052-BE99-B8AA15BA6C68","name":"Earth","transform":{"columns":[[0.9991775,-0.001937403,0.040502485,0],[-0.0405444,-0.033035267,0.9986315,0],[-0.0005967422,-0.9994523,-0.033086646,0],[-1.3173009,0.5485784,-0.7066536,1]]}},"timestamp":1742657500.244151,"label":"ARImageAnchor didUpdate"},{"content":{"transform":{"columns":[[0.9985364,-0.00089473114,0.054074936,0],[-0.0540797,-0.006650392,0.9985145,0],[-0.0005337797,-0.99997735,-0.006689044,0],[-1.3289618,0.55440253,-0.71252227,1.0000001]]},"identifier":"088EF783-5990-B052-BE99-B8AA15BA6C68","name":"Earth"},"timestamp":1742657500.744398,"label":"ARImageAnchor didUpdate"},{"label":"ARImageAnchor didUpdate","timestamp":1742657500.777808,"content":{"transform":{"columns":[[0.9985364,-0.00089473114,0.054074936,0],[-0.0540797,-0.006650392,0.9985145,0],[-0.0005337797,-0.99997735,-0.006689044,0],[-1.3289618,0.55440253,-0.71252227,1.0000001]]},"name":"Earth","identifier":"088EF783-5990-B052-BE99-B8AA15BA6C68"}},{"content":{"identifier":"2FB22E0E-0641-46EA-88B3-4C123772FB5A","transform":{"columns":[[0.9725367,0.016427774,0.23216888,0],[-0.015251724,0.9998599,-0.0068597263,0],[-0.23224913,0.0031303605,0.97265136,0],[-0.026218832,-0.63589925,-0.32083756,1]]},"name":"bunny"},"label":"Bunny didUpdate (ARKit)","timestamp":1742657504.4825668},{"label":"Bunny didUpdate (ARKit)","timestamp":1742657504.7816381,"content":{"identifier":"2FB22E0E-0641-46EA-88B3-4C123772FB5A","name":"bunny","transform":{"columns":[[0.9725359,0.0164398,0.23217092,0],[-0.015267243,0.9998597,-0.006846486,0],[-0.23225102,0.0031138465,0.972651,0],[-0.026213735,-0.63589877,-0.32084224,1]]}}},{"content":{"transform":{"columns":[[0.9725497,0.01646156,0.23211174,0],[-0.015281936,0.9998591,-0.0068794615,0],[-0.23219243,0.0031435038,0.97266495,0],[-0.026222974,-0.63590825,-0.32082394,1]]},"identifier":"2FB22E0E-0641-46EA-88B3-4C123772FB5A","name":"bunny"},"timestamp":1742657506.0788789,"label":"Bunny didUpdate (ARKit)"},{"label":"ARImageAnchor didAdd","content":{"identifier":"6BAD7D5D-D14A-EF93-1C8B-F6BEC80B8329","transform":{"columns":[[0.09647506,-0.03869153,-0.9945831,0],[0.9952743,-0.0073130787,0.09682663,0],[-0.011019837,-0.99922436,0.037803154,0],[0.33226007,-0.69687754,-0.08962524,0.99999994]]},"name":"Lenna"},"timestamp":1742657506.10285},{"content":{"transform":{"columns":[[0.09647506,-0.03869153,-0.9945831,0],[0.9952743,-0.0073130787,0.09682663,0],[-0.011019837,-0.99922436,0.037803154,0],[0.33226007,-0.69687754,-0.08962524,0.99999994]]},"name":"Lenna","identifier":"6BAD7D5D-D14A-EF93-1C8B-F6BEC80B8329"},"timestamp":1742657506.111933,"label":"ARImageAnchor didUpdate"},{"content":{"transform":{"columns":[[0.9961154,-0.003165251,0.08800146,0],[-0.088053115,-0.024902761,0.99580437,0],[-0.00096049596,-0.9996848,-0.025084734,0],[0.5083035,0.7190474,-0.56836796,1]]},"identifier":"C35EAC54-3E90-1B97-807B-5E3B8F238DB7","name":"Sailboat"},"timestamp":1742657509.3026981,"label":"ARImageAnchor didAdd"},{"timestamp":1742657509.312182,"label":"ARImageAnchor didUpdate","content":{"identifier":"C35EAC54-3E90-1B97-807B-5E3B8F238DB7","name":"Sailboat","transform":{"columns":[[0.9961154,-0.003165251,0.08800146,0],[-0.088053115,-0.024902761,0.99580437,0],[-0.00096049596,-0.9996848,-0.025084734,0],[0.5083035,0.7190474,-0.56836796,1]]}}},{"content":{"name":"Mandrill","identifier":"A19C2489-597B-2BED-432C-244B551E75FD","transform":{"columns":[[-0.08844023,-0.01610888,0.9959513,0],[-0.9949774,0.04849183,-0.08756947,0],[-0.046884853,-0.9986936,-0.0203166,0],[1.1805487,0.7493555,0.04575184,1]]}},"timestamp":1742657511.435792,"label":"ARImageAnchor didAdd"},{"content":{"name":"Mandrill","identifier":"A19C2489-597B-2BED-432C-244B551E75FD","transform":{"columns":[[-0.08844023,-0.01610888,0.9959513,0],[-0.9949774,0.04849183,-0.08756947,0],[-0.046884853,-0.9986936,-0.0203166,0],[1.1805487,0.7493555,0.04575184,1]]}},"label":"ARImageAnchor didUpdate","timestamp":1742657511.443917},{"content":{"transform":{"columns":[[-0.07473353,-0.0076791123,0.99717396,0],[-0.997132,-0.01139464,-0.07481815,0],[0.011936951,-0.9999056,-0.00680553,0],[1.2029572,0.13213724,0.78141683,1]]},"name":"Peppers","identifier":"61BB3DDD-C96C-6E82-3432-BD712CCBCB28"},"timestamp":1742657513.569121,"label":"ARImageAnchor didAdd"},{"timestamp":1742657513.5796108,"label":"ARImageAnchor didUpdate","content":{"identifier":"61BB3DDD-C96C-6E82-3432-BD712CCBCB28","transform":{"columns":[[-0.07473353,-0.0076791123,0.99717396,0],[-0.997132,-0.01139464,-0.07481815,0],[0.011936951,-0.9999056,-0.00680553,0],[1.2029572,0.13213724,0.78141683,1]]},"name":"Peppers"}},{"timestamp":1742657517.3493571,"label":"Bunny didUpdate (ARKit)","content":{"transform":{"columns":[[0.9725533,0.016411614,0.23209988,0],[-0.015229922,0.9998598,-0.006882405,0],[-0.23218046,0.0031586452,0.9726678,0],[-0.025940077,-0.63589156,-0.32022098,1.0000001]]},"name":"bunny","identifier":"2FB22E0E-0641-46EA-88B3-4C123772FB5A"}}]