[{"label":"Application launched","timestamp":1742655578.489857},{"timestamp":1742655578.490154,"label":"Initialize ARViewModel"},{"timestamp":1742655578.494801,"label":"Finished Initialize ARViewModel"},{"timestamp":1742655578.494852,"label":"Initialize RoomManager"},{"timestamp":1742655578.4948568,"label":"Initialize BeaconManager"},{"timestamp":1742655578.49487,"label":"Fininshed Initialize BeaconManager"},{"label":"Fininshed Initialize RoomManager","timestamp":1742655578.494876},{"timestamp":1742655578.49488,"label":"Initialize CloudAnchorsManager"},{"label":"Fininshed Initialize CloudAnchorsManager","timestamp":1742655578.494904},{"timestamp":1742655578.495002,"label":"ContentView Initialize"},{"label":"Room Update","timestamp":1742655579.859947,"content":{"id":"3F39F93D-AB52-4382-80AA-E0ED5264C1F0","name":"Test Room"}},{"timestamp":1742655579.860011,"label":"Pulling CloudAnchors Ids from Backend","content":{"id":"3F39F93D-AB52-4382-80AA-E0ED5264C1F0","name":"Test Room"}},{"timestamp":1742655579.9178529,"content":{"cloudAnchorsIds":["ua-eee15bae032a8930e41114ea906b4500"],"room":{"name":"Test Room","id":"3F39F93D-AB52-4382-80AA-E0ED5264C1F0"}},"label":"Pulled CloudAnchors Ids from Backend"},{"timestamp":1742655617.329735,"label":"ARCore Update Bunny Anchor","content":{"transform":{"columns":[[0.77460617,-0.0067310343,0.6324081,0],[0.016969169,0.99980456,-0.010143297,0],[-0.6322162,0.0185885,0.774569,0],[-0.1822236,-0.36691165,-0.49302673,1]]},"identifier":"0FE327AF-584B-491F-A83B-11978DCBFF0E"}},{"label":"Bunny didAdd (ARKit)","timestamp":1742655617.385476,"content":{"name":"bunny","identifier":"0A56E3BF-3C48-4EE4-8D1A-EBB10A1DD058","transform":{"columns":[[0.77460617,-0.0067310343,0.6324081,0],[0.016969169,0.99980456,-0.010143297,0],[-0.6322162,0.0185885,0.774569,0],[-0.1822236,-0.36691165,-0.49302673,1]]}}},{"timestamp":1742655620.651949,"label":"ARImageAnchor didAdd","content":{"name":"Car","identifier":"FF85DBE1-76D3-E459-2D24-8EDCEE263300","transform":{"columns":[[0.84962744,0.010039936,0.5272876,0],[-0.52717674,-0.011802089,0.8496736,0],[0.014753776,-0.99987984,-0.0047345636,0],[-0.60424227,-0.44578978,-0.42395666,0.99999994]]}}},{"timestamp":1742655620.662181,"content":{"transform":{"columns":[[0.84962744,0.010039936,0.5272876,0],[-0.52717674,-0.011802089,0.8496736,0],[0.014753776,-0.99987984,-0.0047345636,0],[-0.60424227,-0.44578978,-0.42395666,0.99999994]]},"name":"Car","identifier":"FF85DBE1-76D3-E459-2D24-8EDCEE263300"},"label":"ARImageAnchor didUpdate"},{"timestamp":1742655621.162245,"content":{"name":"Car","identifier":"FF85DBE1-76D3-E459-2D24-8EDCEE263300","transform":{"columns":[[0.84813434,0.010962453,0.5296675,0],[-0.529471,-0.016656432,0.8481644,0],[0.018120317,-0.99980104,-0.008322638,0],[-0.60231954,-0.44031885,-0.4224769,0.99999994]]}},"label":"ARImageAnchor didUpdate"},{"content":{"name":"Car","identifier":"FF85DBE1-76D3-E459-2D24-8EDCEE263300","transform":{"columns":[[0.84813434,0.010962453,0.5296675,0],[-0.529471,-0.016656432,0.8481644,0],[0.018120317,-0.99980104,-0.008322638,0],[-0.60231954,-0.44031885,-0.4224769,0.99999994]]}},"label":"ARImageAnchor didUpdate","timestamp":1742655621.195694},{"content":{"identifier":"088EF783-5990-B052-BE99-B8AA15BA6C68","transform":{"columns":[[0.86099213,-0.003091042,0.50860876,0],[-0.508508,-0.026042433,0.8606633,0],[0.010585061,-0.9996561,-0.023994146,0],[-1.2052671,0.8127016,-1.3963637,0.99999994]]},"name":"Earth"},"label":"ARImageAnchor didAdd","timestamp":1742655624.3850951},{"label":"ARImageAnchor didUpdate","timestamp":1742655624.392556,"content":{"transform":{"columns":[[0.86099213,-0.003091042,0.50860876,0],[-0.508508,-0.026042433,0.8606633,0],[0.010585061,-0.9996561,-0.023994146,0],[-1.2052671,0.8127016,-1.3963637,0.99999994]]},"identifier":"088EF783-5990-B052-BE99-B8AA15BA6C68","name":"Earth"}},{"content":{"transform":{"columns":[[0.7739088,-0.007054325,0.6332577,0],[0.017324872,0.9997995,-0.0100353435,0],[-0.63306004,0.018737553,0.77387583,0],[-0.18217883,-0.36691365,-0.49302548,0.99999994]]},"name":"bunny","identifier":"0A56E3BF-3C48-4EE4-8D1A-EBB10A1DD058"},"timestamp":1742655627.396994,"label":"Bunny didUpdate (ARKit)"},{"content":{"name":"bunny","identifier":"0A56E3BF-3C48-4EE4-8D1A-EBB10A1DD058","transform":{"columns":[[0.77393883,-0.007068938,0.6332207,0],[0.017356401,0.99979866,-0.010052224,0],[-0.63302225,0.018770238,0.7739058,0],[-0.1821891,-0.36691692,-0.49302524,0.99999994]]}},"timestamp":1742655627.797303,"label":"Bunny didUpdate (ARKit)"},{"content":{"name":"bunny","transform":{"columns":[[0.7739482,-0.007054233,0.6332093,0],[0.017356098,0.9997983,-0.010075512,0],[-0.6330107,0.018787973,0.7739147,0],[-0.18219024,-0.36691874,-0.4930216,0.99999994]]},"identifier":"0A56E3BF-3C48-4EE4-8D1A-EBB10A1DD058"},"timestamp":1742655628.096879,"label":"Bunny didUpdate (ARKit)"},{"timestamp":1742655628.862877,"label":"Bunny didUpdate (ARKit)","content":{"transform":{"columns":[[0.77393496,-0.0070067965,0.63322586,0],[0.017343871,0.99979776,-0.010134844,0],[-0.63302714,0.018826306,0.7739003,0],[-0.18218607,-0.36692268,-0.49300826,0.99999994]]},"identifier":"0A56E3BF-3C48-4EE4-8D1A-EBB10A1DD058","name":"bunny"}},{"label":"ARImageAnchor didAdd","content":{"name":"Lenna","identifier":"6BAD7D5D-D14A-EF93-1C8B-F6BEC80B8329","transform":{"columns":[[0.5167047,-0.03018843,-0.85563123,0],[0.85569143,-0.014979448,0.51726943,0],[-0.028432406,-0.99943185,0.01809204,0],[0.04143241,-0.44305882,-0.13036239,0.99999994]]}},"timestamp":1742655629.218103},{"timestamp":1742655629.227771,"label":"ARImageAnchor didUpdate","content":{"transform":{"columns":[[0.5167047,-0.03018843,-0.85563123,0],[0.85569143,-0.014979448,0.51726943,0],[-0.028432406,-0.99943185,0.01809204,0],[0.04143241,-0.44305882,-0.13036239,0.99999994]]},"name":"Lenna","identifier":"6BAD7D5D-D14A-EF93-1C8B-F6BEC80B8329"}},{"label":"Bunny didUpdate (ARKit)","content":{"name":"bunny","transform":{"columns":[[0.77394176,-0.006988413,0.6332175,0],[0.01732086,0.999798,-0.010136062,0],[-0.6330192,0.018812604,0.77390695,0],[-0.18218231,-0.36692134,-0.4930088,0.99999994]]},"identifier":"0A56E3BF-3C48-4EE4-8D1A-EBB10A1DD058"},"timestamp":1742655629.2596169},{"label":"ARImageAnchor didUpdate","content":{"transform":{"columns":[[0.52035266,-0.032217324,-0.8533435,0],[0.85312,-0.024471747,0.52114034,0],[-0.03767257,-0.99918115,0.014751291,0],[0.042938426,-0.43858007,-0.12408395,0.99999994]]},"identifier":"6BAD7D5D-D14A-EF93-1C8B-F6BEC80B8329","name":"Lenna"},"timestamp":1742655629.7274961},{"timestamp":1742655629.7611,"content":{"name":"Lenna","transform":{"columns":[[0.52035266,-0.032217324,-0.8533435,0],[0.85312,-0.024471747,0.52114034,0],[-0.03767257,-0.99918115,0.014751291,0],[0.042938426,-0.43858007,-0.12408395,0.99999994]]},"identifier":"6BAD7D5D-D14A-EF93-1C8B-F6BEC80B8329"},"label":"ARImageAnchor didUpdate"},{"content":{"name":"Sailboat","identifier":"C35EAC54-3E90-1B97-807B-5E3B8F238DB7","transform":{"columns":[[0.85251504,-0.0010222645,0.5227016,0],[-0.52257717,0.020238744,0.8523518,0],[-0.011450162,-0.9997946,0.016719637,0],[0.39851797,0.9699896,-0.48012733,1]]}},"label":"ARImageAnchor didAdd","timestamp":1742655631.91803},{"timestamp":1742655631.9269571,"content":{"name":"Sailboat","identifier":"C35EAC54-3E90-1B97-807B-5E3B8F238DB7","transform":{"columns":[[0.85251504,-0.0010222645,0.5227016,0],[-0.52257717,0.020238744,0.8523518,0],[-0.011450162,-0.9997946,0.016719637,0],[0.39851797,0.9699896,-0.48012733,1]]}},"label":"ARImageAnchor didUpdate"},{"content":{"identifier":"C35EAC54-3E90-1B97-807B-5E3B8F238DB7","transform":{"columns":[[0.87062275,0.0042889873,0.4919324,0],[-0.49192604,0.017684545,0.8704573,0],[-0.004966213,-0.99983436,0.017506426,0],[0.39571595,0.9885408,-0.4774788,0.9999999]]},"name":"Sailboat"},"label":"ARImageAnchor didUpdate","timestamp":1742655632.426643},{"timestamp":1742655632.460352,"label":"ARImageAnchor didUpdate","content":{"name":"Sailboat","identifier":"C35EAC54-3E90-1B97-807B-5E3B8F238DB7","transform":{"columns":[[0.87062275,0.0042889873,0.4919324,0],[-0.49192604,0.017684545,0.8704573,0],[-0.004966213,-0.99983436,0.017506426,0],[0.39571595,0.9885408,-0.4774788,0.9999999]]}}},{"timestamp":1742655634.5844932,"content":{"identifier":"A19C2489-597B-2BED-432C-244B551E75FD","transform":{"columns":[[-0.4931205,-0.0124123795,0.8698724,0],[-0.86907405,0.052164275,-0.4919237,0],[-0.039270323,-0.99856126,-0.036510564,0],[0.7470174,1.0203428,0.36139014,0.99999994]]},"name":"Mandrill"},"label":"ARImageAnchor didAdd"},{"label":"ARImageAnchor didUpdate","content":{"identifier":"A19C2489-597B-2BED-432C-244B551E75FD","transform":{"columns":[[-0.4931205,-0.0124123795,0.8698724,0],[-0.86907405,0.052164275,-0.4919237,0],[-0.039270323,-0.99856126,-0.036510564,0],[0.7470174,1.0203428,0.36139014,0.99999994]]},"name":"Mandrill"},"timestamp":1742655634.5941582},{"timestamp":1742655636.7176719,"label":"ARImageAnchor didAdd","content":{"name":"Peppers","transform":{"columns":[[-0.51438737,-0.0030396401,0.85755265,0],[-0.8574932,-0.010465082,-0.51438874,0],[0.0105379,-0.9999405,0.0027766277,0],[0.43754864,0.39777023,1.0411507,0.99999994]]},"identifier":"61BB3DDD-C96C-6E82-3432-BD712CCBCB28"}},{"timestamp":1742655636.726268,"label":"ARImageAnchor didUpdate","content":{"identifier":"61BB3DDD-C96C-6E82-3432-BD712CCBCB28","transform":{"columns":[[-0.51438737,-0.0030396401,0.85755265,0],[-0.8574932,-0.010465082,-0.51438874,0],[0.0105379,-0.9999405,0.0027766277,0],[0.43754864,0.39777023,1.0411507,0.99999994]]},"name":"Peppers"}},{"content":{"identifier":"61BB3DDD-C96C-6E82-3432-BD712CCBCB28","transform":{"columns":[[-0.49210516,-0.001291842,0.8705347,0],[-0.8703255,0.022704333,-0.49195316,0],[-0.019129388,-0.99974126,-0.012297244,0],[0.44278216,0.40771788,1.0317546,0.99999994]]},"name":"Peppers"},"timestamp":1742655637.223895,"label":"ARImageAnchor didUpdate"},{"timestamp":1742655637.2616181,"label":"ARImageAnchor didUpdate","content":{"name":"Peppers","transform":{"columns":[[-0.49210516,-0.001291842,0.8705347,0],[-0.8703255,0.022704333,-0.49195316,0],[-0.019129388,-0.99974126,-0.012297244,0],[0.44278216,0.40771788,1.0317546,0.99999994]]},"identifier":"61BB3DDD-C96C-6E82-3432-BD712CCBCB28"}},{"content":{"identifier":"0A56E3BF-3C48-4EE4-8D1A-EBB10A1DD058","name":"bunny","transform":{"columns":[[0.7738514,-0.00698132,0.6333278,0],[0.017408444,0.99979514,-0.010250074,0],[-0.63312703,0.018957298,0.77381504,0],[-0.18218838,-0.36693603,-0.49297643,0.99999994]]}},"label":"Bunny didUpdate (ARKit)","timestamp":1742655644.294519},{"timestamp":1742655644.693732,"label":"Bunny didUpdate (ARKit)","content":{"identifier":"0A56E3BF-3C48-4EE4-8D1A-EBB10A1DD058","transform":{"columns":[[0.77384037,-0.0070132986,0.6333407,0],[0.017424745,0.999795,-0.0102189975,0],[-0.6331399,0.01894369,0.7738046,0],[-0.18219024,-0.3669346,-0.4929815,0.99999994]]},"name":"bunny"}}]