[{"label":"Application launched","timestamp":1742642327.061863},{"timestamp":1742642327.062129,"label":"Initialize ARViewModel"},{"label":"Finished Initialize ARViewModel","timestamp":1742642327.065314},{"label":"Initialize RoomManager","timestamp":1742642327.065384},{"timestamp":1742642327.065397,"label":"Initialize BeaconManager"},{"label":"Fininshed Initialize BeaconManager","timestamp":1742642327.06551},{"timestamp":1742642327.0655289,"label":"Fininshed Initialize RoomManager"},{"timestamp":1742642327.065542,"label":"Initialize CloudAnchorsManager"},{"label":"Fininshed Initialize CloudAnchorsManager","timestamp":1742642327.065555},{"label":"ContentView Initialize","timestamp":1742642327.065568},{"timestamp":1742642328.2990232,"content":{"id":"3F39F93D-AB52-4382-80AA-E0ED5264C1F0","name":"Test Room"},"label":"Room Update"},{"timestamp":1742642328.299067,"content":{"id":"3F39F93D-AB52-4382-80AA-E0ED5264C1F0","name":"Test Room"},"label":"Pulling CloudAnchors Ids from Backend"},{"timestamp":1742642328.355513,"content":{"room":{"name":"Test Room","id":"3F39F93D-AB52-4382-80AA-E0ED5264C1F0"},"cloudAnchorsIds":["ua-eee15bae032a8930e41114ea906b4500"]},"label":"Pulled CloudAnchors Ids from Backend"},{"content":{"identifier":"36098946-1E1A-4742-AB6E-81E6DAFC04AB","transform":{"columns":[[0.9383117,-0.030421117,0.34444994,0],[0.031628124,0.9994975,0.0021158094,0],[-0.34434122,0.008909017,0.9388023,0],[-0.28950727,-0.42211157,-0.27402353,1]]}},"timestamp":1742642340.497683,"label":"ARCore Update Bunny Anchor"},{"timestamp":1742642340.51893,"content":{"transform":{"columns":[[0.9383117,-0.030421117,0.34444994,0],[0.031628124,0.9994975,0.0021158094,0],[-0.34434122,0.008909017,0.9388023,0],[-0.28950727,-0.42211157,-0.27402353,1]]},"name":"bunny","identifier":"02771928-2C05-440D-9485-CECBA590BB3E"},"label":"Bunny didAdd (ARKit)"},{"timestamp":1742642343.502114,"label":"ARImageAnchor didAdd","content":{"name":"Car","identifier":"FF85DBE1-76D3-E459-2D24-8EDCEE263300","transform":{"columns":[[0.97438973,0.014019678,0.22442798,0],[-0.2245523,0.008011127,0.97442913,0],[0.011863268,-0.99986947,0.010954099,0],[-0.6663484,-0.49310434,-0.06585045,0.99999994]]}}},{"label":"ARImageAnchor didUpdate","timestamp":1742642343.513918,"content":{"transform":{"columns":[[0.97438973,0.014019678,0.22442798,0],[-0.2245523,0.008011127,0.97442913,0],[0.011863268,-0.99986947,0.010954099,0],[-0.6663484,-0.49310434,-0.06585045,0.99999994]]},"identifier":"FF85DBE1-76D3-E459-2D24-8EDCEE263300","name":"Car"}},{"timestamp":1742642346.153757,"label":"ARImageAnchor didAdd","content":{"identifier":"088EF783-5990-B052-BE99-B8AA15BA6C68","transform":{"columns":[[0.9866469,-0.000984401,0.16287167,0],[-0.16286395,-0.017463075,0.98649406,0],[0.0018731359,-0.999847,-0.017390208,0],[-1.5546409,0.7693669,-0.7795466,1.0000001]]},"name":"Earth"}},{"label":"ARImageAnchor didUpdate","timestamp":1742642346.15936,"content":{"transform":{"columns":[[0.9866469,-0.000984401,0.16287167,0],[-0.16286395,-0.017463075,0.98649406,0],[0.0018731359,-0.999847,-0.017390208,0],[-1.5546409,0.7693669,-0.7795466,1.0000001]]},"name":"Earth","identifier":"088EF783-5990-B052-BE99-B8AA15BA6C68"}},{"label":"ARImageAnchor didAdd","timestamp":1742642349.335135,"content":{"identifier":"C35EAC54-3E90-1B97-807B-5E3B8F238DB7","name":"Sailboat","transform":{"columns":[[0.9863902,0.011066037,0.16404721,0],[-0.16423519,0.019005831,0.98623794,0],[0.0077958927,-0.99975795,0.02056462,0],[0.27487442,0.96661055,-0.45627385,0.9999999]]}}},{"content":{"name":"Sailboat","identifier":"C35EAC54-3E90-1B97-807B-5E3B8F238DB7","transform":{"columns":[[0.9863902,0.011066037,0.16404721,0],[-0.16423519,0.019005831,0.98623794,0],[0.0077958927,-0.99975795,0.02056462,0],[0.27487442,0.96661055,-0.45627385,0.9999999]]}},"label":"ARImageAnchor didUpdate","timestamp":1742642349.353496},{"label":"ARImageAnchor didAdd","content":{"identifier":"6BAD7D5D-D14A-EF93-1C8B-F6BEC80B8329","name":"Lenna","transform":{"columns":[[0.19248617,-0.03179389,-0.98078436,0],[0.9811284,-0.012437304,0.19295686,0],[-0.018333167,-0.999417,0.028799875,0],[0.03490427,-0.48539364,-0.012215808,1]]}},"timestamp":1742642351.4682221},{"label":"ARImageAnchor didUpdate","content":{"identifier":"6BAD7D5D-D14A-EF93-1C8B-F6BEC80B8329","name":"Lenna","transform":{"columns":[[0.19248617,-0.03179389,-0.98078436,0],[0.9811284,-0.012437304,0.19295686,0],[-0.018333167,-0.999417,0.028799875,0],[0.03490427,-0.48539364,-0.012215808,1]]}},"timestamp":1742642351.477336},{"timestamp":1742642351.993459,"label":"ARImageAnchor didUpdate","content":{"name":"Lenna","transform":{"columns":[[0.20402001,-0.03074367,-0.9784838,0],[0.9787054,-0.016685659,0.20459048,0],[-0.022616552,-0.9993879,0.026684774,0],[0.03833498,-0.47346646,-0.0119270235,0.99999994]]},"identifier":"6BAD7D5D-D14A-EF93-1C8B-F6BEC80B8329"}},{"label":"ARImageAnchor didUpdate","content":{"name":"Lenna","identifier":"6BAD7D5D-D14A-EF93-1C8B-F6BEC80B8329","transform":{"columns":[[0.20402001,-0.03074367,-0.9784838,0],[0.9787054,-0.016685659,0.20459048,0],[-0.022616552,-0.9993879,0.026684774,0],[0.03833498,-0.47346646,-0.0119270235,0.99999994]]}},"timestamp":1742642352.020224},{"timestamp":1742642353.986611,"label":"Bunny didUpdate (ARKit)","content":{"identifier":"02771928-2C05-440D-9485-CECBA590BB3E","name":"bunny","transform":{"columns":[[0.9370218,-0.030489504,0.34793755,0],[0.031867225,0.9994905,0.0017637901,0],[-0.34781408,0.009435096,0.9375161,0],[-0.28956932,-0.42215022,-0.27332518,1]]}}},{"timestamp":1742642354.618042,"content":{"identifier":"A19C2489-597B-2BED-432C-244B551E75FD","name":"Mandrill","transform":{"columns":[[-0.18648742,-0.011931019,0.98238486,0],[-0.9812775,0.05124952,-0.18565477,0],[-0.0481317,-0.9986146,-0.021265022,0],[0.884148,0.9572395,0.22102474,1.0000001]]}},"label":"ARImageAnchor didAdd"},{"timestamp":1742642354.636376,"label":"ARImageAnchor didUpdate","content":{"transform":{"columns":[[-0.18648742,-0.011931019,0.98238486,0],[-0.9812775,0.05124952,-0.18565477,0],[-0.0481317,-0.9986146,-0.021265022,0],[0.884148,0.9572395,0.22102474,1.0000001]]},"name":"Mandrill","identifier":"A19C2489-597B-2BED-432C-244B551E75FD"}},{"timestamp":1742642356.68465,"label":"ARImageAnchor didAdd","content":{"identifier":"61BB3DDD-C96C-6E82-3432-BD712CCBCB28","name":"Peppers","transform":{"columns":[[-0.17946401,-0.004660466,0.98375344,0],[-0.9837643,0.0001707134,-0.17946513,0],[0.0006684294,-0.9999891,-0.004615448,0],[0.82691634,0.3486887,0.95767814,1]]}}},{"content":{"transform":{"columns":[[-0.17946401,-0.004660466,0.98375344,0],[-0.9837643,0.0001707134,-0.17946513,0],[0.0006684294,-0.9999891,-0.004615448,0],[0.82691634,0.3486887,0.95767814,1]]},"identifier":"61BB3DDD-C96C-6E82-3432-BD712CCBCB28","name":"Peppers"},"label":"ARImageAnchor didUpdate","timestamp":1742642356.693672},{"content":{"identifier":"C35EAC54-3E90-1B97-807B-5E3B8F238DB7","transform":{"columns":[[0.9766881,0.005393873,0.21459587,0],[-0.21462044,0.004473093,0.9766874,0],[0.0043082195,-0.9999755,0.005526435,0],[0.25961202,0.9653084,-0.45856702,1]]},"name":"Sailboat"},"timestamp":1742642361.468697,"label":"ARImageAnchor didUpdate"},{"timestamp":1742642361.475946,"label":"ARImageAnchor didUpdate","content":{"name":"Sailboat","identifier":"C35EAC54-3E90-1B97-807B-5E3B8F238DB7","transform":{"columns":[[0.9766881,0.005393873,0.21459587,0],[-0.21462044,0.004473093,0.9766874,0],[0.0043082195,-0.9999755,0.005526435,0],[0.25961202,0.9653084,-0.45856702,1]]}}},{"label":"Bunny didUpdate (ARKit)","timestamp":1742642362.175943,"content":{"name":"bunny","identifier":"02771928-2C05-440D-9485-CECBA590BB3E","transform":{"columns":[[0.936838,-0.030443652,0.3484365,0],[0.031812895,0.9994921,0.001792765,0],[-0.34831417,0.009405245,0.9373307,0],[-0.28954118,-0.42214286,-0.2732582,1]]}}},{"label":"ARImageAnchor didUpdate","timestamp":1742642363.5606132,"content":{"identifier":"6BAD7D5D-D14A-EF93-1C8B-F6BEC80B8329","name":"Lenna","transform":{"columns":[[0.192279,-0.03348215,-0.9807689,0],[0.9812219,-0.00896074,0.19267371,0],[-0.0152395265,-0.99939907,0.031130448,0],[0.045094907,-0.47293213,-0.03459107,1]]}}},{"label":"ARImageAnchor didUpdate","content":{"name":"Lenna","identifier":"6BAD7D5D-D14A-EF93-1C8B-F6BEC80B8329","transform":{"columns":[[0.192279,-0.03348215,-0.9807689,0],[0.9812219,-0.00896074,0.19267371,0],[-0.0152395265,-0.99939907,0.031130448,0],[0.045094907,-0.47293213,-0.03459107,1]]}},"timestamp":1742642363.5764298},{"label":"Bunny didUpdate (ARKit)","content":{"identifier":"02771928-2C05-440D-9485-CECBA590BB3E","transform":{"columns":[[0.9368139,-0.030563666,0.3484907,0],[0.031906553,0.9994888,0.0018868283,0],[-0.34837028,0.009351531,0.93731034,0],[-0.2895798,-0.42215487,-0.27328962,0.9999999]]},"name":"bunny"},"timestamp":1742642366.186514}]