[{"label":"Application launched","timestamp":1742636961.8862891},{"timestamp":1742636961.8864388,"label":"Initialize ARViewModel"},{"timestamp":1742636961.8875961,"label":"Finished Initialize ARViewModel"},{"timestamp":1742636961.887607,"label":"Initialize RoomManager"},{"timestamp":1742636961.887611,"label":"Initialize BeaconManager"},{"label":"Fininshed Initialize BeaconManager","timestamp":1742636961.8876219},{"timestamp":1742636961.8876271,"label":"Fininshed Initialize RoomManager"},{"label":"Initialize CloudAnchorsManager","timestamp":1742636961.88763},{"timestamp":1742636961.887634,"label":"Fininshed Initialize CloudAnchorsManager"},{"label":"ContentView Initialize","timestamp":1742636961.887638},{"label":"Room Update","content":{"name":"Test Room","id":"3F39F93D-AB52-4382-80AA-E0ED5264C1F0"},"timestamp":1742636963.1785321},{"content":{"name":"Test Room","id":"3F39F93D-AB52-4382-80AA-E0ED5264C1F0"},"timestamp":1742636963.178566,"label":"Pulling CloudAnchors Ids from Backend"},{"timestamp":1742636963.2531118,"content":{"cloudAnchorsIds":["ua-eee15bae032a8930e41114ea906b4500"],"room":{"id":"3F39F93D-AB52-4382-80AA-E0ED5264C1F0","name":"Test Room"}},"label":"Pulled CloudAnchors Ids from Backend"},{"label":"ARCore Update Bunny Anchor","timestamp":1742636977.7767901,"content":{"identifier":"203CA5D7-F4B0-4AF1-B48F-7ED230E0F111","transform":{"columns":[[0.98318446,-0.007816376,0.18244801,0],[0.008424453,0.99996126,-0.0025580912,0],[-0.18242094,0.0040521002,0.9832122,0],[0.13164654,-0.61835504,-0.57823837,1]]}}},{"label":"Bunny didAdd (ARKit)","timestamp":1742636977.800187,"content":{"transform":{"columns":[[0.98318446,-0.007816376,0.18244801,0],[0.008424453,0.99996126,-0.0025580912,0],[-0.18242094,0.0040521002,0.9832122,0],[0.13164654,-0.61835504,-0.57823837,1]]},"identifier":"9FC0FCDF-02EF-4C92-8F11-0433261B3CA6","name":"bunny"}},{"label":"ARImageAnchor didAdd","timestamp":1742636979.933327,"content":{"transform":{"columns":[[0.9987423,0.0066631995,0.04968992,0],[-0.049684953,-0.0009170432,0.99876434,0],[0.0067005423,-0.9999774,-0.0005848212,0],[-0.1898936,-0.6791685,-0.3105702,0.9999999]]},"name":"Car","identifier":"FF85DBE1-76D3-E459-2D24-8EDCEE263300"}},{"content":{"transform":{"columns":[[0.9987423,0.0066631995,0.04968992,0],[-0.049684953,-0.0009170432,0.99876434,0],[0.0067005423,-0.9999774,-0.0005848212,0],[-0.1898936,-0.6791685,-0.3105702,0.9999999]]},"name":"Car","identifier":"FF85DBE1-76D3-E459-2D24-8EDCEE263300"},"label":"ARImageAnchor didUpdate","timestamp":1742636979.94389},{"content":{"transform":{"columns":[[0.99998707,-0.00115286,0.0049123364,0],[-0.0049196766,-0.0064367778,0.99996704,0],[-0.0011212041,-0.9999786,-0.006442373,0],[-1.1847981,0.575761,-0.8723879,0.9999999]]},"name":"Earth","identifier":"088EF783-5990-B052-BE99-B8AA15BA6C68"},"timestamp":1742636983.066585,"label":"ARImageAnchor didAdd"},{"content":{"name":"Earth","transform":{"columns":[[0.99998707,-0.00115286,0.0049123364,0],[-0.0049196766,-0.0064367778,0.99996704,0],[-0.0011212041,-0.9999786,-0.006442373,0],[-1.1847981,0.575761,-0.8723879,0.9999999]]},"identifier":"088EF783-5990-B052-BE99-B8AA15BA6C68"},"label":"ARImageAnchor didUpdate","timestamp":1742636983.0748591},{"label":"ARImageAnchor didUpdate","timestamp":1742636984.108094,"content":{"identifier":"088EF783-5990-B052-BE99-B8AA15BA6C68","name":"Earth","transform":{"columns":[[0.99934703,-0.0006331583,-0.036123324,0],[0.03611734,0.042773742,0.9984316,0],[0.0009129695,-0.9990845,0.042768694,0],[-1.188668,0.5812182,-0.8724402,0.99999994]]}}},{"timestamp":1742636984.124572,"label":"ARImageAnchor didUpdate","content":{"transform":{"columns":[[0.99934703,-0.0006331583,-0.036123324,0],[0.03611734,0.042773742,0.9984316,0],[0.0009129695,-0.9990845,0.042768694,0],[-1.188668,0.5812182,-0.8724402,0.99999994]]},"name":"Earth","identifier":"088EF783-5990-B052-BE99-B8AA15BA6C68"}},{"label":"ARImageAnchor didAdd","content":{"identifier":"6BAD7D5D-D14A-EF93-1C8B-F6BEC80B8329","transform":{"columns":[[0.061242945,-0.033019606,-0.9975765,0],[0.9962157,-0.059731364,0.06313649,0],[-0.061671335,-0.9976682,0.029236525,0],[0.5120014,-0.6796632,-0.36062932,0.99999994]]},"name":"Lenna"},"timestamp":1742636988.832862},{"label":"ARImageAnchor didUpdate","timestamp":1742636988.839977,"content":{"transform":{"columns":[[0.061242945,-0.033019606,-0.9975765,0],[0.9962157,-0.059731364,0.06313649,0],[-0.061671335,-0.9976682,0.029236525,0],[0.5120014,-0.6796632,-0.36062932,0.99999994]]},"identifier":"6BAD7D5D-D14A-EF93-1C8B-F6BEC80B8329","name":"Lenna"}},{"content":{"identifier":"203CA5D7-F4B0-4AF1-B48F-7ED230E0F111","transform":{"columns":[[0.9833753,0.00793601,0.18141115,0],[-0.00850986,0.99996096,0.0023851108,0],[-0.18138513,-0.0038892427,0.98340446,0],[0.1322256,-0.6191478,-0.57556534,1]]}},"label":"ARCore Update Bunny Anchor","timestamp":1742636990.709464},{"timestamp":1742636990.732729,"label":"Bunny didAdd (ARKit)","content":{"identifier":"30935035-8974-4115-B1C4-6EE9D698CAE8","transform":{"columns":[[0.9833753,0.00793601,0.18141115,0],[-0.00850986,0.99996096,0.0023851108,0],[-0.18138513,-0.0038892427,0.98340446,0],[0.1322256,-0.6191478,-0.57556534,1]]},"name":"bunny"}},{"label":"Bunny didUpdate (ARKit)","content":{"identifier":"30935035-8974-4115-B1C4-6EE9D698CAE8","transform":{"columns":[[0.9833758,0.0080056945,0.18140538,0],[-0.008556256,0.9999608,0.0022526046,0],[-0.18138021,-0.003767308,0.9834057,0],[0.13224787,-0.61916125,-0.57550013,0.99999994]]},"name":"bunny"},"timestamp":1742636991.008182},{"label":"Bunny didUpdate (ARKit)","timestamp":1742636991.707378,"content":{"transform":{"columns":[[0.9833731,0.008003889,0.18141933,0],[-0.008547254,0.9999608,0.0022134574,0],[-0.18139449,-0.0037272924,0.983403,0],[0.13224424,-0.6191621,-0.5754832,0.99999994]]},"name":"bunny","identifier":"30935035-8974-4115-B1C4-6EE9D698CAE8"}},{"label":"ARImageAnchor didAdd","content":{"identifier":"C35EAC54-3E90-1B97-807B-5E3B8F238DB7","transform":{"columns":[[0.9998237,0.003701505,0.01840068,0],[-0.01834654,-0.014165226,0.9997312,0],[0.0039611603,-0.9998928,-0.014094824,0],[0.65575284,0.7422557,-0.83101785,0.99999994]]},"name":"Sailboat"},"timestamp":1742636991.982603},{"label":"ARImageAnchor didUpdate","timestamp":1742636991.991317,"content":{"identifier":"C35EAC54-3E90-1B97-807B-5E3B8F238DB7","transform":{"columns":[[0.9998237,0.003701505,0.01840068,0],[-0.01834654,-0.014165226,0.9997312,0],[0.0039611603,-0.9998928,-0.014094824,0],[0.65575284,0.7422557,-0.83101785,0.99999994]]},"name":"Sailboat"}},{"content":{"name":"Mandrill","identifier":"A19C2489-597B-2BED-432C-244B551E75FD","transform":{"columns":[[-0.022735214,-0.013990802,0.99964345,0],[-0.9990623,0.037165504,-0.022201827,0],[-0.036841635,-0.99921113,-0.014822649,0],[1.3665265,0.7703129,-0.26384172,0.9999999]]}},"timestamp":1742636994.099056,"label":"ARImageAnchor didAdd"},{"content":{"transform":{"columns":[[-0.022735214,-0.013990802,0.99964345,0],[-0.9990623,0.037165504,-0.022201827,0],[-0.036841635,-0.99921113,-0.014822649,0],[1.3665265,0.7703129,-0.26384172,0.9999999]]},"name":"Mandrill","identifier":"A19C2489-597B-2BED-432C-244B551E75FD"},"timestamp":1742636994.1084352,"label":"ARImageAnchor didUpdate"},{"label":"ARImageAnchor didAdd","content":{"name":"Peppers","transform":{"columns":[[-0.012766238,-0.005659357,0.99990237,0],[-0.9998846,0.008287552,-0.012719095,0],[-0.00821476,-0.9999496,-0.0057645054,0],[1.4253546,0.1531145,0.47356227,0.99999994]]},"identifier":"61BB3DDD-C96C-6E82-3432-BD712CCBCB28"},"timestamp":1742636996.2006989},{"timestamp":1742636996.20803,"label":"ARImageAnchor didUpdate","content":{"identifier":"61BB3DDD-C96C-6E82-3432-BD712CCBCB28","transform":{"columns":[[-0.012766238,-0.005659357,0.99990237,0],[-0.9998846,0.008287552,-0.012719095,0],[-0.00821476,-0.9999496,-0.0057645054,0],[1.4253546,0.1531145,0.47356227,0.99999994]]},"name":"Peppers"}},{"timestamp":1742637003.041528,"label":"ARImageAnchor didUpdate","content":{"identifier":"61BB3DDD-C96C-6E82-3432-BD712CCBCB28","name":"Peppers","transform":{"columns":[[-0.018959668,-0.012281295,0.99974465,0],[-0.99966925,-0.01713864,-0.019168736,0],[0.017369686,-0.99977756,-0.011952274,0],[1.4336594,0.14656374,0.47870988,0.99999994]]}}},{"label":"ARImageAnchor didUpdate","content":{"name":"Peppers","identifier":"61BB3DDD-C96C-6E82-3432-BD712CCBCB28","transform":{"columns":[[-0.018959668,-0.012281295,0.99974465,0],[-0.99966925,-0.01713864,-0.019168736,0],[0.017369686,-0.99977756,-0.011952274,0],[1.4336594,0.14656374,0.47870988,0.99999994]]}},"timestamp":1742637003.0670872}]