[{"timestamp":1742643978.318162,"label":"Application launched"},{"label":"Initialize ARViewModel","timestamp":1742643978.318249},{"timestamp":1742643978.319092,"label":"Finished Initialize ARViewModel"},{"timestamp":1742643978.319104,"label":"Initialize RoomManager"},{"label":"Initialize BeaconManager","timestamp":1742643978.319108},{"timestamp":1742643978.31912,"label":"Fininshed Initialize BeaconManager"},{"label":"Fininshed Initialize RoomManager","timestamp":1742643978.3191252},{"label":"Initialize CloudAnchorsManager","timestamp":1742643978.319129},{"label":"Fininshed Initialize CloudAnchorsManager","timestamp":1742643978.3191319},{"label":"ContentView Initialize","timestamp":1742643978.3191361},{"timestamp":1742643979.673203,"label":"Room Update","content":{"name":"Test Room","id":"3F39F93D-AB52-4382-80AA-E0ED5264C1F0"}},{"content":{"name":"Test Room","id":"3F39F93D-AB52-4382-80AA-E0ED5264C1F0"},"timestamp":1742643979.673242,"label":"Pulling CloudAnchors Ids from Backend"},{"content":{"room":{"name":"Test Room","id":"3F39F93D-AB52-4382-80AA-E0ED5264C1F0"},"cloudAnchorsIds":["ua-eee15bae032a8930e41114ea906b4500"]},"timestamp":1742643979.752464,"label":"Pulled CloudAnchors Ids from Backend"},{"timestamp":1742644011.851577,"label":"ARCore Update Bunny Anchor","content":{"transform":{"columns":[[0.98488796,0.005091454,-0.17311777,0],[-0.0075185355,0.9998824,-0.013366971,0],[0.17302935,0.01446656,0.9848104,0],[0.16062512,-0.52232105,-0.1466755,1]]},"identifier":"54A8CD2B-7C78-4FB6-BBC5-764170F6A97F"}},{"content":{"transform":{"columns":[[0.98488796,0.005091454,-0.17311777,0],[-0.0075185355,0.9998824,-0.013366971,0],[0.17302935,0.01446656,0.9848104,0],[0.16062512,-0.52232105,-0.1466755,1]]},"name":"bunny","identifier":"1D54A193-FEB5-49D3-AD24-F64CD2C4BD90"},"timestamp":1742644011.907301,"label":"Bunny didAdd (ARKit)"},{"label":"ARImageAnchor didAdd","content":{"name":"Car","transform":{"columns":[[0.9611424,0.011615099,-0.2758078,0],[0.27591878,-0.009352298,0.96113527,0],[0.008584259,-0.9998887,-0.012193692,0],[-0.067603074,-0.58946806,0.2136988,1]]},"identifier":"FF85DBE1-76D3-E459-2D24-8EDCEE263300"},"timestamp":1742644015.140473},{"timestamp":1742644015.150456,"label":"ARImageAnchor didUpdate","content":{"transform":{"columns":[[0.9611424,0.011615099,-0.2758078,0],[0.27591878,-0.009352298,0.96113527,0],[0.008584259,-0.9998887,-0.012193692,0],[-0.067603074,-0.58946806,0.2136988,1]]},"name":"Car","identifier":"FF85DBE1-76D3-E459-2D24-8EDCEE263300"}},{"label":"ARImageAnchor didAdd","timestamp":1742644018.3403559,"content":{"identifier":"088EF783-5990-B052-BE99-B8AA15BA6C68","transform":{"columns":[[0.9292631,0.0069003883,-0.36935362,0],[0.36918256,0.01835247,0.92917556,0],[0.013190226,-0.99980754,0.014506774,0],[-1.1872189,0.6583028,0.0045990944,1]]},"name":"Earth"}},{"label":"ARImageAnchor didUpdate","timestamp":1742644018.34832,"content":{"transform":{"columns":[[0.9292631,0.0069003883,-0.36935362,0],[0.36918256,0.01835247,0.92917556,0],[0.013190226,-0.99980754,0.014506774,0],[-1.1872189,0.6583028,0.0045990944,1]]},"identifier":"088EF783-5990-B052-BE99-B8AA15BA6C68","name":"Earth"}},{"label":"ARImageAnchor didUpdate","content":{"transform":{"columns":[[0.93951166,0.003565682,-0.34249777,0],[0.34246165,0.0080961585,0.9394967,0],[0.006122872,-0.9999606,0.006385329,0],[-1.1948583,0.663143,0.0021374226,0.99999994]]},"identifier":"088EF783-5990-B052-BE99-B8AA15BA6C68","name":"Earth"},"timestamp":1742644018.847863},{"content":{"identifier":"088EF783-5990-B052-BE99-B8AA15BA6C68","transform":{"columns":[[0.93951166,0.003565682,-0.34249777,0],[0.34246165,0.0080961585,0.9394967,0],[0.006122872,-0.9999606,0.006385329,0],[-1.1948583,0.663143,0.0021374226,0.99999994]]},"name":"Earth"},"timestamp":1742644018.8813992,"label":"ARImageAnchor didUpdate"},{"label":"Bunny didUpdate (ARKit)","content":{"identifier":"1D54A193-FEB5-49D3-AD24-F64CD2C4BD90","name":"bunny","transform":{"columns":[[0.9849393,0.0048761163,-0.17283124,0],[-0.0072739436,0.99988574,-0.013243173,0],[0.17274694,0.014300886,0.9848624,0],[0.16054928,-0.52236056,-0.14666755,1]]}},"timestamp":1742644021.550506},{"content":{"identifier":"6BAD7D5D-D14A-EF93-1C8B-F6BEC80B8329","transform":{"columns":[[-0.27576116,-0.019200593,-0.96103424,0],[0.96096545,-0.028783057,-0.27516633,0],[-0.022378128,-0.999401,0.026388345,0],[0.5655771,-0.5971841,-0.07039897,0.99999994]]},"name":"Lenna"},"timestamp":1742644022.6066232,"label":"ARImageAnchor didAdd"},{"content":{"transform":{"columns":[[-0.27576116,-0.019200593,-0.96103424,0],[0.96096545,-0.028783057,-0.27516633,0],[-0.022378128,-0.999401,0.026388345,0],[0.5655771,-0.5971841,-0.07039897,0.99999994]]},"name":"Lenna","identifier":"6BAD7D5D-D14A-EF93-1C8B-F6BEC80B8329"},"timestamp":1742644022.6174011,"label":"ARImageAnchor didUpdate"},{"content":{"name":"Lenna","identifier":"6BAD7D5D-D14A-EF93-1C8B-F6BEC80B8329","transform":{"columns":[[-0.29839352,-0.033664025,-0.9538488,0],[0.9542505,-0.030572575,-0.29744014,0],[-0.019148566,-0.9989652,0.041246578,0],[0.5770292,-0.5898428,-0.07117197,0.9999999]]}},"timestamp":1742644023.1169682,"label":"ARImageAnchor didUpdate"},{"content":{"name":"Lenna","transform":{"columns":[[-0.29839352,-0.033664025,-0.9538488,0],[0.9542505,-0.030572575,-0.29744014,0],[-0.019148566,-0.9989652,0.041246578,0],[0.5770292,-0.5898428,-0.07117197,0.9999999]]},"identifier":"6BAD7D5D-D14A-EF93-1C8B-F6BEC80B8329"},"timestamp":1742644023.1501498,"label":"ARImageAnchor didUpdate"},{"timestamp":1742644025.849715,"content":{"transform":{"columns":[[0.9849358,0.0046848664,-0.17285545,0],[-0.0070542125,0.99988914,-0.013095334,0],[0.17277503,0.014117425,0.98486006,0],[0.1604877,-0.5223975,-0.14671314,0.9999999]]},"name":"bunny","identifier":"1D54A193-FEB5-49D3-AD24-F64CD2C4BD90"},"label":"Bunny didUpdate (ARKit)"},{"label":"ARImageAnchor didAdd","timestamp":1742644026.873167,"content":{"transform":{"columns":[[0.951287,0.004817857,-0.3082684,0],[0.30817008,0.0148332855,0.9512154,0],[0.009155463,-0.9998781,0.012626012,0],[0.55509543,0.83414865,-0.5725553,1]]},"name":"Sailboat","identifier":"C35EAC54-3E90-1B97-807B-5E3B8F238DB7"}},{"content":{"name":"Sailboat","identifier":"C35EAC54-3E90-1B97-807B-5E3B8F238DB7","transform":{"columns":[[0.951287,0.004817857,-0.3082684,0],[0.30817008,0.0148332855,0.9512154,0],[0.009155463,-0.9998781,0.012626012,0],[0.55509543,0.83414865,-0.5725553,1]]}},"timestamp":1742644026.8816938,"label":"ARImageAnchor didUpdate"},{"timestamp":1742644029.006414,"content":{"name":"Mandrill","identifier":"A19C2489-597B-2BED-432C-244B551E75FD","transform":{"columns":[[0.31048223,-0.011982917,0.9505035,0],[-0.9488557,0.056275394,0.31065336,0],[-0.057212513,-0.99834305,0.006102438,0],[1.4137172,0.8659158,-0.26995644,0.9999999]]}},"label":"ARImageAnchor didAdd"},{"content":{"name":"Mandrill","identifier":"A19C2489-597B-2BED-432C-244B551E75FD","transform":{"columns":[[0.31048223,-0.011982917,0.9505035,0],[-0.9488557,0.056275394,0.31065336,0],[-0.057212513,-0.99834305,0.006102438,0],[1.4137172,0.8659158,-0.26995644,0.9999999]]}},"timestamp":1742644029.016613,"label":"ARImageAnchor didUpdate"},{"label":"ARImageAnchor didAdd","timestamp":1742644031.139494,"content":{"identifier":"61BB3DDD-C96C-6E82-3432-BD712CCBCB28","transform":{"columns":[[0.3124584,-0.0023450942,0.94992834,0],[-0.9499116,-0.0072130538,0.31243497,0],[0.0061192326,-0.99997103,-0.0044814283,0],[1.7118165,0.24912485,0.4050705,1]]},"name":"Peppers"}},{"timestamp":1742644031.1494188,"content":{"transform":{"columns":[[0.3124584,-0.0023450942,0.94992834,0],[-0.9499116,-0.0072130538,0.31243497,0],[0.0061192326,-0.99997103,-0.0044814283,0],[1.7118165,0.24912485,0.4050705,1]]},"identifier":"61BB3DDD-C96C-6E82-3432-BD712CCBCB28","name":"Peppers"},"label":"ARImageAnchor didUpdate"}]