[{"timestamp":1742659221.6227531,"label":"Application launched"},{"label":"Initialize ARViewModel","timestamp":1742659221.622859},{"timestamp":1742659221.624061,"label":"Finished Initialize ARViewModel"},{"timestamp":1742659221.6240768,"label":"Initialize RoomManager"},{"label":"Initialize BeaconManager","timestamp":1742659221.624083},{"timestamp":1742659221.624104,"label":"Fininshed Initialize BeaconManager"},{"label":"Fininshed Initialize RoomManager","timestamp":1742659221.6241121},{"label":"Initialize CloudAnchorsManager","timestamp":1742659221.624116},{"timestamp":1742659221.624121,"label":"Fininshed Initialize CloudAnchorsManager"},{"label":"ContentView Initialize","timestamp":1742659221.624126},{"timestamp":1742659222.857903,"label":"Room Update","content":{"name":"Test Room","id":"3F39F93D-AB52-4382-80AA-E0ED5264C1F0"}},{"label":"Pulling CloudAnchors Ids from Backend","content":{"name":"Test Room","id":"3F39F93D-AB52-4382-80AA-E0ED5264C1F0"},"timestamp":1742659222.857936},{"content":{"cloudAnchorsIds":["ua-eee15bae032a8930e41114ea906b4500"],"room":{"id":"3F39F93D-AB52-4382-80AA-E0ED5264C1F0","name":"Test Room"}},"label":"Pulled CloudAnchors Ids from Backend","timestamp":1742659222.907734},{"label":"ARCore Update Bunny Anchor","timestamp":1742659343.637642,"content":{"identifier":"0F071F78-078F-4583-AF8A-8CFEA1E76FEA","transform":{"columns":[[0.9369621,0.0028427767,0.3494193,0],[0.0009393845,0.9999428,-0.010654196,0],[-0.34942958,0.010310818,0.9369059,0],[0.074477166,-0.5434705,-0.25482795,1]]}}},{"timestamp":1742659343.692591,"label":"Bunny didAdd (ARKit)","content":{"transform":{"columns":[[0.9369621,0.0028427767,0.3494193,0],[0.0009393845,0.9999428,-0.010654196,0],[-0.34942958,0.010310818,0.9369059,0],[0.074477166,-0.5434705,-0.25482795,1]]},"name":"bunny","identifier":"85182E9A-02EF-47F5-907E-792D605CEBF7"}},{"timestamp":1742659346.4045138,"label":"Bunny didUpdate (ARKit)","content":{"transform":{"columns":[[0.936951,0.0028513086,0.34944892,0],[0.0009422769,0.99994236,-0.01068543,0],[-0.34945926,0.010341002,0.9368944,0],[0.07447766,-0.5434753,-0.25481617,1]]},"name":"bunny","identifier":"85182E9A-02EF-47F5-907E-792D605CEBF7"}},{"timestamp":1742659346.925531,"label":"ARImageAnchor didAdd","content":{"identifier":"FF85DBE1-76D3-E459-2D24-8EDCEE263300","name":"Car","transform":{"columns":[[0.9714558,0.014135373,0.23679908,0],[-0.23692846,0.008285055,0.9714917,0],[0.011770475,-0.9998658,0.011397617,0],[-0.30283704,-0.61197746,-0.06513342,1.0000001]]}}},{"label":"ARImageAnchor didUpdate","content":{"name":"Car","transform":{"columns":[[0.9714558,0.014135373,0.23679908,0],[-0.23692846,0.008285055,0.9714917,0],[0.011770475,-0.9998658,0.011397617,0],[-0.30283704,-0.61197746,-0.06513342,1.0000001]]},"identifier":"FF85DBE1-76D3-E459-2D24-8EDCEE263300"},"timestamp":1742659346.9368849},{"label":"ARImageAnchor didAdd","timestamp":1742659351.192127,"content":{"identifier":"088EF783-5990-B052-BE99-B8AA15BA6C68","name":"Earth","transform":{"columns":[[0.9815345,-0.00042490158,0.1912841,0],[-0.19126527,-0.01639774,0.9814012,0],[0.002719632,-0.9998654,-0.016176226,0],[-1.1503983,0.6319411,-0.7959281,1]]}}},{"label":"ARImageAnchor didUpdate","content":{"identifier":"088EF783-5990-B052-BE99-B8AA15BA6C68","transform":{"columns":[[0.9815345,-0.00042490158,0.1912841,0],[-0.19126527,-0.01639774,0.9814012,0],[0.002719632,-0.9998654,-0.016176226,0],[-1.1503983,0.6319411,-0.7959281,1]]},"name":"Earth"},"timestamp":1742659351.201623},{"label":"Bunny didUpdate (ARKit)","timestamp":1742659355.637918,"content":{"name":"bunny","identifier":"85182E9A-02EF-47F5-907E-792D605CEBF7","transform":{"columns":[[0.9365956,0.0027843518,0.35040066,0],[0.0010164235,0.9999424,-0.010662566,0],[-0.35041022,0.010342668,0.93653905,0],[0.074396625,-0.5433658,-0.2548986,1]]}}},{"label":"ARImageAnchor didAdd","timestamp":1742659356.524852,"content":{"identifier":"6BAD7D5D-D14A-EF93-1C8B-F6BEC80B8329","name":"Lenna","transform":{"columns":[[0.22618894,-0.035394344,-0.97344,0],[0.97395563,-0.007966181,0.22659835,0],[-0.01577487,-0.9993416,0.03267065,0],[0.39084247,-0.6179885,0.015945092,1.0000001]]}}},{"content":{"transform":{"columns":[[0.22618894,-0.035394344,-0.97344,0],[0.97395563,-0.007966181,0.22659835,0],[-0.01577487,-0.9993416,0.03267065,0],[0.39084247,-0.6179885,0.015945092,1.0000001]]},"identifier":"6BAD7D5D-D14A-EF93-1C8B-F6BEC80B8329","name":"Lenna"},"timestamp":1742659356.534179,"label":"ARImageAnchor didUpdate"},{"content":{"identifier":"C35EAC54-3E90-1B97-807B-5E3B8F238DB7","transform":{"columns":[[0.98338574,0.0035728675,0.18149185,0],[-0.18130577,-0.030020628,0.9829682,0],[0.0089605255,-0.9995428,-0.02887408,0],[0.6297934,0.8098399,-0.42286003,0.9999999]]},"name":"Sailboat"},"timestamp":1742659359.7245932,"label":"ARImageAnchor didAdd"},{"label":"ARImageAnchor didUpdate","content":{"name":"Sailboat","transform":{"columns":[[0.98338574,0.0035728675,0.18149185,0],[-0.18130577,-0.030020628,0.9829682,0],[0.0089605255,-0.9995428,-0.02887408,0],[0.6297934,0.8098399,-0.42286003,0.9999999]]},"identifier":"C35EAC54-3E90-1B97-807B-5E3B8F238DB7"},"timestamp":1742659359.73301},{"timestamp":1742659361.857871,"label":"ARImageAnchor didAdd","content":{"transform":{"columns":[[-0.21497792,-0.01369944,0.9765227,0],[-0.9759923,0.03882025,-0.21431656,0],[-0.034972847,-0.9991522,-0.021716045,0],[1.2239211,0.8413992,0.26227623,0.99999994]]},"name":"Mandrill","identifier":"A19C2489-597B-2BED-432C-244B551E75FD"}},{"timestamp":1742659361.866696,"label":"ARImageAnchor didUpdate","content":{"transform":{"columns":[[-0.21497792,-0.01369944,0.9765227,0],[-0.9759923,0.03882025,-0.21431656,0],[-0.034972847,-0.9991522,-0.021716045,0],[1.2239211,0.8413992,0.26227623,0.99999994]]},"name":"Mandrill","identifier":"A19C2489-597B-2BED-432C-244B551E75FD"}},{"label":"ARImageAnchor didAdd","content":{"identifier":"61BB3DDD-C96C-6E82-3432-BD712CCBCB28","transform":{"columns":[[-0.18980789,-0.005735658,0.9818043,0],[-0.9818211,0.0009318697,-0.18980566,0],[0.00017373565,-0.999983,-0.0058082705,0],[1.1514863,0.22384533,0.9974103,1]]},"name":"Peppers"},"timestamp":1742659363.990941},{"label":"ARImageAnchor didUpdate","content":{"transform":{"columns":[[-0.18980789,-0.005735658,0.9818043,0],[-0.9818211,0.0009318697,-0.18980566,0],[0.00017373565,-0.999983,-0.0058082705,0],[1.1514863,0.22384533,0.9974103,1]]},"identifier":"61BB3DDD-C96C-6E82-3432-BD712CCBCB28","name":"Peppers"},"timestamp":1742659364.00069},{"timestamp":1742659364.499059,"label":"ARImageAnchor didUpdate","content":{"name":"Peppers","identifier":"61BB3DDD-C96C-6E82-3432-BD712CCBCB28","transform":{"columns":[[-0.19698791,-0.0057172887,0.9803892,0],[-0.9804038,-0.0008946789,-0.19699606,0],[0.002003441,-0.9999832,-0.0054290127,0],[1.147334,0.2255816,0.9926345,1]]}}},{"timestamp":1742659364.533164,"label":"ARImageAnchor didUpdate","content":{"identifier":"61BB3DDD-C96C-6E82-3432-BD712CCBCB28","name":"Peppers","transform":{"columns":[[-0.19698791,-0.0057172887,0.9803892,0],[-0.9804038,-0.0008946789,-0.19699606,0],[0.002003441,-0.9999832,-0.0054290127,0],[1.147334,0.2255816,0.9926345,1]]}}},{"timestamp":1742659366.532563,"label":"Bunny didUpdate (ARKit)","content":{"name":"bunny","transform":{"columns":[[0.93659586,0.0028365913,0.35039926,0],[0.00093924033,0.99994296,-0.010605384,0],[-0.35040942,0.010262071,0.9365401,0],[0.07443302,-0.5433807,-0.25492677,0.99999994]]},"identifier":"85182E9A-02EF-47F5-907E-792D605CEBF7"}},{"label":"Bunny didUpdate (ARKit)","content":{"transform":{"columns":[[0.93659747,0.0028372959,0.35039482,0],[0.0009378659,0.9999429,-0.010603859,0],[-0.35040504,0.010260174,0.93654174,0],[0.07443296,-0.54338086,-0.25492653,0.99999994]]},"name":"bunny","identifier":"85182E9A-02EF-47F5-907E-792D605CEBF7"},"timestamp":1742659366.732976},{"content":{"name":"bunny","transform":{"columns":[[0.9367207,0.0028370188,0.35006455,0],[0.00093314366,0.9999427,-0.010600766,0],[-0.35007477,0.010256624,0.9366651,0],[0.074552365,-0.54342574,-0.255088,0.99999994]]},"identifier":"85182E9A-02EF-47F5-907E-792D605CEBF7"},"timestamp":1742659366.935117,"label":"Bunny didUpdate (ARKit)"}]