[{"label":"Application launched","timestamp":1742640893.804105},{"label":"Initialize ARViewModel","timestamp":1742640893.804346},{"label":"Finished Initialize ARViewModel","timestamp":1742640893.8059921},{"label":"Initialize RoomManager","timestamp":1742640893.806047},{"label":"Initialize BeaconManager","timestamp":1742640893.806061},{"label":"Fininshed Initialize BeaconManager","timestamp":1742640893.806092},{"timestamp":1742640893.806107,"label":"Fininshed Initialize RoomManager"},{"label":"Initialize CloudAnchorsManager","timestamp":1742640893.8061209},{"timestamp":1742640893.806134,"label":"Fininshed Initialize CloudAnchorsManager"},{"timestamp":1742640893.806148,"label":"ContentView Initialize"},{"timestamp":1742640895.121746,"label":"Room Update","content":{"name":"Test Room","id":"3F39F93D-AB52-4382-80AA-E0ED5264C1F0"}},{"content":{"id":"3F39F93D-AB52-4382-80AA-E0ED5264C1F0","name":"Test Room"},"timestamp":1742640895.121778,"label":"Pulling CloudAnchors Ids from Backend"},{"content":{"cloudAnchorsIds":["ua-eee15bae032a8930e41114ea906b4500"],"room":{"name":"Test Room","id":"3F39F93D-AB52-4382-80AA-E0ED5264C1F0"}},"timestamp":1742640895.1834002,"label":"Pulled CloudAnchors Ids from Backend"},{"label":"ARCore Update Bunny Anchor","timestamp":1742640913.119674,"content":{"transform":{"columns":[[0.930772,-0.022400875,0.36491317,0],[0.026175503,0.9996428,-0.005400059,0],[-0.36466184,0.01457801,0.9310259,0],[0.11515275,-0.63571,-0.4851481,1]]},"identifier":"2C078F38-2604-45DC-9936-4E6766FEAEBA"}},{"content":{"transform":{"columns":[[0.930772,-0.022400875,0.36491317,0],[0.026175503,0.9996428,-0.005400059,0],[-0.36466184,0.01457801,0.9310259,0],[0.11515275,-0.63571,-0.4851481,1]]},"identifier":"D7029761-7992-4ADC-B702-AA2B4A3A9DFE","name":"bunny"},"timestamp":1742640913.142599,"label":"Bunny didAdd (ARKit)"},{"timestamp":1742640916.042472,"label":"ARImageAnchor didAdd","content":{"identifier":"FF85DBE1-76D3-E459-2D24-8EDCEE263300","name":"Car","transform":{"columns":[[0.96626574,0.014630251,0.2571306,0],[-0.2571726,0.0010327104,0.9663648,0],[0.013872616,-0.9998924,0.004760381,0],[-0.25662324,-0.69877374,-0.2836985,1]]}}},{"label":"ARImageAnchor didUpdate","timestamp":1742640916.053351,"content":{"name":"Car","identifier":"FF85DBE1-76D3-E459-2D24-8EDCEE263300","transform":{"columns":[[0.96626574,0.014630251,0.2571306,0],[-0.2571726,0.0010327104,0.9663648,0],[0.013872616,-0.9998924,0.004760381,0],[-0.25662324,-0.69877374,-0.2836985,1]]}}},{"timestamp":1742640918.676655,"label":"ARImageAnchor didAdd","content":{"transform":{"columns":[[0.9827468,0.004059035,0.18491076,0],[-0.18487072,-0.008678071,0.9827244,0],[0.0055935844,-0.99995404,-0.007777946,0],[-1.1127967,0.5462739,-1.0329008,0.99999994]]},"name":"Earth","identifier":"088EF783-5990-B052-BE99-B8AA15BA6C68"}},{"content":{"identifier":"088EF783-5990-B052-BE99-B8AA15BA6C68","name":"Earth","transform":{"columns":[[0.9827468,0.004059035,0.18491076,0],[-0.18487072,-0.008678071,0.9827244,0],[0.0055935844,-0.99995404,-0.007777946,0],[-1.1127967,0.5462739,-1.0329008,0.99999994]]}},"timestamp":1742640918.6836948,"label":"ARImageAnchor didUpdate"},{"timestamp":1742640922.3440862,"content":{"name":"Lenna","transform":{"columns":[[0.21495874,-0.033206075,-0.9760582,0],[0.976272,-0.019481627,0.2156686,0],[-0.026176747,-0.99925846,0.028230412,0],[0.43974596,-0.70018274,-0.22133343,0.9999999]]},"identifier":"6BAD7D5D-D14A-EF93-1C8B-F6BEC80B8329"},"label":"ARImageAnchor didAdd"},{"timestamp":1742640922.351242,"label":"ARImageAnchor didUpdate","content":{"name":"Lenna","identifier":"6BAD7D5D-D14A-EF93-1C8B-F6BEC80B8329","transform":{"columns":[[0.21495874,-0.033206075,-0.9760582,0],[0.976272,-0.019481627,0.2156686,0],[-0.026176747,-0.99925846,0.028230412,0],[0.43974596,-0.70018274,-0.22133343,0.9999999]]}}},{"timestamp":1742640922.8654861,"content":{"name":"Lenna","transform":{"columns":[[0.2286301,-0.031391785,-0.9730069,0],[0.97339624,-0.0081159575,0.2289834,0],[-0.015085084,-0.9994741,0.028701097,0],[0.44109157,-0.69833964,-0.21487102,1]]},"identifier":"6BAD7D5D-D14A-EF93-1C8B-F6BEC80B8329"},"label":"ARImageAnchor didUpdate"},{"timestamp":1742640922.893351,"label":"ARImageAnchor didUpdate","content":{"name":"Lenna","identifier":"6BAD7D5D-D14A-EF93-1C8B-F6BEC80B8329","transform":{"columns":[[0.2286301,-0.031391785,-0.9730069,0],[0.97339624,-0.0081159575,0.2289834,0],[-0.015085084,-0.9994741,0.028701097,0],[0.44109157,-0.69833964,-0.21487102,1]]}}},{"content":{"transform":{"columns":[[0.9306239,-0.022448048,0.36528772,0],[0.026009023,0.99964994,-0.0048302356,0],[-0.36505145,0.013995913,0.9308821,0],[0.11531823,-0.6355608,-0.48532873,1]]},"name":"bunny","identifier":"D7029761-7992-4ADC-B702-AA2B4A3A9DFE"},"timestamp":1742640924.332514,"label":"Bunny didUpdate (ARKit)"},{"timestamp":1742640924.976429,"label":"ARImageAnchor didAdd","content":{"identifier":"C35EAC54-3E90-1B97-807B-5E3B8F238DB7","name":"Sailboat","transform":{"columns":[[0.98023814,0.0051310277,0.19775413,0],[-0.1977718,0.0031938308,0.98024267,0],[0.0043980586,-0.99998164,0.004145484,0],[0.6756586,0.7214925,-0.65273124,0.99999994]]}}},{"content":{"transform":{"columns":[[0.98023814,0.0051310277,0.19775413,0],[-0.1977718,0.0031938308,0.98024267,0],[0.0043980586,-0.99998164,0.004145484,0],[0.6756586,0.7214925,-0.65273124,0.99999994]]},"name":"Sailboat","identifier":"C35EAC54-3E90-1B97-807B-5E3B8F238DB7"},"timestamp":1742640924.983451,"label":"ARImageAnchor didUpdate"},{"content":{"transform":{"columns":[[-0.20252462,-0.012370641,0.9791989,0],[-0.9784198,0.044383,-0.20180278,0],[-0.040963348,-0.9989379,-0.021092335,0],[1.264506,0.7554784,0.043475565,0.9999999]]},"identifier":"A19C2489-597B-2BED-432C-244B551E75FD","name":"Mandrill"},"timestamp":1742640927.1084561,"label":"ARImageAnchor didAdd"},{"content":{"identifier":"A19C2489-597B-2BED-432C-244B551E75FD","transform":{"columns":[[-0.20252462,-0.012370641,0.9791989,0],[-0.9784198,0.044383,-0.20180278,0],[-0.040963348,-0.9989379,-0.021092335,0],[1.264506,0.7554784,0.043475565,0.9999999]]},"name":"Mandrill"},"label":"ARImageAnchor didUpdate","timestamp":1742640927.126843},{"timestamp":1742640929.210022,"content":{"name":"Peppers","identifier":"61BB3DDD-C96C-6E82-3432-BD712CCBCB28","transform":{"columns":[[-0.21441534,-0.0007038148,0.97674215,0],[-0.9767013,-0.009001306,-0.21441285,0],[0.008942836,-0.99995905,0.0012425972,0],[1.179992,0.13597882,0.77701366,0.9999999]]}},"label":"ARImageAnchor didAdd"},{"content":{"identifier":"61BB3DDD-C96C-6E82-3432-BD712CCBCB28","transform":{"columns":[[-0.21441534,-0.0007038148,0.97674215,0],[-0.9767013,-0.009001306,-0.21441285,0],[0.008942836,-0.99995905,0.0012425972,0],[1.179992,0.13597882,0.77701366,0.9999999]]},"name":"Peppers"},"timestamp":1742640929.21614,"label":"ARImageAnchor didUpdate"}]