[{"label":"Application launched","timestamp":1742657128.007843},{"label":"Initialize ARViewModel","timestamp":1742657128.00807},{"timestamp":1742657128.011012,"label":"Finished Initialize ARViewModel"},{"timestamp":1742657128.011086,"label":"Initialize RoomManager"},{"timestamp":1742657128.0110989,"label":"Initialize BeaconManager"},{"timestamp":1742657128.011142,"label":"Fininshed Initialize BeaconManager"},{"timestamp":1742657128.011159,"label":"Fininshed Initialize RoomManager"},{"label":"Initialize CloudAnchorsManager","timestamp":1742657128.011172},{"label":"Fininshed Initialize CloudAnchorsManager","timestamp":1742657128.0111852},{"timestamp":1742657128.011197,"label":"ContentView Initialize"},{"timestamp":1742657129.250824,"label":"Room Update","content":{"id":"3F39F93D-AB52-4382-80AA-E0ED5264C1F0","name":"Test Room"}},{"label":"Pulling CloudAnchors Ids from Backend","timestamp":1742657129.250873,"content":{"name":"Test Room","id":"3F39F93D-AB52-4382-80AA-E0ED5264C1F0"}},{"label":"Pulled CloudAnchors Ids from Backend","content":{"cloudAnchorsIds":["ua-eee15bae032a8930e41114ea906b4500"],"room":{"id":"3F39F93D-AB52-4382-80AA-E0ED5264C1F0","name":"Test Room"}},"timestamp":1742657129.575801},{"label":"ARCore Update Bunny Anchor","content":{"transform":{"columns":[[0.9787871,-0.012770799,0.20448147,0],[0.020240907,0.99920034,-0.034482114,0],[-0.20387758,0.037889536,0.9782629,0],[0.2171686,-0.3426318,-0.13015781,1]]},"identifier":"0897FD64-A777-4612-9D14-019570AF5342"},"timestamp":1742657188.034696},{"label":"Bunny didAdd (ARKit)","timestamp":1742657188.057557,"content":{"identifier":"B5ADB502-7B75-4580-882E-B9C9ECACA9A3","name":"bunny","transform":{"columns":[[0.9787871,-0.012770799,0.20448147,0],[0.020240907,0.99920034,-0.034482114,0],[-0.20387758,0.037889536,0.9782629,0],[0.2171686,-0.3426318,-0.13015781,1]]}}},{"content":{"transform":{"columns":[[0.99664056,0.006493394,0.08164006,0],[-0.08164019,-0.0002474152,0.99666166,0],[0.0064918976,-0.9999788,0.00028354663,0],[-0.12022029,-0.4179389,0.12075953,0.99999994]]},"name":"Car","identifier":"FF85DBE1-76D3-E459-2D24-8EDCEE263300"},"timestamp":1742657190.024349,"label":"ARImageAnchor didAdd"},{"timestamp":1742657190.036672,"content":{"identifier":"FF85DBE1-76D3-E459-2D24-8EDCEE263300","name":"Car","transform":{"columns":[[0.99664056,0.006493394,0.08164006,0],[-0.08164019,-0.0002474152,0.99666166,0],[0.0064918976,-0.9999788,0.00028354663,0],[-0.12022029,-0.4179389,0.12075953,0.99999994]]}},"label":"ARImageAnchor didUpdate"},{"content":{"transform":{"columns":[[0.99658495,0.014723375,0.08124908,0],[-0.081398815,0.00986727,0.9966326,0],[0.0138720935,-0.99984294,0.011032074,0],[-0.11820651,-0.41388345,0.11705056,0.99999994]]},"name":"Car","identifier":"FF85DBE1-76D3-E459-2D24-8EDCEE263300"},"label":"ARImageAnchor didUpdate","timestamp":1742657193.749316},{"label":"ARImageAnchor didUpdate","content":{"transform":{"columns":[[0.99658495,0.014723375,0.08124908,0],[-0.081398815,0.00986727,0.9966326,0],[0.0138720935,-0.99984294,0.011032074,0],[-0.11820651,-0.41388345,0.11705056,0.99999994]]},"name":"Car","identifier":"FF85DBE1-76D3-E459-2D24-8EDCEE263300"},"timestamp":1742657193.765983},{"label":"ARImageAnchor didAdd","content":{"name":"Earth","transform":{"columns":[[0.99979913,-0.0006346316,0.020024471,0],[-0.02001839,0.008495656,0.9997634,0],[-0.0008046025,-0.99996364,0.0084812455,0],[-1.063529,0.82648003,-0.45749974,0.99999994]]},"identifier":"088EF783-5990-B052-BE99-B8AA15BA6C68"},"timestamp":1742657196.356956},{"label":"ARImageAnchor didUpdate","timestamp":1742657196.365261,"content":{"identifier":"088EF783-5990-B052-BE99-B8AA15BA6C68","transform":{"columns":[[0.99979913,-0.0006346316,0.020024471,0],[-0.02001839,0.008495656,0.9997634,0],[-0.0008046025,-0.99996364,0.0084812455,0],[-1.063529,0.82648003,-0.45749974,0.99999994]]},"name":"Earth"}},{"label":"ARImageAnchor didUpdate","timestamp":1742657196.882214,"content":{"transform":{"columns":[[0.99991816,0.0007309109,0.012763462,0],[-0.012768059,0.0065910383,0.9998967,0],[0.00064670364,-0.99997795,0.0065998314,0],[-1.0794891,0.83621186,-0.46756417,0.99999994]]},"identifier":"088EF783-5990-B052-BE99-B8AA15BA6C68","name":"Earth"}},{"content":{"transform":{"columns":[[0.99991816,0.0007309109,0.012763462,0],[-0.012768059,0.0065910383,0.9998967,0],[0.00064670364,-0.99997795,0.0065998314,0],[-1.0794891,0.83621186,-0.46756417,0.99999994]]},"name":"Earth","identifier":"088EF783-5990-B052-BE99-B8AA15BA6C68"},"timestamp":1742657196.898833,"label":"ARImageAnchor didUpdate"},{"timestamp":1742657200.817668,"label":"Bunny didUpdate (ARKit)","content":{"identifier":"B5ADB502-7B75-4580-882E-B9C9ECACA9A3","transform":{"columns":[[0.97874206,-0.01273762,0.20469917,0],[0.020201912,0.9992034,-0.034416307,0],[-0.20409772,0.037820008,0.9782195,0],[0.21718843,-0.34263572,-0.13020325,0.9999999]]},"name":"bunny"}},{"timestamp":1742657204.9896588,"label":"ARImageAnchor didAdd","content":{"name":"Lenna","identifier":"6BAD7D5D-D14A-EF93-1C8B-F6BEC80B8329","transform":{"columns":[[0.0738343,-0.03726378,-0.996574,0],[0.99668854,-0.031370718,0.07501578,0],[-0.03405863,-0.9988128,0.034824155,0],[0.58490044,-0.42033687,0.088795826,0.9999999]]}}},{"label":"ARImageAnchor didUpdate","timestamp":1742657204.999553,"content":{"identifier":"6BAD7D5D-D14A-EF93-1C8B-F6BEC80B8329","name":"Lenna","transform":{"columns":[[0.0738343,-0.03726378,-0.996574,0],[0.99668854,-0.031370718,0.07501578,0],[-0.03405863,-0.9988128,0.034824155,0],[0.58490044,-0.42033687,0.088795826,0.9999999]]}}},{"content":{"name":"Sailboat","identifier":"C35EAC54-3E90-1B97-807B-5E3B8F238DB7","transform":{"columns":[[0.99869096,0.0034449408,0.051031128,0],[-0.051118057,0.033488784,0.9981309,0],[0.0017295352,-0.9994331,0.033621058,0],[0.7467668,1.0091178,-0.38979068,0.99999994]]}},"label":"ARImageAnchor didAdd","timestamp":1742657209.156042},{"content":{"name":"Sailboat","identifier":"C35EAC54-3E90-1B97-807B-5E3B8F238DB7","transform":{"columns":[[0.99869096,0.0034449408,0.051031128,0],[-0.051118057,0.033488784,0.9981309,0],[0.0017295352,-0.9994331,0.033621058,0],[0.7467668,1.0091178,-0.38979068,0.99999994]]}},"timestamp":1742657209.164778,"label":"ARImageAnchor didUpdate"},{"label":"ARImageAnchor didAdd","content":{"identifier":"A19C2489-597B-2BED-432C-244B551E75FD","name":"Mandrill","transform":{"columns":[[-0.06705404,-0.014823896,0.9976391,0],[-0.99610436,0.05838657,-0.06608324,0],[-0.05726912,-0.9981839,-0.018681195,0],[1.4425902,1.0379907,0.20705499,0.9999999]]}},"timestamp":1742657211.222441},{"content":{"identifier":"A19C2489-597B-2BED-432C-244B551E75FD","name":"Mandrill","transform":{"columns":[[-0.06705404,-0.014823896,0.9976391,0],[-0.99610436,0.05838657,-0.06608324,0],[-0.05726912,-0.9981839,-0.018681195,0],[1.4425902,1.0379907,0.20705499,0.9999999]]}},"timestamp":1742657211.2350159,"label":"ARImageAnchor didUpdate"},{"timestamp":1742657212.2313828,"label":"ARImageAnchor didUpdate","content":{"name":"Mandrill","identifier":"A19C2489-597B-2BED-432C-244B551E75FD","transform":{"columns":[[-0.04684663,-0.011299961,0.99883807,0],[-0.997352,0.05621146,-0.04614102,0],[-0.05562477,-0.99835485,-0.013903356,0],[1.4400187,1.038915,0.20164634,0.99999994]]}}},{"content":{"identifier":"A19C2489-597B-2BED-432C-244B551E75FD","transform":{"columns":[[-0.04684663,-0.011299961,0.99883807,0],[-0.997352,0.05621146,-0.04614102,0],[-0.05562477,-0.99835485,-0.013903356,0],[1.4400187,1.038915,0.20164634,0.99999994]]},"name":"Mandrill"},"label":"ARImageAnchor didUpdate","timestamp":1742657212.264701},{"timestamp":1742657214.298888,"label":"ARImageAnchor didUpdate","content":{"transform":{"columns":[[0.9982724,0.0033807477,0.05865522,0],[-0.058718037,0.02316565,0.9980057,0],[0.0020152177,-0.9997258,0.023324149,0],[0.7340579,1.0120603,-0.39984748,0.99999994]]},"name":"Sailboat","identifier":"C35EAC54-3E90-1B97-807B-5E3B8F238DB7"}},{"content":{"transform":{"columns":[[0.9982724,0.0033807477,0.05865522,0],[-0.058718037,0.02316565,0.9980057,0],[0.0020152177,-0.9997258,0.023324149,0],[0.7340579,1.0120603,-0.39984748,0.99999994]]},"name":"Sailboat","identifier":"C35EAC54-3E90-1B97-807B-5E3B8F238DB7"},"timestamp":1742657214.330965,"label":"ARImageAnchor didUpdate"},{"content":{"name":"bunny","identifier":"B5ADB502-7B75-4580-882E-B9C9ECACA9A3","transform":{"columns":[[0.97877383,-0.012670564,0.20455131,0],[0.020148072,0.99920106,-0.034514394,0],[-0.20395055,0.037903093,0.9782469,0],[0.21720012,-0.3426437,-0.13015558,0.99999994]]}},"timestamp":1742657220.03375,"label":"Bunny didUpdate (ARKit)"},{"content":{"identifier":"61BB3DDD-C96C-6E82-3432-BD712CCBCB28","transform":{"columns":[[-0.049728572,-0.0070774895,0.99873763,0],[-0.9987621,-0.0007080384,-0.049734775,0],[0.0010591287,-0.9999747,-0.007033519,0],[1.4876779,0.42134404,0.9489326,0.99999994]]},"name":"Peppers"},"timestamp":1742657225.721389,"label":"ARImageAnchor didAdd"},{"label":"ARImageAnchor didUpdate","content":{"name":"Peppers","identifier":"61BB3DDD-C96C-6E82-3432-BD712CCBCB28","transform":{"columns":[[-0.049728572,-0.0070774895,0.99873763,0],[-0.9987621,-0.0007080384,-0.049734775,0],[0.0010591287,-0.9999747,-0.007033519,0],[1.4876779,0.42134404,0.9489326,0.99999994]]}},"timestamp":1742657225.73097},{"content":{"name":"Sailboat","transform":{"columns":[[0.9986117,0.0046960614,0.05246517,0],[-0.052550334,0.020344827,0.9984109,0],[0.0036212066,-0.9997819,0.02056337,0],[0.7429315,1.0086827,-0.38113356,0.9999999]]},"identifier":"C35EAC54-3E90-1B97-807B-5E3B8F238DB7"},"label":"ARImageAnchor didUpdate","timestamp":1742657229.863941},{"label":"ARImageAnchor didUpdate","timestamp":1742657229.895442,"content":{"transform":{"columns":[[0.9986117,0.0046960614,0.05246517,0],[-0.052550334,0.020344827,0.9984109,0],[0.0036212066,-0.9997819,0.02056337,0],[0.7429315,1.0086827,-0.38113356,0.9999999]]},"name":"Sailboat","identifier":"C35EAC54-3E90-1B97-807B-5E3B8F238DB7"}}]