[{"label":"Application launched","timestamp":1742642459.605062},{"timestamp":1742642459.605276,"label":"Initialize ARViewModel"},{"timestamp":1742642459.607224,"label":"Finished Initialize ARViewModel"},{"timestamp":1742642459.607271,"label":"Initialize RoomManager"},{"timestamp":1742642459.607285,"label":"Initialize BeaconManager"},{"label":"Fininshed Initialize BeaconManager","timestamp":1742642459.607316},{"label":"Fininshed Initialize RoomManager","timestamp":1742642459.607333},{"label":"Initialize CloudAnchorsManager","timestamp":1742642459.607346},{"label":"Fininshed Initialize CloudAnchorsManager","timestamp":1742642459.607359},{"timestamp":1742642459.607372,"label":"ContentView Initialize"},{"content":{"id":"3F39F93D-AB52-4382-80AA-E0ED5264C1F0","name":"Test Room"},"timestamp":1742642460.881402,"label":"Room Update"},{"timestamp":1742642460.881443,"label":"Pulling CloudAnchors Ids from Backend","content":{"id":"3F39F93D-AB52-4382-80AA-E0ED5264C1F0","name":"Test Room"}},{"timestamp":1742642460.997654,"label":"Pulled CloudAnchors Ids from Backend","content":{"cloudAnchorsIds":["ua-eee15bae032a8930e41114ea906b4500"],"room":{"id":"3F39F93D-AB52-4382-80AA-E0ED5264C1F0","name":"Test Room"}}},{"content":{"transform":{"columns":[[0.90054584,0.0063755545,0.43471438,0],[-0.003419478,0.9999654,-0.0075818463,0],[-0.4347477,0.005341304,0.9005365,0],[0.18304418,-0.5863488,-0.15299156,1]]},"identifier":"CD3D2210-5D22-4ED1-A4C7-F6DF347DEA3B"},"timestamp":1742642499.5027971,"label":"ARCore Update Bunny Anchor"},{"label":"Bunny didAdd (ARKit)","content":{"identifier":"07E23DBC-89D0-430E-A702-E737B4F4BD2D","transform":{"columns":[[0.90054584,0.0063755545,0.43471438,0],[-0.003419478,0.9999654,-0.0075818463,0],[-0.4347477,0.005341304,0.9005365,0],[0.18304418,-0.5863488,-0.15299156,1]]},"name":"bunny"},"timestamp":1742642499.5591621},{"timestamp":1742642502.292341,"content":{"name":"Car","identifier":"FF85DBE1-76D3-E459-2D24-8EDCEE263300","transform":{"columns":[[0.9469828,0.008678257,0.32116666,0],[-0.32120174,0.002963468,0.9470061,0],[0.0072665866,-0.99995786,0.0055938377,0],[-0.21266559,-0.6561445,0.009088546,0.99999994]]}},"label":"ARImageAnchor didAdd"},{"content":{"name":"Car","identifier":"FF85DBE1-76D3-E459-2D24-8EDCEE263300","transform":{"columns":[[0.9469828,0.008678257,0.32116666,0],[-0.32120174,0.002963468,0.9470061,0],[0.0072665866,-0.99995786,0.0055938377,0],[-0.21266559,-0.6561445,0.009088546,0.99999994]]}},"label":"ARImageAnchor didUpdate","timestamp":1742642502.30233},{"timestamp":1742642505.525666,"content":{"transform":{"columns":[[0.9630806,-0.0009761627,0.2692116,0],[-0.26921204,-0.0004539766,0.9630807,0],[-0.0008179008,-0.9999993,-0.0007000086,0],[-1.0289252,0.61336404,-0.80790955,0.9999999]]},"identifier":"088EF783-5990-B052-BE99-B8AA15BA6C68","name":"Earth"},"label":"ARImageAnchor didAdd"},{"label":"ARImageAnchor didUpdate","content":{"transform":{"columns":[[0.9630806,-0.0009761627,0.2692116,0],[-0.26921204,-0.0004539766,0.9630807,0],[-0.0008179008,-0.9999993,-0.0007000086,0],[-1.0289252,0.61336404,-0.80790955,0.9999999]]},"identifier":"088EF783-5990-B052-BE99-B8AA15BA6C68","name":"Earth"},"timestamp":1742642505.5349069},{"timestamp":1742642509.792064,"label":"ARImageAnchor didAdd","content":{"name":"Sailboat","identifier":"C35EAC54-3E90-1B97-807B-5E3B8F238DB7","transform":{"columns":[[0.9605619,-0.0007705443,0.27806515,0],[-0.2778697,0.03492323,0.9599837,0],[-0.010450648,-0.99938965,0.033331823,0],[0.75929296,0.78316236,-0.26152337,0.99999994]]}}},{"label":"ARImageAnchor didUpdate","content":{"identifier":"C35EAC54-3E90-1B97-807B-5E3B8F238DB7","transform":{"columns":[[0.9605619,-0.0007705443,0.27806515,0],[-0.2778697,0.03492323,0.9599837,0],[-0.010450648,-0.99938965,0.033331823,0],[0.75929296,0.78316236,-0.26152337,0.99999994]]},"name":"Sailboat"},"timestamp":1742642509.7999291},{"content":{"transform":{"columns":[[0.2880953,-0.034167737,-0.9569919,0],[0.9559884,-0.047723375,0.2894971,0],[-0.05556237,-0.99827594,0.018915066,0],[0.4837948,-0.66003877,0.1490765,0.99999994]]},"name":"Lenna","identifier":"6BAD7D5D-D14A-EF93-1C8B-F6BEC80B8329"},"timestamp":1742642511.925019,"label":"ARImageAnchor didAdd"},{"label":"ARImageAnchor didUpdate","content":{"identifier":"6BAD7D5D-D14A-EF93-1C8B-F6BEC80B8329","transform":{"columns":[[0.2880953,-0.034167737,-0.9569919,0],[0.9559884,-0.047723375,0.2894971,0],[-0.05556237,-0.99827594,0.018915066,0],[0.4837948,-0.66003877,0.1490765,0.99999994]]},"name":"Lenna"},"timestamp":1742642511.936127},{"content":{"identifier":"6BAD7D5D-D14A-EF93-1C8B-F6BEC80B8329","transform":{"columns":[[0.3003063,-0.03697425,-0.9531259,0],[0.9537374,-0.0032090852,0.3006235,0],[-0.014173996,-0.99931103,0.034300018,0],[0.49164626,-0.64180726,0.15052341,0.9999999]]},"name":"Lenna"},"label":"ARImageAnchor didUpdate","timestamp":1742642512.435483},{"timestamp":1742642512.467974,"label":"ARImageAnchor didUpdate","content":{"identifier":"6BAD7D5D-D14A-EF93-1C8B-F6BEC80B8329","transform":{"columns":[[0.3003063,-0.03697425,-0.9531259,0],[0.9537374,-0.0032090852,0.3006235,0],[-0.014173996,-0.99931103,0.034300018,0],[0.49164626,-0.64180726,0.15052341,0.9999999]]},"name":"Lenna"}},{"timestamp":1742642516.724759,"content":{"name":"Mandrill","identifier":"A19C2489-597B-2BED-432C-244B551E75FD","transform":{"columns":[[-0.27673304,-0.016416494,0.96080667,0],[-0.96006167,0.047626626,-0.2757048,0],[-0.04123387,-0.99873024,-0.028940713,0],[1.3055297,0.80301744,0.47926292,0.99999994]]}},"label":"ARImageAnchor didAdd"},{"content":{"transform":{"columns":[[-0.27673304,-0.016416494,0.96080667,0],[-0.96006167,0.047626626,-0.2757048,0],[-0.04123387,-0.99873024,-0.028940713,0],[1.3055297,0.80301744,0.47926292,0.99999994]]},"name":"Mandrill","identifier":"A19C2489-597B-2BED-432C-244B551E75FD"},"timestamp":1742642516.735619,"label":"ARImageAnchor didUpdate"},{"content":{"name":"Mandrill","identifier":"A19C2489-597B-2BED-432C-244B551E75FD","transform":{"columns":[[-0.27842417,-0.014879758,0.9603429,0],[-0.9596797,0.044558626,-0.27754152,0],[-0.03866182,-0.9988959,-0.026686003,0],[1.309113,0.80944455,0.47510853,0.9999999]]}},"label":"ARImageAnchor didUpdate","timestamp":1742642517.233937},{"timestamp":1742642517.268896,"label":"ARImageAnchor didUpdate","content":{"transform":{"columns":[[-0.27842417,-0.014879758,0.9603429,0],[-0.9596797,0.044558626,-0.27754152,0],[-0.03866182,-0.9988959,-0.026686003,0],[1.309113,0.80944455,0.47510853,0.9999999]]},"name":"Mandrill","identifier":"A19C2489-597B-2BED-432C-244B551E75FD"}},{"label":"ARImageAnchor didAdd","content":{"identifier":"61BB3DDD-C96C-6E82-3432-BD712CCBCB28","transform":{"columns":[[-0.2631146,-0.006765384,0.9647407,0],[-0.9646925,-0.010370316,-0.26317424,0],[0.011785136,-0.9999232,-0.003797936,0],[1.1699942,0.19550231,1.1943667,0.9999999]]},"name":"Peppers"},"timestamp":1742642518.858014},{"label":"ARImageAnchor didUpdate","timestamp":1742642518.868767,"content":{"transform":{"columns":[[-0.2631146,-0.006765384,0.9647407,0],[-0.9646925,-0.010370316,-0.26317424,0],[0.011785136,-0.9999232,-0.003797936,0],[1.1699942,0.19550231,1.1943667,0.9999999]]},"name":"Peppers","identifier":"61BB3DDD-C96C-6E82-3432-BD712CCBCB28"}},{"label":"Bunny didUpdate (ARKit)","content":{"transform":{"columns":[[0.9008892,0.0060641416,0.4340064,0],[-0.0030414723,0.99996597,-0.0076586534,0],[-0.43403813,0.005579581,0.9008771,0],[0.18274108,-0.5863473,-0.15292571,1]]},"identifier":"07E23DBC-89D0-430E-A702-E737B4F4BD2D","name":"bunny"},"timestamp":1742642526.563287},{"content":{"name":"Peppers","identifier":"61BB3DDD-C96C-6E82-3432-BD712CCBCB28","transform":{"columns":[[-0.28237826,-0.013912435,0.9592022,0],[-0.9592389,-0.0074696564,-0.28249744,0],[0.011095125,-0.99987525,-0.011236054,0],[1.1504521,0.1861104,1.2069064,0.9999999]]}},"timestamp":1742642531.6338391,"label":"ARImageAnchor didUpdate"},{"label":"ARImageAnchor didUpdate","content":{"transform":{"columns":[[-0.28237826,-0.013912435,0.9592022,0],[-0.9592389,-0.0074696564,-0.28249744,0],[0.011095125,-0.99987525,-0.011236054,0],[1.1504521,0.1861104,1.2069064,0.9999999]]},"identifier":"61BB3DDD-C96C-6E82-3432-BD712CCBCB28","name":"Peppers"},"timestamp":1742642531.667212}]