[{"timestamp":1742642247.701102,"label":"Application launched"},{"timestamp":1742642247.7012038,"label":"Initialize ARViewModel"},{"timestamp":1742642247.702045,"label":"Finished Initialize ARViewModel"},{"label":"Initialize RoomManager","timestamp":1742642247.702074},{"timestamp":1742642247.7020779,"label":"Initialize BeaconManager"},{"label":"Fininshed Initialize BeaconManager","timestamp":1742642247.7020922},{"timestamp":1742642247.702097,"label":"Fininshed Initialize RoomManager"},{"label":"Initialize CloudAnchorsManager","timestamp":1742642247.702101},{"timestamp":1742642247.702105,"label":"Fininshed Initialize CloudAnchorsManager"},{"label":"ContentView Initialize","timestamp":1742642247.702108},{"content":{"id":"3F39F93D-AB52-4382-80AA-E0ED5264C1F0","name":"Test Room"},"timestamp":1742642249.026671,"label":"Room Update"},{"content":{"name":"Test Room","id":"3F39F93D-AB52-4382-80AA-E0ED5264C1F0"},"timestamp":1742642249.02671,"label":"Pulling CloudAnchors Ids from Backend"},{"timestamp":1742642249.083231,"label":"Pulled CloudAnchors Ids from Backend","content":{"cloudAnchorsIds":["ua-eee15bae032a8930e41114ea906b4500"],"room":{"id":"3F39F93D-AB52-4382-80AA-E0ED5264C1F0","name":"Test Room"}}},{"label":"ARCore Update Bunny Anchor","timestamp":1742642265.142455,"content":{"identifier":"CFDCF6D1-82AE-48AC-AE7C-CB599DDACCC2","transform":{"columns":[[0.99049747,-0.0008762993,0.13752832,0],[0.0020132628,0.99996495,-0.00812824,0],[-0.13751638,0.008327882,0.9904645,0],[0.27845845,-0.5410147,-0.22759712,1]]}}},{"timestamp":1742642265.163379,"label":"Bunny didAdd (ARKit)","content":{"transform":{"columns":[[0.99049747,-0.0008762993,0.13752832,0],[0.0020132628,0.99996495,-0.00812824,0],[-0.13751638,0.008327882,0.9904645,0],[0.27845845,-0.5410147,-0.22759712,1]]},"name":"bunny","identifier":"D8C0A7A6-507B-4453-B85D-C1510C12667F"}},{"content":{"transform":{"columns":[[0.9995473,0.0066481773,0.029339006,0],[-0.029314535,-0.0037544135,0.99956316,0],[0.0067554214,-0.99997073,-0.003557862,0],[-0.043930136,-0.61041284,0.04393293,1]]},"name":"Car","identifier":"FF85DBE1-76D3-E459-2D24-8EDCEE263300"},"label":"ARImageAnchor didAdd","timestamp":1742642267.495693},{"label":"ARImageAnchor didUpdate","timestamp":1742642267.506429,"content":{"identifier":"FF85DBE1-76D3-E459-2D24-8EDCEE263300","transform":{"columns":[[0.9995473,0.0066481773,0.029339006,0],[-0.029314535,-0.0037544135,0.99956316,0],[0.0067554214,-0.99997073,-0.003557862,0],[-0.043930136,-0.61041284,0.04393293,1]]},"name":"Car"}},{"timestamp":1742642268.021025,"label":"ARImageAnchor didUpdate","content":{"name":"Car","transform":{"columns":[[0.9995439,0.011314678,0.027999882,0],[-0.028035648,0.0030181126,0.9996023,0],[0.011225676,-0.9999314,0.0033339765,0],[-0.045576595,-0.60504067,0.03741947,0.99999994]]},"identifier":"FF85DBE1-76D3-E459-2D24-8EDCEE263300"}},{"content":{"name":"Car","identifier":"FF85DBE1-76D3-E459-2D24-8EDCEE263300","transform":{"columns":[[0.9995439,0.011314678,0.027999882,0],[-0.028035648,0.0030181126,0.9996023,0],[0.011225676,-0.9999314,0.0033339765,0],[-0.045576595,-0.60504067,0.03741947,0.99999994]]}},"label":"ARImageAnchor didUpdate","timestamp":1742642268.038125},{"label":"ARImageAnchor didAdd","content":{"transform":{"columns":[[0.999951,-0.0024917696,-0.009577293,0],[0.009604285,0.011062491,0.9998926,0],[-0.0023855518,-0.9999356,0.01108588,0],[-1.0568813,0.65228546,-0.5041263,1]]},"name":"Earth","identifier":"088EF783-5990-B052-BE99-B8AA15BA6C68"},"timestamp":1742642271.1961331},{"content":{"identifier":"088EF783-5990-B052-BE99-B8AA15BA6C68","transform":{"columns":[[0.999951,-0.0024917696,-0.009577293,0],[0.009604285,0.011062491,0.9998926,0],[-0.0023855518,-0.9999356,0.01108588,0],[-1.0568813,0.65228546,-0.5041263,1]]},"name":"Earth"},"timestamp":1742642271.203018,"label":"ARImageAnchor didUpdate"},{"timestamp":1742642274.179016,"label":"Bunny didUpdate (ARKit)","content":{"name":"bunny","transform":{"columns":[[0.9905067,-0.0005312038,0.13746355,0],[0.0016155918,0.99996847,-0.0077770986,0],[-0.13745509,0.007925353,0.99047637,0],[0.27862498,-0.54090124,-0.22776301,0.99999994]]},"identifier":"D8C0A7A6-507B-4453-B85D-C1510C12667F"}},{"label":"ARImageAnchor didAdd","content":{"transform":{"columns":[[0.99977744,0.0026488807,-0.020925177,0],[0.020843286,0.027879782,0.9993939,0],[0.0032306642,-0.9996078,0.027818361,0],[0.79382896,0.82564664,-0.5123734,0.99999994]]},"identifier":"C35EAC54-3E90-1B97-807B-5E3B8F238DB7","name":"Sailboat"},"timestamp":1742642274.895063},{"label":"ARImageAnchor didUpdate","content":{"identifier":"C35EAC54-3E90-1B97-807B-5E3B8F238DB7","transform":{"columns":[[0.99977744,0.0026488807,-0.020925177,0],[0.020843286,0.027879782,0.9993939,0],[0.0032306642,-0.9996078,0.027818361,0],[0.79382896,0.82564664,-0.5123734,0.99999994]]},"name":"Sailboat"},"timestamp":1742642274.901547},{"content":{"identifier":"6BAD7D5D-D14A-EF93-1C8B-F6BEC80B8329","transform":{"columns":[[0.03553988,-0.027377073,-0.9989932,0],[0.99910575,-0.021936294,0.036145058,0],[-0.022903748,-0.99938434,0.026572974,0],[0.6325024,-0.61314017,-0.032321684,1]]},"name":"Lenna"},"label":"ARImageAnchor didAdd","timestamp":1742642277.011956},{"content":{"identifier":"6BAD7D5D-D14A-EF93-1C8B-F6BEC80B8329","name":"Lenna","transform":{"columns":[[0.03553988,-0.027377073,-0.9989932,0],[0.99910575,-0.021936294,0.036145058,0],[-0.022903748,-0.99938434,0.026572974,0],[0.6325024,-0.61314017,-0.032321684,1]]}},"timestamp":1742642277.017634,"label":"ARImageAnchor didUpdate"},{"timestamp":1742642277.518965,"content":{"name":"Lenna","identifier":"6BAD7D5D-D14A-EF93-1C8B-F6BEC80B8329","transform":{"columns":[[0.018672459,-0.033308793,-0.9992706,0],[0.9998256,0.0005446691,0.018664695,0],[-7.7427845e-05,-0.9994449,0.03331315,0],[0.64907753,-0.60412425,-0.032177247,1]]}},"label":"ARImageAnchor didUpdate"},{"content":{"identifier":"6BAD7D5D-D14A-EF93-1C8B-F6BEC80B8329","transform":{"columns":[[0.018672459,-0.033308793,-0.9992706,0],[0.9998256,0.0005446691,0.018664695,0],[-7.7427845e-05,-0.9994449,0.03331315,0],[0.64907753,-0.60412425,-0.032177247,1]]},"name":"Lenna"},"label":"ARImageAnchor didUpdate","timestamp":1742642277.535524},{"content":{"identifier":"A19C2489-597B-2BED-432C-244B551E75FD","name":"Mandrill","transform":{"columns":[[0.022193028,-0.015285202,0.99963677,0],[-0.9988256,0.042733192,0.022828398,0],[-0.043066602,-0.99896955,-0.014318874,0],[1.5326695,0.8389363,0.03477159,1]]}},"timestamp":1742642281.208169,"label":"ARImageAnchor didAdd"},{"label":"ARImageAnchor didUpdate","content":{"name":"Mandrill","identifier":"A19C2489-597B-2BED-432C-244B551E75FD","transform":{"columns":[[0.022193028,-0.015285202,0.99963677,0],[-0.9988256,0.042733192,0.022828398,0],[-0.043066602,-0.99896955,-0.014318874,0],[1.5326695,0.8389363,0.03477159,1]]}},"timestamp":1742642281.216508},{"timestamp":1742642282.2601461,"label":"ARImageAnchor didUpdate","content":{"transform":{"columns":[[0.037665125,-0.013173615,0.9992037,0],[-0.9982581,0.0449412,0.038221996,0],[-0.045408923,-0.9989027,-0.011457953,0],[1.5310096,0.8442069,0.03024003,1]]},"name":"Mandrill","identifier":"A19C2489-597B-2BED-432C-244B551E75FD"}},{"timestamp":1742642282.266231,"content":{"identifier":"A19C2489-597B-2BED-432C-244B551E75FD","transform":{"columns":[[0.037665125,-0.013173615,0.9992037,0],[-0.9982581,0.0449412,0.038221996,0],[-0.045408923,-0.9989027,-0.011457953,0],[1.5310096,0.8442069,0.03024003,1]]},"name":"Mandrill"},"label":"ARImageAnchor didUpdate"},{"content":{"identifier":"61BB3DDD-C96C-6E82-3432-BD712CCBCB28","transform":{"columns":[[0.030280422,-0.0054733236,0.9995265,0],[-0.99954146,-1.7581366e-05,0.030280776,0],[-0.00014816548,-0.999985,-0.0054713446,0],[1.6138219,0.22522506,0.7603677,1]]},"name":"Peppers"},"label":"ARImageAnchor didAdd","timestamp":1742642283.8077521},{"label":"ARImageAnchor didUpdate","content":{"identifier":"61BB3DDD-C96C-6E82-3432-BD712CCBCB28","name":"Peppers","transform":{"columns":[[0.030280422,-0.0054733236,0.9995265,0],[-0.99954146,-1.7581366e-05,0.030280776,0],[-0.00014816548,-0.999985,-0.0054713446,0],[1.6138219,0.22522506,0.7603677,1]]}},"timestamp":1742642283.826539}]