[{"timestamp":1742641015.823865,"label":"Application launched"},{"label":"Initialize ARViewModel","timestamp":1742641015.823962},{"timestamp":1742641015.82647,"label":"Finished Initialize ARViewModel"},{"label":"Initialize RoomManager","timestamp":1742641015.82649},{"label":"Initialize BeaconManager","timestamp":1742641015.826494},{"timestamp":1742641015.826505,"label":"Fininshed Initialize BeaconManager"},{"label":"Fininshed Initialize RoomManager","timestamp":1742641015.82651},{"timestamp":1742641015.826513,"label":"Initialize CloudAnchorsManager"},{"label":"Fininshed Initialize CloudAnchorsManager","timestamp":1742641015.826517},{"label":"ContentView Initialize","timestamp":1742641015.826521},{"content":{"name":"Test Room","id":"3F39F93D-AB52-4382-80AA-E0ED5264C1F0"},"label":"Room Update","timestamp":1742641017.18857},{"label":"Pulling CloudAnchors Ids from Backend","content":{"name":"Test Room","id":"3F39F93D-AB52-4382-80AA-E0ED5264C1F0"},"timestamp":1742641017.188647},{"content":{"cloudAnchorsIds":["ua-eee15bae032a8930e41114ea906b4500"],"room":{"id":"3F39F93D-AB52-4382-80AA-E0ED5264C1F0","name":"Test Room"}},"timestamp":1742641017.255302,"label":"Pulled CloudAnchors Ids from Backend"},{"timestamp":1742641058.228417,"content":{"identifier":"46C3C55A-05B3-4D93-BB9B-B34873A4AFA9","transform":{"columns":[[0.9963891,-0.023539215,-0.0815762,0],[0.024816336,0.99958426,0.01467704,0],[0.0811968,-0.016648466,0.996559,0],[0.16417049,-0.67375433,-0.5671966,1]]}},"label":"ARCore Update Bunny Anchor"},{"timestamp":1742641058.2514,"label":"Bunny didAdd (ARKit)","content":{"transform":{"columns":[[0.9963891,-0.023539215,-0.0815762,0],[0.024816336,0.99958426,0.01467704,0],[0.0811968,-0.016648466,0.996559,0],[0.16417049,-0.67375433,-0.5671966,1]]},"name":"bunny","identifier":"6CC68554-9E19-4D2F-AC87-EEAC075B0772"}},{"label":"ARImageAnchor didAdd","timestamp":1742641060.934644,"content":{"identifier":"6BAD7D5D-D14A-EF93-1C8B-F6BEC80B8329","name":"Lenna","transform":{"columns":[[-0.21363823,-0.03317247,-0.97634935,0],[0.9769124,-0.006483404,-0.21354116,0],[0.0007535877,-0.9994285,0.03379171,0],[0.57746625,-0.7327493,-0.4563361,0.99999994]]}}},{"label":"ARImageAnchor didUpdate","content":{"transform":{"columns":[[-0.21363823,-0.03317247,-0.97634935,0],[0.9769124,-0.006483404,-0.21354116,0],[0.0007535877,-0.9994285,0.03379171,0],[0.57746625,-0.7327493,-0.4563361,0.99999994]]},"identifier":"6BAD7D5D-D14A-EF93-1C8B-F6BEC80B8329","name":"Lenna"},"timestamp":1742641060.942899},{"label":"ARImageAnchor didAdd","timestamp":1742641063.05124,"content":{"name":"Sailboat","identifier":"C35EAC54-3E90-1B97-807B-5E3B8F238DB7","transform":{"columns":[[0.97082764,0.004013483,-0.23974404,0],[0.23959483,0.02279483,0.97060513,0],[0.00936043,-0.99973196,0.021168243,0],[0.5949138,0.69868946,-0.9544818,1]]}}},{"label":"ARImageAnchor didUpdate","timestamp":1742641063.069258,"content":{"name":"Sailboat","identifier":"C35EAC54-3E90-1B97-807B-5E3B8F238DB7","transform":{"columns":[[0.97082764,0.004013483,-0.23974404,0],[0.23959483,0.02279483,0.97060513,0],[0.00936043,-0.99973196,0.021168243,0],[0.5949138,0.69868946,-0.9544818,1]]}}},{"content":{"identifier":"A19C2489-597B-2BED-432C-244B551E75FD","name":"Mandrill","transform":{"columns":[[0.23195797,-0.00778875,0.97269434,0],[-0.970638,0.06362528,0.23197705,0],[-0.06369478,-0.9979434,0.007198339,0],[1.4358199,0.7288054,-0.5768254,0.99999994]]}},"timestamp":1742641068.350724,"label":"ARImageAnchor didAdd"},{"timestamp":1742641068.360295,"label":"ARImageAnchor didUpdate","content":{"name":"Mandrill","identifier":"A19C2489-597B-2BED-432C-244B551E75FD","transform":{"columns":[[0.23195797,-0.00778875,0.97269434,0],[-0.970638,0.06362528,0.23197705,0],[-0.06369478,-0.9979434,0.007198339,0],[1.4358199,0.7288054,-0.5768254,0.99999994]]}}},{"timestamp":1742641070.4693499,"label":"ARImageAnchor didAdd","content":{"name":"Peppers","identifier":"61BB3DDD-C96C-6E82-3432-BD712CCBCB28","transform":{"columns":[[0.23149171,-0.0034443117,0.9728306,0],[-0.9728312,0.0025411076,0.23150091,0],[-0.0032694296,-0.99999076,-0.002762488,0],[1.6750239,0.112496406,0.124234624,1]]}}},{"content":{"identifier":"61BB3DDD-C96C-6E82-3432-BD712CCBCB28","transform":{"columns":[[0.23149171,-0.0034443117,0.9728306,0],[-0.9728312,0.0025411076,0.23150091,0],[-0.0032694296,-0.99999076,-0.002762488,0],[1.6750239,0.112496406,0.124234624,1]]},"name":"Peppers"},"timestamp":1742641070.476213,"label":"ARImageAnchor didUpdate"},{"content":{"identifier":"6CC68554-9E19-4D2F-AC87-EEAC075B0772","name":"bunny","transform":{"columns":[[0.9963671,-0.023601905,-0.08182528,0],[0.024877016,0.9995838,0.014598941,0],[0.08144667,-0.016581476,0.99653965,0],[0.16406575,-0.6737674,-0.5671775,0.9999999]]}},"timestamp":1742641072.961911,"label":"Bunny didUpdate (ARKit)"},{"timestamp":1742641073.6171222,"label":"ARImageAnchor didAdd","content":{"name":"Car","identifier":"FF85DBE1-76D3-E459-2D24-8EDCEE263300","transform":{"columns":[[0.98353124,0.01604544,-0.18002379,0],[0.1797355,0.017901497,0.9835519,0],[0.01900421,-0.9997109,0.0147227645,0],[-0.09259963,-0.72873175,-0.23673056,1]]}}},{"timestamp":1742641073.6272721,"content":{"transform":{"columns":[[0.98353124,0.01604544,-0.18002379,0],[0.1797355,0.017901497,0.9835519,0],[0.01900421,-0.9997109,0.0147227645,0],[-0.09259963,-0.72873175,-0.23673056,1]]},"name":"Car","identifier":"FF85DBE1-76D3-E459-2D24-8EDCEE263300"},"label":"ARImageAnchor didUpdate"},{"content":{"name":"Earth","transform":{"columns":[[0.9579934,0.0055552656,-0.2867358,0],[0.28671998,-0.040576525,0.95715463,0],[-0.006317495,-0.9991608,-0.040464856,0],[-1.1839203,0.5147604,-0.5511651,1]]},"identifier":"088EF783-5990-B052-BE99-B8AA15BA6C68"},"timestamp":1742641076.7684321,"label":"ARImageAnchor didAdd"},{"label":"ARImageAnchor didUpdate","content":{"identifier":"088EF783-5990-B052-BE99-B8AA15BA6C68","name":"Earth","transform":{"columns":[[0.9579934,0.0055552656,-0.2867358,0],[0.28671998,-0.040576525,0.95715463,0],[-0.006317495,-0.9991608,-0.040464856,0],[-1.1839203,0.5147604,-0.5511651,1]]}},"timestamp":1742641076.774082},{"label":"ARImageAnchor didUpdate","content":{"identifier":"088EF783-5990-B052-BE99-B8AA15BA6C68","name":"Earth","transform":{"columns":[[0.9653377,0.0051499736,-0.26095343,0],[0.26100323,-0.021797497,0.9650917,0],[-0.00071792176,-0.9997492,-0.022386093,0],[-1.192957,0.51847047,-0.5529866,1.0000001]]}},"timestamp":1742641077.290551},{"timestamp":1742641077.307781,"label":"ARImageAnchor didUpdate","content":{"transform":{"columns":[[0.9653377,0.0051499736,-0.26095343,0],[0.26100323,-0.021797497,0.9650917,0],[-0.00071792176,-0.9997492,-0.022386093,0],[-1.192957,0.51847047,-0.5529866,1.0000001]]},"name":"Earth","identifier":"088EF783-5990-B052-BE99-B8AA15BA6C68"}},{"timestamp":1742641085.37366,"label":"Bunny didUpdate (ARKit)","content":{"transform":{"columns":[[0.9963738,-0.023558265,-0.08175856,0],[0.024837546,0.9995839,0.014665369,0],[0.081379056,-0.016642872,0.99654424,0],[0.16408098,-0.6737517,-0.5671989,1]]},"name":"bunny","identifier":"6CC68554-9E19-4D2F-AC87-EEAC075B0772"}}]