[{"label":"Application launched","timestamp":1742659378.079179},{"timestamp":1742659378.079616,"label":"Initialize ARViewModel"},{"label":"Finished Initialize ARViewModel","timestamp":1742659378.081526},{"timestamp":1742659378.081661,"label":"Initialize RoomManager"},{"timestamp":1742659378.0816832,"label":"Initialize BeaconManager"},{"label":"Fininshed Initialize BeaconManager","timestamp":1742659378.081739},{"timestamp":1742659378.081756,"label":"Fininshed Initialize RoomManager"},{"timestamp":1742659378.081769,"label":"Initialize CloudAnchorsManager"},{"timestamp":1742659378.0817819,"label":"Fininshed Initialize CloudAnchorsManager"},{"timestamp":1742659378.081794,"label":"ContentView Initialize"},{"content":{"id":"3F39F93D-AB52-4382-80AA-E0ED5264C1F0","name":"Test Room"},"timestamp":1742659379.400741,"label":"Room Update"},{"timestamp":1742659379.400778,"label":"Pulling CloudAnchors Ids from Backend","content":{"name":"Test Room","id":"3F39F93D-AB52-4382-80AA-E0ED5264C1F0"}},{"content":{"room":{"id":"3F39F93D-AB52-4382-80AA-E0ED5264C1F0","name":"Test Room"},"cloudAnchorsIds":["ua-eee15bae032a8930e41114ea906b4500"]},"label":"Pulled CloudAnchors Ids from Backend","timestamp":1742659379.459022},{"label":"ARCore Update Bunny Anchor","timestamp":1742659423.730233,"content":{"identifier":"9FA28658-1C72-44A1-90B9-A64AC0DF3C72","transform":{"columns":[[0.9964174,0.016901437,-0.0828657,0],[-0.019064657,0.999496,-0.02538369,0],[0.08239491,0.026872557,0.9962374,0],[0.12350182,-0.6242166,-0.18785964,1]]}}},{"content":{"identifier":"F3700CA5-EA5B-4509-88E8-4E39A75B4CF8","transform":{"columns":[[0.9964174,0.016901437,-0.0828657,0],[-0.019064657,0.999496,-0.02538369,0],[0.08239491,0.026872557,0.9962374,0],[0.12350182,-0.6242166,-0.18785964,1]]},"name":"bunny"},"timestamp":1742659423.786728,"label":"Bunny didAdd (ARKit)"},{"timestamp":1742659427.1285229,"label":"Bunny didUpdate (ARKit)","content":{"transform":{"columns":[[0.99642944,0.016974742,-0.08270524,0],[-0.019144379,0.99949116,-0.025511328,0],[0.0822301,0.027003575,0.9962474,0],[0.123593345,-0.62423337,-0.18775615,1]]},"identifier":"F3700CA5-EA5B-4509-88E8-4E39A75B4CF8","name":"bunny"}},{"label":"ARImageAnchor didAdd","content":{"name":"Car","transform":{"columns":[[0.9829756,0.012556333,-0.1833069,0],[0.18319322,0.00967866,0.98302925,0],[0.014117386,-0.99987423,0.0072136656,0],[-0.14101896,-0.7059329,0.1499736,1]]},"identifier":"FF85DBE1-76D3-E459-2D24-8EDCEE263300"},"timestamp":1742659427.652995},{"label":"ARImageAnchor didUpdate","content":{"transform":{"columns":[[0.9829756,0.012556333,-0.1833069,0],[0.18319322,0.00967866,0.98302925,0],[0.014117386,-0.99987423,0.0072136656,0],[-0.14101896,-0.7059329,0.1499736,1]]},"name":"Car","identifier":"FF85DBE1-76D3-E459-2D24-8EDCEE263300"},"timestamp":1742659427.66354},{"timestamp":1742659428.16308,"label":"ARImageAnchor didUpdate","content":{"transform":{"columns":[[0.98204327,0.01255543,-0.18823685,0],[0.18824564,0.00048965577,0.9821218,0],[0.012423129,-0.999921,-0.001882644,0],[-0.13769792,-0.6983802,0.1520305,1]]},"name":"Car","identifier":"FF85DBE1-76D3-E459-2D24-8EDCEE263300"}},{"label":"ARImageAnchor didUpdate","content":{"identifier":"FF85DBE1-76D3-E459-2D24-8EDCEE263300","name":"Car","transform":{"columns":[[0.98204327,0.01255543,-0.18823685,0],[0.18824564,0.00048965577,0.9821218,0],[0.012423129,-0.999921,-0.001882644,0],[-0.13769792,-0.6983802,0.1520305,1]]}},"timestamp":1742659428.196832},{"timestamp":1742659430.852854,"label":"ARImageAnchor didAdd","content":{"name":"Earth","identifier":"088EF783-5990-B052-BE99-B8AA15BA6C68","transform":{"columns":[[0.9690558,-0.0016639219,-0.24683607,0],[0.24678995,-0.0139368335,0.96896875,0],[-0.0050524003,-0.9999014,-0.013094927,0],[-1.2371101,0.5581106,-0.135133,1]]}}},{"label":"ARImageAnchor didUpdate","content":{"transform":{"columns":[[0.9690558,-0.0016639219,-0.24683607,0],[0.24678995,-0.0139368335,0.96896875,0],[-0.0050524003,-0.9999014,-0.013094927,0],[-1.2371101,0.5581106,-0.135133,1]]},"name":"Earth","identifier":"088EF783-5990-B052-BE99-B8AA15BA6C68"},"timestamp":1742659430.859309},{"label":"ARImageAnchor didUpdate","content":{"name":"Earth","identifier":"088EF783-5990-B052-BE99-B8AA15BA6C68","transform":{"columns":[[0.96438384,0.0012612927,-0.26450357,0],[0.26449764,-0.012812799,0.96430117,0],[-0.0021727555,-0.99991703,-0.01269007,0],[-1.2553467,0.56603193,-0.14521673,1]]}},"timestamp":1742659431.362385},{"content":{"identifier":"088EF783-5990-B052-BE99-B8AA15BA6C68","name":"Earth","transform":{"columns":[[0.96438384,0.0012612927,-0.26450357,0],[0.26449764,-0.012812799,0.96430117,0],[-0.0021727555,-0.99991703,-0.01269007,0],[-1.2553467,0.56603193,-0.14521673,1]]}},"timestamp":1742659431.395637,"label":"ARImageAnchor didUpdate"},{"content":{"transform":{"columns":[[0.9964406,0.01679635,-0.082608685,0],[-0.018964535,0.99949396,-0.025532177,0],[0.08213804,0.027007928,0.9962549,0],[0.123507164,-0.62426674,-0.1877287,1.0000001]]},"name":"bunny","identifier":"F3700CA5-EA5B-4509-88E8-4E39A75B4CF8"},"timestamp":1742659434.4296799,"label":"Bunny didUpdate (ARKit)"},{"label":"ARImageAnchor didAdd","timestamp":1742659436.1857328,"content":{"transform":{"columns":[[-0.21447264,-0.029353285,-0.97628886,0],[0.9755496,-0.05556422,-0.21263964,0],[-0.04800505,-0.9980235,0.040552594,0],[0.5349742,-0.7059406,-0.07833296,1]]},"name":"Lenna","identifier":"6BAD7D5D-D14A-EF93-1C8B-F6BEC80B8329"}},{"content":{"identifier":"6BAD7D5D-D14A-EF93-1C8B-F6BEC80B8329","name":"Lenna","transform":{"columns":[[-0.21447264,-0.029353285,-0.97628886,0],[0.9755496,-0.05556422,-0.21263964,0],[-0.04800505,-0.9980235,0.040552594,0],[0.5349742,-0.7059406,-0.07833296,1]]}},"timestamp":1742659436.196608,"label":"ARImageAnchor didUpdate"},{"content":{"name":"Lenna","identifier":"6BAD7D5D-D14A-EF93-1C8B-F6BEC80B8329","transform":{"columns":[[-0.22562595,-0.039050624,-0.97343105,0],[0.973658,-0.042790413,-0.22396195,0],[-0.03290769,-0.9983206,0.047676586,0],[0.5364462,-0.7000184,-0.07839498,1]]}},"timestamp":1742659436.692414,"label":"ARImageAnchor didUpdate"},{"content":{"identifier":"6BAD7D5D-D14A-EF93-1C8B-F6BEC80B8329","name":"Lenna","transform":{"columns":[[-0.22562595,-0.039050624,-0.97343105,0],[0.973658,-0.042790413,-0.22396195,0],[-0.03290769,-0.9983206,0.047676586,0],[0.5364462,-0.7000184,-0.07839498,1]]}},"timestamp":1742659436.729264,"label":"ARImageAnchor didUpdate"},{"content":{"transform":{"columns":[[0.96522516,0.00705302,-0.26132452,0],[0.2614183,-0.022807805,0.964956,0],[0.0008456107,-0.999715,-0.023858458,0],[0.5551293,0.7276436,-0.58452797,1]]},"identifier":"C35EAC54-3E90-1B97-807B-5E3B8F238DB7","name":"Sailboat"},"timestamp":1742659440.485445,"label":"ARImageAnchor didAdd"},{"timestamp":1742659440.495453,"content":{"identifier":"C35EAC54-3E90-1B97-807B-5E3B8F238DB7","transform":{"columns":[[0.96522516,0.00705302,-0.26132452,0],[0.2614183,-0.022807805,0.964956,0],[0.0008456107,-0.999715,-0.023858458,0],[0.5551293,0.7276436,-0.58452797,1]]},"name":"Sailboat"},"label":"ARImageAnchor didUpdate"},{"label":"ARImageAnchor didUpdate","timestamp":1742659440.9921079,"content":{"transform":{"columns":[[0.9666909,0.003847842,-0.25591755,0],[0.25583804,0.014572813,0.9666098,0],[0.0074488,-0.99988633,0.013102984,0],[0.5548478,0.7373995,-0.5864427,0.99999994]]},"identifier":"C35EAC54-3E90-1B97-807B-5E3B8F238DB7","name":"Sailboat"}},{"content":{"identifier":"C35EAC54-3E90-1B97-807B-5E3B8F238DB7","transform":{"columns":[[0.9666909,0.003847842,-0.25591755,0],[0.25583804,0.014572813,0.9666098,0],[0.0074488,-0.99988633,0.013102984,0],[0.5548478,0.7373995,-0.5864427,0.99999994]]},"name":"Sailboat"},"label":"ARImageAnchor didUpdate","timestamp":1742659441.027879},{"timestamp":1742659442.6520371,"content":{"identifier":"A19C2489-597B-2BED-432C-244B551E75FD","transform":{"columns":[[0.22226295,-0.011990454,0.97491306,0],[-0.9706988,0.090955235,0.22242078,0],[-0.09134037,-0.9957827,0.008576854,0],[1.3917413,0.76325506,-0.20846525,1]]},"name":"Mandrill"},"label":"ARImageAnchor didAdd"},{"timestamp":1742659442.6619601,"content":{"identifier":"A19C2489-597B-2BED-432C-244B551E75FD","transform":{"columns":[[0.22226295,-0.011990454,0.97491306,0],[-0.9706988,0.090955235,0.22242078,0],[-0.09134037,-0.9957827,0.008576854,0],[1.3917413,0.76325506,-0.20846525,1]]},"name":"Mandrill"},"label":"ARImageAnchor didUpdate"},{"content":{"name":"Mandrill","identifier":"A19C2489-597B-2BED-432C-244B551E75FD","transform":{"columns":[[0.23539974,-0.011102917,0.97183514,0],[-0.9700841,0.05838812,0.23564263,0],[-0.05935997,-0.998232,0.002973786,0],[1.3828281,0.76458037,-0.20796846,1]]}},"timestamp":1742659443.161279,"label":"ARImageAnchor didUpdate"},{"timestamp":1742659443.194497,"label":"ARImageAnchor didUpdate","content":{"identifier":"A19C2489-597B-2BED-432C-244B551E75FD","transform":{"columns":[[0.23539974,-0.011102917,0.97183514,0],[-0.9700841,0.05838812,0.23564263,0],[-0.05935997,-0.998232,0.002973786,0],[1.3828281,0.76458037,-0.20796846,1]]},"name":"Mandrill"}},{"timestamp":1742659445.318403,"label":"ARImageAnchor didAdd","content":{"name":"Peppers","identifier":"61BB3DDD-C96C-6E82-3432-BD712CCBCB28","transform":{"columns":[[0.25502887,-0.007407228,0.966905,0],[-0.9668703,-0.01337353,0.25491726,0],[0.011042675,-0.99988306,-0.010572459,0],[1.6356841,0.14835125,0.4843979,1]]}}},{"content":{"name":"Peppers","transform":{"columns":[[0.25502887,-0.007407228,0.966905,0],[-0.9668703,-0.01337353,0.25491726,0],[0.011042675,-0.99988306,-0.010572459,0],[1.6356841,0.14835125,0.4843979,1]]},"identifier":"61BB3DDD-C96C-6E82-3432-BD712CCBCB28"},"label":"ARImageAnchor didUpdate","timestamp":1742659445.328531},{"timestamp":1742659445.8269172,"label":"ARImageAnchor didUpdate","content":{"name":"Peppers","transform":{"columns":[[0.23525642,-0.0075105205,0.9719043,0],[-0.9718098,-0.0177626,0.23509626,0],[0.015497845,-0.999814,-0.011477559,0],[1.6307441,0.15033242,0.48248002,1]]},"identifier":"61BB3DDD-C96C-6E82-3432-BD712CCBCB28"}},{"timestamp":1742659445.862967,"label":"ARImageAnchor didUpdate","content":{"identifier":"61BB3DDD-C96C-6E82-3432-BD712CCBCB28","name":"Peppers","transform":{"columns":[[0.23525642,-0.0075105205,0.9719043,0],[-0.9718098,-0.0177626,0.23509626,0],[0.015497845,-0.999814,-0.011477559,0],[1.6307441,0.15033242,0.48248002,1]]}}},{"timestamp":1742659449.728744,"content":{"name":"bunny","transform":{"columns":[[0.99644655,0.01689139,-0.08251584,0],[-0.019075962,0.99948585,-0.025758326,0],[0.082038365,0.027240869,0.99625677,0],[0.12360116,-0.6243027,-0.18757418,0.9999999]]},"identifier":"F3700CA5-EA5B-4509-88E8-4E39A75B4CF8"},"label":"Bunny didUpdate (ARKit)"},{"content":{"name":"bunny","identifier":"F3700CA5-EA5B-4509-88E8-4E39A75B4CF8","transform":{"columns":[[0.9964478,0.016888639,-0.08250026,0],[-0.019072697,0.99948585,-0.025757376,0],[0.08202289,0.027239393,0.99625814,0],[0.123603195,-0.62430286,-0.18757239,1]]}},"timestamp":1742659450.027986,"label":"Bunny didUpdate (ARKit)"},{"timestamp":1742659450.327218,"content":{"name":"bunny","identifier":"F3700CA5-EA5B-4509-88E8-4E39A75B4CF8","transform":{"columns":[[0.9964484,0.016886562,-0.08249331,0],[-0.01907054,0.99948573,-0.025758816,0],[0.08201597,0.027240535,0.9962586,0],[0.12360365,-0.62430346,-0.18757042,0.9999999]]}},"label":"Bunny didUpdate (ARKit)"},{"label":"Bunny didUpdate (ARKit)","content":{"transform":{"columns":[[0.9964484,0.016886562,-0.08249331,0],[-0.019070536,0.99948555,-0.02575881,0],[0.08201597,0.027240535,0.9962586,0],[0.12360365,-0.62430346,-0.18757042,0.9999999]]},"name":"bunny","identifier":"F3700CA5-EA5B-4509-88E8-4E39A75B4CF8"},"timestamp":1742659450.428998},{"label":"Bunny didUpdate (ARKit)","timestamp":1742659453.528446,"content":{"identifier":"F3700CA5-EA5B-4509-88E8-4E39A75B4CF8","transform":{"columns":[[0.9964568,0.016866071,-0.082396634,0],[-0.019050417,0.99948484,-0.025796399,0],[0.08191915,0.02727471,0.9962657,0],[0.12361647,-0.6243151,-0.18753242,1]]},"name":"bunny"}},{"label":"ARImageAnchor didUpdate","content":{"transform":{"columns":[[0.26039436,-0.005768515,0.96548504,0],[-0.9654504,-0.011918082,0.2603138,0],[0.010005088,-0.99991226,-0.008672615,0],[1.6595638,0.14020342,0.49062252,1]]},"name":"Peppers","identifier":"61BB3DDD-C96C-6E82-3432-BD712CCBCB28"},"timestamp":1742659455.427678},{"content":{"identifier":"61BB3DDD-C96C-6E82-3432-BD712CCBCB28","name":"Peppers","transform":{"columns":[[0.26039436,-0.005768515,0.96548504,0],[-0.9654504,-0.011918082,0.2603138,0],[0.010005088,-0.99991226,-0.008672615,0],[1.6595638,0.14020342,0.49062252,1]]}},"timestamp":1742659455.460644,"label":"ARImageAnchor didUpdate"},{"label":"ARImageAnchor didUpdate","content":{"name":"Mandrill","identifier":"A19C2489-597B-2BED-432C-244B551E75FD","transform":{"columns":[[0.2443767,-0.012811304,0.96959585,0],[-0.96863204,0.043258045,0.24470532,0],[-0.045077812,-0.9989818,-0.0018381878,0],[1.4089241,0.76353455,-0.20878042,1.0000001]]}},"timestamp":1742659457.028784},{"content":{"transform":{"columns":[[0.2443767,-0.012811304,0.96959585,0],[-0.96863204,0.043258045,0.24470532,0],[-0.045077812,-0.9989818,-0.0018381878,0],[1.4089241,0.76353455,-0.20878042,1.0000001]]},"name":"Mandrill","identifier":"A19C2489-597B-2BED-432C-244B551E75FD"},"label":"ARImageAnchor didUpdate","timestamp":1742659457.0590181},{"content":{"name":"Sailboat","transform":{"columns":[[0.9702742,0.0037059805,-0.24197955,0],[0.24199343,-0.0039024362,0.97027004,0],[0.0026514928,-0.9999854,-0.0046832557,0],[0.5651766,0.73852324,-0.58351886,1]]},"identifier":"C35EAC54-3E90-1B97-807B-5E3B8F238DB7"},"label":"ARImageAnchor didUpdate","timestamp":1742659458.6255178},{"timestamp":1742659458.6589642,"content":{"identifier":"C35EAC54-3E90-1B97-807B-5E3B8F238DB7","transform":{"columns":[[0.9702742,0.0037059805,-0.24197955,0],[0.24199343,-0.0039024362,0.97027004,0],[0.0026514928,-0.9999854,-0.0046832557,0],[0.5651766,0.73852324,-0.58351886,1]]},"name":"Sailboat"},"label":"ARImageAnchor didUpdate"},{"timestamp":1742659461.227748,"label":"Bunny didUpdate (ARKit)","content":{"identifier":"F3700CA5-EA5B-4509-88E8-4E39A75B4CF8","name":"bunny","transform":{"columns":[[0.9964602,0.016894607,-0.08234891,0],[-0.019077769,0.9994842,-0.025796857,0],[0.08187069,0.027276602,0.9962696,0],[0.123645745,-0.6243103,-0.18752503,0.9999999]]}}}]