[{"timestamp":1742642295.368855,"label":"Application launched"},{"timestamp":1742642295.369071,"label":"Initialize ARViewModel"},{"label":"Finished Initialize ARViewModel","timestamp":1742642295.370399},{"timestamp":1742642295.370424,"label":"Initialize RoomManager"},{"timestamp":1742642295.370428,"label":"Initialize BeaconManager"},{"timestamp":1742642295.370438,"label":"Fininshed Initialize BeaconManager"},{"timestamp":1742642295.3704429,"label":"Fininshed Initialize RoomManager"},{"label":"Initialize CloudAnchorsManager","timestamp":1742642295.3704472},{"timestamp":1742642295.370451,"label":"Fininshed Initialize CloudAnchorsManager"},{"label":"ContentView Initialize","timestamp":1742642295.370455},{"label":"Room Update","timestamp":1742642296.681153,"content":{"id":"3F39F93D-AB52-4382-80AA-E0ED5264C1F0","name":"Test Room"}},{"timestamp":1742642296.681196,"label":"Pulling CloudAnchors Ids from Backend","content":{"name":"Test Room","id":"3F39F93D-AB52-4382-80AA-E0ED5264C1F0"}},{"timestamp":1742642296.735538,"label":"Pulled CloudAnchors Ids from Backend","content":{"cloudAnchorsIds":["ua-eee15bae032a8930e41114ea906b4500"],"room":{"id":"3F39F93D-AB52-4382-80AA-E0ED5264C1F0","name":"Test Room"}}},{"label":"ARCore Update Bunny Anchor","timestamp":1742642300.367663,"content":{"identifier":"3C3D5F1D-AE13-4910-8DE1-75BAF124E564","transform":{"columns":[[0.97354496,0.03563531,0.2256998,0],[-0.032143366,0.9993002,-0.019128798,0],[-0.22622351,0.011367994,0.9740091,0],[0.24574922,-0.6064167,-0.5849761,1]]}}},{"timestamp":1742642300.388787,"label":"Bunny didAdd (ARKit)","content":{"name":"bunny","transform":{"columns":[[0.97354496,0.03563531,0.2256998,0],[-0.032143366,0.9993002,-0.019128798,0],[-0.22622351,0.011367994,0.9740091,0],[0.24574922,-0.6064167,-0.5849761,1]]},"identifier":"B6A14579-1111-49E6-B765-8CBD4BE02905"}},{"label":"ARImageAnchor didAdd","timestamp":1742642303.0218148,"content":{"transform":{"columns":[[0.9969058,0.0097459555,0.07799672,0],[-0.0780354,0.0036549696,0.9969437,0],[0.009431099,-0.9999457,0.0044041453,0],[-0.091457844,-0.69276875,-0.33533585,1]]},"name":"Car","identifier":"FF85DBE1-76D3-E459-2D24-8EDCEE263300"}},{"content":{"identifier":"FF85DBE1-76D3-E459-2D24-8EDCEE263300","transform":{"columns":[[0.9969058,0.0097459555,0.07799672,0],[-0.0780354,0.0036549696,0.9969437,0],[0.009431099,-0.9999457,0.0044041453,0],[-0.091457844,-0.69276875,-0.33533585,1]]},"name":"Car"},"timestamp":1742642303.032301,"label":"ARImageAnchor didUpdate"},{"content":{"identifier":"FF85DBE1-76D3-E459-2D24-8EDCEE263300","transform":{"columns":[[0.9971719,0.013517409,0.07392668,0],[-0.07406729,0.010210917,0.9972008,0],[0.012724709,-0.9998565,0.011183235,0],[-0.0916158,-0.6862451,-0.33847135,1]]},"name":"Car"},"timestamp":1742642303.54698,"label":"ARImageAnchor didUpdate"},{"label":"ARImageAnchor didUpdate","content":{"name":"Car","identifier":"FF85DBE1-76D3-E459-2D24-8EDCEE263300","transform":{"columns":[[0.9971719,0.013517409,0.07392668,0],[-0.07406729,0.010210917,0.9972008,0],[0.012724709,-0.9998565,0.011183235,0],[-0.0916158,-0.6862451,-0.33847135,1]]}},"timestamp":1742642303.5653691},{"content":{"name":"Earth","transform":{"columns":[[0.99995697,-0.00088882115,-0.009231116,0],[0.009238984,0.009271521,0.9999143,0],[-0.00080315286,-0.99995655,0.009279351,0],[-1.0720909,0.56947434,-0.9348258,1.0000001]]},"identifier":"088EF783-5990-B052-BE99-B8AA15BA6C68"},"timestamp":1742642306.689825,"label":"ARImageAnchor didAdd"},{"timestamp":1742642306.695584,"label":"ARImageAnchor didUpdate","content":{"name":"Earth","identifier":"088EF783-5990-B052-BE99-B8AA15BA6C68","transform":{"columns":[[0.99995697,-0.00088882115,-0.009231116,0],[0.009238984,0.009271521,0.9999143,0],[-0.00080315286,-0.99995655,0.009279351,0],[-1.0720909,0.56947434,-0.9348258,1.0000001]]}}},{"label":"ARImageAnchor didUpdate","timestamp":1742642307.2403321,"content":{"transform":{"columns":[[0.99993837,-0.0007930417,0.011067294,0],[-0.011068161,-0.0011173584,0.9999381,0],[-0.00078062294,-0.999999,-0.0011260569,0],[-1.0783678,0.57166314,-0.9381328,1]]},"name":"Earth","identifier":"088EF783-5990-B052-BE99-B8AA15BA6C68"}},{"timestamp":1742642307.246839,"label":"ARImageAnchor didUpdate","content":{"name":"Earth","identifier":"088EF783-5990-B052-BE99-B8AA15BA6C68","transform":{"columns":[[0.99993837,-0.0007930417,0.011067294,0],[-0.011068161,-0.0011173584,0.9999381,0],[-0.00078062294,-0.999999,-0.0011260569,0],[-1.0783678,0.57166314,-0.9381328,1]]}}},{"label":"ARImageAnchor didAdd","content":{"transform":{"columns":[[0.043393634,-0.03890109,-0.9983002,0],[0.99885404,-0.018494172,0.044138376,0],[-0.020179754,-0.99907184,0.038053993,0],[0.6072439,-0.6902633,-0.3894528,1]]},"name":"Lenna","identifier":"6BAD7D5D-D14A-EF93-1C8B-F6BEC80B8329"},"timestamp":1742642310.39087},{"timestamp":1742642310.396657,"label":"ARImageAnchor didUpdate","content":{"identifier":"6BAD7D5D-D14A-EF93-1C8B-F6BEC80B8329","transform":{"columns":[[0.043393634,-0.03890109,-0.9983002,0],[0.99885404,-0.018494172,0.044138376,0],[-0.020179754,-0.99907184,0.038053993,0],[0.6072439,-0.6902633,-0.3894528,1]]},"name":"Lenna"}},{"content":{"identifier":"6BAD7D5D-D14A-EF93-1C8B-F6BEC80B8329","name":"Lenna","transform":{"columns":[[0.039340664,-0.033218972,-0.99867344,0],[0.9977026,-0.05385697,0.041093864,0],[-0.05515059,-0.9979959,0.031023886,0],[0.6129973,-0.68708783,-0.3835597,1]]}},"timestamp":1742642310.91437,"label":"ARImageAnchor didUpdate"},{"timestamp":1742642310.931006,"label":"ARImageAnchor didUpdate","content":{"transform":{"columns":[[0.039340664,-0.033218972,-0.99867344,0],[0.9977026,-0.05385697,0.041093864,0],[-0.05515059,-0.9979959,0.031023886,0],[0.6129973,-0.68708783,-0.3835597,1]]},"identifier":"6BAD7D5D-D14A-EF93-1C8B-F6BEC80B8329","name":"Lenna"}},{"label":"ARImageAnchor didAdd","timestamp":1742642313.520848,"content":{"identifier":"C35EAC54-3E90-1B97-807B-5E3B8F238DB7","transform":{"columns":[[0.9994287,0.0065086796,0.033158164,0],[-0.03301996,-0.020300487,0.99924827,0],[0.0071769147,-0.99977267,-0.020073975,0],[0.7691498,0.7348432,-0.8543555,1]]},"name":"Sailboat"}},{"label":"ARImageAnchor didUpdate","content":{"name":"Sailboat","identifier":"C35EAC54-3E90-1B97-807B-5E3B8F238DB7","transform":{"columns":[[0.9994287,0.0065086796,0.033158164,0],[-0.03301996,-0.020300487,0.99924827,0],[0.0071769147,-0.99977267,-0.020073975,0],[0.7691498,0.7348432,-0.8543555,1]]}},"timestamp":1742642313.528997},{"content":{"identifier":"A19C2489-597B-2BED-432C-244B551E75FD","name":"Mandrill","transform":{"columns":[[-0.03937382,-0.015142436,0.9991096,0],[-0.9979753,0.050576385,-0.03856259,0],[-0.049947415,-0.9986053,-0.017103165,0],[1.4675183,0.7620642,-0.2727735,1]]}},"timestamp":1742642316.153964,"label":"ARImageAnchor didAdd"},{"label":"ARImageAnchor didUpdate","timestamp":1742642316.163093,"content":{"transform":{"columns":[[-0.03937382,-0.015142436,0.9991096,0],[-0.9979753,0.050576385,-0.03856259,0],[-0.049947415,-0.9986053,-0.017103165,0],[1.4675183,0.7620642,-0.2727735,1]]},"name":"Mandrill","identifier":"A19C2489-597B-2BED-432C-244B551E75FD"}},{"content":{"name":"Peppers","identifier":"61BB3DDD-C96C-6E82-3432-BD712CCBCB28","transform":{"columns":[[-0.01904207,-0.007262894,0.9997923,0],[-0.9996716,-0.017007152,-0.019163352,0],[0.017142795,-0.99982893,-0.0069366624,0],[1.5127411,0.14318281,0.46306214,1]]}},"label":"ARImageAnchor didAdd","timestamp":1742642317.753827},{"timestamp":1742642317.761804,"label":"ARImageAnchor didUpdate","content":{"name":"Peppers","identifier":"61BB3DDD-C96C-6E82-3432-BD712CCBCB28","transform":{"columns":[[-0.01904207,-0.007262894,0.9997923,0],[-0.9996716,-0.017007152,-0.019163352,0],[0.017142795,-0.99982893,-0.0069366624,0],[1.5127411,0.14318281,0.46306214,1]]}}}]