[{"label":"Application launched","timestamp":1742631611.008306},{"timestamp":1742631611.008501,"label":"Initialize ARViewModel"},{"label":"Finished Initialize ARViewModel","timestamp":1742631611.01032},{"timestamp":1742631611.0103369,"label":"Initialize RoomManager"},{"timestamp":1742631611.0103412,"label":"Initialize BeaconManager"},{"label":"Fininshed Initialize BeaconManager","timestamp":1742631611.0103579},{"label":"Fininshed Initialize RoomManager","timestamp":1742631611.010363},{"timestamp":1742631611.010367,"label":"Initialize CloudAnchorsManager"},{"timestamp":1742631611.010371,"label":"Fininshed Initialize CloudAnchorsManager"},{"label":"ContentView Initialize","timestamp":1742631611.010375},{"timestamp":1742631612.285655,"content":{"name":"Test Room","id":"3F39F93D-AB52-4382-80AA-E0ED5264C1F0"},"label":"Room Update"},{"timestamp":1742631612.2856898,"label":"Pulling CloudAnchors Ids from Backend","content":{"id":"3F39F93D-AB52-4382-80AA-E0ED5264C1F0","name":"Test Room"}},{"content":{"cloudAnchorsIds":["ua-86342b65eff50124c5d05bbb9af5e4ff"],"room":{"id":"3F39F93D-AB52-4382-80AA-E0ED5264C1F0","name":"Test Room"}},"timestamp":1742631612.342051,"label":"Pulled CloudAnchors Ids from Backend"},{"timestamp":1742631686.845366,"label":"ARCore Update Bunny Anchor","content":{"identifier":"FEDC788F-917F-43BB-B682-B5CBA40FD2C1","transform":{"columns":[[0.9992591,0.011305484,-0.036788594,0],[-0.011180996,0.99993104,0.0035878667,0],[0.03682662,-0.0031738754,0.99931663,0],[-0.16665702,-0.5776042,-0.24482727,1]]}}},{"label":"Bunny didAdd (ARKit)","timestamp":1742631686.8691359,"content":{"transform":{"columns":[[0.9992591,0.011305484,-0.036788594,0],[-0.011180996,0.99993104,0.0035878667,0],[0.03682662,-0.0031738754,0.99931663,0],[-0.16665702,-0.5776042,-0.24482727,1]]},"name":"bunny","identifier":"AC4D2FBF-5979-472C-8BFF-25827F0195B4"}},{"label":"ARImageAnchor didAdd","content":{"transform":{"columns":[[0.9979096,0.015278735,0.06279299,0],[-0.06292365,0.008225822,0.9979844,0],[0.014731416,-0.9998494,0.009170048,0],[-0.5185062,-0.6326422,0.017011583,1]]},"identifier":"FF85DBE1-76D3-E459-2D24-8EDCEE263300","name":"Car"},"timestamp":1742631690.269053},{"content":{"identifier":"FF85DBE1-76D3-E459-2D24-8EDCEE263300","transform":{"columns":[[0.9979096,0.015278735,0.06279299,0],[-0.06292365,0.008225822,0.9979844,0],[0.014731416,-0.9998494,0.009170048,0],[-0.5185062,-0.6326422,0.017011583,1]]},"name":"Car"},"timestamp":1742631690.278338,"label":"ARImageAnchor didUpdate"},{"timestamp":1742631693.420582,"label":"ARImageAnchor didAdd","content":{"name":"Earth","identifier":"088EF783-5990-B052-BE99-B8AA15BA6C68","transform":{"columns":[[0.99980533,-0.0040124482,0.019320061,0],[-0.01945197,-0.03595055,0.9991642,0],[-0.0033145293,-0.9993454,-0.0360216,0],[-1.5133013,0.6244191,-0.54805547,1]]}}},{"timestamp":1742631693.4267092,"label":"ARImageAnchor didUpdate","content":{"name":"Earth","transform":{"columns":[[0.99980533,-0.0040124482,0.019320061,0],[-0.01945197,-0.03595055,0.9991642,0],[-0.0033145293,-0.9993454,-0.0360216,0],[-1.5133013,0.6244191,-0.54805547,1]]},"identifier":"088EF783-5990-B052-BE99-B8AA15BA6C68"}},{"label":"ARImageAnchor didAdd","timestamp":1742631698.118397,"content":{"name":"Lenna","identifier":"6BAD7D5D-D14A-EF93-1C8B-F6BEC80B8329","transform":{"columns":[[0.013806618,-0.022101564,-0.9996604,0],[0.9986162,-0.050431952,0.014907195,0],[-0.050744314,-0.9984828,0.021374652,0],[0.19745137,-0.6324531,-0.039361008,0.99999994]]}}},{"timestamp":1742631698.128008,"content":{"transform":{"columns":[[0.013806618,-0.022101564,-0.9996604,0],[0.9986162,-0.050431952,0.014907195,0],[-0.050744314,-0.9984828,0.021374652,0],[0.19745137,-0.6324531,-0.039361008,0.99999994]]},"name":"Lenna","identifier":"6BAD7D5D-D14A-EF93-1C8B-F6BEC80B8329"},"label":"ARImageAnchor didUpdate"},{"label":"Bunny didUpdate (ARKit)","content":{"name":"bunny","transform":{"columns":[[0.9992503,0.011189013,-0.037061125,0],[-0.011062417,0.9999321,0.0036191333,0],[0.037099116,-0.0032064344,0.9993064,0],[-0.16669476,-0.5776015,-0.24483012,0.9999999]]},"identifier":"AC4D2FBF-5979-472C-8BFF-25827F0195B4"},"timestamp":1742631700.643427},{"label":"ARImageAnchor didAdd","timestamp":1742631700.737296,"content":{"name":"Sailboat","transform":{"columns":[[0.99918705,-0.0035764475,0.040155757,0],[-0.0401783,-0.006470109,0.9991716,0],[-0.0033136767,-0.9999726,-0.0066085393,0],[0.32966977,0.8002754,-0.51620567,1]]},"identifier":"C35EAC54-3E90-1B97-807B-5E3B8F238DB7"}},{"content":{"identifier":"C35EAC54-3E90-1B97-807B-5E3B8F238DB7","transform":{"columns":[[0.99918705,-0.0035764475,0.040155757,0],[-0.0401783,-0.006470109,0.9991716,0],[-0.0033136767,-0.9999726,-0.0066085393,0],[0.32966977,0.8002754,-0.51620567,1]]},"name":"Sailboat"},"timestamp":1742631700.741994,"label":"ARImageAnchor didUpdate"},{"label":"ARImageAnchor didAdd","timestamp":1742631702.8872619,"content":{"transform":{"columns":[[-0.014050265,-0.014383969,0.99979776,0],[-0.9987418,0.0483413,-0.013339895,0],[-0.04813965,-0.99872726,-0.015045064,0],[1.0477631,0.8274784,0.046714403,1]]},"name":"Mandrill","identifier":"A19C2489-597B-2BED-432C-244B551E75FD"}},{"timestamp":1742631702.892457,"label":"ARImageAnchor didUpdate","content":{"identifier":"A19C2489-597B-2BED-432C-244B551E75FD","transform":{"columns":[[-0.014050265,-0.014383969,0.99979776,0],[-0.9987418,0.0483413,-0.013339895,0],[-0.04813965,-0.99872726,-0.015045064,0],[1.0477631,0.8274784,0.046714403,1]]},"name":"Mandrill"}},{"timestamp":1742631704.986786,"label":"ARImageAnchor didAdd","content":{"transform":{"columns":[[-0.028801873,-0.0010508113,0.9995845,0],[-0.9994641,0.015587139,-0.028782006,0],[-0.015550409,-0.9998778,-0.0014991881,0],[1.1123735,0.20516133,0.7878528,0.99999994]]},"identifier":"61BB3DDD-C96C-6E82-3432-BD712CCBCB28","name":"Peppers"}},{"timestamp":1742631704.993061,"label":"ARImageAnchor didUpdate","content":{"transform":{"columns":[[-0.028801873,-0.0010508113,0.9995845,0],[-0.9994641,0.015587139,-0.028782006,0],[-0.015550409,-0.9998778,-0.0014991881,0],[1.1123735,0.20516133,0.7878528,0.99999994]]},"name":"Peppers","identifier":"61BB3DDD-C96C-6E82-3432-BD712CCBCB28"}},{"content":{"transform":{"columns":[[-0.018668659,-0.0053053186,0.99981165,0],[-0.9998078,-0.005891801,-0.018699845,0],[0.00598991,-0.9999686,-0.0051943073,0],[1.1103241,0.20692706,0.7810407,1]]},"name":"Peppers","identifier":"61BB3DDD-C96C-6E82-3432-BD712CCBCB28"},"timestamp":1742631705.5209532,"label":"ARImageAnchor didUpdate"},{"content":{"name":"Peppers","identifier":"61BB3DDD-C96C-6E82-3432-BD712CCBCB28","transform":{"columns":[[-0.018668659,-0.0053053186,0.99981165,0],[-0.9998078,-0.005891801,-0.018699845,0],[0.00598991,-0.9999686,-0.0051943073,0],[1.1103241,0.20692706,0.7810407,1]]}},"timestamp":1742631705.525361,"label":"ARImageAnchor didUpdate"},{"label":"ARImageAnchor didUpdate","content":{"name":"Peppers","identifier":"61BB3DDD-C96C-6E82-3432-BD712CCBCB28","transform":{"columns":[[-0.017651118,-0.006685312,0.9998219,0],[-0.99975634,-0.013132521,-0.017737798,0],[0.013248754,-0.99989134,-0.0064518717,0],[1.1087906,0.20868056,0.7762772,1]]}},"timestamp":1742631707.642921},{"content":{"identifier":"61BB3DDD-C96C-6E82-3432-BD712CCBCB28","transform":{"columns":[[-0.017651118,-0.006685312,0.9998219,0],[-0.99975634,-0.013132521,-0.017737798,0],[0.013248754,-0.99989134,-0.0064518717,0],[1.1087906,0.20868056,0.7762772,1]]},"name":"Peppers"},"timestamp":1742631707.659303,"label":"ARImageAnchor didUpdate"},{"timestamp":1742631712.659992,"label":"Bunny didUpdate (ARKit)","content":{"identifier":"AC4D2FBF-5979-472C-8BFF-25827F0195B4","name":"bunny","transform":{"columns":[[0.99925333,0.011171427,-0.03698666,0],[-0.011043313,0.99993205,0.003666263,0],[0.037025113,-0.003255071,0.999309,0],[-0.16669336,-0.57759833,-0.24483898,0.99999994]]}}}]