[{"timestamp":1742655351.079642,"label":"Application launched"},{"timestamp":1742655351.0797172,"label":"Initialize ARViewModel"},{"timestamp":1742655351.0807319,"label":"Finished Initialize ARViewModel"},{"timestamp":1742655351.0807462,"label":"Initialize RoomManager"},{"timestamp":1742655351.08075,"label":"Initialize BeaconManager"},{"label":"Fininshed Initialize BeaconManager","timestamp":1742655351.080762},{"timestamp":1742655351.0807672,"label":"Fininshed Initialize RoomManager"},{"timestamp":1742655351.080771,"label":"Initialize CloudAnchorsManager"},{"timestamp":1742655351.0807738,"label":"Fininshed Initialize CloudAnchorsManager"},{"label":"ContentView Initialize","timestamp":1742655351.0807781},{"content":{"id":"3F39F93D-AB52-4382-80AA-E0ED5264C1F0","name":"Test Room"},"timestamp":1742655352.3808842,"label":"Room Update"},{"label":"Pulling CloudAnchors Ids from Backend","content":{"id":"3F39F93D-AB52-4382-80AA-E0ED5264C1F0","name":"Test Room"},"timestamp":1742655352.380919},{"label":"Pulled CloudAnchors Ids from Backend","timestamp":1742655352.440895,"content":{"room":{"name":"Test Room","id":"3F39F93D-AB52-4382-80AA-E0ED5264C1F0"},"cloudAnchorsIds":["ua-eee15bae032a8930e41114ea906b4500"]}},{"label":"ARCore Update Bunny Anchor","content":{"identifier":"4BA2C57F-3E2A-4D78-9CBC-3A32324DD56E","transform":{"columns":[[0.9990062,-0.027463945,0.03510401,0],[0.026564106,0.9993129,0.025847921,0],[-0.035789773,-0.024889728,0.99904937,0],[0.031179106,-0.4845924,-0.085416526,1]]}},"timestamp":1742655406.027745},{"timestamp":1742655406.0498018,"label":"Bunny didAdd (ARKit)","content":{"name":"bunny","identifier":"3A937D44-47A9-4652-8AE5-C67EB39C7A51","transform":{"columns":[[0.9990062,-0.027463945,0.03510401,0],[0.026564106,0.9993129,0.025847921,0],[-0.035789773,-0.024889728,0.99904937,0],[0.031179106,-0.4845924,-0.085416526,1]]}}},{"timestamp":1742655406.56363,"label":"Bunny didUpdate (ARKit)","content":{"name":"bunny","identifier":"3A937D44-47A9-4652-8AE5-C67EB39C7A51","transform":{"columns":[[0.99900615,-0.027454881,0.03510639,0],[0.026554698,0.9993127,0.025855832,0],[-0.035792135,-0.024897907,0.9990489,0],[0.03118383,-0.4845913,-0.08542017,0.9999999]]}}},{"timestamp":1742655408.2829828,"label":"ARImageAnchor didAdd","content":{"transform":{"columns":[[0.9977758,0.0082866885,-0.066139676,0],[0.06613816,0.00045908726,0.99781024,0],[0.0082989,-0.9999654,-9.001777e-05,0],[-0.26578024,-0.53747934,0.21890233,1]]},"name":"Car","identifier":"FF85DBE1-76D3-E459-2D24-8EDCEE263300"}},{"timestamp":1742655408.2949948,"label":"ARImageAnchor didUpdate","content":{"transform":{"columns":[[0.9977758,0.0082866885,-0.066139676,0],[0.06613816,0.00045908726,0.99781024,0],[0.0082989,-0.9999654,-9.001777e-05,0],[-0.26578024,-0.53747934,0.21890233,1]]},"identifier":"FF85DBE1-76D3-E459-2D24-8EDCEE263300","name":"Car"}},{"content":{"transform":{"columns":[[0.9914724,-0.004301671,-0.13024518,0],[0.13017772,-0.013370939,0.9914004,0],[-0.0060061784,-0.99990124,-0.012696935,0],[-1.3163518,0.7233923,-0.20921636,1]]},"name":"Earth","identifier":"088EF783-5990-B052-BE99-B8AA15BA6C68"},"timestamp":1742655410.916179,"label":"ARImageAnchor didAdd"},{"timestamp":1742655410.9340038,"content":{"name":"Earth","transform":{"columns":[[0.9914724,-0.004301671,-0.13024518,0],[0.13017772,-0.013370939,0.9914004,0],[-0.0060061784,-0.99990124,-0.012696935,0],[-1.3163518,0.7233923,-0.20921636,1]]},"identifier":"088EF783-5990-B052-BE99-B8AA15BA6C68"},"label":"ARImageAnchor didUpdate"},{"timestamp":1742655415.116106,"content":{"transform":{"columns":[[-0.06732854,-0.034192044,-0.9971447,0],[0.99771684,-0.0075560478,-0.06710804,0],[-0.00523989,-0.9993866,0.034622718,0],[0.42731163,-0.5356013,0.08047728,0.99999994]]},"name":"Lenna","identifier":"6BAD7D5D-D14A-EF93-1C8B-F6BEC80B8329"},"label":"ARImageAnchor didAdd"},{"timestamp":1742655415.127157,"label":"ARImageAnchor didUpdate","content":{"identifier":"6BAD7D5D-D14A-EF93-1C8B-F6BEC80B8329","transform":{"columns":[[-0.06732854,-0.034192044,-0.9971447,0],[0.99771684,-0.0075560478,-0.06710804,0],[-0.00523989,-0.9993866,0.034622718,0],[0.42731163,-0.5356013,0.08047728,0.99999994]]},"name":"Lenna"}},{"content":{"identifier":"3A937D44-47A9-4652-8AE5-C67EB39C7A51","transform":{"columns":[[0.99901086,-0.027338767,0.035058238,0],[0.026437575,0.999314,0.02591645,0],[-0.03574273,-0.024963977,0.99904895,0],[0.031233968,-0.48458108,-0.08545035,1]]},"name":"bunny"},"timestamp":1742655415.509227,"label":"Bunny didUpdate (ARKit)"},{"timestamp":1742655416.208764,"label":"Bunny didUpdate (ARKit)","content":{"name":"bunny","transform":{"columns":[[0.9990118,-0.027335154,0.03503227,0],[0.026434643,0.99931395,0.025915522,0],[-0.03571666,-0.024963867,0.99904984,0],[0.03123244,-0.48458105,-0.08545082,1.0000001]]},"identifier":"3A937D44-47A9-4652-8AE5-C67EB39C7A51"}},{"label":"ARImageAnchor didAdd","content":{"identifier":"C35EAC54-3E90-1B97-807B-5E3B8F238DB7","name":"Sailboat","transform":{"columns":[[0.994601,-0.0041407947,-0.1036895,0],[0.10377199,0.04141344,0.99373835,0],[0.00017925989,-0.9991334,0.041619506,0],[0.51347625,0.889901,-0.4328617,0.99999994]]}},"timestamp":1742655417.215913},{"timestamp":1742655417.233557,"label":"ARImageAnchor didUpdate","content":{"identifier":"C35EAC54-3E90-1B97-807B-5E3B8F238DB7","name":"Sailboat","transform":{"columns":[[0.994601,-0.0041407947,-0.1036895,0],[0.10377199,0.04141344,0.99373835,0],[0.00017925989,-0.9991334,0.041619506,0],[0.51347625,0.889901,-0.4328617,0.99999994]]}}},{"content":{"transform":{"columns":[[0.119817995,-0.01586976,0.9926688,0],[-0.99104786,0.057392254,0.12053987,0],[-0.058884367,-0.9982255,-0.008851072,0],[1.2931395,0.91799384,0.05195213,1]]},"identifier":"A19C2489-597B-2BED-432C-244B551E75FD","name":"Mandrill"},"timestamp":1742655418.815716,"label":"ARImageAnchor didAdd"},{"label":"ARImageAnchor didUpdate","content":{"name":"Mandrill","identifier":"A19C2489-597B-2BED-432C-244B551E75FD","transform":{"columns":[[0.119817995,-0.01586976,0.9926688,0],[-0.99104786,0.057392254,0.12053987,0],[-0.058884367,-0.9982255,-0.008851072,0],[1.2931395,0.91799384,0.05195213,1]]}},"timestamp":1742655418.824338},{"content":{"name":"Peppers","identifier":"61BB3DDD-C96C-6E82-3432-BD712CCBCB28","transform":{"columns":[[0.08283935,-0.00686517,0.9965391,0],[-0.996554,0.003603499,0.0828654,0],[-0.0041599115,-0.99996984,-0.006543003,0],[1.4444059,0.300226,0.77384144,1]]}},"label":"ARImageAnchor didAdd","timestamp":1742655420.415606},{"label":"ARImageAnchor didUpdate","timestamp":1742655420.424645,"content":{"name":"Peppers","transform":{"columns":[[0.08283935,-0.00686517,0.9965391,0],[-0.996554,0.003603499,0.0828654,0],[-0.0041599115,-0.99996984,-0.006543003,0],[1.4444059,0.300226,0.77384144,1]]},"identifier":"61BB3DDD-C96C-6E82-3432-BD712CCBCB28"}},{"content":{"identifier":"61BB3DDD-C96C-6E82-3432-BD712CCBCB28","transform":{"columns":[[0.10198473,-0.0076426505,0.99475646,0],[-0.9947793,0.002809552,0.10200865,0],[-0.0035744407,-0.9999668,-0.007316219,0],[1.4396172,0.30324122,0.7669633,1]]},"name":"Peppers"},"label":"ARImageAnchor didUpdate","timestamp":1742655420.9408622},{"timestamp":1742655420.957742,"label":"ARImageAnchor didUpdate","content":{"name":"Peppers","transform":{"columns":[[0.10198473,-0.0076426505,0.99475646,0],[-0.9947793,0.002809552,0.10200865,0],[-0.0035744407,-0.9999668,-0.007316219,0],[1.4396172,0.30324122,0.7669633,1]]},"identifier":"61BB3DDD-C96C-6E82-3432-BD712CCBCB28"}},{"content":{"transform":{"columns":[[0.999015,-0.027245792,0.035005543,0],[0.02634349,0.99931437,0.025983518,0],[-0.035689514,-0.025035784,0.9990489,0],[0.031272724,-0.4845705,-0.08548379,1]]},"identifier":"3A937D44-47A9-4652-8AE5-C67EB39C7A51","name":"bunny"},"timestamp":1742655424.907269,"label":"Bunny didUpdate (ARKit)"}]