[{"label":"Application launched","timestamp":1742576717.9046779},{"label":"Initialize ARViewModel","timestamp":1742576717.904758},{"timestamp":1742576717.906554,"label":"Finished Initialize ARViewModel"},{"timestamp":1742576717.906608,"label":"Initialize RoomManager"},{"timestamp":1742576717.906621,"label":"Initialize BeaconManager"},{"label":"Fininshed Initialize BeaconManager","timestamp":1742576717.90665},{"label":"Fininshed Initialize RoomManager","timestamp":1742576717.9066648},{"label":"Initialize CloudAnchorsManager","timestamp":1742576717.906677},{"timestamp":1742576717.9066901,"label":"Fininshed Initialize CloudAnchorsManager"},{"timestamp":1742576717.906702,"label":"ContentView Initialize"},{"timestamp":1742576719.313621,"label":"Room Update","content":{"id":"3F39F93D-AB52-4382-80AA-E0ED5264C1F0","name":"Test Room"}},{"timestamp":1742576719.313657,"label":"Pulling CloudAnchors Ids from Backend","content":{"name":"Test Room","id":"3F39F93D-AB52-4382-80AA-E0ED5264C1F0"}},{"label":"Pulled CloudAnchors Ids from Backend","content":{"cloudAnchorsIds":[],"room":{"name":"Test Room","id":"3F39F93D-AB52-4382-80AA-E0ED5264C1F0"}},"timestamp":1742576719.377674},{"content":{"transform":{"columns":[[0.9965657,0,0.08280642,0],[0,1,0,0],[-0.082806446,0,0.99656564,0],[0.13010399,-0.53786784,-0.36947066,1]]},"name":"bunny","identifier":"9387705F-5215-43D6-9412-7C0051B92951"},"timestamp":1742576749.836153,"label":"Hosting ARAnchor"},{"timestamp":1742576749.867919,"label":"Bunny didAdd (ARKit)","content":{"identifier":"9387705F-5215-43D6-9412-7C0051B92951","name":"bunny","transform":{"columns":[[0.9965657,0,0.08280642,0],[0,1,0,0],[-0.082806446,0,0.99656564,0],[0.13010399,-0.53786784,-0.36947066,1]]}}},{"timestamp":1742576757.78797,"label":"Hosted ARAnchor","content":{"arAnchor":{"identifier":"9387705F-5215-43D6-9412-7C0051B92951","transform":{"columns":[[0.9965657,0,0.08280642,0],[0,1,0,0],[-0.082806446,0,0.99656564,0],[0.13010399,-0.53786784,-0.36947066,1]]},"name":"bunny"},"cloudId":"ua-86342b65eff50124c5d05bbb9af5e4ff","cloudAnchorState":"Success"}},{"timestamp":1742576757.788014,"label":"Uploading CloudAnchors Ids to Backend","content":{"id":"3F39F93D-AB52-4382-80AA-E0ED5264C1F0","name":"Test Room"}},{"timestamp":1742576759.62708,"label":"Uploaded CloudAnchors Ids to Backend","content":{"room":{"id":"3F39F93D-AB52-4382-80AA-E0ED5264C1F0","name":"Test Room"},"cloudAnchorsId":"ua-86342b65eff50124c5d05bbb9af5e4ff"}},{"timestamp":1742576765.7340112,"content":{"transform":{"columns":[[0.9950992,-0.010090559,0.09836539,0],[-0.0984642,-0.009809617,0.9950923,0],[-0.00907611,-0.9999009,-0.010755095,0],[-1.166795,0.68194705,-0.7538091,1]]},"name":"Earth","identifier":"088EF783-5990-B052-BE99-B8AA15BA6C68"},"label":"ARImageAnchor didAdd"},{"label":"ARImageAnchor didUpdate","content":{"transform":{"columns":[[0.9950992,-0.010090559,0.09836539,0],[-0.0984642,-0.009809617,0.9950923,0],[-0.00907611,-0.9999009,-0.010755095,0],[-1.166795,0.68194705,-0.7538091,1]]},"identifier":"088EF783-5990-B052-BE99-B8AA15BA6C68","name":"Earth"},"timestamp":1742576765.827321},{"content":{"transform":{"columns":[[0.99653375,-0.008071818,0.08279733,0],[-0.082708,0.010839812,0.99651486,0],[-0.008941197,-0.9999086,0.010134625,0],[-1.1716009,0.68284297,-0.7744464,1]]},"identifier":"088EF783-5990-B052-BE99-B8AA15BA6C68","name":"Earth"},"timestamp":1742576766.2684078,"label":"ARImageAnchor didUpdate"},{"content":{"identifier":"088EF783-5990-B052-BE99-B8AA15BA6C68","transform":{"columns":[[0.99653375,-0.008071818,0.08279733,0],[-0.082708,0.010839812,0.99651486,0],[-0.008941197,-0.9999086,0.010134625,0],[-1.1716009,0.68284297,-0.7744464,1]]},"name":"Earth"},"timestamp":1742576766.274613,"label":"ARImageAnchor didUpdate"},{"label":"ARImageAnchor didAdd","content":{"transform":{"columns":[[0.99150395,0.00375194,0.13002242,0],[-0.13005142,0.0089481305,0.9914668,0],[0.0025564928,-0.9999528,0.009360033,0],[-0.23322397,-0.5926123,-0.13016841,0.99999994]]},"name":"Car","identifier":"FF85DBE1-76D3-E459-2D24-8EDCEE263300"},"timestamp":1742576768.899706},{"content":{"identifier":"FF85DBE1-76D3-E459-2D24-8EDCEE263300","transform":{"columns":[[0.99150395,0.00375194,0.13002242,0],[-0.13005142,0.0089481305,0.9914668,0],[0.0025564928,-0.9999528,0.009360033,0],[-0.23322397,-0.5926123,-0.13016841,0.99999994]]},"name":"Car"},"timestamp":1742576768.9088612,"label":"ARImageAnchor didUpdate"},{"timestamp":1742576774.182641,"label":"ARImageAnchor didAdd","content":{"transform":{"columns":[[-0.09329789,-0.01235367,0.9955616,0],[-0.99560845,-0.0065669096,-0.09338374,0],[0.007691374,-0.999902,-0.011686744,0],[1.3593761,0.24092983,0.81655055,1]]},"name":"Peppers","identifier":"61BB3DDD-C96C-6E82-3432-BD712CCBCB28"}},{"timestamp":1742576774.1923652,"label":"ARImageAnchor didUpdate","content":{"name":"Peppers","identifier":"61BB3DDD-C96C-6E82-3432-BD712CCBCB28","transform":{"columns":[[-0.09329789,-0.01235367,0.9955616,0],[-0.99560845,-0.0065669096,-0.09338374,0],[0.007691374,-0.999902,-0.011686744,0],[1.3593761,0.24092983,0.81655055,1]]}}},{"timestamp":1742576775.241066,"label":"ARImageAnchor didUpdate","content":{"identifier":"61BB3DDD-C96C-6E82-3432-BD712CCBCB28","transform":{"columns":[[-0.11616905,-0.013437379,0.9931386,0],[-0.9932294,0.0011272389,-0.1161644,0],[0.00044142388,-0.999909,-0.013477353,0],[1.3472265,0.24180041,0.8109964,1]]},"name":"Peppers"}},{"timestamp":1742576775.26758,"content":{"transform":{"columns":[[-0.11616905,-0.013437379,0.9931386,0],[-0.9932294,0.0011272389,-0.1161644,0],[0.00044142388,-0.999909,-0.013477353,0],[1.3472265,0.24180041,0.8109964,1]]},"name":"Peppers","identifier":"61BB3DDD-C96C-6E82-3432-BD712CCBCB28"},"label":"ARImageAnchor didUpdate"},{"content":{"transform":{"columns":[[-0.10104691,-0.017410586,0.9947293,0],[-0.9937154,0.050165176,-0.10006586,0],[-0.048158582,-0.99858904,-0.022370202,0],[1.3477622,0.86244714,0.0801192,0.99999994]]},"name":"Mandrill","identifier":"A19C2489-597B-2BED-432C-244B551E75FD"},"timestamp":1742576776.849329,"label":"ARImageAnchor didAdd"},{"content":{"name":"Mandrill","identifier":"A19C2489-597B-2BED-432C-244B551E75FD","transform":{"columns":[[-0.10104691,-0.017410586,0.9947293,0],[-0.9937154,0.050165176,-0.10006586,0],[-0.048158582,-0.99858904,-0.022370202,0],[1.3477622,0.86244714,0.0801192,0.99999994]]}},"label":"ARImageAnchor didUpdate","timestamp":1742576776.859163},{"label":"ARImageAnchor didUpdate","timestamp":1742576777.908814,"content":{"name":"Mandrill","transform":{"columns":[[-0.10795065,-0.016765084,0.99401486,0],[-0.9918433,0.06997998,-0.106534556,0],[-0.067775086,-0.99740744,-0.02418273,0],[1.3506665,0.8638912,0.07538841,1]]},"identifier":"A19C2489-597B-2BED-432C-244B551E75FD"}},{"label":"ARImageAnchor didUpdate","timestamp":1742576777.924284,"content":{"identifier":"A19C2489-597B-2BED-432C-244B551E75FD","transform":{"columns":[[-0.10795065,-0.016765084,0.99401486,0],[-0.9918433,0.06997998,-0.106534556,0],[-0.067775086,-0.99740744,-0.02418273,0],[1.3506665,0.8638912,0.07538841,1]]},"name":"Mandrill"}},{"label":"ARImageAnchor didAdd","timestamp":1742576780.5658112,"content":{"name":"Sailboat","transform":{"columns":[[0.99276626,-0.0010010622,0.1200591,0],[-0.11996158,0.03288222,0.9922338,0],[-0.0049410984,-0.9994586,0.03252429,0],[0.6889462,0.8420063,-0.55238044,1]]},"identifier":"C35EAC54-3E90-1B97-807B-5E3B8F238DB7"}},{"content":{"name":"Sailboat","identifier":"C35EAC54-3E90-1B97-807B-5E3B8F238DB7","transform":{"columns":[[0.99276626,-0.0010010622,0.1200591,0],[-0.11996158,0.03288222,0.9922338,0],[-0.0049410984,-0.9994586,0.03252429,0],[0.6889462,0.8420063,-0.55238044,1]]}},"label":"ARImageAnchor didUpdate","timestamp":1742576780.574287},{"content":{"identifier":"C35EAC54-3E90-1B97-807B-5E3B8F238DB7","name":"Sailboat","transform":{"columns":[[0.9960385,-0.001526606,0.08890956,0],[-0.08868602,0.055844434,0.9944929,0],[-0.0064833015,-0.9984383,0.055487804,0],[0.68626976,0.84233975,-0.549958,1]]}},"timestamp":1742576781.6249151,"label":"ARImageAnchor didUpdate"},{"timestamp":1742576781.641351,"label":"ARImageAnchor didUpdate","content":{"name":"Sailboat","identifier":"C35EAC54-3E90-1B97-807B-5E3B8F238DB7","transform":{"columns":[[0.9960385,-0.001526606,0.08890956,0],[-0.08868602,0.055844434,0.9944929,0],[-0.0064833015,-0.9984383,0.055487804,0],[0.68626976,0.84233975,-0.549958,1]]}}},{"content":{"name":"Lenna","transform":{"columns":[[0.12572858,-0.029899674,-0.9916139,0],[0.9908779,-0.04509096,0.12699483,0],[-0.048509937,-0.9985353,0.023957675,0],[0.49537706,-0.58389395,-0.08245432,1]]},"identifier":"6BAD7D5D-D14A-EF93-1C8B-F6BEC80B8329"},"timestamp":1742576784.781979,"label":"ARImageAnchor didAdd"},{"timestamp":1742576784.791712,"label":"ARImageAnchor didUpdate","content":{"name":"Lenna","identifier":"6BAD7D5D-D14A-EF93-1C8B-F6BEC80B8329","transform":{"columns":[[0.12572858,-0.029899674,-0.9916139,0],[0.9908779,-0.04509096,0.12699483,0],[-0.048509937,-0.9985353,0.023957675,0],[0.49537706,-0.58389395,-0.08245432,1]]}}},{"content":{"transform":{"columns":[[0.09072803,-0.03944157,-0.99509436,0],[0.9956908,-0.015658332,0.091403015,0],[-0.019186603,-0.99909914,0.03785095,0],[0.49630004,-0.578509,-0.079667434,0.99999994]]},"name":"Lenna","identifier":"6BAD7D5D-D14A-EF93-1C8B-F6BEC80B8329"},"label":"ARImageAnchor didUpdate","timestamp":1742576787.972507},{"timestamp":1742576787.989911,"label":"ARImageAnchor didUpdate","content":{"transform":{"columns":[[0.09072803,-0.03944157,-0.99509436,0],[0.9956908,-0.015658332,0.091403015,0],[-0.019186603,-0.99909914,0.03785095,0],[0.49630004,-0.578509,-0.079667434,0.99999994]]},"name":"Lenna","identifier":"6BAD7D5D-D14A-EF93-1C8B-F6BEC80B8329"}},{"content":{"transform":{"columns":[[-0.10582025,-0.011169145,0.99432254,0],[-0.99436456,-0.005252755,-0.10588377,0],[0.0064055626,-0.9999237,-0.010550377,0],[1.3728793,0.24820556,0.8278711,1.0000001]]},"identifier":"61BB3DDD-C96C-6E82-3432-BD712CCBCB28","name":"Peppers"},"timestamp":1742576793.81633,"label":"ARImageAnchor didUpdate"},{"timestamp":1742576793.822713,"content":{"identifier":"61BB3DDD-C96C-6E82-3432-BD712CCBCB28","name":"Peppers","transform":{"columns":[[-0.10582025,-0.011169145,0.99432254,0],[-0.99436456,-0.005252755,-0.10588377,0],[0.0064055626,-0.9999237,-0.010550377,0],[1.3728793,0.24820556,0.8278711,1.0000001]]}},"label":"ARImageAnchor didUpdate"},{"content":{"identifier":"61BB3DDD-C96C-6E82-3432-BD712CCBCB28","transform":{"columns":[[-0.16069971,0.00047560586,0.98700315,0],[-0.9869784,-0.007176943,-0.16069217,0],[0.0070072245,-0.99997413,0.001622766,0],[1.3635831,0.25095686,0.8323641,0.99999994]]},"name":"Peppers"},"timestamp":1742576794.339377,"label":"ARImageAnchor didUpdate"},{"label":"ARImageAnchor didUpdate","timestamp":1742576794.3574672,"content":{"name":"Peppers","transform":{"columns":[[-0.16069971,0.00047560586,0.98700315,0],[-0.9869784,-0.007176943,-0.16069217,0],[0.0070072245,-0.99997413,0.001622766,0],[1.3635831,0.25095686,0.8323641,0.99999994]]},"identifier":"61BB3DDD-C96C-6E82-3432-BD712CCBCB28"}},{"timestamp":1742576796.455673,"content":{"name":"Mandrill","identifier":"A19C2489-597B-2BED-432C-244B551E75FD","transform":{"columns":[[-0.09233564,-0.016722266,0.9955874,0],[-0.9938941,0.062203214,-0.091133706,0],[-0.060404804,-0.9979234,-0.022363734,0],[1.3677787,0.8768378,0.0939289,1]]}},"label":"ARImageAnchor didUpdate"},{"timestamp":1742576796.4728189,"label":"ARImageAnchor didUpdate","content":{"transform":{"columns":[[-0.09233564,-0.016722266,0.9955874,0],[-0.9938941,0.062203214,-0.091133706,0],[-0.060404804,-0.9979234,-0.022363734,0],[1.3677787,0.8768378,0.0939289,1]]},"identifier":"A19C2489-597B-2BED-432C-244B551E75FD","name":"Mandrill"}},{"content":{"name":"Sailboat","transform":{"columns":[[0.99568266,-0.0011826385,0.09281549,0],[-0.09278086,0.017462978,0.99553335,0],[-0.0027981913,-0.99984676,0.017277863,0],[0.69035983,0.85449505,-0.5441072,1]]},"identifier":"C35EAC54-3E90-1B97-807B-5E3B8F238DB7"},"label":"ARImageAnchor didUpdate","timestamp":1742576798.022969},{"timestamp":1742576798.038868,"content":{"name":"Sailboat","identifier":"C35EAC54-3E90-1B97-807B-5E3B8F238DB7","transform":{"columns":[[0.99568266,-0.0011826385,0.09281549,0],[-0.09278086,0.017462978,0.99553335,0],[-0.0027981913,-0.99984676,0.017277863,0],[0.69035983,0.85449505,-0.5441072,1]]}},"label":"ARImageAnchor didUpdate"},{"content":{"name":"Sailboat","identifier":"C35EAC54-3E90-1B97-807B-5E3B8F238DB7","transform":{"columns":[[0.9962704,-0.0014465058,0.086273655,0],[-0.08617877,0.03310577,0.99572945,0],[-0.004296484,-0.99945074,0.032857634,0],[0.6872551,0.8439537,-0.5532435,1]]}},"timestamp":1742576798.565679,"label":"ARImageAnchor didUpdate"},{"label":"ARImageAnchor didUpdate","content":{"transform":{"columns":[[0.9962704,-0.0014465058,0.086273655,0],[-0.08617877,0.03310577,0.99572945,0],[-0.004296484,-0.99945074,0.032857634,0],[0.6872551,0.8439537,-0.5532435,1]]},"identifier":"C35EAC54-3E90-1B97-807B-5E3B8F238DB7","name":"Sailboat"},"timestamp":1742576798.572276},{"content":{"transform":{"columns":[[0.9966812,0.0024213486,0.0813694,0],[-0.0024784603,0.9999968,0.0006008869,0],[-0.0813677,-0.0008005633,0.9966839,0],[0.13054214,-0.5381365,-0.36941975,1]]},"name":"bunny","identifier":"9387705F-5215-43D6-9412-7C0051B92951"},"timestamp":1742576799.0558472,"label":"Bunny didUpdate (ARKit)"}]