[{"label":"Application launched","timestamp":1742638141.8284888},{"label":"Initialize ARViewModel","timestamp":1742638141.828586},{"timestamp":1742638141.83235,"label":"Finished Initialize ARViewModel"},{"timestamp":1742638141.832597,"label":"Initialize RoomManager"},{"timestamp":1742638141.832605,"label":"Initialize BeaconManager"},{"timestamp":1742638141.832619,"label":"Fininshed Initialize BeaconManager"},{"label":"Fininshed Initialize RoomManager","timestamp":1742638141.832623},{"timestamp":1742638141.832627,"label":"Initialize CloudAnchorsManager"},{"timestamp":1742638141.832701,"label":"Fininshed Initialize CloudAnchorsManager"},{"timestamp":1742638141.832763,"label":"ContentView Initialize"},{"timestamp":1742638143.191858,"label":"Room Update","content":{"id":"3F39F93D-AB52-4382-80AA-E0ED5264C1F0","name":"Test Room"}},{"timestamp":1742638143.191897,"content":{"name":"Test Room","id":"3F39F93D-AB52-4382-80AA-E0ED5264C1F0"},"label":"Pulling CloudAnchors Ids from Backend"},{"timestamp":1742638143.248497,"content":{"room":{"id":"3F39F93D-AB52-4382-80AA-E0ED5264C1F0","name":"Test Room"},"cloudAnchorsIds":["ua-eee15bae032a8930e41114ea906b4500"]},"label":"Pulled CloudAnchors Ids from Backend"},{"content":{"transform":{"columns":[[0.9499063,-0.00020430629,0.31253484,0],[0.009035888,0.9995997,-0.026809882,0],[-0.31240425,0.028290905,0.94952786,0],[0.006332002,-0.55356467,-0.3206595,1]]},"identifier":"66F47A1A-10FB-4A1A-A251-BE50AD4BADCD"},"timestamp":1742638158.437282,"label":"ARCore Update Bunny Anchor"},{"timestamp":1742638158.459426,"label":"Bunny didAdd (ARKit)","content":{"transform":{"columns":[[0.9499063,-0.00020430629,0.31253484,0],[0.009035888,0.9995997,-0.026809882,0],[-0.31240425,0.028290905,0.94952786,0],[0.006332002,-0.55356467,-0.3206595,1]]},"name":"bunny","identifier":"7837ECFE-3549-48B0-A5F8-A28365F77F4E"}},{"label":"ARImageAnchor didAdd","timestamp":1742638161.0926142,"content":{"identifier":"FF85DBE1-76D3-E459-2D24-8EDCEE263300","transform":{"columns":[[0.9782037,0.014710822,0.20712535,0],[-0.20738465,0.019077078,0.97807336,0],[0.010436928,-0.9997097,0.02171208,0],[-0.34686682,-0.622529,-0.10275972,0.99999994]]},"name":"Car"}},{"content":{"identifier":"FF85DBE1-76D3-E459-2D24-8EDCEE263300","transform":{"columns":[[0.9782037,0.014710822,0.20712535,0],[-0.20738465,0.019077078,0.97807336,0],[0.010436928,-0.9997097,0.02171208,0],[-0.34686682,-0.622529,-0.10275972,0.99999994]]},"name":"Car"},"timestamp":1742638161.101005,"label":"ARImageAnchor didUpdate"},{"timestamp":1742638163.709334,"content":{"name":"Earth","identifier":"088EF783-5990-B052-BE99-B8AA15BA6C68","transform":{"columns":[[0.9897233,-0.001073747,0.14299159,0],[-0.14297596,-0.02401826,0.98943454,0],[0.0023720025,-0.9997108,-0.02392493,0],[-1.258439,0.6367978,-0.80728585,0.99999994]]}},"label":"ARImageAnchor didAdd"},{"label":"ARImageAnchor didUpdate","timestamp":1742638163.7171159,"content":{"name":"Earth","transform":{"columns":[[0.9897233,-0.001073747,0.14299159,0],[-0.14297596,-0.02401826,0.98943454,0],[0.0023720025,-0.9997108,-0.02392493,0],[-1.258439,0.6367978,-0.80728585,0.99999994]]},"identifier":"088EF783-5990-B052-BE99-B8AA15BA6C68"}},{"label":"ARImageAnchor didAdd","content":{"identifier":"C35EAC54-3E90-1B97-807B-5E3B8F238DB7","transform":{"columns":[[0.990778,0.009320855,0.13517465,0],[-0.13532461,0.017960556,0.99063855,0],[0.006805788,-0.9997953,0.019056303,0],[0.56003594,0.81887037,-0.52024853,1]]},"name":"Sailboat"},"timestamp":1742638166.893507},{"label":"ARImageAnchor didUpdate","timestamp":1742638166.9010859,"content":{"identifier":"C35EAC54-3E90-1B97-807B-5E3B8F238DB7","name":"Sailboat","transform":{"columns":[[0.990778,0.009320855,0.13517465,0],[-0.13532461,0.017960556,0.99063855,0],[0.006805788,-0.9997953,0.019056303,0],[0.56003594,0.81887037,-0.52024853,1]]}}},{"content":{"name":"Lenna","identifier":"6BAD7D5D-D14A-EF93-1C8B-F6BEC80B8329","transform":{"columns":[[0.16496341,-0.033482213,-0.9857311,0],[0.9860292,-0.01780566,0.16561809,0],[-0.023096863,-0.99928063,0.030077167,0],[0.34176856,-0.6338717,-0.06527603,1]]}},"label":"ARImageAnchor didAdd","timestamp":1742638169.0254688},{"content":{"transform":{"columns":[[0.16496341,-0.033482213,-0.9857311,0],[0.9860292,-0.01780566,0.16561809,0],[-0.023096863,-0.99928063,0.030077167,0],[0.34176856,-0.6338717,-0.06527603,1]]},"identifier":"6BAD7D5D-D14A-EF93-1C8B-F6BEC80B8329","name":"Lenna"},"timestamp":1742638169.036051,"label":"ARImageAnchor didUpdate"},{"content":{"name":"Lenna","identifier":"6BAD7D5D-D14A-EF93-1C8B-F6BEC80B8329","transform":{"columns":[[0.16736206,-0.031581044,-0.9853894,0],[0.9852049,-0.032046568,0.16835777,0],[-0.03689527,-0.99898726,0.025750404,0],[0.35017002,-0.6227919,-0.060033277,1]]}},"timestamp":1742638169.5519772,"label":"ARImageAnchor didUpdate"},{"label":"ARImageAnchor didUpdate","content":{"identifier":"6BAD7D5D-D14A-EF93-1C8B-F6BEC80B8329","transform":{"columns":[[0.16736206,-0.031581044,-0.9853894,0],[0.9852049,-0.032046568,0.16835777,0],[-0.03689527,-0.99898726,0.025750404,0],[0.35017002,-0.6227919,-0.060033277,1]]},"name":"Lenna"},"timestamp":1742638169.57754},{"timestamp":1742638172.7088141,"content":{"transform":{"columns":[[-0.15435587,-0.015396446,0.98789525,0],[-0.9870265,0.047123797,-0.15348567,0],[-0.04419023,-0.9987703,-0.02247053,0],[1.1989344,0.83405226,0.14539614,1]]},"name":"Mandrill","identifier":"A19C2489-597B-2BED-432C-244B551E75FD"},"label":"ARImageAnchor didAdd"},{"content":{"transform":{"columns":[[-0.15435587,-0.015396446,0.98789525,0],[-0.9870265,0.047123797,-0.15348567,0],[-0.04419023,-0.9987703,-0.02247053,0],[1.1989344,0.83405226,0.14539614,1]]},"name":"Mandrill","identifier":"A19C2489-597B-2BED-432C-244B551E75FD"},"timestamp":1742638172.716793,"label":"ARImageAnchor didUpdate"},{"timestamp":1742638173.743552,"label":"ARImageAnchor didAdd","content":{"name":"Peppers","identifier":"61BB3DDD-C96C-6E82-3432-BD712CCBCB28","transform":{"columns":[[-0.16663179,0.0017290905,0.9860176,0],[-0.98568445,-0.026343787,-0.16652928,0],[0.025687495,-0.99965143,0.006094046,0],[1.1556425,0.21565402,0.87791616,1.0000001]]}}},{"label":"ARImageAnchor didUpdate","timestamp":1742638173.7510571,"content":{"identifier":"61BB3DDD-C96C-6E82-3432-BD712CCBCB28","name":"Peppers","transform":{"columns":[[-0.16663179,0.0017290905,0.9860176,0],[-0.98568445,-0.026343787,-0.16652928,0],[0.025687495,-0.99965143,0.006094046,0],[1.1556425,0.21565402,0.87791616,1.0000001]]}}},{"timestamp":1742638174.284559,"content":{"identifier":"61BB3DDD-C96C-6E82-3432-BD712CCBCB28","name":"Peppers","transform":{"columns":[[-0.13988833,-0.0051484057,0.9901539,0],[-0.9901662,0.0022008223,-0.13987862,0],[-0.0014590144,-0.9999842,-0.005405661,0],[1.1598126,0.21420288,0.8834839,1]]}},"label":"ARImageAnchor didUpdate"},{"content":{"name":"Peppers","identifier":"61BB3DDD-C96C-6E82-3432-BD712CCBCB28","transform":{"columns":[[-0.13988833,-0.0051484057,0.9901539,0],[-0.9901662,0.0022008223,-0.13987862,0],[-0.0014590144,-0.9999842,-0.005405661,0],[1.1598126,0.21420288,0.8834839,1]]}},"label":"ARImageAnchor didUpdate","timestamp":1742638174.310791}]