[{"label":"Application launched","timestamp":1742636841.334161},{"label":"Initialize ARViewModel","timestamp":1742636841.334371},{"label":"Finished Initialize ARViewModel","timestamp":1742636841.336368},{"timestamp":1742636841.336463,"label":"Initialize RoomManager"},{"timestamp":1742636841.336472,"label":"Initialize BeaconManager"},{"label":"Fininshed Initialize BeaconManager","timestamp":1742636841.336487},{"timestamp":1742636841.3365211,"label":"Fininshed Initialize RoomManager"},{"label":"Initialize CloudAnchorsManager","timestamp":1742636841.336525},{"timestamp":1742636841.336529,"label":"Fininshed Initialize CloudAnchorsManager"},{"label":"ContentView Initialize","timestamp":1742636841.336533},{"timestamp":1742636842.681695,"label":"Room Update","content":{"id":"3F39F93D-AB52-4382-80AA-E0ED5264C1F0","name":"Test Room"}},{"label":"Pulling CloudAnchors Ids from Backend","timestamp":1742636842.681728,"content":{"id":"3F39F93D-AB52-4382-80AA-E0ED5264C1F0","name":"Test Room"}},{"timestamp":1742636842.737702,"label":"Pulled CloudAnchors Ids from Backend","content":{"cloudAnchorsIds":["ua-eee15bae032a8930e41114ea906b4500"],"room":{"id":"3F39F93D-AB52-4382-80AA-E0ED5264C1F0","name":"Test Room"}}},{"timestamp":1742636849.885355,"label":"ARCore Update Bunny Anchor","content":{"identifier":"1583D84C-E542-4E32-90AE-3C87DA2EDF2B","transform":{"columns":[[0.8274156,0.006889553,0.5615479,0],[-0.0013672409,0.9999465,-0.010253637,0],[-0.56158847,0.007716248,0.8273807,0],[0.19650792,-0.6666646,-0.47740015,1]]}}},{"content":{"identifier":"132A254C-1174-4B83-BE4D-FF4461F19169","name":"bunny","transform":{"columns":[[0.8274156,0.006889553,0.5615479,0],[-0.0013672409,0.9999465,-0.010253637,0],[-0.56158847,0.007716248,0.8273807,0],[0.19650792,-0.6666646,-0.47740015,1]]}},"label":"Bunny didAdd (ARKit)","timestamp":1742636849.908208},{"timestamp":1742636852.1247082,"content":{"transform":{"columns":[[0.88792336,0.014724605,0.45975557,0],[-0.4598656,0.0050470685,0.88797414,0],[0.010754655,-0.9998787,0.0112527395,0],[-0.21646798,-0.73398936,-0.36163247,0.99999994]]},"identifier":"FF85DBE1-76D3-E459-2D24-8EDCEE263300","name":"Car"},"label":"ARImageAnchor didAdd"},{"timestamp":1742636852.1345658,"label":"ARImageAnchor didUpdate","content":{"transform":{"columns":[[0.88792336,0.014724605,0.45975557,0],[-0.4598656,0.0050470685,0.88797414,0],[0.010754655,-0.9998787,0.0112527395,0],[-0.21646798,-0.73398936,-0.36163247,0.99999994]]},"name":"Car","identifier":"FF85DBE1-76D3-E459-2D24-8EDCEE263300"}},{"content":{"identifier":"FF85DBE1-76D3-E459-2D24-8EDCEE263300","name":"Car","transform":{"columns":[[0.88801515,0.014626958,0.45958117,0],[-0.45959052,-0.0029142592,0.888126,0],[0.014329907,-0.99988854,0.0041345134,0],[-0.21413338,-0.7275523,-0.36304456,0.99999994]]}},"timestamp":1742636852.651239,"label":"ARImageAnchor didUpdate"},{"label":"ARImageAnchor didUpdate","timestamp":1742636852.667192,"content":{"transform":{"columns":[[0.88801515,0.014626958,0.45958117,0],[-0.45959052,-0.0029142592,0.888126,0],[0.014329907,-0.99988854,0.0041345134,0],[-0.21413338,-0.7275523,-0.36304456,0.99999994]]},"name":"Car","identifier":"FF85DBE1-76D3-E459-2D24-8EDCEE263300"}},{"timestamp":1742636854.74144,"content":{"transform":{"columns":[[0.91352415,-0.0011961567,0.40678248,0],[-0.40672758,-0.019374935,0.91334385,0],[0.006788898,-0.99981135,-0.018185977,0],[-0.9076788,0.5180251,-1.2830646,0.9999998]]},"name":"Earth","identifier":"088EF783-5990-B052-BE99-B8AA15BA6C68"},"label":"ARImageAnchor didAdd"},{"timestamp":1742636854.7497292,"label":"ARImageAnchor didUpdate","content":{"name":"Earth","identifier":"088EF783-5990-B052-BE99-B8AA15BA6C68","transform":{"columns":[[0.91352415,-0.0011961567,0.40678248,0],[-0.40672758,-0.019374935,0.91334385,0],[0.006788898,-0.99981135,-0.018185977,0],[-0.9076788,0.5180251,-1.2830646,0.9999998]]}}},{"timestamp":1742636858.424299,"content":{"name":"Lenna","transform":{"columns":[[0.44037372,-0.032050442,-0.89724225,0],[0.8975768,-0.007275448,0.44079778,0],[-0.020655604,-0.9994597,0.02556384,0],[0.46134865,-0.74228686,-0.13294107,0.99999994]]},"identifier":"6BAD7D5D-D14A-EF93-1C8B-F6BEC80B8329"},"label":"ARImageAnchor didAdd"},{"timestamp":1742636858.434619,"label":"ARImageAnchor didUpdate","content":{"identifier":"6BAD7D5D-D14A-EF93-1C8B-F6BEC80B8329","transform":{"columns":[[0.44037372,-0.032050442,-0.89724225,0],[0.8975768,-0.007275448,0.44079778,0],[-0.020655604,-0.9994597,0.02556384,0],[0.46134865,-0.74228686,-0.13294107,0.99999994]]},"name":"Lenna"}},{"content":{"transform":{"columns":[[0.4234261,-0.03177633,-0.90537304,0],[0.9057005,-0.007671087,0.42384845,0],[-0.020413531,-0.9994654,0.025531746,0],[0.4635977,-0.73690385,-0.13038966,0.99999994]]},"identifier":"6BAD7D5D-D14A-EF93-1C8B-F6BEC80B8329","name":"Lenna"},"label":"ARImageAnchor didUpdate","timestamp":1742636858.950354},{"content":{"name":"Lenna","identifier":"6BAD7D5D-D14A-EF93-1C8B-F6BEC80B8329","transform":{"columns":[[0.4234261,-0.03177633,-0.90537304,0],[0.9057005,-0.007671087,0.42384845,0],[-0.020413531,-0.9994654,0.025531746,0],[0.4635977,-0.73690385,-0.13038966,0.99999994]]}},"timestamp":1742636858.9671311,"label":"ARImageAnchor didUpdate"},{"timestamp":1742636861.058846,"content":{"identifier":"C35EAC54-3E90-1B97-807B-5E3B8F238DB7","name":"Sailboat","transform":{"columns":[[0.91756594,0.007043581,0.397521,0],[-0.39735055,-0.017968591,0.9174909,0],[0.013605311,-0.9998136,-0.013688593,0],[0.7816896,0.7022227,-0.5111289,1]]}},"label":"ARImageAnchor didAdd"},{"content":{"transform":{"columns":[[0.91756594,0.007043581,0.397521,0],[-0.39735055,-0.017968591,0.9174909,0],[0.013605311,-0.9998136,-0.013688593,0],[0.7816896,0.7022227,-0.5111289,1]]},"identifier":"C35EAC54-3E90-1B97-807B-5E3B8F238DB7","name":"Sailboat"},"timestamp":1742636861.063206,"label":"ARImageAnchor didUpdate"},{"timestamp":1742636863.192936,"label":"ARImageAnchor didAdd","content":{"name":"Mandrill","identifier":"A19C2489-597B-2BED-432C-244B551E75FD","transform":{"columns":[[-0.41493988,-0.01128161,0.90977883,0],[-0.90902513,0.04767762,-0.41400486,0],[-0.03870547,-0.99879897,-0.030038612,0],[1.212579,0.72864664,0.2913266,0.99999994]]}}},{"timestamp":1742636863.1988602,"label":"ARImageAnchor didUpdate","content":{"transform":{"columns":[[-0.41493988,-0.01128161,0.90977883,0],[-0.90902513,0.04767762,-0.41400486,0],[-0.03870547,-0.99879897,-0.030038612,0],[1.212579,0.72864664,0.2913266,0.99999994]]},"name":"Mandrill","identifier":"A19C2489-597B-2BED-432C-244B551E75FD"}},{"content":{"name":"Peppers","identifier":"61BB3DDD-C96C-6E82-3432-BD712CCBCB28","transform":{"columns":[[-0.41072282,-0.004429145,0.9117494,0],[-0.9117599,0.0026496616,-0.41071472,0],[-0.00059675286,-0.9999866,-0.005126616,0],[0.9726698,0.111488946,0.9916656,0.99999994]]}},"timestamp":1742636864.7572541,"label":"ARImageAnchor didAdd"},{"content":{"name":"Peppers","identifier":"61BB3DDD-C96C-6E82-3432-BD712CCBCB28","transform":{"columns":[[-0.41072282,-0.004429145,0.9117494,0],[-0.9117599,0.0026496616,-0.41071472,0],[-0.00059675286,-0.9999866,-0.005126616,0],[0.9726698,0.111488946,0.9916656,0.99999994]]}},"timestamp":1742636864.766424,"label":"ARImageAnchor didUpdate"}]