[{"timestamp":1742577496.923001,"label":"Application launched"},{"timestamp":1742577496.923959,"label":"Initialize ARViewModel"},{"label":"Finished Initialize ARViewModel","timestamp":1742577496.9256082},{"timestamp":1742577496.925626,"label":"Initialize RoomManager"},{"timestamp":1742577496.92563,"label":"Initialize BeaconManager"},{"label":"Fininshed Initialize BeaconManager","timestamp":1742577496.925651},{"timestamp":1742577496.9256601,"label":"Fininshed Initialize RoomManager"},{"timestamp":1742577496.925664,"label":"Initialize CloudAnchorsManager"},{"timestamp":1742577496.925668,"label":"Fininshed Initialize CloudAnchorsManager"},{"timestamp":1742577496.925672,"label":"ContentView Initialize"},{"timestamp":1742577498.224982,"content":{"id":"3F39F93D-AB52-4382-80AA-E0ED5264C1F0","name":"Test Room"},"label":"Room Update"},{"content":{"id":"3F39F93D-AB52-4382-80AA-E0ED5264C1F0","name":"Test Room"},"timestamp":1742577498.225051,"label":"Pulling CloudAnchors Ids from Backend"},{"timestamp":1742577498.278835,"label":"Pulled CloudAnchors Ids from Backend","content":{"room":{"id":"3F39F93D-AB52-4382-80AA-E0ED5264C1F0","name":"Test Room"},"cloudAnchorsIds":["ua-86342b65eff50124c5d05bbb9af5e4ff"]}},{"label":"ARCore Update Bunny Anchor","content":{"identifier":"53035F9C-C2E7-49EB-8C68-6C70D4F32D04","transform":{"columns":[[0.9993925,-0.030118553,-0.017534634,0],[0.031064974,0.99792093,0.056469284,0],[0.015797405,-0.05697969,0.99825037,0],[0.12912163,-0.5542169,-0.18747686,1]]}},"timestamp":1742577513.073951},{"label":"Bunny didAdd (ARKit)","timestamp":1742577513.131091,"content":{"identifier":"BF0227F0-7EFF-4575-AF0A-BEE9222FBF33","transform":{"columns":[[0.9993925,-0.030118553,-0.017534634,0],[0.031064974,0.99792093,0.056469284,0],[0.015797405,-0.05697969,0.99825037,0],[0.12912163,-0.5542169,-0.18747686,1]]},"name":"bunny"}},{"label":"ARImageAnchor didAdd","timestamp":1742577520.463659,"content":{"name":"Car","identifier":"FF85DBE1-76D3-E459-2D24-8EDCEE263300","transform":{"columns":[[0.99360305,0.012948363,0.11218393,0],[-0.11228227,0.0071321563,0.9936508,0],[0.012066042,-0.9998906,0.008540352,0],[-0.24612203,-0.5977155,0.054692224,1]]}}},{"timestamp":1742577520.473202,"label":"ARImageAnchor didUpdate","content":{"identifier":"FF85DBE1-76D3-E459-2D24-8EDCEE263300","name":"Car","transform":{"columns":[[0.99360305,0.012948363,0.11218393,0],[-0.11228227,0.0071321563,0.9936508,0],[0.012066042,-0.9998906,0.008540352,0],[-0.24612203,-0.5977155,0.054692224,1]]}}},{"timestamp":1742577524.196857,"label":"ARImageAnchor didAdd","content":{"identifier":"088EF783-5990-B052-BE99-B8AA15BA6C68","transform":{"columns":[[0.9981075,-0.004575586,0.06132418,0],[-0.061407562,-0.021111548,0.99788946,0],[-0.003271281,-0.9997665,-0.021352556,0],[-1.214906,0.66408527,-0.5673777,0.99999994]]},"name":"Earth"}},{"timestamp":1742577524.20468,"label":"ARImageAnchor didUpdate","content":{"transform":{"columns":[[0.9981075,-0.004575586,0.06132418,0],[-0.061407562,-0.021111548,0.99788946,0],[-0.003271281,-0.9997665,-0.021352556,0],[-1.214906,0.66408527,-0.5673777,0.99999994]]},"name":"Earth","identifier":"088EF783-5990-B052-BE99-B8AA15BA6C68"}},{"timestamp":1742577528.9963012,"label":"ARImageAnchor didAdd","content":{"identifier":"6BAD7D5D-D14A-EF93-1C8B-F6BEC80B8329","transform":{"columns":[[0.09164779,-0.0315497,-0.9952915,0],[0.99579066,0.0041060187,0.09156363,0],[0.0011978905,-0.9994937,0.031793192,0],[0.46641913,-0.60161567,0.028150395,1]]},"name":"Lenna"}},{"timestamp":1742577529.005765,"label":"ARImageAnchor didUpdate","content":{"identifier":"6BAD7D5D-D14A-EF93-1C8B-F6BEC80B8329","name":"Lenna","transform":{"columns":[[0.09164779,-0.0315497,-0.9952915,0],[0.99579066,0.0041060187,0.09156363,0],[0.0011978905,-0.9994937,0.031793192,0],[0.46641913,-0.60161567,0.028150395,1]]}}},{"label":"ARImageAnchor didAdd","content":{"identifier":"C35EAC54-3E90-1B97-807B-5E3B8F238DB7","name":"Sailboat","transform":{"columns":[[0.99702656,0.003798894,0.07696446,0],[-0.07689256,-0.016397206,0.99690443,0],[0.0050491365,-0.99985826,-0.016056336,0],[0.6330622,0.8252262,-0.4327133,1]]}},"timestamp":1742577532.196171},{"timestamp":1742577532.203186,"label":"ARImageAnchor didUpdate","content":{"transform":{"columns":[[0.99702656,0.003798894,0.07696446,0],[-0.07689256,-0.016397206,0.99690443,0],[0.0050491365,-0.99985826,-0.016056336,0],[0.6330622,0.8252262,-0.4327133,1]]},"name":"Sailboat","identifier":"C35EAC54-3E90-1B97-807B-5E3B8F238DB7"}},{"content":{"identifier":"A19C2489-597B-2BED-432C-244B551E75FD","name":"Mandrill","transform":{"columns":[[-0.06765987,-0.01280085,0.99762636,0],[-0.9962125,0.055603713,-0.06685045,0],[-0.054615993,-0.99837077,-0.016514502,0],[1.3097526,0.8550225,0.16926837,1]]}},"timestamp":1742577534.8625789,"label":"ARImageAnchor didAdd"},{"label":"ARImageAnchor didUpdate","content":{"transform":{"columns":[[-0.06765987,-0.01280085,0.99762636,0],[-0.9962125,0.055603713,-0.06685045,0],[-0.054615993,-0.99837077,-0.016514502,0],[1.3097526,0.8550225,0.16926837,1]]},"name":"Mandrill","identifier":"A19C2489-597B-2BED-432C-244B551E75FD"},"timestamp":1742577534.873036},{"label":"ARImageAnchor didAdd","content":{"transform":{"columns":[[-0.09234674,-0.0022857818,0.9957242,0],[-0.9956753,-0.009963991,-0.092365086,0],[0.010132542,-0.99994767,-0.0013557546,0],[1.331994,0.23318243,0.910186,0.99999994]]},"identifier":"61BB3DDD-C96C-6E82-3432-BD712CCBCB28","name":"Peppers"},"timestamp":1742577536.995688},{"timestamp":1742577537.006369,"label":"ARImageAnchor didUpdate","content":{"name":"Peppers","identifier":"61BB3DDD-C96C-6E82-3432-BD712CCBCB28","transform":{"columns":[[-0.09234674,-0.0022857818,0.9957242,0],[-0.9956753,-0.009963991,-0.092365086,0],[0.010132542,-0.99994767,-0.0013557546,0],[1.331994,0.23318243,0.910186,0.99999994]]}}},{"content":{"identifier":"61BB3DDD-C96C-6E82-3432-BD712CCBCB28","name":"Peppers","transform":{"columns":[[-0.07014546,-0.009934985,0.9974873,0],[-0.99746233,-0.011512369,-0.07025838,0],[0.012181451,-0.9998843,-0.009102265,0],[1.3356917,0.23566961,0.901083,1]]}},"timestamp":1742577539.6365619,"label":"ARImageAnchor didUpdate"},{"timestamp":1742577539.670958,"label":"ARImageAnchor didUpdate","content":{"identifier":"61BB3DDD-C96C-6E82-3432-BD712CCBCB28","name":"Peppers","transform":{"columns":[[-0.07014546,-0.009934985,0.9974873,0],[-0.99746233,-0.011512369,-0.07025838,0],[0.012181451,-0.9998843,-0.009102265,0],[1.3356917,0.23566961,0.901083,1]]}}}]