[{"label":"Application launched","timestamp":1742642376.56222},{"timestamp":1742642376.5624552,"label":"Initialize ARViewModel"},{"timestamp":1742642376.56341,"label":"Finished Initialize ARViewModel"},{"timestamp":1742642376.563422,"label":"Initialize RoomManager"},{"timestamp":1742642376.563426,"label":"Initialize BeaconManager"},{"timestamp":1742642376.563437,"label":"Fininshed Initialize BeaconManager"},{"timestamp":1742642376.563442,"label":"Fininshed Initialize RoomManager"},{"timestamp":1742642376.563446,"label":"Initialize CloudAnchorsManager"},{"label":"Fininshed Initialize CloudAnchorsManager","timestamp":1742642376.563449},{"timestamp":1742642376.563453,"label":"ContentView Initialize"},{"content":{"name":"Test Room","id":"3F39F93D-AB52-4382-80AA-E0ED5264C1F0"},"label":"Room Update","timestamp":1742642377.887572},{"label":"Pulling CloudAnchors Ids from Backend","timestamp":1742642377.887632,"content":{"id":"3F39F93D-AB52-4382-80AA-E0ED5264C1F0","name":"Test Room"}},{"content":{"room":{"id":"3F39F93D-AB52-4382-80AA-E0ED5264C1F0","name":"Test Room"},"cloudAnchorsIds":["ua-eee15bae032a8930e41114ea906b4500"]},"timestamp":1742642377.950747,"label":"Pulled CloudAnchors Ids from Backend"},{"timestamp":1742642415.941742,"label":"ARCore Update Bunny Anchor","content":{"identifier":"B25663AE-4C0A-4ECE-A1AC-8E36AB63A16C","transform":{"columns":[[0.94276035,-0.026913814,-0.33238325,0],[0.022510195,0.99960047,-0.01709275,0],[0.3327105,0.008632354,0.9429895,0],[-0.119856045,-0.6272445,-0.419861,1]]}}},{"timestamp":1742642415.9974952,"label":"Bunny didAdd (ARKit)","content":{"name":"bunny","identifier":"43D9B824-EA2E-42E6-9B67-3096D2CDCAB3","transform":{"columns":[[0.94276035,-0.026913814,-0.33238325,0],[0.022510195,0.99960047,-0.01709275,0],[0.3327105,0.008632354,0.9429895,0],[-0.119856045,-0.6272445,-0.419861,1]]}}},{"timestamp":1742642418.697227,"label":"ARImageAnchor didAdd","content":{"identifier":"FF85DBE1-76D3-E459-2D24-8EDCEE263300","name":"Car","transform":{"columns":[[0.898465,0.012763109,-0.43885928,0],[0.43874052,0.0111120595,0.89854497,0],[0.016344866,-0.99985665,0.004384087,0],[-0.28783917,-0.69878936,-0.030422509,0.9999998]]}}},{"timestamp":1742642418.70807,"label":"ARImageAnchor didUpdate","content":{"transform":{"columns":[[0.898465,0.012763109,-0.43885928,0],[0.43874052,0.0111120595,0.89854497,0],[0.016344866,-0.99985665,0.004384087,0],[-0.28783917,-0.69878936,-0.030422509,0.9999998]]},"identifier":"FF85DBE1-76D3-E459-2D24-8EDCEE263300","name":"Car"}},{"timestamp":1742642421.79722,"label":"ARImageAnchor didAdd","content":{"identifier":"088EF783-5990-B052-BE99-B8AA15BA6C68","name":"Earth","transform":{"columns":[[0.8622837,0.00087335665,-0.50642455,0],[0.50640404,-0.01066027,0.86223024,0],[-0.0046455874,-0.9999428,-0.009634449,0],[-1.4322435,0.5517399,-0.039625064,0.99999994]]}}},{"content":{"transform":{"columns":[[0.8622837,0.00087335665,-0.50642455,0],[0.50640404,-0.01066027,0.86223024,0],[-0.0046455874,-0.9999428,-0.009634449,0],[-1.4322435,0.5517399,-0.039625064,0.99999994]]},"identifier":"088EF783-5990-B052-BE99-B8AA15BA6C68","name":"Earth"},"timestamp":1742642421.80653,"label":"ARImageAnchor didUpdate"},{"label":"Bunny didUpdate (ARKit)","content":{"name":"bunny","transform":{"columns":[[0.9427937,-0.027040908,-0.3322783,0],[0.022666845,0.99959785,-0.01703355,0],[0.33260536,0.008527421,0.94302756,0],[-0.11987159,-0.6272132,-0.4198893,0.99999994]]},"identifier":"43D9B824-EA2E-42E6-9B67-3096D2CDCAB3"},"timestamp":1742642424.308292},{"content":{"identifier":"43D9B824-EA2E-42E6-9B67-3096D2CDCAB3","name":"bunny","transform":{"columns":[[0.9428088,-0.027039759,-0.33223566,0],[0.022670273,0.99959785,-0.017021533,0],[0.3325624,0.0085161785,0.9430428,0],[-0.11990926,-0.62723327,-0.41993412,0.99999994]]}},"timestamp":1742642424.5086389,"label":"Bunny didUpdate (ARKit)"},{"timestamp":1742642426.963502,"content":{"identifier":"6BAD7D5D-D14A-EF93-1C8B-F6BEC80B8329","transform":{"columns":[[-0.4681939,-0.03392737,-0.88297397,0],[0.8836254,-0.017274212,-0.4678755,0],[0.0006211126,-0.9992749,0.038066756,0],[0.3041653,-0.69964856,-0.4270895,0.99999994]]},"name":"Lenna"},"label":"ARImageAnchor didAdd"},{"content":{"name":"Lenna","identifier":"6BAD7D5D-D14A-EF93-1C8B-F6BEC80B8329","transform":{"columns":[[-0.4681939,-0.03392737,-0.88297397,0],[0.8836254,-0.017274212,-0.4678755,0],[0.0006211126,-0.9992749,0.038066756,0],[0.3041653,-0.69964856,-0.4270895,0.99999994]]}},"timestamp":1742642426.972625,"label":"ARImageAnchor didUpdate"},{"timestamp":1742642429.0733519,"content":{"identifier":"B25663AE-4C0A-4ECE-A1AC-8E36AB63A16C","transform":{"columns":[[0.9422882,-0.024882732,-0.33387688,0],[0.0157634,0.9994257,-0.029995415,0],[0.3344315,0.023001293,0.9421393,0],[-0.12479213,-0.6281097,-0.420266,1]]}},"label":"ARCore Update Bunny Anchor"},{"label":"Bunny didAdd (ARKit)","timestamp":1742642429.130219,"content":{"name":"bunny","identifier":"7E78DA3F-F0F3-43BD-AF93-D4AE2D163FFF","transform":{"columns":[[0.9422882,-0.024882732,-0.33387688,0],[0.0157634,0.9994257,-0.029995415,0],[0.3344315,0.023001293,0.9421393,0],[-0.12479213,-0.6281097,-0.420266,1]]}}},{"label":"ARImageAnchor didAdd","content":{"name":"Sailboat","identifier":"C35EAC54-3E90-1B97-807B-5E3B8F238DB7","transform":{"columns":[[0.8694674,0.006846582,-0.4939426,0],[0.49394423,-0.0256709,0.8691144,0],[-0.006729498,-0.9996469,-0.025701838,0],[0.18991445,0.73055035,-0.9150496,0.9999999]]}},"timestamp":1742642430.063226},{"timestamp":1742642430.0718431,"label":"ARImageAnchor didUpdate","content":{"name":"Sailboat","transform":{"columns":[[0.8694674,0.006846582,-0.4939426,0],[0.49394423,-0.0256709,0.8691144,0],[-0.006729498,-0.9996469,-0.025701838,0],[0.18991445,0.73055035,-0.9150496,0.9999999]]},"identifier":"C35EAC54-3E90-1B97-807B-5E3B8F238DB7"}},{"timestamp":1742642433.163206,"label":"ARImageAnchor didAdd","content":{"name":"Mandrill","identifier":"A19C2489-597B-2BED-432C-244B551E75FD","transform":{"columns":[[0.47749433,-0.011364507,0.8785611,0],[-0.8771861,0.051227607,0.47740966,0],[-0.050432116,-0.9986223,0.014492108,0],[1.0886642,0.75543994,-0.7689177,0.99999994]]}}},{"content":{"transform":{"columns":[[0.47749433,-0.011364507,0.8785611,0],[-0.8771861,0.051227607,0.47740966,0],[-0.050432116,-0.9986223,0.014492108,0],[1.0886642,0.75543994,-0.7689177,0.99999994]]},"name":"Mandrill","identifier":"A19C2489-597B-2BED-432C-244B551E75FD"},"timestamp":1742642433.171574,"label":"ARImageAnchor didUpdate"},{"content":{"identifier":"61BB3DDD-C96C-6E82-3432-BD712CCBCB28","transform":{"columns":[[0.49313083,-0.005419227,0.869938,0],[-0.8699527,-0.0008000083,0.49313417,0],[-0.001976464,-0.9999848,-0.0051089716,0],[1.5041888,0.13895632,-0.1605261,0.9999998]]},"name":"Peppers"},"timestamp":1742642435.229597,"label":"ARImageAnchor didAdd"},{"content":{"name":"Peppers","identifier":"61BB3DDD-C96C-6E82-3432-BD712CCBCB28","transform":{"columns":[[0.49313083,-0.005419227,0.869938,0],[-0.8699527,-0.0008000083,0.49313417,0],[-0.001976464,-0.9999848,-0.0051089716,0],[1.5041888,0.13895632,-0.1605261,0.9999998]]}},"label":"ARImageAnchor didUpdate","timestamp":1742642435.239322},{"timestamp":1742642439.13923,"label":"Bunny didUpdate (ARKit)","content":{"name":"bunny","identifier":"7E78DA3F-F0F3-43BD-AF93-D4AE2D163FFF","transform":{"columns":[[0.9422462,-0.024861865,-0.33399737,0],[0.015776685,0.9994288,-0.029886898,0],[0.33454952,0.02289144,0.9421,0],[-0.124822944,-0.62808365,-0.42027876,0.99999994]]}}}]