[{"label":"Application launched","timestamp":1742577907.25019},{"timestamp":1742577907.2503982,"label":"Initialize ARViewModel"},{"timestamp":1742577907.256062,"label":"Finished Initialize ARViewModel"},{"label":"Initialize RoomManager","timestamp":1742577907.25615},{"timestamp":1742577907.256155,"label":"Initialize BeaconManager"},{"timestamp":1742577907.25617,"label":"Fininshed Initialize BeaconManager"},{"timestamp":1742577907.256175,"label":"Fininshed Initialize RoomManager"},{"label":"Initialize CloudAnchorsManager","timestamp":1742577907.2561789},{"label":"Fininshed Initialize CloudAnchorsManager","timestamp":1742577907.2561831},{"label":"ContentView Initialize","timestamp":1742577907.256187},{"content":{"id":"3F39F93D-AB52-4382-80AA-E0ED5264C1F0","name":"Test Room"},"label":"Room Update","timestamp":1742577908.509893},{"content":{"id":"3F39F93D-AB52-4382-80AA-E0ED5264C1F0","name":"Test Room"},"timestamp":1742577908.5099568,"label":"Pulling CloudAnchors Ids from Backend"},{"timestamp":1742577908.576324,"label":"Pulled CloudAnchors Ids from Backend","content":{"cloudAnchorsIds":["ua-86342b65eff50124c5d05bbb9af5e4ff"],"room":{"name":"Test Room","id":"3F39F93D-AB52-4382-80AA-E0ED5264C1F0"}}},{"label":"ARCore Update Bunny Anchor","content":{"identifier":"75B65350-8ADE-4C5D-B329-A4360B291EA8","transform":{"columns":[[0.9861178,-0.0011245375,0.16604371,0],[0.004761204,0.9997574,-0.02150544,0],[-0.16597925,0.021997465,0.9858839,0],[-0.0011179595,-0.5752919,-0.31602857,1]]}},"timestamp":1742577934.09405},{"content":{"name":"bunny","transform":{"columns":[[0.9861178,-0.0011245375,0.16604371,0],[0.004761204,0.9997574,-0.02150544,0],[-0.16597925,0.021997465,0.9858839,0],[-0.0011179595,-0.5752919,-0.31602857,1]]},"identifier":"91E73C32-D410-4A68-8C10-B7064108D45A"},"timestamp":1742577934.149695,"label":"Bunny didAdd (ARKit)"},{"label":"ARImageAnchor didAdd","timestamp":1742577937.0161428,"content":{"name":"Car","identifier":"FF85DBE1-76D3-E459-2D24-8EDCEE263300","transform":{"columns":[[0.9801649,0.012673103,0.19777785,0],[-0.19763622,-0.011604984,0.98020667,0],[0.014717456,-0.99985224,-0.008870098,0],[-0.37493753,-0.64234746,-0.116744444,0.99999994]]}}},{"label":"ARImageAnchor didUpdate","content":{"identifier":"FF85DBE1-76D3-E459-2D24-8EDCEE263300","name":"Car","transform":{"columns":[[0.9801649,0.012673103,0.19777785,0],[-0.19763622,-0.011604984,0.98020667,0],[0.014717456,-0.99985224,-0.008870098,0],[-0.37493753,-0.64234746,-0.116744444,0.99999994]]}},"timestamp":1742577937.026236},{"timestamp":1742577941.282528,"label":"ARImageAnchor didAdd","content":{"name":"Earth","transform":{"columns":[[0.98594594,0.004327035,0.16700791,0],[-0.16703437,0.006722203,0.985928,0],[0.003143486,-0.9999679,0.0073504923,0],[-1.2582881,0.5976921,-0.83621067,0.9999999]]},"identifier":"088EF783-5990-B052-BE99-B8AA15BA6C68"}},{"timestamp":1742577941.290526,"content":{"name":"Earth","transform":{"columns":[[0.98594594,0.004327035,0.16700791,0],[-0.16703437,0.006722203,0.985928,0],[0.003143486,-0.9999679,0.0073504923,0],[-1.2582881,0.5976921,-0.83621067,0.9999999]]},"identifier":"088EF783-5990-B052-BE99-B8AA15BA6C68"},"label":"ARImageAnchor didUpdate"},{"label":"ARImageAnchor didUpdate","content":{"identifier":"088EF783-5990-B052-BE99-B8AA15BA6C68","transform":{"columns":[[0.98433447,0.004792303,0.1762455,0],[-0.17630605,0.019549014,0.9841412,0],[0.0012708793,-0.9997972,0.020087684,0],[-1.2695258,0.6064687,-0.8423005,0.99999994]]},"name":"Earth"},"timestamp":1742577941.7917929},{"label":"ARImageAnchor didUpdate","content":{"transform":{"columns":[[0.98433447,0.004792303,0.1762455,0],[-0.17630605,0.019549014,0.9841412,0],[0.0012708793,-0.9997972,0.020087684,0],[-1.2695258,0.6064687,-0.8423005,0.99999994]]},"name":"Earth","identifier":"088EF783-5990-B052-BE99-B8AA15BA6C68"},"timestamp":1742577941.823423},{"label":"ARImageAnchor didAdd","content":{"transform":{"columns":[[0.20954889,-0.033096384,-0.9772379,0],[0.9777943,0.0098842895,0.20933343,0],[0.002731125,-0.9994032,0.034432728,0],[0.33027104,-0.64479655,-0.061716948,1]]},"name":"Lenna","identifier":"6BAD7D5D-D14A-EF93-1C8B-F6BEC80B8329"},"timestamp":1742577948.215486},{"label":"ARImageAnchor didUpdate","timestamp":1742577948.225644,"content":{"name":"Lenna","identifier":"6BAD7D5D-D14A-EF93-1C8B-F6BEC80B8329","transform":{"columns":[[0.20954889,-0.033096384,-0.9772379,0],[0.9777943,0.0098842895,0.20933343,0],[0.002731125,-0.9994032,0.034432728,0],[0.33027104,-0.64479655,-0.061716948,1]]}}},{"label":"ARImageAnchor didUpdate","timestamp":1742577950.858492,"content":{"transform":{"columns":[[0.17923395,-0.028546685,-0.9833921,0],[0.98344415,-0.021923527,0.17987986,0],[-0.02669439,-0.99935186,0.02414462,0],[0.33384565,-0.63935447,-0.058251105,0.9999999]]},"identifier":"6BAD7D5D-D14A-EF93-1C8B-F6BEC80B8329","name":"Lenna"}},{"label":"ARImageAnchor didUpdate","timestamp":1742577950.8911018,"content":{"identifier":"6BAD7D5D-D14A-EF93-1C8B-F6BEC80B8329","transform":{"columns":[[0.17923395,-0.028546685,-0.9833921,0],[0.98344415,-0.021923527,0.17987986,0],[-0.02669439,-0.99935186,0.02414462,0],[0.33384565,-0.63935447,-0.058251105,0.9999999]]},"name":"Lenna"}},{"content":{"name":"Sailboat","identifier":"C35EAC54-3E90-1B97-807B-5E3B8F238DB7","transform":{"columns":[[0.985656,0.006075159,0.16865692,0],[-0.16857213,-0.012483812,0.9856102,0],[0.008093212,-0.9999035,-0.011280637,0],[0.54624456,0.78483343,-0.5121252,1]]}},"timestamp":1742577953.548567,"label":"ARImageAnchor didAdd"},{"timestamp":1742577953.5557551,"label":"ARImageAnchor didUpdate","content":{"transform":{"columns":[[0.985656,0.006075159,0.16865692,0],[-0.16857213,-0.012483812,0.9856102,0],[0.008093212,-0.9999035,-0.011280637,0],[0.54624456,0.78483343,-0.5121252,1]]},"name":"Sailboat","identifier":"C35EAC54-3E90-1B97-807B-5E3B8F238DB7"}},{"label":"ARImageAnchor didUpdate","content":{"name":"Sailboat","identifier":"C35EAC54-3E90-1B97-807B-5E3B8F238DB7","transform":{"columns":[[0.98836774,0.0074328566,0.15190023,0],[-0.1520793,0.054209996,0.9868805,0],[-0.00089917,-0.9985017,0.054709803,0],[0.5461691,0.7905602,-0.5160039,0.9999999]]}},"timestamp":1742577955.657213},{"timestamp":1742577955.6900759,"content":{"identifier":"C35EAC54-3E90-1B97-807B-5E3B8F238DB7","transform":{"columns":[[0.98836774,0.0074328566,0.15190023,0],[-0.1520793,0.054209996,0.9868805,0],[-0.00089917,-0.9985017,0.054709803,0],[0.5461691,0.7905602,-0.5160039,0.9999999]]},"name":"Sailboat"},"label":"ARImageAnchor didUpdate"},{"timestamp":1742577957.814882,"content":{"name":"Mandrill","identifier":"A19C2489-597B-2BED-432C-244B551E75FD","transform":{"columns":[[-0.16822065,-0.0111487275,0.98568624,0],[-0.9842639,0.05677262,-0.16733581,0],[-0.054094426,-0.99832475,-0.020523623,0],[1.1660994,0.81870306,0.16480857,0.99999994]]}},"label":"ARImageAnchor didAdd"},{"timestamp":1742577957.824664,"content":{"name":"Mandrill","transform":{"columns":[[-0.16822065,-0.0111487275,0.98568624,0],[-0.9842639,0.05677262,-0.16733581,0],[-0.054094426,-0.99832475,-0.020523623,0],[1.1660994,0.81870306,0.16480857,0.99999994]]},"identifier":"A19C2489-597B-2BED-432C-244B551E75FD"},"label":"ARImageAnchor didUpdate"},{"label":"ARImageAnchor didAdd","timestamp":1742577961.548073,"content":{"name":"Peppers","transform":{"columns":[[-0.16646938,-0.005322382,0.9860321,0],[-0.9860029,-0.00850914,-0.16651039,0],[0.009276555,-0.99994946,-0.0038313756,0],[1.1032805,0.20037335,0.90235466,0.99999994]]},"identifier":"61BB3DDD-C96C-6E82-3432-BD712CCBCB28"}},{"label":"ARImageAnchor didUpdate","content":{"name":"Peppers","identifier":"61BB3DDD-C96C-6E82-3432-BD712CCBCB28","transform":{"columns":[[-0.16646938,-0.005322382,0.9860321,0],[-0.9860029,-0.00850914,-0.16651039,0],[0.009276555,-0.99994946,-0.0038313756,0],[1.1032805,0.20037335,0.90235466,0.99999994]]}},"timestamp":1742577961.557413},{"timestamp":1742577970.053812,"content":{"name":"Peppers","identifier":"61BB3DDD-C96C-6E82-3432-BD712CCBCB28","transform":{"columns":[[-0.16310437,-0.0059386874,0.9865908,0],[-0.9866087,0.0008180753,-0.16310245,0],[0.00016152723,-0.99998194,-0.005992604,0],[1.1080005,0.1904635,0.87864155,0.99999994]]}},"label":"ARImageAnchor didUpdate"},{"label":"ARImageAnchor didUpdate","content":{"transform":{"columns":[[-0.16310437,-0.0059386874,0.9865908,0],[-0.9866087,0.0008180753,-0.16310245,0],[0.00016152723,-0.99998194,-0.005992604,0],[1.1080005,0.1904635,0.87864155,0.99999994]]},"identifier":"61BB3DDD-C96C-6E82-3432-BD712CCBCB28","name":"Peppers"},"timestamp":1742577970.088357},{"timestamp":1742577970.589442,"label":"ARImageAnchor didUpdate","content":{"transform":{"columns":[[-0.18410164,-0.010231194,0.98285395,0],[-0.9828162,-0.011690571,-0.18421623,0],[0.013374895,-0.99987924,-0.007903117,0],[1.106534,0.19270998,0.886191,0.99999994]]},"name":"Peppers","identifier":"61BB3DDD-C96C-6E82-3432-BD712CCBCB28"}},{"timestamp":1742577970.6227899,"label":"ARImageAnchor didUpdate","content":{"transform":{"columns":[[-0.18410164,-0.010231194,0.98285395,0],[-0.9828162,-0.011690571,-0.18421623,0],[0.013374895,-0.99987924,-0.007903117,0],[1.106534,0.19270998,0.886191,0.99999994]]},"name":"Peppers","identifier":"61BB3DDD-C96C-6E82-3432-BD712CCBCB28"}},{"label":"ARImageAnchor didUpdate","timestamp":1742577972.721884,"content":{"transform":{"columns":[[-0.17425795,-0.014584557,0.9845919,0],[-0.98347515,0.052431613,-0.17328368,0],[-0.049096473,-0.99851793,-0.02348019,0],[1.1601503,0.8132828,0.15758032,0.99999994]]},"name":"Mandrill","identifier":"A19C2489-597B-2BED-432C-244B551E75FD"}},{"timestamp":1742577972.756228,"content":{"transform":{"columns":[[-0.17425795,-0.014584557,0.9845919,0],[-0.98347515,0.052431613,-0.17328368,0],[-0.049096473,-0.99851793,-0.02348019,0],[1.1601503,0.8132828,0.15758032,0.99999994]]},"name":"Mandrill","identifier":"A19C2489-597B-2BED-432C-244B551E75FD"},"label":"ARImageAnchor didUpdate"}]