[{"timestamp":1742640941.569941,"label":"Application launched"},{"timestamp":1742640941.570041,"label":"Initialize ARViewModel"},{"label":"Finished Initialize ARViewModel","timestamp":1742640941.571974},{"label":"Initialize RoomManager","timestamp":1742640941.5719981},{"timestamp":1742640941.572002,"label":"Initialize BeaconManager"},{"timestamp":1742640941.5720139,"label":"Fininshed Initialize BeaconManager"},{"timestamp":1742640941.572019,"label":"Fininshed Initialize RoomManager"},{"timestamp":1742640941.572023,"label":"Initialize CloudAnchorsManager"},{"label":"Fininshed Initialize CloudAnchorsManager","timestamp":1742640941.572027},{"timestamp":1742640941.572031,"label":"ContentView Initialize"},{"timestamp":1742640942.905149,"label":"Room Update","content":{"id":"3F39F93D-AB52-4382-80AA-E0ED5264C1F0","name":"Test Room"}},{"label":"Pulling CloudAnchors Ids from Backend","content":{"id":"3F39F93D-AB52-4382-80AA-E0ED5264C1F0","name":"Test Room"},"timestamp":1742640942.9051971},{"label":"Pulled CloudAnchors Ids from Backend","timestamp":1742640942.9619222,"content":{"cloudAnchorsIds":["ua-eee15bae032a8930e41114ea906b4500"],"room":{"name":"Test Room","id":"3F39F93D-AB52-4382-80AA-E0ED5264C1F0"}}},{"timestamp":1742640949.4189801,"content":{"identifier":"F50DD8C9-2A9B-46C6-9D4B-0B21B87B990E","transform":{"columns":[[0.96941155,-0.013089313,0.2450917,0],[0.023214504,0.9989901,-0.038468517,0],[-0.24434067,0.042981505,0.9687364,0],[0.01166132,-0.5009434,-0.20593564,1]]}},"label":"ARCore Update Bunny Anchor"},{"content":{"identifier":"5B686071-32BD-40C8-A7AF-EBCC38916D52","transform":{"columns":[[0.96941155,-0.013089313,0.2450917,0],[0.023214504,0.9989901,-0.038468517,0],[-0.24434067,0.042981505,0.9687364,0],[0.01166132,-0.5009434,-0.20593564,1]]},"name":"bunny"},"timestamp":1742640949.440619,"label":"Bunny didAdd (ARKit)"},{"timestamp":1742640953.4404159,"content":{"identifier":"FF85DBE1-76D3-E459-2D24-8EDCEE263300","transform":{"columns":[[0.9926254,0.012696041,0.120555125,0],[-0.12079371,0.020087648,0.9924743,0],[0.010178829,-0.9997175,0.021473056,0],[-0.35128027,-0.5819806,0.025550753,1]]},"name":"Car"},"label":"ARImageAnchor didAdd"},{"content":{"identifier":"FF85DBE1-76D3-E459-2D24-8EDCEE263300","name":"Car","transform":{"columns":[[0.9926254,0.012696041,0.120555125,0],[-0.12079371,0.020087648,0.9924743,0],[0.010178829,-0.9997175,0.021473056,0],[-0.35128027,-0.5819806,0.025550753,1]]}},"label":"ARImageAnchor didUpdate","timestamp":1742640953.448711},{"content":{"transform":{"columns":[[0.9976608,-0.00071278814,0.068354025,0],[-0.068357795,-0.010435881,0.99760616,0],[2.2495467e-06,-0.9999452,-0.0104602,0],[-1.2999922,0.67249924,-0.63884217,1]]},"name":"Earth","identifier":"088EF783-5990-B052-BE99-B8AA15BA6C68"},"label":"ARImageAnchor didAdd","timestamp":1742640955.541348},{"content":{"identifier":"088EF783-5990-B052-BE99-B8AA15BA6C68","name":"Earth","transform":{"columns":[[0.9976608,-0.00071278814,0.068354025,0],[-0.068357795,-0.010435881,0.99760616,0],[2.2495467e-06,-0.9999452,-0.0104602,0],[-1.2999922,0.67249924,-0.63884217,1]]}},"timestamp":1742640955.548589,"label":"ARImageAnchor didUpdate"},{"content":{"identifier":"C35EAC54-3E90-1B97-807B-5E3B8F238DB7","transform":{"columns":[[0.9980544,0.0073163533,0.061918903,0],[-0.061974052,0.007563674,0.998049,0],[0.006833744,-0.99994457,0.008002382,0],[0.52697444,0.85743284,-0.47789976,0.99999994]]},"name":"Sailboat"},"label":"ARImageAnchor didAdd","timestamp":1742640958.173685},{"timestamp":1742640958.18187,"content":{"identifier":"C35EAC54-3E90-1B97-807B-5E3B8F238DB7","transform":{"columns":[[0.9980544,0.0073163533,0.061918903,0],[-0.061974052,0.007563674,0.998049,0],[0.006833744,-0.99994457,0.008002382,0],[0.52697444,0.85743284,-0.47789976,0.99999994]]},"name":"Sailboat"},"label":"ARImageAnchor didUpdate"},{"label":"ARImageAnchor didAdd","content":{"name":"Lenna","transform":{"columns":[[0.08675764,-0.03666065,-0.9955547,0],[0.9960545,-0.015535119,0.08737327,0],[-0.018669244,-0.9992069,0.0351682,0],[0.34007388,-0.5881666,0.007131055,0.99999994]]},"identifier":"6BAD7D5D-D14A-EF93-1C8B-F6BEC80B8329"},"timestamp":1742640960.2736058},{"label":"ARImageAnchor didUpdate","timestamp":1742640960.281684,"content":{"identifier":"6BAD7D5D-D14A-EF93-1C8B-F6BEC80B8329","transform":{"columns":[[0.08675764,-0.03666065,-0.9955547,0],[0.9960545,-0.015535119,0.08737327,0],[-0.018669244,-0.9992069,0.0351682,0],[0.34007388,-0.5881666,0.007131055,0.99999994]]},"name":"Lenna"}},{"timestamp":1742640960.782668,"label":"ARImageAnchor didUpdate","content":{"name":"Lenna","identifier":"6BAD7D5D-D14A-EF93-1C8B-F6BEC80B8329","transform":{"columns":[[0.15560879,-0.04198416,-0.9869261,0],[0.9848219,0.084358506,0.15168843,0],[0.07688709,-0.9955505,0.05447386,0],[0.3415451,-0.58201826,0.008750416,1]]}}},{"content":{"identifier":"6BAD7D5D-D14A-EF93-1C8B-F6BEC80B8329","name":"Lenna","transform":{"columns":[[0.15560879,-0.04198416,-0.9869261,0],[0.9848219,0.084358506,0.15168843,0],[0.07688709,-0.9955505,0.05447386,0],[0.3415451,-0.58201826,0.008750416,1]]}},"timestamp":1742640960.798864,"label":"ARImageAnchor didUpdate"},{"timestamp":1742640962.358478,"label":"ARImageAnchor didAdd","content":{"identifier":"A19C2489-597B-2BED-432C-244B551E75FD","transform":{"columns":[[-0.07942141,-0.011301581,0.996777,0],[-0.9957771,0.04708792,-0.07880784,0],[-0.04604552,-0.99882674,-0.014993644,0],[1.174706,0.858034,0.14745423,1]]},"name":"Mandrill"}},{"label":"ARImageAnchor didUpdate","timestamp":1742640962.364438,"content":{"transform":{"columns":[[-0.07942141,-0.011301581,0.996777,0],[-0.9957771,0.04708792,-0.07880784,0],[-0.04604552,-0.99882674,-0.014993644,0],[1.174706,0.858034,0.14745423,1]]},"identifier":"A19C2489-597B-2BED-432C-244B551E75FD","name":"Mandrill"}},{"content":{"name":"Mandrill","identifier":"A19C2489-597B-2BED-432C-244B551E75FD","transform":{"columns":[[-0.078269586,-0.0093820365,0.996888,0],[-0.9950837,0.061601166,-0.07754811,0],[-0.060681928,-0.99805665,-0.014157405,0],[1.1968421,0.86571777,0.16003065,0.99999994]]}},"timestamp":1742640962.874757,"label":"ARImageAnchor didUpdate"},{"label":"ARImageAnchor didUpdate","timestamp":1742640962.882611,"content":{"name":"Mandrill","identifier":"A19C2489-597B-2BED-432C-244B551E75FD","transform":{"columns":[[-0.078269586,-0.0093820365,0.996888,0],[-0.9950837,0.061601166,-0.07754811,0],[-0.060681928,-0.99805665,-0.014157405,0],[1.1968421,0.86571777,0.16003065,0.99999994]]}}},{"timestamp":1742640964.423089,"label":"ARImageAnchor didAdd","content":{"transform":{"columns":[[-0.08968711,-0.0059286244,0.99595237,0],[-0.99592066,0.010473303,-0.08962192,0],[-0.009899576,-0.99992746,-0.0068437625,0],[1.204139,0.24928604,0.9021889,1]]},"identifier":"61BB3DDD-C96C-6E82-3432-BD712CCBCB28","name":"Peppers"}},{"timestamp":1742640964.44175,"label":"ARImageAnchor didUpdate","content":{"transform":{"columns":[[-0.08968711,-0.0059286244,0.99595237,0],[-0.99592066,0.010473303,-0.08962192,0],[-0.009899576,-0.99992746,-0.0068437625,0],[1.204139,0.24928604,0.9021889,1]]},"name":"Peppers","identifier":"61BB3DDD-C96C-6E82-3432-BD712CCBCB28"}},{"label":"ARImageAnchor didUpdate","content":{"transform":{"columns":[[-0.07735362,-0.006358322,0.9969834,0],[-0.99698925,0.0058670775,-0.07731666,0],[-0.0053577865,-0.9999625,-0.006793019,0],[1.2053095,0.25172728,0.8949019,1]]},"identifier":"61BB3DDD-C96C-6E82-3432-BD712CCBCB28","name":"Peppers"},"timestamp":1742640964.948505},{"content":{"identifier":"61BB3DDD-C96C-6E82-3432-BD712CCBCB28","transform":{"columns":[[-0.07735362,-0.006358322,0.9969834,0],[-0.99698925,0.0058670775,-0.07731666,0],[-0.0053577865,-0.9999625,-0.006793019,0],[1.2053095,0.25172728,0.8949019,1]]},"name":"Peppers"},"label":"ARImageAnchor didUpdate","timestamp":1742640964.975097}]