[{"timestamp":1742643904.589489,"label":"Application launched"},{"timestamp":1742643904.589726,"label":"Initialize ARViewModel"},{"timestamp":1742643904.591918,"label":"Finished Initialize ARViewModel"},{"timestamp":1742643904.59194,"label":"Initialize RoomManager"},{"timestamp":1742643904.5924191,"label":"Initialize BeaconManager"},{"label":"Fininshed Initialize BeaconManager","timestamp":1742643904.592504},{"timestamp":1742643904.59252,"label":"Fininshed Initialize RoomManager"},{"label":"Initialize CloudAnchorsManager","timestamp":1742643904.592533},{"timestamp":1742643904.592546,"label":"Fininshed Initialize CloudAnchorsManager"},{"timestamp":1742643904.5925589,"label":"ContentView Initialize"},{"timestamp":1742643905.9514031,"label":"Room Update","content":{"id":"3F39F93D-AB52-4382-80AA-E0ED5264C1F0","name":"Test Room"}},{"content":{"name":"Test Room","id":"3F39F93D-AB52-4382-80AA-E0ED5264C1F0"},"timestamp":1742643905.951487,"label":"Pulling CloudAnchors Ids from Backend"},{"content":{"cloudAnchorsIds":["ua-eee15bae032a8930e41114ea906b4500"],"room":{"id":"3F39F93D-AB52-4382-80AA-E0ED5264C1F0","name":"Test Room"}},"timestamp":1742643906.0040178,"label":"Pulled CloudAnchors Ids from Backend"},{"timestamp":1742643937.39078,"label":"ARCore Update Bunny Anchor","content":{"transform":{"columns":[[0.9442221,-0.017561525,0.3288408,0],[0.021418707,0.9997377,-0.008110609,0],[-0.3286121,0.014701561,0.94435054,0],[0.20846677,-0.6137967,-0.31761804,1]]},"identifier":"3E23A4BE-757F-4275-88D1-A31B5296758C"}},{"content":{"transform":{"columns":[[0.9442221,-0.017561525,0.3288408,0],[0.021418707,0.9997377,-0.008110609,0],[-0.3286121,0.014701561,0.94435054,0],[0.20846677,-0.6137967,-0.31761804,1]]},"name":"bunny","identifier":"0074E35E-671A-4627-8EBD-6FAE4AD09DDD"},"label":"Bunny didAdd (ARKit)","timestamp":1742643937.44508},{"label":"ARImageAnchor didAdd","content":{"identifier":"FF85DBE1-76D3-E459-2D24-8EDCEE263300","name":"Car","transform":{"columns":[[0.9787805,0.0050444105,0.2048488,0],[-0.20484152,-0.0019252826,0.9787931,0],[0.0053318203,-0.9999852,-0.00085114234,0],[-0.16273774,-0.6811053,-0.119109705,1]]}},"timestamp":1742643940.344818},{"content":{"name":"Car","identifier":"FF85DBE1-76D3-E459-2D24-8EDCEE263300","transform":{"columns":[[0.9787805,0.0050444105,0.2048488,0],[-0.20484152,-0.0019252826,0.9787931,0],[0.0053318203,-0.9999852,-0.00085114234,0],[-0.16273774,-0.6811053,-0.119109705,1]]}},"timestamp":1742643940.3562698,"label":"ARImageAnchor didUpdate"},{"timestamp":1742643943.01155,"content":{"name":"Earth","identifier":"088EF783-5990-B052-BE99-B8AA15BA6C68","transform":{"columns":[[0.98467034,-0.0106909,0.17409714,0],[-0.17431301,-0.024544029,0.9843843,0],[-0.006250908,-0.99964136,-0.026031347,0],[-1.0350256,0.5649013,-0.8215432,1]]}},"label":"ARImageAnchor didAdd"},{"content":{"transform":{"columns":[[0.98467034,-0.0106909,0.17409714,0],[-0.17431301,-0.024544029,0.9843843,0],[-0.006250908,-0.99964136,-0.026031347,0],[-1.0350256,0.5649013,-0.8215432,1]]},"identifier":"088EF783-5990-B052-BE99-B8AA15BA6C68","name":"Earth"},"label":"ARImageAnchor didUpdate","timestamp":1742643943.0201988},{"content":{"transform":{"columns":[[0.99116665,-0.00079686125,0.13261917,0],[-0.13260593,-0.02128816,0.99094003,0],[0.002033576,-0.99977285,-0.021205788,0],[-1.0450618,0.5734333,-0.8267313,1]]},"name":"Earth","identifier":"088EF783-5990-B052-BE99-B8AA15BA6C68"},"timestamp":1742643944.052734,"label":"ARImageAnchor didUpdate"},{"label":"ARImageAnchor didUpdate","timestamp":1742643944.085812,"content":{"name":"Earth","identifier":"088EF783-5990-B052-BE99-B8AA15BA6C68","transform":{"columns":[[0.99116665,-0.00079686125,0.13261917,0],[-0.13260593,-0.02128816,0.99094003,0],[0.002033576,-0.99977285,-0.021205788,0],[-1.0450618,0.5734333,-0.8267313,1]]}}},{"timestamp":1742643948.34453,"label":"ARImageAnchor didAdd","content":{"name":"Sailboat","transform":{"columns":[[0.98740107,0.00053273083,0.15823571,0],[-0.15822953,0.012774547,0.9873196,0],[-0.0014954151,-0.9999181,0.0126979,0],[0.76577926,0.7485164,-0.5096026,1]]},"identifier":"C35EAC54-3E90-1B97-807B-5E3B8F238DB7"}},{"content":{"transform":{"columns":[[0.98740107,0.00053273083,0.15823571,0],[-0.15822953,0.012774547,0.9873196,0],[-0.0014954151,-0.9999181,0.0126979,0],[0.76577926,0.7485164,-0.5096026,1]]},"identifier":"C35EAC54-3E90-1B97-807B-5E3B8F238DB7","name":"Sailboat"},"timestamp":1742643948.354011,"label":"ARImageAnchor didUpdate"},{"timestamp":1742643950.952129,"label":"Bunny didUpdate (ARKit)","content":{"name":"bunny","transform":{"columns":[[0.9443732,-0.017630937,0.32840312,0],[0.021537714,0.9997339,-0.008262387,0],[-0.32817003,0.0148758255,0.9445016,0],[0.20834057,-0.61385,-0.3176828,1]]},"identifier":"0074E35E-671A-4627-8EBD-6FAE4AD09DDD"}},{"content":{"identifier":"6BAD7D5D-D14A-EF93-1C8B-F6BEC80B8329","name":"Lenna","transform":{"columns":[[0.16305949,-0.036775425,-0.98593044,0],[0.98643494,-0.013071214,0.16363052,0],[-0.01890489,-0.99923784,0.034145188,0],[0.53261805,-0.6850198,-0.06959519,0.99999994]]}},"label":"ARImageAnchor didAdd","timestamp":1742643951.010961},{"content":{"name":"Lenna","identifier":"6BAD7D5D-D14A-EF93-1C8B-F6BEC80B8329","transform":{"columns":[[0.16305949,-0.036775425,-0.98593044,0],[0.98643494,-0.013071214,0.16363052,0],[-0.01890489,-0.99923784,0.034145188,0],[0.53261805,-0.6850198,-0.06959519,0.99999994]]}},"timestamp":1742643951.021646,"label":"ARImageAnchor didUpdate"},{"timestamp":1742643951.2563481,"label":"Bunny didUpdate (ARKit)","content":{"identifier":"0074E35E-671A-4627-8EBD-6FAE4AD09DDD","name":"bunny","transform":{"columns":[[0.9443849,-0.01766235,0.32836846,0],[0.02158448,0.99973255,-0.008302942,0],[-0.32813397,0.014928832,0.94451344,0],[0.2083217,-0.61386824,-0.31768137,1]]}}},{"label":"ARImageAnchor didAdd","timestamp":1742643954.210799,"content":{"identifier":"A19C2489-597B-2BED-432C-244B551E75FD","transform":{"columns":[[-0.16982418,-0.014850149,0.98536235,0],[-0.98480624,0.03936729,-0.16913503,0],[-0.03627936,-0.9991143,-0.021310039,0],[1.3831424,0.7560464,0.16592911,1]]},"name":"Mandrill"}},{"content":{"name":"Mandrill","identifier":"A19C2489-597B-2BED-432C-244B551E75FD","transform":{"columns":[[-0.16982418,-0.014850149,0.98536235,0],[-0.98480624,0.03936729,-0.16913503,0],[-0.03627936,-0.9991143,-0.021310039,0],[1.3831424,0.7560464,0.16592911,1]]}},"timestamp":1742643954.218624,"label":"ARImageAnchor didUpdate"},{"timestamp":1742643954.719888,"label":"ARImageAnchor didUpdate","content":{"name":"Mandrill","identifier":"A19C2489-597B-2BED-432C-244B551E75FD","transform":{"columns":[[-0.1678242,-0.016833609,0.9856732,0],[-0.9848224,0.047760926,-0.16686371,0],[-0.044267748,-0.9987168,-0.024593558,0],[1.3817707,0.765047,0.1676616,1]]}}},{"timestamp":1742643954.753293,"content":{"transform":{"columns":[[-0.1678242,-0.016833609,0.9856732,0],[-0.9848224,0.047760926,-0.16686371,0],[-0.044267748,-0.9987168,-0.024593558,0],[1.3817707,0.765047,0.1676616,1]]},"name":"Mandrill","identifier":"A19C2489-597B-2BED-432C-244B551E75FD"},"label":"ARImageAnchor didUpdate"},{"content":{"identifier":"61BB3DDD-C96C-6E82-3432-BD712CCBCB28","transform":{"columns":[[-0.17078057,-0.008698157,0.9852705,0],[-0.98509026,-0.019559562,-0.17092204,0],[0.020758156,-0.9997707,-0.0052280733,0],[1.3219135,0.14813809,0.90098023,1]]},"name":"Peppers"},"label":"ARImageAnchor didAdd","timestamp":1742643956.3438969},{"timestamp":1742643956.3547602,"label":"ARImageAnchor didUpdate","content":{"identifier":"61BB3DDD-C96C-6E82-3432-BD712CCBCB28","transform":{"columns":[[-0.17078057,-0.008698157,0.9852705,0],[-0.98509026,-0.019559562,-0.17092204,0],[0.020758156,-0.9997707,-0.0052280733,0],[1.3219135,0.14813809,0.90098023,1]]},"name":"Peppers"}}]