[{"label":"Application launched","timestamp":1742636925.3673348},{"label":"Initialize ARViewModel","timestamp":1742636925.3675199},{"timestamp":1742636925.370576,"label":"Finished Initialize ARViewModel"},{"timestamp":1742636925.370603,"label":"Initialize RoomManager"},{"timestamp":1742636925.3706079,"label":"Initialize BeaconManager"},{"timestamp":1742636925.370619,"label":"Fininshed Initialize BeaconManager"},{"timestamp":1742636925.370623,"label":"Fininshed Initialize RoomManager"},{"label":"Initialize CloudAnchorsManager","timestamp":1742636925.370627},{"timestamp":1742636925.370631,"label":"Fininshed Initialize CloudAnchorsManager"},{"timestamp":1742636925.370635,"label":"ContentView Initialize"},{"content":{"name":"Test Room","id":"3F39F93D-AB52-4382-80AA-E0ED5264C1F0"},"timestamp":1742636926.664925,"label":"Room Update"},{"label":"Pulling CloudAnchors Ids from Backend","content":{"name":"Test Room","id":"3F39F93D-AB52-4382-80AA-E0ED5264C1F0"},"timestamp":1742636926.66496},{"content":{"cloudAnchorsIds":["ua-eee15bae032a8930e41114ea906b4500"],"room":{"id":"3F39F93D-AB52-4382-80AA-E0ED5264C1F0","name":"Test Room"}},"label":"Pulled CloudAnchors Ids from Backend","timestamp":1742636926.724523},{"content":{"identifier":"F42D478D-B5F9-47BC-9C7C-7CC02D3F3A73","transform":{"columns":[[0.9941523,-0.012525438,0.107258044,0],[0.013868452,0.99983436,-0.011784567,0],[-0.10709267,0.013203157,0.99416137,0],[0.2543697,-0.5967714,-0.46647856,1]]}},"label":"ARCore Update Bunny Anchor","timestamp":1742636929.56299},{"content":{"transform":{"columns":[[0.9941523,-0.012525438,0.107258044,0],[0.013868452,0.99983436,-0.011784567,0],[-0.10709267,0.013203157,0.99416137,0],[0.2543697,-0.5967714,-0.46647856,1]]},"name":"bunny","identifier":"8C4E9568-4414-4B43-AD2B-76D097FB6C40"},"timestamp":1742636929.586493,"label":"Bunny didAdd (ARKit)"},{"timestamp":1742636931.486435,"label":"ARImageAnchor didAdd","content":{"transform":{"columns":[[0.9997844,0.0033375623,-0.0204916,0],[0.020547666,-0.017733516,0.9996316,0],[0.0029729402,-0.99983716,-0.017798258,0],[-0.059284493,-0.6718373,-0.18475956,0.99999994]]},"name":"Car","identifier":"FF85DBE1-76D3-E459-2D24-8EDCEE263300"}},{"timestamp":1742636931.4966478,"content":{"identifier":"FF85DBE1-76D3-E459-2D24-8EDCEE263300","name":"Car","transform":{"columns":[[0.9997844,0.0033375623,-0.0204916,0],[0.020547666,-0.017733516,0.9996316,0],[0.0029729402,-0.99983716,-0.017798258,0],[-0.059284493,-0.6718373,-0.18475956,0.99999994]]}},"label":"ARImageAnchor didUpdate"},{"content":{"name":"Car","identifier":"FF85DBE1-76D3-E459-2D24-8EDCEE263300","transform":{"columns":[[0.99950004,0.007448205,-0.030725023,0],[0.030712247,0.0018213559,0.9995265,0],[0.007500626,-0.99997056,0.001591703,0],[-0.05859196,-0.666635,-0.19410986,1]]}},"timestamp":1742636932.004751,"label":"ARImageAnchor didUpdate"},{"timestamp":1742636932.012745,"content":{"name":"Car","transform":{"columns":[[0.99950004,0.007448205,-0.030725023,0],[0.030712247,0.0018213559,0.9995265,0],[0.007500626,-0.99997056,0.001591703,0],[-0.05859196,-0.666635,-0.19410986,1]]},"identifier":"FF85DBE1-76D3-E459-2D24-8EDCEE263300"},"label":"ARImageAnchor didUpdate"},{"timestamp":1742636934.6030068,"label":"ARImageAnchor didAdd","content":{"name":"Earth","identifier":"088EF783-5990-B052-BE99-B8AA15BA6C68","transform":{"columns":[[0.99684584,-0.004579109,-0.07922861,0],[0.07917631,-0.0106638055,0.9968036,0],[-0.0054093525,-0.9999326,-0.010267608,0],[-1.0855902,0.58947057,-0.68085736,0.99999994]]}}},{"content":{"identifier":"088EF783-5990-B052-BE99-B8AA15BA6C68","name":"Earth","transform":{"columns":[[0.99684584,-0.004579109,-0.07922861,0],[0.07917631,-0.0106638055,0.9968036,0],[-0.0054093525,-0.9999326,-0.010267608,0],[-1.0855902,0.58947057,-0.68085736,0.99999994]]}},"timestamp":1742636934.610835,"label":"ARImageAnchor didUpdate"},{"label":"ARImageAnchor didAdd","content":{"transform":{"columns":[[0.9978468,0.0029554376,-0.06552004,0],[0.06552303,-0.00091792166,0.99785066,0],[0.002888946,-0.9999951,-0.001109581,0],[0.7443911,0.76015407,-0.7990379,0.99999994]]},"identifier":"C35EAC54-3E90-1B97-807B-5E3B8F238DB7","name":"Sailboat"},"timestamp":1742636937.804173},{"content":{"identifier":"C35EAC54-3E90-1B97-807B-5E3B8F238DB7","name":"Sailboat","transform":{"columns":[[0.9978468,0.0029554376,-0.06552004,0],[0.06552303,-0.00091792166,0.99785066,0],[0.002888946,-0.9999951,-0.001109581,0],[0.7443911,0.76015407,-0.7990379,0.99999994]]}},"label":"ARImageAnchor didUpdate","timestamp":1742636937.810709},{"content":{"name":"Mandrill","identifier":"A19C2489-597B-2BED-432C-244B551E75FD","transform":{"columns":[[0.07043439,-0.012964076,0.9974322,0],[-0.9955137,0.062416933,0.07111012,0],[-0.06317856,-0.9979658,-0.008509624,0],[1.5014534,0.78268397,-0.28547633,0.99999994]]}},"label":"ARImageAnchor didAdd","timestamp":1742636939.935915},{"label":"ARImageAnchor didUpdate","timestamp":1742636939.9449592,"content":{"name":"Mandrill","identifier":"A19C2489-597B-2BED-432C-244B551E75FD","transform":{"columns":[[0.07043439,-0.012964076,0.9974322,0],[-0.9955137,0.062416933,0.07111012,0],[-0.06317856,-0.9979658,-0.008509624,0],[1.5014534,0.78268397,-0.28547633,0.99999994]]}}},{"timestamp":1742636941.537622,"label":"ARImageAnchor didAdd","content":{"transform":{"columns":[[0.06886869,-0.009977205,0.9975758,0],[-0.99760634,0.0055388967,0.06892621,0],[-0.0062131775,-0.99993485,-0.009571871,0],[1.6313136,0.161609,0.4490736,0.99999994]]},"name":"Peppers","identifier":"61BB3DDD-C96C-6E82-3432-BD712CCBCB28"}},{"timestamp":1742636941.543758,"content":{"name":"Peppers","identifier":"61BB3DDD-C96C-6E82-3432-BD712CCBCB28","transform":{"columns":[[0.06886869,-0.009977205,0.9975758,0],[-0.99760634,0.0055388967,0.06892621,0],[-0.0062131775,-0.99993485,-0.009571871,0],[1.6313136,0.161609,0.4490736,0.99999994]]}},"label":"ARImageAnchor didUpdate"},{"timestamp":1742636942.0613918,"label":"ARImageAnchor didUpdate","content":{"identifier":"61BB3DDD-C96C-6E82-3432-BD712CCBCB28","name":"Peppers","transform":{"columns":[[0.07144071,-0.008457289,0.9974089,0],[-0.997384,0.010436751,0.071527414,0],[-0.011014635,-0.9999097,-0.007689553,0],[1.628984,0.16472411,0.44453633,0.99999994]]}}},{"timestamp":1742636942.0774,"label":"ARImageAnchor didUpdate","content":{"name":"Peppers","identifier":"61BB3DDD-C96C-6E82-3432-BD712CCBCB28","transform":{"columns":[[0.07144071,-0.008457289,0.9974089,0],[-0.997384,0.010436751,0.071527414,0],[-0.011014635,-0.9999097,-0.007689553,0],[1.628984,0.16472411,0.44453633,0.99999994]]}}},{"timestamp":1742636944.152466,"label":"ARImageAnchor didAdd","content":{"transform":{"columns":[[-0.052129578,-0.037896186,-0.99792093,0],[0.99862444,-0.00760395,-0.051877555,0],[-0.0056221792,-0.99925274,0.038240477,0],[0.62280387,-0.6723312,-0.31745103,0.99999994]]},"name":"Lenna","identifier":"6BAD7D5D-D14A-EF93-1C8B-F6BEC80B8329"}},{"content":{"name":"Lenna","transform":{"columns":[[-0.052129578,-0.037896186,-0.99792093,0],[0.99862444,-0.00760395,-0.051877555,0],[-0.0056221792,-0.99925274,0.038240477,0],[0.62280387,-0.6723312,-0.31745103,0.99999994]]},"identifier":"6BAD7D5D-D14A-EF93-1C8B-F6BEC80B8329"},"timestamp":1742636944.161448,"label":"ARImageAnchor didUpdate"},{"content":{"name":"bunny","identifier":"8C4E9568-4414-4B43-AD2B-76D097FB6C40","transform":{"columns":[[0.99401927,-0.013699309,0.10834143,0],[0.015179977,0.99980205,-0.012853714,0],[-0.10814392,0.014421459,0.9940306,0],[0.25407618,-0.5968142,-0.4661976,0.9999999]]}},"timestamp":1742636944.244873,"label":"Bunny didUpdate (ARKit)"},{"timestamp":1742636946.411787,"content":{"transform":{"columns":[[0.9940448,-0.013326571,0.108153805,0],[0.014825838,0.9998046,-0.0130700795,0],[-0.1079585,0.014595715,0.99404824,0],[0.25418654,-0.5969593,-0.46605158,0.99999994]]},"identifier":"8C4E9568-4414-4B43-AD2B-76D097FB6C40","name":"bunny"},"label":"Bunny didUpdate (ARKit)"}]