[{"timestamp":1742646707.705878,"label":"Application launched"},{"label":"Initialize ARViewModel","timestamp":1742646707.706106},{"timestamp":1742646707.708631,"label":"Finished Initialize ARViewModel"},{"timestamp":1742646707.708699,"label":"Initialize RoomManager"},{"label":"Initialize BeaconManager","timestamp":1742646707.708713},{"timestamp":1742646707.708747,"label":"Fininshed Initialize BeaconManager"},{"timestamp":1742646707.708771,"label":"Fininshed Initialize RoomManager"},{"label":"Initialize CloudAnchorsManager","timestamp":1742646707.708785},{"timestamp":1742646707.708798,"label":"Fininshed Initialize CloudAnchorsManager"},{"label":"ContentView Initialize","timestamp":1742646707.7088099},{"timestamp":1742646708.995606,"content":{"id":"3F39F93D-AB52-4382-80AA-E0ED5264C1F0","name":"Test Room"},"label":"Room Update"},{"label":"Pulling CloudAnchors Ids from Backend","content":{"name":"Test Room","id":"3F39F93D-AB52-4382-80AA-E0ED5264C1F0"},"timestamp":1742646708.995641},{"label":"Pulled CloudAnchors Ids from Backend","content":{"cloudAnchorsIds":["ua-eee15bae032a8930e41114ea906b4500"],"room":{"id":"3F39F93D-AB52-4382-80AA-E0ED5264C1F0","name":"Test Room"}},"timestamp":1742646709.0620189},{"label":"ARCore Update Bunny Anchor","content":{"identifier":"FD137E52-4253-4522-9025-319E16713F58","transform":{"columns":[[0.76547027,0.024347564,0.64301044,0],[-0.015776258,0.99969363,-0.019072548,0],[-0.6432778,0.0044551706,0.7656199,0],[0.08827124,-0.4688237,-0.11867564,1]]}},"timestamp":1742646729.591068},{"timestamp":1742646729.6472569,"label":"Bunny didAdd (ARKit)","content":{"transform":{"columns":[[0.76547027,0.024347564,0.64301044,0],[-0.015776258,0.99969363,-0.019072548,0],[-0.6432778,0.0044551706,0.7656199,0],[0.08827124,-0.4688237,-0.11867564,1]]},"name":"bunny","identifier":"9FC79A94-4210-4B41-8D6C-574AC3B9B364"}},{"content":{"identifier":"FF85DBE1-76D3-E459-2D24-8EDCEE263300","name":"Car","transform":{"columns":[[0.8375585,0.0091042565,0.54627144,0],[-0.54621017,-0.008455307,0.8376052,0],[0.012244632,-0.9999227,-0.0021089383,0],[-0.330287,-0.53657115,-0.05944994,1]]}},"timestamp":1742646734.2804952,"label":"ARImageAnchor didAdd"},{"timestamp":1742646734.2907848,"content":{"name":"Car","identifier":"FF85DBE1-76D3-E459-2D24-8EDCEE263300","transform":{"columns":[[0.8375585,0.0091042565,0.54627144,0],[-0.54621017,-0.008455307,0.8376052,0],[0.012244632,-0.9999227,-0.0021089383,0],[-0.330287,-0.53657115,-0.05944994,1]]}},"label":"ARImageAnchor didUpdate"},{"content":{"identifier":"088EF783-5990-B052-BE99-B8AA15BA6C68","name":"Earth","transform":{"columns":[[0.86509013,-0.009517903,0.5015259,0],[-0.50142205,-0.044225756,0.86407167,0],[0.013956209,-0.9989762,-0.04303175,0],[-0.91018575,0.7012632,-1.0309162,1]]}},"timestamp":1742646737.480495,"label":"ARImageAnchor didAdd"},{"label":"ARImageAnchor didUpdate","content":{"name":"Earth","identifier":"088EF783-5990-B052-BE99-B8AA15BA6C68","transform":{"columns":[[0.86509013,-0.009517903,0.5015259,0],[-0.50142205,-0.044225756,0.86407167,0],[0.013956209,-0.9989762,-0.04303175,0],[-0.91018575,0.7012632,-1.0309162,1]]}},"timestamp":1742646737.4883618},{"content":{"identifier":"088EF783-5990-B052-BE99-B8AA15BA6C68","name":"Earth","transform":{"columns":[[0.8800663,0.0015263302,0.47484815,0],[-0.47474054,-0.018707104,0.87992686,0],[0.010226098,-0.9998238,-0.015738884,0],[-0.92132324,0.7094088,-1.0395553,1]]}},"label":"ARImageAnchor didUpdate","timestamp":1742646737.98947},{"timestamp":1742646738.021707,"label":"ARImageAnchor didUpdate","content":{"identifier":"088EF783-5990-B052-BE99-B8AA15BA6C68","transform":{"columns":[[0.8800663,0.0015263302,0.47484815,0],[-0.47474054,-0.018707104,0.87992686,0],[0.010226098,-0.9998238,-0.015738884,0],[-0.92132324,0.7094088,-1.0395553,1]]},"name":"Earth"}},{"content":{"name":"Lenna","identifier":"6BAD7D5D-D14A-EF93-1C8B-F6BEC80B8329","transform":{"columns":[[0.52484024,-0.035593223,-0.8504561,0],[0.85091233,-0.0040662154,0.5252918,0],[-0.022154981,-0.99935794,0.028152587,0],[0.30498475,-0.5391019,0.22794832,1]]}},"timestamp":1742646743.913474,"label":"ARImageAnchor didAdd"},{"label":"ARImageAnchor didUpdate","timestamp":1742646743.923256,"content":{"name":"Lenna","transform":{"columns":[[0.52484024,-0.035593223,-0.8504561,0],[0.85091233,-0.0040662154,0.5252918,0],[-0.022154981,-0.99935794,0.028152587,0],[0.30498475,-0.5391019,0.22794832,1]]},"identifier":"6BAD7D5D-D14A-EF93-1C8B-F6BEC80B8329"}},{"content":{"transform":{"columns":[[0.85251313,-0.0025385115,0.52269936,0],[-0.5227009,7.186275e-05,0.852516,0],[-0.0022016885,-0.99999666,-0.0012656137,0],[0.6764003,0.88512295,-0.122291386,1]]},"name":"Sailboat","identifier":"C35EAC54-3E90-1B97-807B-5E3B8F238DB7"},"label":"ARImageAnchor didAdd","timestamp":1742646747.68007},{"timestamp":1742646747.688412,"label":"ARImageAnchor didUpdate","content":{"identifier":"C35EAC54-3E90-1B97-807B-5E3B8F238DB7","name":"Sailboat","transform":{"columns":[[0.85251313,-0.0025385115,0.52269936,0],[-0.5227009,7.186275e-05,0.852516,0],[-0.0022016885,-0.99999666,-0.0012656137,0],[0.6764003,0.88512295,-0.122291386,1]]}}},{"label":"ARImageAnchor didUpdate","timestamp":1742646748.188592,"content":{"name":"Sailboat","identifier":"C35EAC54-3E90-1B97-807B-5E3B8F238DB7","transform":{"columns":[[0.8607189,0.0022251161,0.50907546,0],[-0.5090542,0.013909158,0.860622,0],[-0.005165843,-0.9999007,0.013104597,0],[0.67467886,0.8905074,-0.12218933,1]]}}},{"label":"ARImageAnchor didUpdate","content":{"transform":{"columns":[[0.8607189,0.0022251161,0.50907546,0],[-0.5090542,0.013909158,0.860622,0],[-0.005165843,-0.9999007,0.013104597,0],[0.67467886,0.8905074,-0.12218933,1]]},"name":"Sailboat","identifier":"C35EAC54-3E90-1B97-807B-5E3B8F238DB7"},"timestamp":1742646748.22241},{"timestamp":1742646750.3466458,"label":"ARImageAnchor didAdd","content":{"identifier":"A19C2489-597B-2BED-432C-244B551E75FD","transform":{"columns":[[-0.5064349,-0.016742455,0.8621154,0],[-0.8615864,0.049860455,-0.50515586,0],[-0.03452788,-0.9986158,-0.039676126,0],[1.0096906,0.9149274,0.72731733,1]]},"name":"Mandrill"}},{"content":{"identifier":"A19C2489-597B-2BED-432C-244B551E75FD","transform":{"columns":[[-0.5064349,-0.016742455,0.8621154,0],[-0.8615864,0.049860455,-0.50515586,0],[-0.03452788,-0.9986158,-0.039676126,0],[1.0096906,0.9149274,0.72731733,1]]},"name":"Mandrill"},"label":"ARImageAnchor didUpdate","timestamp":1742646750.3564038},{"label":"ARImageAnchor didAdd","timestamp":1742646753.046516,"content":{"name":"Peppers","identifier":"61BB3DDD-C96C-6E82-3432-BD712CCBCB28","transform":{"columns":[[-0.50863546,-0.0075453925,0.8609488,0],[-0.8608731,-0.01143253,-0.50869095,0],[0.0136811,-0.9999061,-0.0006806361,0],[0.69980913,0.30001277,1.3964252,1]]}}},{"content":{"identifier":"61BB3DDD-C96C-6E82-3432-BD712CCBCB28","name":"Peppers","transform":{"columns":[[-0.50863546,-0.0075453925,0.8609488,0],[-0.8608731,-0.01143253,-0.50869095,0],[0.0136811,-0.9999061,-0.0006806361,0],[0.69980913,0.30001277,1.3964252,1]]}},"timestamp":1742646753.054288,"label":"ARImageAnchor didUpdate"},{"timestamp":1742646761.222053,"label":"Bunny didUpdate (ARKit)","content":{"transform":{"columns":[[0.7660786,0.024734216,0.6422708,0],[-0.016293645,0.9996853,-0.019063955,0],[-0.64254034,0.004139555,0.76624066,0],[0.08820748,-0.46881783,-0.118688315,1]]},"name":"bunny","identifier":"9FC79A94-4210-4B41-8D6C-574AC3B9B364"}},{"label":"Bunny didUpdate (ARKit)","content":{"transform":{"columns":[[0.76609457,0.024685377,0.6422535,0],[-0.016332576,0.9996867,-0.018941661,0],[-0.6425202,0.0040214504,0.766258,0],[0.08821344,-0.46878994,-0.11872569,0.9999999]]},"name":"bunny","identifier":"9FC79A94-4210-4B41-8D6C-574AC3B9B364"},"timestamp":1742646765.755089},{"label":"ARImageAnchor didUpdate","content":{"transform":{"columns":[[0.48976105,-0.029781712,-0.8713477,0],[0.87075835,-0.033437174,0.49057248,0],[-0.043745477,-0.998997,0.009556464,0],[0.3144924,-0.5430667,0.2398296,0.99999994]]},"identifier":"6BAD7D5D-D14A-EF93-1C8B-F6BEC80B8329","name":"Lenna"},"timestamp":1742646765.8559198},{"timestamp":1742646765.887123,"content":{"transform":{"columns":[[0.48976105,-0.029781712,-0.8713477,0],[0.87075835,-0.033437174,0.49057248,0],[-0.043745477,-0.998997,0.009556464,0],[0.3144924,-0.5430667,0.2398296,0.99999994]]},"identifier":"6BAD7D5D-D14A-EF93-1C8B-F6BEC80B8329","name":"Lenna"},"label":"ARImageAnchor didUpdate"},{"content":{"name":"bunny","transform":{"columns":[[0.76607716,0.024678832,0.6422744,0],[-0.016359055,0.99968684,-0.01889972,0],[-0.64254004,0.003971642,0.76624143,0],[0.088228695,-0.46878034,-0.11873868,1]]},"identifier":"9FC79A94-4210-4B41-8D6C-574AC3B9B364"},"timestamp":1742646766.7565641,"label":"Bunny didUpdate (ARKit)"},{"content":{"transform":{"columns":[[-0.5070587,-0.010196873,0.8618509,0],[-0.8618466,-0.0062501743,-0.50713,0],[0.010557844,-0.99992836,-0.0056189382,0],[0.7177199,0.2962261,1.4145521,0.9999999]]},"name":"Peppers","identifier":"61BB3DDD-C96C-6E82-3432-BD712CCBCB28"},"label":"ARImageAnchor didUpdate","timestamp":1742646773.3206801},{"timestamp":1742646773.354522,"label":"ARImageAnchor didUpdate","content":{"identifier":"61BB3DDD-C96C-6E82-3432-BD712CCBCB28","name":"Peppers","transform":{"columns":[[-0.5070587,-0.010196873,0.8618509,0],[-0.8618466,-0.0062501743,-0.50713,0],[0.010557844,-0.99992836,-0.0056189382,0],[0.7177199,0.2962261,1.4145521,0.9999999]]}}},{"timestamp":1742646778.1215029,"content":{"identifier":"A19C2489-597B-2BED-432C-244B551E75FD","transform":{"columns":[[-0.5031166,-0.013257212,0.8641166,0],[-0.86319816,0.056279365,-0.50171834,0],[-0.041980557,-0.998327,-0.039758682,0],[1.0264503,0.9154779,0.7410092,1]]},"name":"Mandrill"},"label":"ARImageAnchor didUpdate"},{"timestamp":1742646778.1554809,"label":"ARImageAnchor didUpdate","content":{"identifier":"A19C2489-597B-2BED-432C-244B551E75FD","transform":{"columns":[[-0.5031166,-0.013257212,0.8641166,0],[-0.86319816,0.056279365,-0.50171834,0],[-0.041980557,-0.998327,-0.039758682,0],[1.0264503,0.9154779,0.7410092,1]]},"name":"Mandrill"}}]