[{"timestamp":1742646439.5806289,"label":"Application launched"},{"timestamp":1742646439.58082,"label":"Initialize ARViewModel"},{"timestamp":1742646439.583088,"label":"Finished Initialize ARViewModel"},{"label":"Initialize RoomManager","timestamp":1742646439.583152},{"timestamp":1742646439.5831718,"label":"Initialize BeaconManager"},{"timestamp":1742646439.583209,"label":"Fininshed Initialize BeaconManager"},{"timestamp":1742646439.583228,"label":"Fininshed Initialize RoomManager"},{"timestamp":1742646439.583242,"label":"Initialize CloudAnchorsManager"},{"timestamp":1742646439.583257,"label":"Fininshed Initialize CloudAnchorsManager"},{"timestamp":1742646439.583271,"label":"ContentView Initialize"},{"content":{"name":"Test Room","id":"3F39F93D-AB52-4382-80AA-E0ED5264C1F0"},"label":"Room Update","timestamp":1742646440.852394},{"content":{"name":"Test Room","id":"3F39F93D-AB52-4382-80AA-E0ED5264C1F0"},"timestamp":1742646440.8524299,"label":"Pulling CloudAnchors Ids from Backend"},{"label":"Pulled CloudAnchors Ids from Backend","content":{"cloudAnchorsIds":["ua-eee15bae032a8930e41114ea906b4500"],"room":{"name":"Test Room","id":"3F39F93D-AB52-4382-80AA-E0ED5264C1F0"}},"timestamp":1742646440.921657},{"label":"ARCore Update Bunny Anchor","content":{"identifier":"964B4807-F85C-4C5A-9437-2DE20633B5D2","transform":{"columns":[[0.99298626,0.003760706,-0.118170105,0],[-0.003534729,0.9999915,0.00212183,0],[0.11817708,-0.0016892485,0.9929911,0],[0.3347735,-0.24880281,-0.2762527,1]]}},"timestamp":1742646466.05004},{"content":{"name":"bunny","identifier":"09BF66DA-928D-457F-A4B5-0495115D4D99","transform":{"columns":[[0.99298626,0.003760706,-0.118170105,0],[-0.003534729,0.9999915,0.00212183,0],[0.11817708,-0.0016892485,0.9929911,0],[0.3347735,-0.24880281,-0.2762527,1]]}},"timestamp":1742646466.0739388,"label":"Bunny didAdd (ARKit)"},{"timestamp":1742646469.523802,"label":"ARImageAnchor didAdd","content":{"identifier":"FF85DBE1-76D3-E459-2D24-8EDCEE263300","transform":{"columns":[[0.970504,0.010209812,-0.24086916,0],[0.24092966,-0.005165865,0.97052884,0],[0.008664606,-0.9999345,-0.0074733226,0],[0.093801364,-0.3159403,0.088148385,1]]},"name":"Car"}},{"content":{"transform":{"columns":[[0.970504,0.010209812,-0.24086916,0],[0.24092966,-0.005165865,0.97052884,0],[0.008664606,-0.9999345,-0.0074733226,0],[0.093801364,-0.3159403,0.088148385,1]]},"name":"Car","identifier":"FF85DBE1-76D3-E459-2D24-8EDCEE263300"},"label":"ARImageAnchor didUpdate","timestamp":1742646469.5315552},{"content":{"name":"Earth","identifier":"088EF783-5990-B052-BE99-B8AA15BA6C68","transform":{"columns":[[0.95910156,-0.008773144,-0.2829265,0],[0.28248292,-0.034264464,0.9586602,0],[-0.018104795,-0.9993742,-0.03038484,0],[-1.0429907,0.9575987,-0.15015355,1]]}},"timestamp":1742646472.657083,"label":"ARImageAnchor didAdd"},{"label":"ARImageAnchor didUpdate","content":{"name":"Earth","transform":{"columns":[[0.95910156,-0.008773144,-0.2829265,0],[0.28248292,-0.034264464,0.9586602,0],[-0.018104795,-0.9993742,-0.03038484,0],[-1.0429907,0.9575987,-0.15015355,1]]},"identifier":"088EF783-5990-B052-BE99-B8AA15BA6C68"},"timestamp":1742646472.6746368},{"label":"ARImageAnchor didUpdate","timestamp":1742646473.182414,"content":{"name":"Earth","identifier":"088EF783-5990-B052-BE99-B8AA15BA6C68","transform":{"columns":[[0.9546089,-0.001521418,-0.2978583,0],[0.2977253,-0.025447965,0.95431244,0],[-0.009031799,-0.9996749,-0.023839891,0],[-1.0386819,0.951878,-0.15735011,1]]}}},{"label":"ARImageAnchor didUpdate","timestamp":1742646473.1992068,"content":{"name":"Earth","identifier":"088EF783-5990-B052-BE99-B8AA15BA6C68","transform":{"columns":[[0.9546089,-0.001521418,-0.2978583,0],[0.2977253,-0.025447965,0.95431244,0],[-0.009031799,-0.9996749,-0.023839891,0],[-1.0386819,0.951878,-0.15735011,1]]}}},{"label":"Bunny didUpdate (ARKit)","content":{"name":"bunny","identifier":"09BF66DA-928D-457F-A4B5-0495115D4D99","transform":{"columns":[[0.9930465,0.0037480136,-0.11766322,0],[-0.0035254355,0.9999916,0.00209973,0],[0.11767006,-0.0016703157,0.9930513,0],[0.33480912,-0.24880195,-0.27636188,1]]}},"timestamp":1742646475.6837602},{"timestamp":1742646476.0834599,"label":"Bunny didUpdate (ARKit)","content":{"transform":{"columns":[[0.9930449,0.0037525538,-0.117676236,0],[-0.0035254282,0.9999915,0.002138184,0],[0.11768325,-0.0017084533,0.99304956,0],[0.3348081,-0.248799,-0.27637142,1]]},"name":"bunny","identifier":"09BF66DA-928D-457F-A4B5-0495115D4D99"}},{"label":"ARImageAnchor didAdd","content":{"transform":{"columns":[[-0.25996834,-0.031989425,-0.9650872,0],[0.9655702,-0.018472,-0.25948614,0],[-0.009526266,-0.9993174,0.035690185,0],[0.7592523,-0.31976628,-0.18653257,1]]},"name":"Lenna","identifier":"6BAD7D5D-D14A-EF93-1C8B-F6BEC80B8329"},"timestamp":1742646477.390191},{"timestamp":1742646477.401077,"content":{"name":"Lenna","identifier":"6BAD7D5D-D14A-EF93-1C8B-F6BEC80B8329","transform":{"columns":[[-0.25996834,-0.031989425,-0.9650872,0],[0.9655702,-0.018472,-0.25948614,0],[-0.009526266,-0.9993174,0.035690185,0],[0.7592523,-0.31976628,-0.18653257,1]]}},"label":"ARImageAnchor didUpdate"},{"content":{"identifier":"09BF66DA-928D-457F-A4B5-0495115D4D99","transform":{"columns":[[0.99302727,0.0038261674,-0.11782204,0],[-0.0035897577,0.99999106,0.002218648,0],[0.11782949,-0.0017802257,0.99303204,0],[0.334818,-0.24880755,-0.27636415,0.99999994]]},"name":"bunny"},"label":"Bunny didUpdate (ARKit)","timestamp":1742646477.882256},{"timestamp":1742646479.506753,"label":"ARImageAnchor didAdd","content":{"identifier":"C35EAC54-3E90-1B97-807B-5E3B8F238DB7","transform":{"columns":[[0.9645951,-0.0022779505,-0.26372588,0],[0.26371208,0.02170615,0.9643573,0],[0.0035277128,-0.99976176,0.02153836,0],[0.7461112,1.1098851,-0.69468975,1.0000001]]},"name":"Sailboat"}},{"timestamp":1742646479.515253,"label":"ARImageAnchor didUpdate","content":{"identifier":"C35EAC54-3E90-1B97-807B-5E3B8F238DB7","transform":{"columns":[[0.9645951,-0.0022779505,-0.26372588,0],[0.26371208,0.02170615,0.9643573,0],[0.0035277128,-0.99976176,0.02153836,0],[0.7461112,1.1098851,-0.69468975,1.0000001]]},"name":"Sailboat"}},{"timestamp":1742646480.041728,"content":{"identifier":"C35EAC54-3E90-1B97-807B-5E3B8F238DB7","transform":{"columns":[[0.95993215,0.0021702563,-0.28022444,0],[0.27994257,0.038073894,0.95926154,0],[0.012751058,-0.9992725,0.03594084,0],[0.7485399,1.1146935,-0.6863729,1]]},"name":"Sailboat"},"label":"ARImageAnchor didUpdate"},{"label":"ARImageAnchor didUpdate","timestamp":1742646480.0479732,"content":{"name":"Sailboat","transform":{"columns":[[0.95993215,0.0021702563,-0.28022444,0],[0.27994257,0.038073894,0.95926154,0],[0.012751058,-0.9992725,0.03594084,0],[0.7485399,1.1146935,-0.6863729,1]]},"identifier":"C35EAC54-3E90-1B97-807B-5E3B8F238DB7"}},{"content":{"transform":{"columns":[[0.27569216,-0.016615765,0.9611023,0],[-0.96002316,0.045656662,0.2761719,0],[-0.048469514,-0.99881893,-0.0033643576,0],[1.5988687,1.142252,-0.3562569,1]]},"name":"Mandrill","identifier":"A19C2489-597B-2BED-432C-244B551E75FD"},"timestamp":1742646481.606602,"label":"ARImageAnchor didAdd"},{"content":{"transform":{"columns":[[0.27569216,-0.016615765,0.9611023,0],[-0.96002316,0.045656662,0.2761719,0],[-0.048469514,-0.99881893,-0.0033643576,0],[1.5988687,1.142252,-0.3562569,1]]},"identifier":"A19C2489-597B-2BED-432C-244B551E75FD","name":"Mandrill"},"timestamp":1742646481.6151938,"label":"ARImageAnchor didUpdate"},{"timestamp":1742646483.173256,"label":"ARImageAnchor didAdd","content":{"name":"Peppers","identifier":"61BB3DDD-C96C-6E82-3432-BD712CCBCB28","transform":{"columns":[[0.28632125,-0.0051375437,0.9581199,0],[-0.95767486,0.029410578,0.28634593,0],[-0.029649977,-0.9995541,0.003500767,0],[1.8763993,0.52409744,0.33272383,0.9999999]]}}},{"label":"ARImageAnchor didUpdate","timestamp":1742646483.182804,"content":{"identifier":"61BB3DDD-C96C-6E82-3432-BD712CCBCB28","transform":{"columns":[[0.28632125,-0.0051375437,0.9581199,0],[-0.95767486,0.029410578,0.28634593,0],[-0.029649977,-0.9995541,0.003500767,0],[1.8763993,0.52409744,0.33272383,0.9999999]]},"name":"Peppers"}},{"timestamp":1742646485.314219,"label":"ARImageAnchor didUpdate","content":{"name":"Peppers","transform":{"columns":[[0.25973544,-0.0091627715,0.9656365,0],[-0.9656038,-0.015021096,0.25958404,0],[0.012126371,-0.9998452,-0.0127491215,0],[1.8715131,0.52570194,0.32700723,1]]},"identifier":"61BB3DDD-C96C-6E82-3432-BD712CCBCB28"}},{"content":{"name":"Peppers","identifier":"61BB3DDD-C96C-6E82-3432-BD712CCBCB28","transform":{"columns":[[0.25973544,-0.0091627715,0.9656365,0],[-0.9656038,-0.015021096,0.25958404,0],[0.012126371,-0.9998452,-0.0127491215,0],[1.8715131,0.52570194,0.32700723,1]]}},"timestamp":1742646485.331634,"label":"ARImageAnchor didUpdate"},{"timestamp":1742646485.9830189,"label":"Bunny didUpdate (ARKit)","content":{"identifier":"09BF66DA-928D-457F-A4B5-0495115D4D99","name":"bunny","transform":{"columns":[[0.9930239,0.0037636885,-0.11785263,0],[-0.0035302092,0.9999913,0.0021898018,0],[0.11785987,-0.0017584811,0.9930285,0],[0.33479616,-0.24879634,-0.2763477,1]]}}},{"label":"ARImageAnchor didUpdate","timestamp":1742646496.424118,"content":{"name":"Earth","transform":{"columns":[[0.9572331,-0.008549734,-0.28919187,0],[0.28880608,-0.031213634,0.95687866,0],[-0.017207794,-0.99947613,-0.027409514,0],[-1.0116934,0.93743384,-0.15279081,1]]},"identifier":"088EF783-5990-B052-BE99-B8AA15BA6C68"}},{"timestamp":1742646496.431093,"label":"ARImageAnchor didUpdate","content":{"transform":{"columns":[[0.9572331,-0.008549734,-0.28919187,0],[0.28880608,-0.031213634,0.95687866,0],[-0.017207794,-0.99947613,-0.027409514,0],[-1.0116934,0.93743384,-0.15279081,1]]},"name":"Earth","identifier":"088EF783-5990-B052-BE99-B8AA15BA6C68"}},{"content":{"name":"bunny","identifier":"09BF66DA-928D-457F-A4B5-0495115D4D99","transform":{"columns":[[0.9930215,0.0037013793,-0.11787502,0],[-0.0034971081,0.9999919,0.001939731,0],[0.117881276,-0.0015139726,0.99302626,0],[0.33473164,-0.24877137,-0.27620447,0.9999999]]}},"timestamp":1742646498.981869,"label":"Bunny didUpdate (ARKit)"},{"timestamp":1742646503.779532,"label":"ARImageAnchor didUpdate","content":{"name":"Sailboat","transform":{"columns":[[0.9624223,-0.0021664298,-0.27154878,0],[0.27155602,0.004492865,0.9624122,0],[-0.0008649701,-0.9999875,0.004912342,0],[0.76919806,1.1273079,-0.6715731,1]]},"identifier":"C35EAC54-3E90-1B97-807B-5E3B8F238DB7"}},{"content":{"name":"Sailboat","identifier":"C35EAC54-3E90-1B97-807B-5E3B8F238DB7","transform":{"columns":[[0.9624223,-0.0021664298,-0.27154878,0],[0.27155602,0.004492865,0.9624122,0],[-0.0008649701,-0.9999875,0.004912342,0],[0.76919806,1.1273079,-0.6715731,1]]}},"label":"ARImageAnchor didUpdate","timestamp":1742646503.796582},{"label":"ARImageAnchor didUpdate","timestamp":1742646510.180377,"content":{"identifier":"A19C2489-597B-2BED-432C-244B551E75FD","transform":{"columns":[[0.27673438,-0.011682204,0.9608755,0],[-0.9595927,0.049699318,0.27696925,0],[-0.05099045,-0.99869585,0.0025433567,0],[1.6295784,1.1502964,-0.33093286,1]]},"name":"Mandrill"}},{"timestamp":1742646510.196214,"label":"ARImageAnchor didUpdate","content":{"identifier":"A19C2489-597B-2BED-432C-244B551E75FD","name":"Mandrill","transform":{"columns":[[0.27673438,-0.011682204,0.9608755,0],[-0.9595927,0.049699318,0.27696925,0],[-0.05099045,-0.99869585,0.0025433567,0],[1.6295784,1.1502964,-0.33093286,1]]}}},{"content":{"name":"Peppers","identifier":"61BB3DDD-C96C-6E82-3432-BD712CCBCB28","transform":{"columns":[[0.24186465,-0.004145786,0.9703011,0],[-0.9702918,0.005096097,0.2418841,0],[-0.00594756,-0.99997836,-0.0027900564,0],[1.899565,0.5292316,0.36339977,1]]}},"timestamp":1742646511.7624831,"label":"ARImageAnchor didUpdate"},{"label":"ARImageAnchor didUpdate","timestamp":1742646511.780923,"content":{"name":"Peppers","transform":{"columns":[[0.24186465,-0.004145786,0.9703011,0],[-0.9702918,0.005096097,0.2418841,0],[-0.00594756,-0.99997836,-0.0027900564,0],[1.899565,0.5292316,0.36339977,1]]},"identifier":"61BB3DDD-C96C-6E82-3432-BD712CCBCB28"}},{"content":{"transform":{"columns":[[0.2725918,-0.005495276,0.9621142,0],[-0.9621288,-0.0030559949,0.27257848,0],[0.0014423185,-0.99998015,-0.006120198,0],[1.8985566,0.531944,0.35379776,1]]},"name":"Peppers","identifier":"61BB3DDD-C96C-6E82-3432-BD712CCBCB28"},"timestamp":1742646512.2959862,"label":"ARImageAnchor didUpdate"},{"label":"ARImageAnchor didUpdate","content":{"identifier":"61BB3DDD-C96C-6E82-3432-BD712CCBCB28","transform":{"columns":[[0.2725918,-0.005495276,0.9621142,0],[-0.9621288,-0.0030559949,0.27257848,0],[0.0014423185,-0.99998015,-0.006120198,0],[1.8985566,0.531944,0.35379776,1]]},"name":"Peppers"},"timestamp":1742646512.3133779}]