[{"label":"Application launched","timestamp":1742640982.391309},{"timestamp":1742640982.3914099,"label":"Initialize ARViewModel"},{"label":"Finished Initialize ARViewModel","timestamp":1742640982.392477},{"timestamp":1742640982.392494,"label":"Initialize RoomManager"},{"timestamp":1742640982.392498,"label":"Initialize BeaconManager"},{"timestamp":1742640982.392511,"label":"Fininshed Initialize BeaconManager"},{"timestamp":1742640982.392517,"label":"Fininshed Initialize RoomManager"},{"timestamp":1742640982.392521,"label":"Initialize CloudAnchorsManager"},{"label":"Fininshed Initialize CloudAnchorsManager","timestamp":1742640982.392524},{"label":"ContentView Initialize","timestamp":1742640982.392528},{"timestamp":1742640983.708232,"label":"Room Update","content":{"id":"3F39F93D-AB52-4382-80AA-E0ED5264C1F0","name":"Test Room"}},{"content":{"name":"Test Room","id":"3F39F93D-AB52-4382-80AA-E0ED5264C1F0"},"label":"Pulling CloudAnchors Ids from Backend","timestamp":1742640983.708286},{"content":{"cloudAnchorsIds":["ua-eee15bae032a8930e41114ea906b4500"],"room":{"name":"Test Room","id":"3F39F93D-AB52-4382-80AA-E0ED5264C1F0"}},"timestamp":1742640983.779527,"label":"Pulled CloudAnchors Ids from Backend"},{"timestamp":1742640988.731983,"label":"ARCore Update Bunny Anchor","content":{"identifier":"2453D35C-A687-4A69-BC1F-370CDA3B867C","transform":{"columns":[[0.71220356,-0.0063200933,0.70194453,0],[0.026195897,0.99950224,-0.017579544,0],[-0.701484,0.030908281,0.7120146,0],[0.5269309,-0.5676571,-0.6315875,1]]}}},{"timestamp":1742640988.7553039,"label":"Bunny didAdd (ARKit)","content":{"identifier":"27942D4C-31F9-4D88-B352-67FAA8258BBC","transform":{"columns":[[0.71220356,-0.0063200933,0.70194453,0],[0.026195897,0.99950224,-0.017579544,0],[-0.701484,0.030908281,0.7120146,0],[0.5269309,-0.5676571,-0.6315875,1]]},"name":"bunny"}},{"label":"ARImageAnchor didAdd","timestamp":1742640991.171801,"content":{"identifier":"FF85DBE1-76D3-E459-2D24-8EDCEE263300","transform":{"columns":[[0.78614193,0.005915257,0.61801755,0],[-0.61804426,0.0052027646,0.78612596,0],[0.0014347434,-0.9999689,0.007745998,0],[0.1020726,-0.6465946,-0.61916375,0.99999994]]},"name":"Car"}},{"content":{"name":"Car","transform":{"columns":[[0.78614193,0.005915257,0.61801755,0],[-0.61804426,0.0052027646,0.78612596,0],[0.0014347434,-0.9999689,0.007745998,0],[0.1020726,-0.6465946,-0.61916375,0.99999994]]},"identifier":"FF85DBE1-76D3-E459-2D24-8EDCEE263300"},"timestamp":1742640991.1822171,"label":"ARImageAnchor didUpdate"},{"label":"ARImageAnchor didUpdate","content":{"identifier":"FF85DBE1-76D3-E459-2D24-8EDCEE263300","transform":{"columns":[[0.7921385,0.010292761,0.6102545,0],[-0.61032546,0.020569647,0.79188365,0],[-0.004402056,-0.9997355,0.022575941,0],[0.10040434,-0.6466183,-0.6268109,1.0000001]]},"name":"Car"},"timestamp":1742640991.696527},{"timestamp":1742640991.723593,"content":{"identifier":"FF85DBE1-76D3-E459-2D24-8EDCEE263300","name":"Car","transform":{"columns":[[0.7921385,0.010292761,0.6102545,0],[-0.61032546,0.020569647,0.79188365,0],[-0.004402056,-0.9997355,0.022575941,0],[0.10040434,-0.6466183,-0.6268109,1.0000001]]}},"label":"ARImageAnchor didUpdate"},{"content":{"name":"Earth","identifier":"088EF783-5990-B052-BE99-B8AA15BA6C68","transform":{"columns":[[0.8271655,-0.007041981,0.5619142,0],[-0.56189233,-0.025694134,0.82681113,0],[0.008615512,-0.999645,-0.025210138,0],[-0.38465884,0.5964956,-1.6317835,1]]}},"timestamp":1742640993.788415,"label":"ARImageAnchor didAdd"},{"label":"ARImageAnchor didUpdate","timestamp":1742640993.795578,"content":{"identifier":"088EF783-5990-B052-BE99-B8AA15BA6C68","transform":{"columns":[[0.8271655,-0.007041981,0.5619142,0],[-0.56189233,-0.025694134,0.82681113,0],[0.008615512,-0.999645,-0.025210138,0],[-0.38465884,0.5964956,-1.6317835,1]]},"name":"Earth"}},{"label":"ARImageAnchor didUpdate","timestamp":1742640994.3228621,"content":{"transform":{"columns":[[0.84450406,0.00010975817,0.535549,0],[-0.53509843,-0.040841706,0.8438018,0],[0.021965353,-0.9991655,-0.034432266,0],[-0.39139616,0.60055554,-1.6436236,0.99999994]]},"identifier":"088EF783-5990-B052-BE99-B8AA15BA6C68","name":"Earth"}},{"label":"ARImageAnchor didUpdate","content":{"identifier":"088EF783-5990-B052-BE99-B8AA15BA6C68","transform":{"columns":[[0.84450406,0.00010975817,0.535549,0],[-0.53509843,-0.040841706,0.8438018,0],[0.021965353,-0.9991655,-0.034432266,0],[-0.39139616,0.60055554,-1.6436236,0.99999994]]},"name":"Earth"},"timestamp":1742640994.328343},{"label":"ARImageAnchor didAdd","content":{"transform":{"columns":[[0.57360774,-0.03634841,-0.818323,0],[0.8182361,-0.021231582,0.57448983,0],[-0.038256068,-0.99911356,0.017562978,0],[0.7185185,-0.6522601,-0.2717755,1]]},"name":"Lenna","identifier":"6BAD7D5D-D14A-EF93-1C8B-F6BEC80B8329"},"timestamp":1742640997.9881182},{"timestamp":1742640998.006715,"label":"ARImageAnchor didUpdate","content":{"transform":{"columns":[[0.57360774,-0.03634841,-0.818323,0],[0.8182361,-0.021231582,0.57448983,0],[-0.038256068,-0.99911356,0.017562978,0],[0.7185185,-0.6522601,-0.2717755,1]]},"name":"Lenna","identifier":"6BAD7D5D-D14A-EF93-1C8B-F6BEC80B8329"}},{"label":"ARImageAnchor didAdd","timestamp":1742641000.072638,"content":{"transform":{"columns":[[0.80853194,-0.004557089,0.5884346,0],[-0.5883222,0.014758161,0.8084918,0],[-0.012368579,-0.9998807,0.009251408,0],[1.1176847,0.7604034,-0.6020969,1]]},"name":"Sailboat","identifier":"C35EAC54-3E90-1B97-807B-5E3B8F238DB7"}},{"label":"ARImageAnchor didUpdate","content":{"transform":{"columns":[[0.80853194,-0.004557089,0.5884346,0],[-0.5883222,0.014758161,0.8084918,0],[-0.012368579,-0.9998807,0.009251408,0],[1.1176847,0.7604034,-0.6020969,1]]},"identifier":"C35EAC54-3E90-1B97-807B-5E3B8F238DB7","name":"Sailboat"},"timestamp":1742641000.079608},{"label":"ARImageAnchor didAdd","timestamp":1742641002.204495,"content":{"identifier":"A19C2489-597B-2BED-432C-244B551E75FD","name":"Mandrill","transform":{"columns":[[-0.5763311,-0.020368464,0.8169621,0],[-0.816885,0.042812936,-0.57520926,0],[-0.023260422,-0.9988754,-0.04131313,0],[1.3874472,0.7874356,0.2827069,0.9999999]]}}},{"label":"ARImageAnchor didUpdate","timestamp":1742641002.223006,"content":{"identifier":"A19C2489-597B-2BED-432C-244B551E75FD","transform":{"columns":[[-0.5763311,-0.020368464,0.8169621,0],[-0.816885,0.042812936,-0.57520926,0],[-0.023260422,-0.9988754,-0.04131313,0],[1.3874472,0.7874356,0.2827069,0.9999999]]},"name":"Mandrill"}},{"content":{"identifier":"61BB3DDD-C96C-6E82-3432-BD712CCBCB28","transform":{"columns":[[-0.5618222,-0.0076134927,0.82722294,0],[-0.827245,-0.00042138703,-0.5618411,0],[0.0046261665,-0.9999708,-0.006061466,0],[1.0333707,0.16928467,0.92690873,0.99999994]]},"name":"Peppers"},"timestamp":1742641004.80471,"label":"ARImageAnchor didAdd"},{"timestamp":1742641004.812307,"label":"ARImageAnchor didUpdate","content":{"identifier":"61BB3DDD-C96C-6E82-3432-BD712CCBCB28","name":"Peppers","transform":{"columns":[[-0.5618222,-0.0076134927,0.82722294,0],[-0.827245,-0.00042138703,-0.5618411,0],[0.0046261665,-0.9999708,-0.006061466,0],[1.0333707,0.16928467,0.92690873,0.99999994]]}}},{"label":"Bunny didUpdate (ARKit)","content":{"name":"bunny","identifier":"27942D4C-31F9-4D88-B352-67FAA8258BBC","transform":{"columns":[[0.711284,5.8579655e-05,0.7029047,0],[0.018485608,0.99965256,-0.018789286,0],[-0.7026616,0.026358139,0.7110358,0],[0.53146285,-0.5664929,-0.63065886,1]]}},"timestamp":1742641008.9458752}]