[{"label":"Application launched","timestamp":1742631197.349071},{"timestamp":1742631197.349214,"label":"Initialize ARViewModel"},{"label":"Finished Initialize ARViewModel","timestamp":1742631197.352222},{"timestamp":1742631197.3522449,"label":"Initialize RoomManager"},{"label":"Initialize BeaconManager","timestamp":1742631197.3522491},{"timestamp":1742631197.352261,"label":"Fininshed Initialize BeaconManager"},{"label":"Fininshed Initialize RoomManager","timestamp":1742631197.352268},{"timestamp":1742631197.352272,"label":"Initialize CloudAnchorsManager"},{"label":"Fininshed Initialize CloudAnchorsManager","timestamp":1742631197.3522758},{"label":"ContentView Initialize","timestamp":1742631197.3522801},{"content":{"name":"Test Room","id":"3F39F93D-AB52-4382-80AA-E0ED5264C1F0"},"label":"Room Update","timestamp":1742631198.7133121},{"content":{"id":"3F39F93D-AB52-4382-80AA-E0ED5264C1F0","name":"Test Room"},"timestamp":1742631198.713385,"label":"Pulling CloudAnchors Ids from Backend"},{"content":{"room":{"name":"Test Room","id":"3F39F93D-AB52-4382-80AA-E0ED5264C1F0"},"cloudAnchorsIds":["ua-86342b65eff50124c5d05bbb9af5e4ff"]},"timestamp":1742631198.785748,"label":"Pulled CloudAnchors Ids from Backend"},{"label":"ARCore Update Bunny Anchor","timestamp":1742631233.227685,"content":{"transform":{"columns":[[0.99767953,-0.05501613,0.040110167,0],[0.056931403,0.99720985,-0.048283637,0],[-0.037341874,0.050455123,0.998028,0],[0.038671505,-0.5858509,-0.24444713,1]]},"identifier":"3071476E-C5ED-4D58-B9E5-8B87B0397D5D"}},{"content":{"transform":{"columns":[[0.99767953,-0.05501613,0.040110167,0],[0.056931403,0.99720985,-0.048283637,0],[-0.037341874,0.050455123,0.998028,0],[0.038671505,-0.5858509,-0.24444713,1]]},"name":"bunny","identifier":"C3E843F2-EEEE-4BB5-8535-E66213B600F9"},"timestamp":1742631233.252195,"label":"Bunny didAdd (ARKit)"},{"content":{"name":"bunny","identifier":"C3E843F2-EEEE-4BB5-8535-E66213B600F9","transform":{"columns":[[0.9976744,-0.055118307,0.040095706,0],[0.057034794,0.99720126,-0.04833685,0],[-0.03731922,0.05051129,0.99802583,0],[0.038640972,-0.5858488,-0.24443151,0.9999999]]}},"timestamp":1742631234.204098,"label":"Bunny didUpdate (ARKit)"},{"timestamp":1742631234.320245,"label":"Bunny didUpdate (ARKit)","content":{"identifier":"C3E843F2-EEEE-4BB5-8535-E66213B600F9","transform":{"columns":[[0.9976741,-0.055125814,0.040090453,0],[0.057042174,0.99720055,-0.048340593,0],[-0.037313405,0.050515007,0.99802583,0],[0.03863928,-0.5858488,-0.2444306,1]]},"name":"bunny"}},{"label":"ARImageAnchor didAdd","timestamp":1742631238.935416,"content":{"identifier":"088EF783-5990-B052-BE99-B8AA15BA6C68","name":"Earth","transform":{"columns":[[0.9917735,0.0035545265,0.12795487,0],[-0.12783134,-0.024432998,0.99149483,0],[0.006650619,-0.9996948,-0.023777625,0],[-1.2906039,0.57682335,-0.7266556,1.0000001]]}}},{"timestamp":1742631238.9431682,"label":"ARImageAnchor didUpdate","content":{"transform":{"columns":[[0.9917735,0.0035545265,0.12795487,0],[-0.12783134,-0.024432998,0.99149483,0],[0.006650619,-0.9996948,-0.023777625,0],[-1.2906039,0.57682335,-0.7266556,1.0000001]]},"identifier":"088EF783-5990-B052-BE99-B8AA15BA6C68","name":"Earth"}},{"content":{"name":"Car","transform":{"columns":[[0.9820973,0.013456466,0.18789169,0],[-0.18801188,0.00829918,0.98213136,0],[0.011656661,-0.99987465,0.010680601,0],[-0.3744056,-0.68440276,-0.051330388,0.9999999]]},"identifier":"FF85DBE1-76D3-E459-2D24-8EDCEE263300"},"timestamp":1742631241.586662,"label":"ARImageAnchor didAdd"},{"content":{"name":"Car","identifier":"FF85DBE1-76D3-E459-2D24-8EDCEE263300","transform":{"columns":[[0.9820973,0.013456466,0.18789169,0],[-0.18801188,0.00829918,0.98213136,0],[0.011656661,-0.99987465,0.010680601,0],[-0.3744056,-0.68440276,-0.051330388,0.9999999]]}},"timestamp":1742631241.5936499,"label":"ARImageAnchor didUpdate"},{"timestamp":1742631244.718086,"label":"ARImageAnchor didAdd","content":{"name":"Lenna","identifier":"6BAD7D5D-D14A-EF93-1C8B-F6BEC80B8329","transform":{"columns":[[0.16068219,-0.030144861,-0.98654544,0],[0.98657596,-0.024592863,0.16143857,0],[-0.029128544,-0.99924254,0.025788585,0],[0.34113878,-0.68224674,-0.011173844,0.9999999]]}}},{"timestamp":1742631244.727861,"label":"ARImageAnchor didUpdate","content":{"name":"Lenna","identifier":"6BAD7D5D-D14A-EF93-1C8B-F6BEC80B8329","transform":{"columns":[[0.16068219,-0.030144861,-0.98654544,0],[0.98657596,-0.024592863,0.16143857,0],[-0.029128544,-0.99924254,0.025788585,0],[0.34113878,-0.68224674,-0.011173844,0.9999999]]}}},{"label":"ARImageAnchor didAdd","content":{"name":"Sailboat","identifier":"C35EAC54-3E90-1B97-807B-5E3B8F238DB7","transform":{"columns":[[0.98907554,0.0036607387,0.14736374,0],[-0.14739153,0.009103039,0.9890362,0],[0.0022791498,-0.9999515,0.009543152,0],[0.5464999,0.75284535,-0.47150278,1]]}},"timestamp":1742631246.8193378},{"content":{"name":"Sailboat","identifier":"C35EAC54-3E90-1B97-807B-5E3B8F238DB7","transform":{"columns":[[0.98907554,0.0036607387,0.14736374,0],[-0.14739153,0.009103039,0.9890362,0],[0.0022791498,-0.9999515,0.009543152,0],[0.5464999,0.75284535,-0.47150278,1]]}},"label":"ARImageAnchor didUpdate","timestamp":1742631246.826632},{"label":"ARImageAnchor didAdd","timestamp":1742631248.419605,"content":{"transform":{"columns":[[-0.12199392,-0.01267497,0.9924498,0],[-0.991488,0.04737812,-0.12127063,0],[-0.045483317,-0.99879634,-0.01834693,0],[1.1812273,0.77858037,0.19713613,1]]},"name":"Mandrill","identifier":"A19C2489-597B-2BED-432C-244B551E75FD"}},{"content":{"name":"Mandrill","transform":{"columns":[[-0.12199392,-0.01267497,0.9924498,0],[-0.991488,0.04737812,-0.12127063,0],[-0.045483317,-0.99879634,-0.01834693,0],[1.1812273,0.77858037,0.19713613,1]]},"identifier":"A19C2489-597B-2BED-432C-244B551E75FD"},"timestamp":1742631248.427311,"label":"ARImageAnchor didUpdate"},{"content":{"identifier":"A19C2489-597B-2BED-432C-244B551E75FD","transform":{"columns":[[-0.14450169,-0.013475249,0.9894127,0],[-0.9885127,0.046721425,-0.143734,0],[-0.044289947,-0.9988167,-0.020071784,0],[1.1704248,0.77772146,0.1922433,1]]},"name":"Mandrill"},"label":"ARImageAnchor didUpdate","timestamp":1742631248.952605},{"label":"ARImageAnchor didUpdate","timestamp":1742631248.959537,"content":{"transform":{"columns":[[-0.14450169,-0.013475249,0.9894127,0],[-0.9885127,0.046721425,-0.143734,0],[-0.044289947,-0.9988167,-0.020071784,0],[1.1704248,0.77772146,0.1922433,1]]},"name":"Mandrill","identifier":"A19C2489-597B-2BED-432C-244B551E75FD"}},{"timestamp":1742631251.052956,"content":{"name":"Peppers","transform":{"columns":[[-0.13973784,-0.006156314,0.9901692,0],[-0.99017936,0.0051204218,-0.13970745,0],[-0.0042100186,-0.99996763,-0.006811373,0],[1.134689,0.16116786,0.9261642,1]]},"identifier":"61BB3DDD-C96C-6E82-3432-BD712CCBCB28"},"label":"ARImageAnchor didAdd"},{"content":{"identifier":"61BB3DDD-C96C-6E82-3432-BD712CCBCB28","name":"Peppers","transform":{"columns":[[-0.13973784,-0.006156314,0.9901692,0],[-0.99017936,0.0051204218,-0.13970745,0],[-0.0042100186,-0.99996763,-0.006811373,0],[1.134689,0.16116786,0.9261642,1]]}},"label":"ARImageAnchor didUpdate","timestamp":1742631251.0586429},{"timestamp":1742631260.068324,"label":"ARImageAnchor didUpdate","content":{"transform":{"columns":[[0.9891891,-0.002317898,0.14662594,0],[-0.1466402,-0.023073724,0.98892057,0],[0.0010909932,-0.9997308,-0.023164168,0],[-1.2782423,0.57941747,-0.7476723,1]]},"name":"Earth","identifier":"088EF783-5990-B052-BE99-B8AA15BA6C68"}},{"timestamp":1742631260.0754318,"label":"ARImageAnchor didUpdate","content":{"name":"Earth","identifier":"088EF783-5990-B052-BE99-B8AA15BA6C68","transform":{"columns":[[0.9891891,-0.002317898,0.14662594,0],[-0.1466402,-0.023073724,0.98892057,0],[0.0010909932,-0.9997308,-0.023164168,0],[-1.2782423,0.57941747,-0.7476723,1]]}}},{"content":{"name":"bunny","identifier":"C3E843F2-EEEE-4BB5-8535-E66213B600F9","transform":{"columns":[[0.99764496,-0.055389754,0.04045054,0],[0.05734558,0.9971555,-0.048907142,0],[-0.037626535,0.05111163,0.99798375,0],[0.03855038,-0.58583814,-0.24426278,1.0000001]]}},"timestamp":1742631262.9909492,"label":"Bunny didUpdate (ARKit)"}]