[{"label":"Application launched","timestamp":1742657289.75114},{"timestamp":1742657289.7512178,"label":"Initialize ARViewModel"},{"timestamp":1742657289.752674,"label":"Finished Initialize ARViewModel"},{"timestamp":1742657289.752746,"label":"Initialize RoomManager"},{"label":"Initialize BeaconManager","timestamp":1742657289.7527618},{"label":"Fininshed Initialize BeaconManager","timestamp":1742657289.752794},{"label":"Fininshed Initialize RoomManager","timestamp":1742657289.7528129},{"timestamp":1742657289.7528272,"label":"Initialize CloudAnchorsManager"},{"timestamp":1742657289.752841,"label":"Fininshed Initialize CloudAnchorsManager"},{"label":"ContentView Initialize","timestamp":1742657289.7528548},{"content":{"name":"Test Room","id":"3F39F93D-AB52-4382-80AA-E0ED5264C1F0"},"label":"Room Update","timestamp":1742657291.014571},{"label":"Pulling CloudAnchors Ids from Backend","content":{"name":"Test Room","id":"3F39F93D-AB52-4382-80AA-E0ED5264C1F0"},"timestamp":1742657291.014632},{"content":{"cloudAnchorsIds":["ua-eee15bae032a8930e41114ea906b4500"],"room":{"id":"3F39F93D-AB52-4382-80AA-E0ED5264C1F0","name":"Test Room"}},"label":"Pulled CloudAnchors Ids from Backend","timestamp":1742657291.078728},{"timestamp":1742657314.662457,"label":"ARCore Update Bunny Anchor","content":{"transform":{"columns":[[0.9759566,-1.5804695e-05,0.21796483,0],[0.0057003642,0.99965984,-0.025451394,0],[-0.21789028,0.026081936,0.9756247,0],[-0.16571657,-0.45675784,-0.53985566,1]]},"identifier":"3211A03E-75B7-4E7C-AEE1-5486D94FAB12"}},{"timestamp":1742657314.7154799,"content":{"transform":{"columns":[[0.9759566,-1.5804695e-05,0.21796483,0],[0.0057003642,0.99965984,-0.025451394,0],[-0.21789028,0.026081936,0.9756247,0],[-0.16571657,-0.45675784,-0.53985566,1]]},"name":"bunny","identifier":"10BF248A-E6DA-45DA-871A-2C2056383A38"},"label":"Bunny didAdd (ARKit)"},{"label":"ARImageAnchor didAdd","timestamp":1742657319.0484471,"content":{"name":"Car","identifier":"FF85DBE1-76D3-E459-2D24-8EDCEE263300","transform":{"columns":[[0.9947579,0.0010715013,0.102251455,0],[-0.102251425,-8.479885e-05,0.9947584,0],[0.0010745645,-0.9999992,2.5223777e-05,0],[-0.5100956,-0.51944286,-0.29149157,1]]}}},{"timestamp":1742657319.057828,"label":"ARImageAnchor didUpdate","content":{"name":"Car","identifier":"FF85DBE1-76D3-E459-2D24-8EDCEE263300","transform":{"columns":[[0.9947579,0.0010715013,0.102251455,0],[-0.102251425,-8.479885e-05,0.9947584,0],[0.0010745645,-0.9999992,2.5223777e-05,0],[-0.5100956,-0.51944286,-0.29149157,1]]}}},{"label":"ARImageAnchor didAdd","content":{"transform":{"columns":[[0.9997921,-0.00893309,0.018324083,0],[-0.018501768,-0.020232137,0.999624,0],[-0.008558995,-0.9997552,-0.020393206,0],[-1.4592801,0.7307981,-0.90482605,1]]},"name":"Earth","identifier":"088EF783-5990-B052-BE99-B8AA15BA6C68"},"timestamp":1742657322.781677},{"label":"ARImageAnchor didUpdate","content":{"transform":{"columns":[[0.9997921,-0.00893309,0.018324083,0],[-0.018501768,-0.020232137,0.999624,0],[-0.008558995,-0.9997552,-0.020393206,0],[-1.4592801,0.7307981,-0.90482605,1]]},"identifier":"088EF783-5990-B052-BE99-B8AA15BA6C68","name":"Earth"},"timestamp":1742657322.790252},{"timestamp":1742657323.2895,"label":"ARImageAnchor didUpdate","content":{"name":"Earth","transform":{"columns":[[0.99973476,-0.006538702,0.02207524,0],[-0.021960996,0.017061692,0.999613,0],[-0.0069128135,-0.9998328,0.01691357,0],[-1.4679286,0.7335304,-0.90886074,0.9999999]]},"identifier":"088EF783-5990-B052-BE99-B8AA15BA6C68"}},{"label":"ARImageAnchor didUpdate","timestamp":1742657323.324219,"content":{"name":"Earth","transform":{"columns":[[0.99973476,-0.006538702,0.02207524,0],[-0.021960996,0.017061692,0.999613,0],[-0.0069128135,-0.9998328,0.01691357,0],[-1.4679286,0.7335304,-0.90886074,0.9999999]]},"identifier":"088EF783-5990-B052-BE99-B8AA15BA6C68"}},{"content":{"transform":{"columns":[[0.9761659,0.0010666167,0.21702205,0],[0.004648773,0.9996556,-0.025823295,0],[-0.21697487,0.026216714,0.97582495,0],[-0.16547097,-0.45690444,-0.5396296,0.99999994]]},"name":"bunny","identifier":"10BF248A-E6DA-45DA-871A-2C2056383A38"},"timestamp":1742657327.394157,"label":"Bunny didUpdate (ARKit)"},{"timestamp":1742657328.647811,"content":{"transform":{"columns":[[0.08363405,-0.044216983,-0.9955149,0],[0.99638426,-0.0112756295,0.08420788,0],[-0.014948489,-0.9989582,0.043114103,0],[0.19838247,-0.532271,-0.3155044,0.99999994]]},"name":"Lenna","identifier":"6BAD7D5D-D14A-EF93-1C8B-F6BEC80B8329"},"label":"ARImageAnchor didAdd"},{"timestamp":1742657328.658986,"label":"ARImageAnchor didUpdate","content":{"identifier":"6BAD7D5D-D14A-EF93-1C8B-F6BEC80B8329","transform":{"columns":[[0.08363405,-0.044216983,-0.9955149,0],[0.99638426,-0.0112756295,0.08420788,0],[-0.014948489,-0.9989582,0.043114103,0],[0.19838247,-0.532271,-0.3155044,0.99999994]]},"name":"Lenna"}},{"content":{"transform":{"columns":[[0.998008,-0.007229618,0.0626695,0],[-0.06288867,-0.03567974,0.99738246,0],[-0.004974665,-0.9993369,-0.0360633,0],[0.37026882,0.8891726,-0.794531,1]]},"name":"Sailboat","identifier":"C35EAC54-3E90-1B97-807B-5E3B8F238DB7"},"timestamp":1742657332.3809218,"label":"ARImageAnchor didAdd"},{"label":"ARImageAnchor didUpdate","content":{"name":"Sailboat","identifier":"C35EAC54-3E90-1B97-807B-5E3B8F238DB7","transform":{"columns":[[0.998008,-0.007229618,0.0626695,0],[-0.06288867,-0.03567974,0.99738246,0],[-0.004974665,-0.9993369,-0.0360633,0],[0.37026882,0.8891726,-0.794531,1]]}},"timestamp":1742657332.388402},{"label":"ARImageAnchor didAdd","content":{"name":"Mandrill","identifier":"A19C2489-597B-2BED-432C-244B551E75FD","transform":{"columns":[[-0.0502022,-0.01841038,0.9985693,0],[-0.9976226,0.048183784,-0.04926627,0],[-0.047207844,-0.99866855,-0.02078555,0],[1.0576137,0.9131111,-0.19654113,0.99999994]]}},"timestamp":1742657334.5141292},{"label":"ARImageAnchor didUpdate","content":{"identifier":"A19C2489-597B-2BED-432C-244B551E75FD","name":"Mandrill","transform":{"columns":[[-0.0502022,-0.01841038,0.9985693,0],[-0.9976226,0.048183784,-0.04926627,0],[-0.047207844,-0.99866855,-0.02078555,0],[1.0576137,0.9131111,-0.19654113,0.99999994]]}},"timestamp":1742657334.5237641},{"timestamp":1742657336.64732,"content":{"transform":{"columns":[[-0.06589278,-0.0126033835,0.997747,0],[-0.99777055,-0.009770744,-0.06601775,0],[0.010580811,-0.9998726,-0.011931461,0],[1.0884678,0.29453728,0.5333814,1]]},"name":"Peppers","identifier":"61BB3DDD-C96C-6E82-3432-BD712CCBCB28"},"label":"ARImageAnchor didAdd"},{"label":"ARImageAnchor didUpdate","content":{"identifier":"61BB3DDD-C96C-6E82-3432-BD712CCBCB28","name":"Peppers","transform":{"columns":[[-0.06589278,-0.0126033835,0.997747,0],[-0.99777055,-0.009770744,-0.06601775,0],[0.010580811,-0.9998726,-0.011931461,0],[1.0884678,0.29453728,0.5333814,1]]}},"timestamp":1742657336.65645},{"timestamp":1742657341.186918,"label":"Bunny didUpdate (ARKit)","content":{"name":"bunny","identifier":"10BF248A-E6DA-45DA-871A-2C2056383A38","transform":{"columns":[[0.97654426,0.0018477944,0.21530698,0],[0.0037549022,0.9996647,-0.025609972,0],[-0.21528217,0.025817735,0.9762103,0],[-0.1653187,-0.45699763,-0.5394766,1]]}}},{"timestamp":1742657341.5924602,"content":{"name":"bunny","identifier":"10BF248A-E6DA-45DA-871A-2C2056383A38","transform":{"columns":[[0.97655416,0.0018640915,0.21526086,0],[0.0037353938,0.9996648,-0.025602806,0],[-0.21523659,0.02580663,0.9762206,0],[-0.16531642,-0.4569998,-0.53947383,0.99999994]]}},"label":"Bunny didUpdate (ARKit)"}]