[{"label":"Application launched","timestamp":1742655656.3435721},{"timestamp":1742655656.343777,"label":"Initialize ARViewModel"},{"timestamp":1742655656.345186,"label":"Finished Initialize ARViewModel"},{"label":"Initialize RoomManager","timestamp":1742655656.3452082},{"label":"Initialize BeaconManager","timestamp":1742655656.345212},{"timestamp":1742655656.345226,"label":"Fininshed Initialize BeaconManager"},{"label":"Fininshed Initialize RoomManager","timestamp":1742655656.345231},{"timestamp":1742655656.3452349,"label":"Initialize CloudAnchorsManager"},{"timestamp":1742655656.3452392,"label":"Fininshed Initialize CloudAnchorsManager"},{"timestamp":1742655656.345243,"label":"ContentView Initialize"},{"label":"Room Update","timestamp":1742655657.759793,"content":{"name":"Test Room","id":"3F39F93D-AB52-4382-80AA-E0ED5264C1F0"}},{"timestamp":1742655657.759851,"label":"Pulling CloudAnchors Ids from Backend","content":{"id":"3F39F93D-AB52-4382-80AA-E0ED5264C1F0","name":"Test Room"}},{"label":"Pulled CloudAnchors Ids from Backend","content":{"room":{"name":"Test Room","id":"3F39F93D-AB52-4382-80AA-E0ED5264C1F0"},"cloudAnchorsIds":["ua-eee15bae032a8930e41114ea906b4500"]},"timestamp":1742655657.823036},{"label":"ARCore Update Bunny Anchor","timestamp":1742655736.7558908,"content":{"transform":{"columns":[[0.8601339,0.0019318197,0.51006466,0],[0.011540085,0.9996632,-0.02324644,0],[-0.50993776,0.025881238,0.85982186,0],[0.332653,-0.3418112,-0.10333878,1]]},"identifier":"CCBAF4C3-5581-4182-9395-D0CFFE2DF485"}},{"label":"Bunny didAdd (ARKit)","content":{"identifier":"CDC979C0-41B2-4772-99D3-FA2EE92F6F1B","transform":{"columns":[[0.8601339,0.0019318197,0.51006466,0],[0.011540085,0.9996632,-0.02324644,0],[-0.50993776,0.025881238,0.85982186,0],[0.332653,-0.3418112,-0.10333878,1]]},"name":"bunny"},"timestamp":1742655736.811664},{"content":{"transform":{"columns":[[0.91868377,0.005454528,0.3949557,0],[-0.3949482,-0.002428171,0.91870004,0],[0.005970066,-0.999982,-7.644726e-05,0],[-0.07041277,-0.41538063,0.025717348,1]]},"name":"Car","identifier":"FF85DBE1-76D3-E459-2D24-8EDCEE263300"},"timestamp":1742655739.577973,"label":"ARImageAnchor didAdd"},{"timestamp":1742655739.5878,"label":"ARImageAnchor didUpdate","content":{"identifier":"FF85DBE1-76D3-E459-2D24-8EDCEE263300","transform":{"columns":[[0.91868377,0.005454528,0.3949557,0],[-0.3949482,-0.002428171,0.91870004,0],[0.005970066,-0.999982,-7.644726e-05,0],[-0.07041277,-0.41538063,0.025717348,1]]},"name":"Car"}},{"label":"ARImageAnchor didAdd","content":{"name":"Earth","identifier":"088EF783-5990-B052-BE99-B8AA15BA6C68","transform":{"columns":[[0.9272497,-0.0117475595,0.37425894,0],[-0.37443924,-0.0337334,0.9266376,0],[0.0017392952,-0.9993617,-0.03567804,0],[-0.80759126,0.8452125,-0.84139085,1]]}},"timestamp":1742655742.77781},{"label":"ARImageAnchor didUpdate","timestamp":1742655742.784262,"content":{"transform":{"columns":[[0.9272497,-0.0117475595,0.37425894,0],[-0.37443924,-0.0337334,0.9266376,0],[0.0017392952,-0.9993617,-0.03567804,0],[-0.80759126,0.8452125,-0.84139085,1]]},"name":"Earth","identifier":"088EF783-5990-B052-BE99-B8AA15BA6C68"}},{"content":{"name":"Lenna","identifier":"6BAD7D5D-D14A-EF93-1C8B-F6BEC80B8329","transform":{"columns":[[0.38193765,-0.037235066,-0.9234376,0],[0.92350435,-0.023049468,0.38289467,0],[-0.035541862,-0.9990405,0.02558328,0],[0.61327755,-0.41881707,0.21654993,0.9999999]]}},"label":"ARImageAnchor didAdd","timestamp":1742655747.04391},{"label":"ARImageAnchor didUpdate","timestamp":1742655747.055355,"content":{"name":"Lenna","identifier":"6BAD7D5D-D14A-EF93-1C8B-F6BEC80B8329","transform":{"columns":[[0.38193765,-0.037235066,-0.9234376,0],[0.92350435,-0.023049468,0.38289467,0],[-0.035541862,-0.9990405,0.02558328,0],[0.61327755,-0.41881707,0.21654993,0.9999999]]}}},{"timestamp":1742655747.6185021,"content":{"identifier":"CDC979C0-41B2-4772-99D3-FA2EE92F6F1B","transform":{"columns":[[0.86008877,0.0021266502,0.5101396,0],[0.011394368,0.9996616,-0.023378108,0],[-0.5100168,0.025919966,0.85977346,0],[0.33268833,-0.34181133,-0.10330731,0.99999994]]},"name":"bunny"},"label":"Bunny didUpdate (ARKit)"},{"timestamp":1742655748.086061,"label":"ARImageAnchor didUpdate","content":{"transform":{"columns":[[0.38515782,-0.038295075,-0.9220557,0],[0.9227112,-0.0013849568,0.38548917,0],[-0.016039347,-0.99926543,0.034801867,0],[0.61586726,-0.41297895,0.22003084,0.9999999]]},"name":"Lenna","identifier":"6BAD7D5D-D14A-EF93-1C8B-F6BEC80B8329"}},{"content":{"transform":{"columns":[[0.38515782,-0.038295075,-0.9220557,0],[0.9227112,-0.0013849568,0.38548917,0],[-0.016039347,-0.99926543,0.034801867,0],[0.61586726,-0.41297895,0.22003084,0.9999999]]},"name":"Lenna","identifier":"6BAD7D5D-D14A-EF93-1C8B-F6BEC80B8329"},"label":"ARImageAnchor didUpdate","timestamp":1742655748.11654},{"label":"ARImageAnchor didAdd","content":{"name":"Sailboat","identifier":"C35EAC54-3E90-1B97-807B-5E3B8F238DB7","transform":{"columns":[[0.9267447,-0.006817494,0.3756299,0],[-0.3755897,0.006489952,0.92676324,0],[-0.008756028,-0.9999556,0.0034539397,0],[0.922578,1.0086852,-0.19930902,0.99999994]]}},"timestamp":1742655750.243876},{"timestamp":1742655750.253231,"content":{"name":"Sailboat","identifier":"C35EAC54-3E90-1B97-807B-5E3B8F238DB7","transform":{"columns":[[0.9267447,-0.006817494,0.3756299,0],[-0.3755897,0.006489952,0.92676324,0],[-0.008756028,-0.9999556,0.0034539397,0],[0.922578,1.0086852,-0.19930902,0.99999994]]}},"label":"ARImageAnchor didUpdate"},{"label":"ARImageAnchor didUpdate","content":{"name":"Sailboat","transform":{"columns":[[0.9322337,-0.003635811,0.36183816,0],[-0.36185443,-0.006074518,0.9322147,0],[-0.0011913581,-0.9999748,-0.0069785053,0],[0.91890436,1.0171044,-0.19211774,0.9999998]]},"identifier":"C35EAC54-3E90-1B97-807B-5E3B8F238DB7"},"timestamp":1742655750.752239},{"content":{"name":"Sailboat","transform":{"columns":[[0.9322337,-0.003635811,0.36183816,0],[-0.36185443,-0.006074518,0.9322147,0],[-0.0011913581,-0.9999748,-0.0069785053,0],[0.91890436,1.0171044,-0.19211774,0.9999998]]},"identifier":"C35EAC54-3E90-1B97-807B-5E3B8F238DB7"},"label":"ARImageAnchor didUpdate","timestamp":1742655750.786031},{"content":{"identifier":"A19C2489-597B-2BED-432C-244B551E75FD","transform":{"columns":[[-0.35669276,-0.01853232,0.93403774,0],[-0.933501,0.046330854,-0.35556856,0],[-0.03668526,-0.9987541,-0.033825826,0],[1.3920835,1.0399089,0.59203273,0.9999999]]},"name":"Mandrill"},"timestamp":1742655752.377039,"label":"ARImageAnchor didAdd"},{"content":{"name":"Mandrill","identifier":"A19C2489-597B-2BED-432C-244B551E75FD","transform":{"columns":[[-0.35669276,-0.01853232,0.93403774,0],[-0.933501,0.046330854,-0.35556856,0],[-0.03668526,-0.9987541,-0.033825826,0],[1.3920835,1.0399089,0.59203273,0.9999999]]}},"timestamp":1742655752.3876262,"label":"ARImageAnchor didUpdate"},{"content":{"identifier":"61BB3DDD-C96C-6E82-3432-BD712CCBCB28","transform":{"columns":[[-0.36312708,-0.009417355,0.93169194,0],[-0.93173635,0.006290284,-0.36308083,0],[-0.0024413504,-0.9999358,-0.011058669,0],[1.1949561,0.42306694,1.2971724,0.9999999]]},"name":"Peppers"},"label":"ARImageAnchor didAdd","timestamp":1742655755.043531},{"timestamp":1742655755.052369,"label":"ARImageAnchor didUpdate","content":{"transform":{"columns":[[-0.36312708,-0.009417355,0.93169194,0],[-0.93173635,0.006290284,-0.36308083,0],[-0.0024413504,-0.9999358,-0.011058669,0],[1.1949561,0.42306694,1.2971724,0.9999999]]},"identifier":"61BB3DDD-C96C-6E82-3432-BD712CCBCB28","name":"Peppers"}},{"label":"Bunny didUpdate (ARKit)","content":{"identifier":"CDC979C0-41B2-4772-99D3-FA2EE92F6F1B","transform":{"columns":[[0.8601458,0.0021822476,0.5100427,0],[0.0113444645,0.9996614,-0.023408633,0],[-0.5099212,0.025921002,0.8598298,0],[0.3326952,-0.3418108,-0.10330358,0.9999998]]},"name":"bunny"},"timestamp":1742655757.4873319},{"content":{"identifier":"CDC979C0-41B2-4772-99D3-FA2EE92F6F1B","transform":{"columns":[[0.8601718,0.002184693,0.50999874,0],[0.011331176,0.99966186,-0.023393609,0],[-0.50987756,0.025901409,0.8598562,0],[0.3326962,-0.34181023,-0.1033088,0.99999994]]},"name":"bunny"},"timestamp":1742655757.988698,"label":"Bunny didUpdate (ARKit)"},{"content":{"name":"Peppers","identifier":"61BB3DDD-C96C-6E82-3432-BD712CCBCB28","transform":{"columns":[[-0.3597073,-0.010548726,0.9330054,0],[-0.9330378,-0.0035879635,-0.3597603,0],[0.007142604,-0.9999378,-0.008551731,0],[1.214428,0.4164319,1.325162,0.9999999]]}},"timestamp":1742655763.01824,"label":"ARImageAnchor didUpdate"},{"timestamp":1742655763.049481,"label":"ARImageAnchor didUpdate","content":{"name":"Peppers","transform":{"columns":[[-0.3597073,-0.010548726,0.9330054,0],[-0.9330378,-0.0035879635,-0.3597603,0],[0.007142604,-0.9999378,-0.008551731,0],[1.214428,0.4164319,1.325162,0.9999999]]},"identifier":"61BB3DDD-C96C-6E82-3432-BD712CCBCB28"}},{"timestamp":1742655768.884355,"content":{"identifier":"A19C2489-597B-2BED-432C-244B551E75FD","transform":{"columns":[[-0.34469822,-0.016341116,0.9385711,0],[-0.9375498,0.055759426,-0.34335244,0],[-0.046723384,-0.9983103,-0.03454082,0],[1.4066504,1.0427954,0.60878587,0.9999999]]},"name":"Mandrill"},"label":"ARImageAnchor didUpdate"},{"label":"ARImageAnchor didUpdate","content":{"transform":{"columns":[[-0.34469822,-0.016341116,0.9385711,0],[-0.9375498,0.055759426,-0.34335244,0],[-0.046723384,-0.9983103,-0.03454082,0],[1.4066504,1.0427954,0.60878587,0.9999999]]},"identifier":"A19C2489-597B-2BED-432C-244B551E75FD","name":"Mandrill"},"timestamp":1742655768.9163508}]