[{"label":"Application launched","timestamp":1742577047.387144},{"timestamp":1742577047.387388,"label":"Initialize ARViewModel"},{"timestamp":1742577047.388785,"label":"Finished Initialize ARViewModel"},{"label":"Initialize RoomManager","timestamp":1742577047.3888159},{"label":"Initialize BeaconManager","timestamp":1742577047.3888211},{"label":"Fininshed Initialize BeaconManager","timestamp":1742577047.388833},{"timestamp":1742577047.388838,"label":"Fininshed Initialize RoomManager"},{"timestamp":1742577047.388842,"label":"Initialize CloudAnchorsManager"},{"timestamp":1742577047.388846,"label":"Fininshed Initialize CloudAnchorsManager"},{"label":"ContentView Initialize","timestamp":1742577047.38885},{"content":{"name":"Test Room","id":"3F39F93D-AB52-4382-80AA-E0ED5264C1F0"},"label":"Room Update","timestamp":1742577048.666367},{"timestamp":1742577048.6664171,"label":"Pulling CloudAnchors Ids from Backend","content":{"id":"3F39F93D-AB52-4382-80AA-E0ED5264C1F0","name":"Test Room"}},{"content":{"room":{"id":"3F39F93D-AB52-4382-80AA-E0ED5264C1F0","name":"Test Room"},"cloudAnchorsIds":["ua-86342b65eff50124c5d05bbb9af5e4ff"]},"timestamp":1742577048.72963,"label":"Pulled CloudAnchors Ids from Backend"},{"label":"ARCore Update Bunny Anchor","content":{"identifier":"8ECB9C4F-4CA6-4F6A-A998-B0EA9E983214","transform":{"columns":[[0.9993169,-0.020521235,-0.030735847,0],[0.020368427,0.9997786,-0.0052765184,0],[0.030837324,0.004646873,0.9995136,0],[-0.023007365,-0.6017134,-0.34847286,1]]}},"timestamp":1742577065.9717941},{"timestamp":1742577065.995563,"label":"Bunny didAdd (ARKit)","content":{"transform":{"columns":[[0.9993169,-0.020521235,-0.030735847,0],[0.020368427,0.9997786,-0.0052765184,0],[0.030837324,0.004646873,0.9995136,0],[-0.023007365,-0.6017134,-0.34847286,1]]},"name":"bunny","identifier":"B260232C-5B5D-42C8-95DB-3D42805442C4"}},{"content":{"identifier":"B260232C-5B5D-42C8-95DB-3D42805442C4","name":"bunny","transform":{"columns":[[0.9993152,-0.020902943,-0.030539358,0],[0.020759886,0.9997722,-0.004993874,0],[0.030636782,0.00435646,0.9995213,0],[-0.023181586,-0.6016847,-0.3486121,1.0000001]]}},"timestamp":1742577071.903595,"label":"Bunny didUpdate (ARKit)"},{"timestamp":1742577077.262743,"content":{"identifier":"088EF783-5990-B052-BE99-B8AA15BA6C68","transform":{"columns":[[0.99883825,0.005320418,-0.047892384,0],[0.048110187,-0.054008104,0.99738085,0],[0.0027199027,-0.9985262,-0.054201342,0],[-1.3721702,0.59757215,-0.59697384,0.99999994]]},"name":"Earth"},"label":"ARImageAnchor didAdd"},{"content":{"transform":{"columns":[[0.99883825,0.005320418,-0.047892384,0],[0.048110187,-0.054008104,0.99738085,0],[0.0027199027,-0.9985262,-0.054201342,0],[-1.3721702,0.59757215,-0.59697384,0.99999994]]},"name":"Earth","identifier":"088EF783-5990-B052-BE99-B8AA15BA6C68"},"timestamp":1742577077.269856,"label":"ARImageAnchor didUpdate"},{"timestamp":1742577077.785194,"label":"ARImageAnchor didUpdate","content":{"name":"Earth","transform":{"columns":[[0.9978613,0.0025091823,-0.06531734,0],[0.0653289,-0.004833212,0.997852,0],[0.002188098,-0.9999851,-0.0049867984,0],[-1.3700256,0.60583264,-0.6053765,0.99999994]]},"identifier":"088EF783-5990-B052-BE99-B8AA15BA6C68"}},{"content":{"transform":{"columns":[[0.9978613,0.0025091823,-0.06531734,0],[0.0653289,-0.004833212,0.997852,0],[0.002188098,-0.9999851,-0.0049867984,0],[-1.3700256,0.60583264,-0.6053765,0.99999994]]},"name":"Earth","identifier":"088EF783-5990-B052-BE99-B8AA15BA6C68"},"label":"ARImageAnchor didUpdate","timestamp":1742577077.801033},{"label":"ARImageAnchor didAdd","content":{"transform":{"columns":[[0.9997216,0.014809662,0.018365774,0],[-0.018715346,0.023822341,0.999541,0],[0.014365363,-0.99960643,0.024092918,0],[-0.35458845,-0.65818244,-0.07222387,1]]},"identifier":"FF85DBE1-76D3-E459-2D24-8EDCEE263300","name":"Car"},"timestamp":1742577080.944395},{"content":{"identifier":"FF85DBE1-76D3-E459-2D24-8EDCEE263300","transform":{"columns":[[0.9997216,0.014809662,0.018365774,0],[-0.018715346,0.023822341,0.999541,0],[0.014365363,-0.99960643,0.024092918,0],[-0.35458845,-0.65818244,-0.07222387,1]]},"name":"Car"},"timestamp":1742577080.952153,"label":"ARImageAnchor didUpdate"},{"label":"ARImageAnchor didUpdate","timestamp":1742577081.470119,"content":{"identifier":"FF85DBE1-76D3-E459-2D24-8EDCEE263300","transform":{"columns":[[0.99986917,0.013194905,0.00935975,0],[-0.009468483,0.00820275,0.9999215,0],[0.013117102,-0.99987924,0.008326614,0],[-0.35639825,-0.65218717,-0.06885323,1]]},"name":"Car"}},{"timestamp":1742577081.486541,"content":{"identifier":"FF85DBE1-76D3-E459-2D24-8EDCEE263300","name":"Car","transform":{"columns":[[0.99986917,0.013194905,0.00935975,0],[-0.009468483,0.00820275,0.9999215,0],[0.013117102,-0.99987924,0.008326614,0],[-0.35639825,-0.65218717,-0.06885323,1]]}},"label":"ARImageAnchor didUpdate"},{"content":{"name":"bunny","transform":{"columns":[[0.99932915,-0.021133604,-0.029917944,0],[0.021018619,0.9997706,-0.004152526,0],[0.029998831,0.0035209062,0.999544,0],[-0.023186414,-0.6015264,-0.34902266,0.9999999]]},"identifier":"B260232C-5B5D-42C8-95DB-3D42805442C4"},"timestamp":1742577084.820586,"label":"Bunny didUpdate (ARKit)"},{"timestamp":1742577085.160764,"content":{"identifier":"6BAD7D5D-D14A-EF93-1C8B-F6BEC80B8329","name":"Lenna","transform":{"columns":[[-0.006022338,-0.0366447,-0.99931014,0],[0.9999814,0.0007915826,-0.006055352,0],[0.0010129305,-0.99932796,0.036639288,0],[0.35973004,-0.66092944,-0.15970135,1]]}},"label":"ARImageAnchor didAdd"},{"content":{"transform":{"columns":[[-0.006022338,-0.0366447,-0.99931014,0],[0.9999814,0.0007915826,-0.006055352,0],[0.0010129305,-0.99932796,0.036639288,0],[0.35973004,-0.66092944,-0.15970135,1]]},"name":"Lenna","identifier":"6BAD7D5D-D14A-EF93-1C8B-F6BEC80B8329"},"label":"ARImageAnchor didUpdate","timestamp":1742577085.169207},{"timestamp":1742577085.686215,"content":{"transform":{"columns":[[-0.014108179,-0.033564024,-0.9993369,0],[0.9998641,-0.008990422,-0.013813638,0],[-0.00852083,-0.99939597,0.03368632,0],[0.35623866,-0.65324926,-0.15649828,0.9999999]]},"name":"Lenna","identifier":"6BAD7D5D-D14A-EF93-1C8B-F6BEC80B8329"},"label":"ARImageAnchor didUpdate"},{"content":{"name":"Lenna","transform":{"columns":[[-0.014108179,-0.033564024,-0.9993369,0],[0.9998641,-0.008990422,-0.013813638,0],[-0.00852083,-0.99939597,0.03368632,0],[0.35623866,-0.65324926,-0.15649828,0.9999999]]},"identifier":"6BAD7D5D-D14A-EF93-1C8B-F6BEC80B8329"},"label":"ARImageAnchor didUpdate","timestamp":1742577085.703043},{"timestamp":1742577088.8438668,"label":"ARImageAnchor didAdd","content":{"transform":{"columns":[[0.9997228,0.008721381,-0.021869669,0],[0.02212804,-0.030716836,0.999283,0],[0.008043361,-0.99948996,-0.030901292,0],[0.48665497,0.77307767,-0.65133035,0.99999994]]},"name":"Sailboat","identifier":"C35EAC54-3E90-1B97-807B-5E3B8F238DB7"}},{"content":{"transform":{"columns":[[0.9997228,0.008721381,-0.021869669,0],[0.02212804,-0.030716836,0.999283,0],[0.008043361,-0.99948996,-0.030901292,0],[0.48665497,0.77307767,-0.65133035,0.99999994]]},"identifier":"C35EAC54-3E90-1B97-807B-5E3B8F238DB7","name":"Sailboat"},"timestamp":1742577088.8617501,"label":"ARImageAnchor didUpdate"},{"timestamp":1742577090.960253,"content":{"name":"Mandrill","identifier":"A19C2489-597B-2BED-432C-244B551E75FD","transform":{"columns":[[0.02454346,-0.011181608,0.9996363,0],[-0.9981103,0.056073923,0.025133267,0],[-0.05633456,-0.998364,-0.009784246,0],[1.2198462,0.8062321,-0.107879944,1]]}},"label":"ARImageAnchor didAdd"},{"content":{"identifier":"A19C2489-597B-2BED-432C-244B551E75FD","transform":{"columns":[[0.02454346,-0.011181608,0.9996363,0],[-0.9981103,0.056073923,0.025133267,0],[-0.05633456,-0.998364,-0.009784246,0],[1.2198462,0.8062321,-0.107879944,1]]},"name":"Mandrill"},"timestamp":1742577090.969438,"label":"ARImageAnchor didUpdate"},{"content":{"name":"Peppers","identifier":"61BB3DDD-C96C-6E82-3432-BD712CCBCB28","transform":{"columns":[[0.010022825,-0.002962471,0.99994546,0],[-0.99994785,0.0019080547,0.010028475,0],[-0.0019376596,-0.99999374,-0.0029431963,0],[1.2957715,0.18804544,0.62829715,1]]}},"timestamp":1742577093.076827,"label":"ARImageAnchor didAdd"},{"content":{"transform":{"columns":[[0.010022825,-0.002962471,0.99994546,0],[-0.99994785,0.0019080547,0.010028475,0],[-0.0019376596,-0.99999374,-0.0029431963,0],[1.2957715,0.18804544,0.62829715,1]]},"identifier":"61BB3DDD-C96C-6E82-3432-BD712CCBCB28","name":"Peppers"},"label":"ARImageAnchor didUpdate","timestamp":1742577093.0871801},{"timestamp":1742577093.6121469,"content":{"identifier":"61BB3DDD-C96C-6E82-3432-BD712CCBCB28","transform":{"columns":[[0.012906782,-0.003366967,0.9999111,0],[-0.9999001,0.0057317945,0.012925915,0],[-0.005774804,-0.9999779,-0.0032926365,0],[1.2938415,0.1919975,0.6215131,1]]},"name":"Peppers"},"label":"ARImageAnchor didUpdate"},{"content":{"transform":{"columns":[[0.012906782,-0.003366967,0.9999111,0],[-0.9999001,0.0057317945,0.012925915,0],[-0.005774804,-0.9999779,-0.0032926365,0],[1.2938415,0.1919975,0.6215131,1]]},"identifier":"61BB3DDD-C96C-6E82-3432-BD712CCBCB28","name":"Peppers"},"timestamp":1742577093.618208,"label":"ARImageAnchor didUpdate"},{"content":{"transform":{"columns":[[0.9993419,-0.02085853,-0.029685713,0],[0.020761074,0.9997781,-0.0035872387,0],[0.029753948,0.00296857,0.99955314,0],[-0.022989508,-0.60138464,-0.3493155,0.99999994]]},"identifier":"B260232C-5B5D-42C8-95DB-3D42805442C4","name":"bunny"},"timestamp":1742577100.500925,"label":"Bunny didUpdate (ARKit)"},{"content":{"name":"Earth","transform":{"columns":[[0.9998645,-0.004218616,-0.015902197,0],[0.015789118,-0.025609385,0.9995471,0],[-0.0046239463,-0.99966294,-0.0255393,0],[-1.3648645,0.5981289,-0.6211562,0.9999999]]},"identifier":"088EF783-5990-B052-BE99-B8AA15BA6C68"},"label":"ARImageAnchor didUpdate","timestamp":1742577103.683373},{"content":{"identifier":"088EF783-5990-B052-BE99-B8AA15BA6C68","name":"Earth","transform":{"columns":[[0.9998645,-0.004218616,-0.015902197,0],[0.015789118,-0.025609385,0.9995471,0],[-0.0046239463,-0.99966294,-0.0255393,0],[-1.3648645,0.5981289,-0.6211562,0.9999999]]}},"label":"ARImageAnchor didUpdate","timestamp":1742577103.710731},{"label":"ARImageAnchor didUpdate","content":{"name":"Earth","transform":{"columns":[[0.9982365,0.0007239715,-0.05935816,0],[0.05936127,-0.01881315,0.99805915,0],[-0.00039415015,-0.99982274,-0.01882295,0],[-1.3734912,0.60036856,-0.62313664,1]]},"identifier":"088EF783-5990-B052-BE99-B8AA15BA6C68"},"timestamp":1742577104.2180939},{"timestamp":1742577104.243727,"label":"ARImageAnchor didUpdate","content":{"transform":{"columns":[[0.9982365,0.0007239715,-0.05935816,0],[0.05936127,-0.01881315,0.99805915,0],[-0.00039415015,-0.99982274,-0.01882295,0],[-1.3734912,0.60036856,-0.62313664,1]]},"identifier":"088EF783-5990-B052-BE99-B8AA15BA6C68","name":"Earth"}},{"timestamp":1742577105.2847161,"content":{"identifier":"088EF783-5990-B052-BE99-B8AA15BA6C68","transform":{"columns":[[0.999782,0.0031090633,-0.020646462,0],[0.020768868,-0.046539538,0.9987005,0],[0.0021441465,-0.99891156,-0.046593957,0],[-1.3696727,0.60693735,-0.61226285,1.0000001]]},"name":"Earth"},"label":"ARImageAnchor didUpdate"},{"content":{"identifier":"088EF783-5990-B052-BE99-B8AA15BA6C68","name":"Earth","transform":{"columns":[[0.999782,0.0031090633,-0.020646462,0],[0.020768868,-0.046539538,0.9987005,0],[0.0021441465,-0.99891156,-0.046593957,0],[-1.3696727,0.60693735,-0.61226285,1.0000001]]}},"label":"ARImageAnchor didUpdate","timestamp":1742577105.301863},{"content":{"name":"Mandrill","transform":{"columns":[[-0.005744447,-0.012216399,0.9999087,0],[-0.9987823,0.049065094,-0.0051385006,0],[-0.04899784,-0.9987207,-0.012483373,0],[1.2044046,0.8122575,-0.024199452,0.9999999]]},"identifier":"A19C2489-597B-2BED-432C-244B551E75FD"},"label":"ARImageAnchor didUpdate","timestamp":1742577110.55158},{"timestamp":1742577110.57765,"label":"ARImageAnchor didUpdate","content":{"name":"Mandrill","identifier":"A19C2489-597B-2BED-432C-244B551E75FD","transform":{"columns":[[-0.005744447,-0.012216399,0.9999087,0],[-0.9987823,0.049065094,-0.0051385006,0],[-0.04899784,-0.9987207,-0.012483373,0],[1.2044046,0.8122575,-0.024199452,0.9999999]]}}},{"content":{"identifier":"C35EAC54-3E90-1B97-807B-5E3B8F238DB7","name":"Sailboat","transform":{"columns":[[0.9998342,0.006765386,0.016902596,0],[-0.016977362,0.011153178,0.99979347,0],[0.006575473,-0.99991477,0.0112662045,0],[0.48272273,0.7828662,-0.5913941,0.9999999]]}},"timestamp":1742577112.133524,"label":"ARImageAnchor didUpdate"},{"label":"ARImageAnchor didUpdate","content":{"transform":{"columns":[[0.9998342,0.006765386,0.016902596,0],[-0.016977362,0.011153178,0.99979347,0],[0.006575473,-0.99991477,0.0112662045,0],[0.48272273,0.7828662,-0.5913941,0.9999999]]},"name":"Sailboat","identifier":"C35EAC54-3E90-1B97-807B-5E3B8F238DB7"},"timestamp":1742577112.150357},{"content":{"name":"bunny","identifier":"B260232C-5B5D-42C8-95DB-3D42805442C4","transform":{"columns":[[0.99934375,-0.020936217,-0.029576024,0],[0.020843538,0.99977696,-0.00343818,0],[0.02964141,0.0028194545,0.99955714,0],[-0.023010915,-0.6013595,-0.34938827,1.0000001]]}},"label":"Bunny didUpdate (ARKit)","timestamp":1742577112.616775},{"label":"ARImageAnchor didUpdate","content":{"name":"Sailboat","identifier":"C35EAC54-3E90-1B97-807B-5E3B8F238DB7","transform":{"columns":[[0.99995756,0.0041457126,-0.008211694,0],[0.008221166,-0.0022708105,0.9999636,0],[0.0041269097,-0.99998873,-0.0023048,0],[0.48625535,0.78155476,-0.6554152,0.99999994]]}},"timestamp":1742577112.66727},{"timestamp":1742577112.693676,"label":"ARImageAnchor didUpdate","content":{"name":"Sailboat","identifier":"C35EAC54-3E90-1B97-807B-5E3B8F238DB7","transform":{"columns":[[0.99995756,0.0041457126,-0.008211694,0],[0.008221166,-0.0022708105,0.9999636,0],[0.0041269097,-0.99998873,-0.0023048,0],[0.48625535,0.78155476,-0.6554152,0.99999994]]}}}]