[{"label":"Application launched","timestamp":1742658890.838958},{"timestamp":1742658890.839186,"label":"Initialize ARViewModel"},{"timestamp":1742658890.841372,"label":"Finished Initialize ARViewModel"},{"label":"Initialize RoomManager","timestamp":1742658890.8414211},{"timestamp":1742658890.841435,"label":"Initialize BeaconManager"},{"timestamp":1742658890.8414621,"label":"Fininshed Initialize BeaconManager"},{"timestamp":1742658890.8414779,"label":"Fininshed Initialize RoomManager"},{"timestamp":1742658890.841491,"label":"Initialize CloudAnchorsManager"},{"timestamp":1742658890.841504,"label":"Fininshed Initialize CloudAnchorsManager"},{"timestamp":1742658890.841517,"label":"ContentView Initialize"},{"timestamp":1742658892.178441,"content":{"id":"3F39F93D-AB52-4382-80AA-E0ED5264C1F0","name":"Test Room"},"label":"Room Update"},{"label":"Pulling CloudAnchors Ids from Backend","content":{"name":"Test Room","id":"3F39F93D-AB52-4382-80AA-E0ED5264C1F0"},"timestamp":1742658892.178508},{"timestamp":1742658892.255249,"label":"Pulled CloudAnchors Ids from Backend","content":{"cloudAnchorsIds":["ua-eee15bae032a8930e41114ea906b4500"],"room":{"name":"Test Room","id":"3F39F93D-AB52-4382-80AA-E0ED5264C1F0"}}},{"label":"ARCore Update Bunny Anchor","timestamp":1742658958.4662251,"content":{"transform":{"columns":[[0.9700937,-0.014831579,0.24227704,0],[0.014381731,0.99989,0.0036252714,0],[-0.24230416,-3.2489734e-05,0.97020036,0],[0.2287062,-0.58874047,-0.29651955,1]]},"identifier":"498FE678-1219-4E99-AFD9-7745D3C39B10"}},{"timestamp":1742658958.520948,"label":"Bunny didAdd (ARKit)","content":{"identifier":"2A7FB811-EB5D-4C10-BCA1-C9D6E5ECA252","name":"bunny","transform":{"columns":[[0.9700937,-0.014831579,0.24227704,0],[0.014381731,0.99989,0.0036252714,0],[-0.24230416,-3.2489734e-05,0.97020036,0],[0.2287062,-0.58874047,-0.29651955,1]]}}},{"label":"ARImageAnchor didAdd","content":{"name":"Car","identifier":"FF85DBE1-76D3-E459-2D24-8EDCEE263300","transform":{"columns":[[0.9950274,0.006735187,0.09937281,0],[-0.09937721,0.0003164963,0.9950498,0],[0.0066704075,-0.99997723,0.0009842511,0],[-0.11455171,-0.6536057,-0.054930627,1.0000001]]}},"timestamp":1742658961.7206678},{"label":"ARImageAnchor didUpdate","content":{"identifier":"FF85DBE1-76D3-E459-2D24-8EDCEE263300","name":"Car","transform":{"columns":[[0.9950274,0.006735187,0.09937281,0],[-0.09937721,0.0003164963,0.9950498,0],[0.0066704075,-0.99997723,0.0009842511,0],[-0.11455171,-0.6536057,-0.054930627,1.0000001]]}},"timestamp":1742658961.73155},{"label":"ARImageAnchor didAdd","timestamp":1742658965.453881,"content":{"name":"Earth","identifier":"088EF783-5990-B052-BE99-B8AA15BA6C68","transform":{"columns":[[0.99922895,0.0014565783,0.039235167,0],[-0.039186504,-0.025019797,0.99891853,0],[0.002436661,-0.99968576,-0.024943428,0],[-1.055918,0.5916005,-0.6801535,0.9999999]]}}},{"label":"ARImageAnchor didUpdate","content":{"identifier":"088EF783-5990-B052-BE99-B8AA15BA6C68","transform":{"columns":[[0.99922895,0.0014565783,0.039235167,0],[-0.039186504,-0.025019797,0.99891853,0],[0.002436661,-0.99968576,-0.024943428,0],[-1.055918,0.5916005,-0.6801535,0.9999999]]},"name":"Earth"},"timestamp":1742658965.461554},{"label":"ARImageAnchor didUpdate","timestamp":1742658965.962656,"content":{"transform":{"columns":[[0.99896604,0.0024637317,0.045394,0],[-0.045368064,-0.009725444,0.9989229,0],[0.0029025492,-0.9999496,-0.009603614,0],[-1.0656537,0.5973585,-0.6775255,0.99999994]]},"name":"Earth","identifier":"088EF783-5990-B052-BE99-B8AA15BA6C68"}},{"label":"ARImageAnchor didUpdate","timestamp":1742658965.996176,"content":{"identifier":"088EF783-5990-B052-BE99-B8AA15BA6C68","transform":{"columns":[[0.99896604,0.0024637317,0.045394,0],[-0.045368064,-0.009725444,0.9989229,0],[0.0029025492,-0.9999496,-0.009603614,0],[-1.0656537,0.5973585,-0.6775255,0.99999994]]},"name":"Earth"}},{"label":"Bunny didUpdate (ARKit)","content":{"name":"bunny","identifier":"2A7FB811-EB5D-4C10-BCA1-C9D6E5ECA252","transform":{"columns":[[0.9700544,-0.014873692,0.24243195,0],[0.014415392,0.99988943,0.0036642589,0],[-0.24245965,-5.977871e-05,0.97016156,0],[0.22855952,-0.58901817,-0.29675213,0.99999994]]}},"timestamp":1742658969.064577},{"content":{"name":"bunny","identifier":"2A7FB811-EB5D-4C10-BCA1-C9D6E5ECA252","transform":{"columns":[[0.9700618,-0.014826083,0.24240544,0],[0.014357736,0.99989015,0.003698608,0],[-0.24243365,-0.00010748466,0.970168,0],[0.22859874,-0.589006,-0.29675373,1]]}},"label":"Bunny didUpdate (ARKit)","timestamp":1742658971.1630301},{"timestamp":1742658971.32001,"label":"ARImageAnchor didAdd","content":{"transform":{"columns":[[0.098211825,-0.036307577,-0.9945029,0],[0.9950104,-0.014060331,0.098775245,0],[-0.01756937,-0.99924165,0.034745526,0],[0.5936769,-0.66025454,-0.068427145,1]]},"name":"Lenna","identifier":"6BAD7D5D-D14A-EF93-1C8B-F6BEC80B8329"}},{"label":"ARImageAnchor didUpdate","content":{"name":"Lenna","identifier":"6BAD7D5D-D14A-EF93-1C8B-F6BEC80B8329","transform":{"columns":[[0.098211825,-0.036307577,-0.9945029,0],[0.9950104,-0.014060331,0.098775245,0],[-0.01756937,-0.99924165,0.034745526,0],[0.5936769,-0.66025454,-0.068427145,1]]}},"timestamp":1742658971.330019},{"label":"ARImageAnchor didUpdate","timestamp":1742658971.829517,"content":{"transform":{"columns":[[0.0739859,-0.037734896,-0.99654514,0],[0.99597865,-0.047829725,0.07575494,0],[-0.0505231,-0.9981424,0.034044422,0],[0.59712285,-0.65602607,-0.06754725,1]]},"name":"Lenna","identifier":"6BAD7D5D-D14A-EF93-1C8B-F6BEC80B8329"}},{"timestamp":1742658971.8650742,"label":"ARImageAnchor didUpdate","content":{"identifier":"6BAD7D5D-D14A-EF93-1C8B-F6BEC80B8329","name":"Lenna","transform":{"columns":[[0.0739859,-0.037734896,-0.99654514,0],[0.99597865,-0.047829725,0.07575494,0],[-0.0505231,-0.9981424,0.034044422,0],[0.59712285,-0.65602607,-0.06754725,1]]}}},{"timestamp":1742658975.619761,"label":"ARImageAnchor didAdd","content":{"transform":{"columns":[[0.9983727,0.009655247,0.056200232,0],[-0.05599089,-0.02073423,0.99821585,0],[0.0108032925,-0.9997383,-0.020159885,0],[0.76509625,0.77176344,-0.53456545,0.9999999]]},"name":"Sailboat","identifier":"C35EAC54-3E90-1B97-807B-5E3B8F238DB7"}},{"timestamp":1742658975.628725,"label":"ARImageAnchor didUpdate","content":{"name":"Sailboat","identifier":"C35EAC54-3E90-1B97-807B-5E3B8F238DB7","transform":{"columns":[[0.9983727,0.009655247,0.056200232,0],[-0.05599089,-0.02073423,0.99821585,0],[0.0108032925,-0.9997383,-0.020159885,0],[0.76509625,0.77176344,-0.53456545,0.9999999]]}}},{"label":"ARImageAnchor didAdd","timestamp":1742658977.786384,"content":{"name":"Mandrill","identifier":"A19C2489-597B-2BED-432C-244B551E75FD","transform":{"columns":[[-0.080712155,-0.012804926,0.99665517,0],[-0.99537265,0.053343654,-0.079922944,0],[-0.052141827,-0.99849397,-0.017051157,0],[1.4443713,0.7995791,0.07354712,1]]}}},{"label":"ARImageAnchor didUpdate","content":{"name":"Mandrill","transform":{"columns":[[-0.080712155,-0.012804926,0.99665517,0],[-0.99537265,0.053343654,-0.079922944,0],[-0.052141827,-0.99849397,-0.017051157,0],[1.4443713,0.7995791,0.07354712,1]]},"identifier":"A19C2489-597B-2BED-432C-244B551E75FD"},"timestamp":1742658977.794671},{"label":"ARImageAnchor didAdd","content":{"transform":{"columns":[[-0.06711057,-0.005034866,0.9977328,0],[-0.9977415,-0.0024583933,-0.067123555,0],[0.0027907752,-0.9999842,-0.004858514,0],[1.4591684,0.18329158,0.80902743,0.99999994]]},"identifier":"61BB3DDD-C96C-6E82-3432-BD712CCBCB28","name":"Peppers"},"timestamp":1742658979.919507},{"content":{"name":"Peppers","identifier":"61BB3DDD-C96C-6E82-3432-BD712CCBCB28","transform":{"columns":[[-0.06711057,-0.005034866,0.9977328,0],[-0.9977415,-0.0024583933,-0.067123555,0],[0.0027907752,-0.9999842,-0.004858514,0],[1.4591684,0.18329158,0.80902743,0.99999994]]}},"timestamp":1742658979.928401,"label":"ARImageAnchor didUpdate"},{"timestamp":1742658985.761543,"label":"ARImageAnchor didUpdate","content":{"name":"Peppers","identifier":"61BB3DDD-C96C-6E82-3432-BD712CCBCB28","transform":{"columns":[[-0.08873734,-0.0055633974,0.9960395,0],[-0.9960207,-0.0078067314,-0.08877927,0],[0.008269735,-0.99995404,-0.0048485184,0],[1.4709543,0.19246985,0.8239572,1.0000001]]}}},{"timestamp":1742658985.793747,"label":"ARImageAnchor didUpdate","content":{"name":"Peppers","identifier":"61BB3DDD-C96C-6E82-3432-BD712CCBCB28","transform":{"columns":[[-0.08873734,-0.0055633974,0.9960395,0],[-0.9960207,-0.0078067314,-0.08877927,0],[0.008269735,-0.99995404,-0.0048485184,0],[1.4709543,0.19246985,0.8239572,1.0000001]]}}},{"label":"ARImageAnchor didUpdate","timestamp":1742658990.0266628,"content":{"transform":{"columns":[[-0.06971175,-0.01294911,0.9974831,0],[-0.9961381,0.054404706,-0.06891144,0],[-0.053375423,-0.99843496,-0.016691739,0],[1.4644412,0.8116565,0.07898578,1]]},"identifier":"A19C2489-597B-2BED-432C-244B551E75FD","name":"Mandrill"}},{"label":"ARImageAnchor didUpdate","timestamp":1742658990.061625,"content":{"name":"Mandrill","identifier":"A19C2489-597B-2BED-432C-244B551E75FD","transform":{"columns":[[-0.06971175,-0.01294911,0.9974831,0],[-0.9961381,0.054404706,-0.06891144,0],[-0.053375423,-0.99843496,-0.016691739,0],[1.4644412,0.8116565,0.07898578,1]]}}}]