[{"label":"Application launched","timestamp":1742659006.777056},{"label":"Initialize ARViewModel","timestamp":1742659006.777133},{"timestamp":1742659006.777879,"label":"Finished Initialize ARViewModel"},{"timestamp":1742659006.77789,"label":"Initialize RoomManager"},{"label":"Initialize BeaconManager","timestamp":1742659006.777894},{"timestamp":1742659006.777905,"label":"Fininshed Initialize BeaconManager"},{"label":"Fininshed Initialize RoomManager","timestamp":1742659006.777909},{"timestamp":1742659006.777914,"label":"Initialize CloudAnchorsManager"},{"timestamp":1742659006.7779179,"label":"Fininshed Initialize CloudAnchorsManager"},{"timestamp":1742659006.7779222,"label":"ContentView Initialize"},{"timestamp":1742659008.039538,"content":{"id":"3F39F93D-AB52-4382-80AA-E0ED5264C1F0","name":"Test Room"},"label":"Room Update"},{"label":"Pulling CloudAnchors Ids from Backend","content":{"id":"3F39F93D-AB52-4382-80AA-E0ED5264C1F0","name":"Test Room"},"timestamp":1742659008.0396008},{"timestamp":1742659008.125101,"label":"Pulled CloudAnchors Ids from Backend","content":{"cloudAnchorsIds":["ua-eee15bae032a8930e41114ea906b4500"],"room":{"name":"Test Room","id":"3F39F93D-AB52-4382-80AA-E0ED5264C1F0"}}},{"timestamp":1742659174.582106,"content":{"identifier":"65FCD865-4942-4056-8FED-11DF3A814B7E","transform":{"columns":[[0.9834867,0.012992482,-0.1805134,0],[-0.01713528,0.99962395,-0.021409627,0],[0.18016735,0.024149232,0.9833395,0],[0.06669685,-0.4930081,-0.28002042,1]]}},"label":"ARCore Update Bunny Anchor"},{"label":"Bunny didAdd (ARKit)","content":{"transform":{"columns":[[0.9834867,0.012992482,-0.1805134,0],[-0.01713528,0.99962395,-0.021409627,0],[0.18016735,0.024149232,0.9833395,0],[0.06669685,-0.4930081,-0.28002042,1]]},"identifier":"724A38A2-72BE-4FA4-80C5-B65CA11CC70F","name":"bunny"},"timestamp":1742659174.6386142},{"timestamp":1742659178.415131,"label":"Bunny didUpdate (ARKit)","content":{"transform":{"columns":[[0.98348427,0.012968289,-0.18052937,0],[-0.017108046,0.9996249,-0.021393022,0],[0.18018423,0.024128204,0.9833371,0],[0.06668815,-0.49301258,-0.28002244,1]]},"name":"bunny","identifier":"724A38A2-72BE-4FA4-80C5-B65CA11CC70F"}},{"label":"ARImageAnchor didAdd","timestamp":1742659180.671321,"content":{"name":"Car","identifier":"FF85DBE1-76D3-E459-2D24-8EDCEE263300","transform":{"columns":[[0.9532954,0.0137579385,-0.30172575,0],[0.30172846,0.0019277635,0.95339185,0],[0.01369832,-0.9999033,-0.0023134502,0],[-0.15644175,-0.5690111,0.07363883,1]]}}},{"content":{"identifier":"FF85DBE1-76D3-E459-2D24-8EDCEE263300","transform":{"columns":[[0.9532954,0.0137579385,-0.30172575,0],[0.30172846,0.0019277635,0.95339185,0],[0.01369832,-0.9999033,-0.0023134502,0],[-0.15644175,-0.5690111,0.07363883,1]]},"name":"Car"},"timestamp":1742659180.682034,"label":"ARImageAnchor didUpdate"},{"content":{"name":"Earth","identifier":"088EF783-5990-B052-BE99-B8AA15BA6C68","transform":{"columns":[[0.93361396,0.0007589842,-0.3582796,0],[0.35826847,-0.010113924,0.93356377,0],[-0.0029150539,-0.99994844,-0.009714423,0],[-1.2721778,0.68062985,-0.10984677,0.99999994]]}},"timestamp":1742659184.40446,"label":"ARImageAnchor didAdd"},{"content":{"name":"Earth","transform":{"columns":[[0.93361396,0.0007589842,-0.3582796,0],[0.35826847,-0.010113924,0.93356377,0],[-0.0029150539,-0.99994844,-0.009714423,0],[-1.2721778,0.68062985,-0.10984677,0.99999994]]},"identifier":"088EF783-5990-B052-BE99-B8AA15BA6C68"},"timestamp":1742659184.412798,"label":"ARImageAnchor didUpdate"},{"content":{"transform":{"columns":[[0.93129265,0.004210731,-0.36424768,0],[0.3642461,-0.022691203,0.9310263,0],[-0.0043449146,-0.99973357,-0.022665896,0],[-1.2814523,0.6823038,-0.10801092,1.0000001]]},"name":"Earth","identifier":"088EF783-5990-B052-BE99-B8AA15BA6C68"},"timestamp":1742659184.9126391,"label":"ARImageAnchor didUpdate"},{"timestamp":1742659184.946879,"content":{"transform":{"columns":[[0.93129265,0.004210731,-0.36424768,0],[0.3642461,-0.022691203,0.9310263,0],[-0.0043449146,-0.99973357,-0.022665896,0],[-1.2814523,0.6823038,-0.10801092,1.0000001]]},"name":"Earth","identifier":"088EF783-5990-B052-BE99-B8AA15BA6C68"},"label":"ARImageAnchor didUpdate"},{"timestamp":1742659188.215266,"label":"Bunny didUpdate (ARKit)","content":{"name":"bunny","transform":{"columns":[[0.98347986,0.0129860975,-0.18055205,0],[-0.01712496,0.99962485,-0.021383472,0],[0.18020669,0.024122156,0.98333323,0],[0.066691145,-0.49301174,-0.2800252,0.99999994]]},"identifier":"724A38A2-72BE-4FA4-80C5-B65CA11CC70F"}},{"content":{"transform":{"columns":[[0.9834802,0.012983736,-0.18055044,0],[-0.017121779,0.999625,-0.021379415,0],[0.18020517,0.024117572,0.9833337,0],[0.06669045,-0.49301165,-0.28002617,0.99999994]]},"identifier":"724A38A2-72BE-4FA4-80C5-B65CA11CC70F","name":"bunny"},"label":"Bunny didUpdate (ARKit)","timestamp":1742659188.7136831},{"content":{"name":"Lenna","identifier":"6BAD7D5D-D14A-EF93-1C8B-F6BEC80B8329","transform":{"columns":[[-0.32727116,-0.034094814,-0.9443151,0],[0.9449186,-0.0068166065,-0.32723418,0],[0.004719981,-0.99939525,0.0344477,0],[0.47686514,-0.570752,-0.22178634,1]]}},"timestamp":1742659191.870551,"label":"ARImageAnchor didAdd"},{"label":"ARImageAnchor didUpdate","content":{"transform":{"columns":[[-0.32727116,-0.034094814,-0.9443151,0],[0.9449186,-0.0068166065,-0.32723418,0],[0.004719981,-0.99939525,0.0344477,0],[0.47686514,-0.570752,-0.22178634,1]]},"name":"Lenna","identifier":"6BAD7D5D-D14A-EF93-1C8B-F6BEC80B8329"},"timestamp":1742659191.880756},{"label":"Bunny didUpdate (ARKit)","timestamp":1742659192.14784,"content":{"transform":{"columns":[[0.9834789,0.012972821,-0.18055971,0],[-0.017111026,0.9996254,-0.02138003,0],[0.18021461,0.024116363,0.9833321,0],[0.066687495,-0.49301204,-0.2800263,1.0000001]]},"name":"bunny","identifier":"724A38A2-72BE-4FA4-80C5-B65CA11CC70F"}},{"label":"ARImageAnchor didAdd","content":{"identifier":"C35EAC54-3E90-1B97-807B-5E3B8F238DB7","transform":{"columns":[[0.9313094,0.009077175,-0.36411563,0],[0.36420453,-0.011676614,0.93124574,0],[0.0042014443,-0.99989057,-0.014180479,0],[0.44845325,0.84739065,-0.7103193,1]]},"name":"Sailboat"},"timestamp":1742659196.136949},{"content":{"identifier":"C35EAC54-3E90-1B97-807B-5E3B8F238DB7","transform":{"columns":[[0.9313094,0.009077175,-0.36411563,0],[0.36420453,-0.011676614,0.93124574,0],[0.0042014443,-0.99989057,-0.014180479,0],[0.44845325,0.84739065,-0.7103193,1]]},"name":"Sailboat"},"timestamp":1742659196.146994,"label":"ARImageAnchor didUpdate"},{"content":{"identifier":"C35EAC54-3E90-1B97-807B-5E3B8F238DB7","name":"Sailboat","transform":{"columns":[[0.92252344,0.005991793,-0.38589418,0],[0.3855627,0.029934462,0.922196,0],[0.017077144,-0.99953383,0.025305038,0],[0.4473958,0.85365576,-0.71661735,1]]}},"timestamp":1742659197.17726,"label":"ARImageAnchor didUpdate"},{"label":"ARImageAnchor didUpdate","timestamp":1742659197.212964,"content":{"name":"Sailboat","identifier":"C35EAC54-3E90-1B97-807B-5E3B8F238DB7","transform":{"columns":[[0.92252344,0.005991793,-0.38589418,0],[0.3855627,0.029934462,0.922196,0],[0.017077144,-0.99953383,0.025305038,0],[0.4473958,0.85365576,-0.71661735,1]]}}},{"content":{"transform":{"columns":[[0.3391894,-0.012481889,0.9406353,0],[-0.93963253,0.0435255,0.33940545,0],[-0.045178037,-0.99897426,0.0030349954,0],[1.3052438,0.87911683,-0.43559188,0.99999994]]},"name":"Mandrill","identifier":"A19C2489-597B-2BED-432C-244B551E75FD"},"label":"ARImageAnchor didAdd","timestamp":1742659198.803343},{"content":{"transform":{"columns":[[0.3391894,-0.012481889,0.9406353,0],[-0.93963253,0.0435255,0.33940545,0],[-0.045178037,-0.99897426,0.0030349954,0],[1.3052438,0.87911683,-0.43559188,0.99999994]]},"name":"Mandrill","identifier":"A19C2489-597B-2BED-432C-244B551E75FD"},"label":"ARImageAnchor didUpdate","timestamp":1742659198.813642},{"label":"ARImageAnchor didAdd","timestamp":1742659200.936537,"content":{"name":"Peppers","identifier":"61BB3DDD-C96C-6E82-3432-BD712CCBCB28","transform":{"columns":[[0.31963247,0.0020811653,0.94753927,0],[-0.94684184,-0.03772142,0.31948006,0],[0.036407415,-0.99928606,-0.01008647,0],[1.6284552,0.27006876,0.22464862,1]]}}},{"content":{"name":"Peppers","identifier":"61BB3DDD-C96C-6E82-3432-BD712CCBCB28","transform":{"columns":[[0.31963247,0.0020811653,0.94753927,0],[-0.94684184,-0.03772142,0.31948006,0],[0.036407415,-0.99928606,-0.01008647,0],[1.6284552,0.27006876,0.22464862,1]]}},"timestamp":1742659200.944001,"label":"ARImageAnchor didUpdate"},{"content":{"identifier":"61BB3DDD-C96C-6E82-3432-BD712CCBCB28","name":"Peppers","transform":{"columns":[[0.33641785,-0.0038500985,0.94170487,0],[-0.9415184,-0.021688012,0.33626252,0],[0.019129066,-0.9997573,-0.010921165,0],[1.6243842,0.2702178,0.22182864,0.99999994]]}},"timestamp":1742659201.4464211,"label":"ARImageAnchor didUpdate"},{"content":{"name":"Peppers","transform":{"columns":[[0.33641785,-0.0038500985,0.94170487,0],[-0.9415184,-0.021688012,0.33626252,0],[0.019129066,-0.9997573,-0.010921165,0],[1.6243842,0.2702178,0.22182864,0.99999994]]},"identifier":"61BB3DDD-C96C-6E82-3432-BD712CCBCB28"},"timestamp":1742659201.4797359,"label":"ARImageAnchor didUpdate"},{"content":{"name":"bunny","transform":{"columns":[[0.9834632,0.012983593,-0.18064407,0],[-0.01712696,0.99962485,-0.02139575,0],[0.18029843,0.02413581,0.98331636,0],[0.06668746,-0.4930123,-0.28002444,0.99999994]]},"identifier":"724A38A2-72BE-4FA4-80C5-B65CA11CC70F"},"timestamp":1742659207.810075,"label":"Bunny didUpdate (ARKit)"},{"content":{"name":"Peppers","identifier":"61BB3DDD-C96C-6E82-3432-BD712CCBCB28","transform":{"columns":[[0.36106429,-0.014007185,0.9324357,0],[-0.93253726,-0.00822675,0.36097994,0],[0.0026146236,-0.999868,-0.016032605,0],[1.6394877,0.25754374,0.20981622,1]]}},"timestamp":1742659208.377441,"label":"ARImageAnchor didUpdate"},{"timestamp":1742659208.412829,"content":{"transform":{"columns":[[0.36106429,-0.014007185,0.9324357,0],[-0.93253726,-0.00822675,0.36097994,0],[0.0026146236,-0.999868,-0.016032605,0],[1.6394877,0.25754374,0.20981622,1]]},"name":"Peppers","identifier":"61BB3DDD-C96C-6E82-3432-BD712CCBCB28"},"label":"ARImageAnchor didUpdate"}]