[{"timestamp":1742658781.866067,"label":"Application launched"},{"timestamp":1742658781.866277,"label":"Initialize ARViewModel"},{"timestamp":1742658781.869951,"label":"Finished Initialize ARViewModel"},{"timestamp":1742658781.869979,"label":"Initialize RoomManager"},{"label":"Initialize BeaconManager","timestamp":1742658781.8699841},{"label":"Fininshed Initialize BeaconManager","timestamp":1742658781.869995},{"timestamp":1742658781.87,"label":"Fininshed Initialize RoomManager"},{"timestamp":1742658781.8700042,"label":"Initialize CloudAnchorsManager"},{"label":"Fininshed Initialize CloudAnchorsManager","timestamp":1742658781.870009},{"timestamp":1742658781.870013,"label":"ContentView Initialize"},{"timestamp":1742658783.094595,"label":"Room Update","content":{"name":"Test Room","id":"3F39F93D-AB52-4382-80AA-E0ED5264C1F0"}},{"label":"Pulling CloudAnchors Ids from Backend","content":{"id":"3F39F93D-AB52-4382-80AA-E0ED5264C1F0","name":"Test Room"},"timestamp":1742658783.094634},{"content":{"cloudAnchorsIds":["ua-eee15bae032a8930e41114ea906b4500"],"room":{"name":"Test Room","id":"3F39F93D-AB52-4382-80AA-E0ED5264C1F0"}},"timestamp":1742658783.160456,"label":"Pulled CloudAnchors Ids from Backend"},{"label":"ARCore Update Bunny Anchor","timestamp":1742658859.2059832,"content":{"identifier":"10587925-6989-4388-A427-F39C506E4554","transform":{"columns":[[0.99933094,-0.00270256,-0.036473963,0],[0.0031307857,0.9999268,0.011688582,0],[0.036439702,-0.011794954,0.99926627,0],[0.03939159,-0.45513293,-0.08873104,1]]}}},{"label":"Bunny didAdd (ARKit)","content":{"name":"bunny","transform":{"columns":[[0.99933094,-0.00270256,-0.036473963,0],[0.0031307857,0.9999268,0.011688582,0],[0.036439702,-0.011794954,0.99926627,0],[0.03939159,-0.45513293,-0.08873104,1]]},"identifier":"FD0C05E3-0A77-4B74-8AB8-8004ADFC215D"},"timestamp":1742658859.262146},{"timestamp":1742658861.894839,"content":{"identifier":"FF85DBE1-76D3-E459-2D24-8EDCEE263300","name":"Car","transform":{"columns":[[0.98489594,0.0072135613,-0.17299661,0],[0.17301513,-0.0020380376,0.9849169,0],[0.006752176,-0.9999718,-0.0032552544,0],[-0.22677892,-0.5165468,0.2328413,1]]}},"label":"ARImageAnchor didAdd"},{"timestamp":1742658861.905663,"content":{"name":"Car","identifier":"FF85DBE1-76D3-E459-2D24-8EDCEE263300","transform":{"columns":[[0.98489594,0.0072135613,-0.17299661,0],[0.17301513,-0.0020380376,0.9849169,0],[0.006752176,-0.9999718,-0.0032552544,0],[-0.22677892,-0.5165468,0.2328413,1]]}},"label":"ARImageAnchor didUpdate"},{"timestamp":1742658866.027919,"label":"ARImageAnchor didAdd","content":{"identifier":"088EF783-5990-B052-BE99-B8AA15BA6C68","transform":{"columns":[[0.972822,-0.0012134976,-0.2315505,0],[0.23154669,0.012836758,0.972739,0],[0.0017919408,-0.99991673,0.012768856,0],[-1.3097436,0.7373512,-0.090840966,0.99999994]]},"name":"Earth"}},{"timestamp":1742658866.036316,"label":"ARImageAnchor didUpdate","content":{"identifier":"088EF783-5990-B052-BE99-B8AA15BA6C68","transform":{"columns":[[0.972822,-0.0012134976,-0.2315505,0],[0.23154669,0.012836758,0.972739,0],[0.0017919408,-0.99991673,0.012768856,0],[-1.3097436,0.7373512,-0.090840966,0.99999994]]},"name":"Earth"}},{"content":{"identifier":"FD0C05E3-0A77-4B74-8AB8-8004ADFC215D","name":"bunny","transform":{"columns":[[0.9993397,-0.0025665697,-0.03624464,0],[0.0029874274,0.9999287,0.0115622,0],[0.03621238,-0.011662844,0.9992761,0],[0.039476935,-0.45513403,-0.08865577,1]]}},"label":"Bunny didUpdate (ARKit)","timestamp":1742658870.972414},{"content":{"name":"bunny","identifier":"FD0C05E3-0A77-4B74-8AB8-8004ADFC215D","transform":{"columns":[[0.9993395,-0.0025667548,-0.036251962,0],[0.002987894,0.9999286,0.011567608,0],[0.03621968,-0.011668285,0.99927574,0],[0.03947609,-0.45513353,-0.08865875,1]]}},"label":"Bunny didUpdate (ARKit)","timestamp":1742658871.272674},{"timestamp":1742658871.572289,"label":"Bunny didUpdate (ARKit)","content":{"identifier":"FD0C05E3-0A77-4B74-8AB8-8004ADFC215D","transform":{"columns":[[0.9993393,-0.0025612963,-0.03625665,0],[0.0029827743,0.9999284,0.011575545,0],[0.036224384,-0.011676043,0.99927545,0],[0.03947802,-0.4551324,-0.088662736,0.9999999]]},"name":"bunny"}},{"timestamp":1742658872.2272449,"label":"ARImageAnchor didAdd","content":{"identifier":"6BAD7D5D-D14A-EF93-1C8B-F6BEC80B8329","transform":{"columns":[[-0.18140937,-0.03714749,-0.9827057,0],[0.9832744,-0.023302501,-0.1806335,0],[-0.016189415,-0.99903804,0.04075347,0],[0.44929868,-0.51909524,0.028980948,1]]},"name":"Lenna"}},{"content":{"identifier":"6BAD7D5D-D14A-EF93-1C8B-F6BEC80B8329","transform":{"columns":[[-0.18140937,-0.03714749,-0.9827057,0],[0.9832744,-0.023302501,-0.1806335,0],[-0.016189415,-0.99903804,0.04075347,0],[0.44929868,-0.51909524,0.028980948,1]]},"name":"Lenna"},"timestamp":1742658872.234266,"label":"ARImageAnchor didUpdate"},{"label":"ARImageAnchor didAdd","content":{"transform":{"columns":[[0.9775248,0.0035451208,-0.21079002,0],[0.21067178,0.021038055,0.9773304,0],[0.007899366,-0.99977225,0.019818364,0],[0.4896845,0.9038747,-0.46921316,1]]},"name":"Sailboat","identifier":"C35EAC54-3E90-1B97-807B-5E3B8F238DB7"},"timestamp":1742658876.360388},{"label":"ARImageAnchor didUpdate","timestamp":1742658876.370239,"content":{"name":"Sailboat","identifier":"C35EAC54-3E90-1B97-807B-5E3B8F238DB7","transform":{"columns":[[0.9775248,0.0035451208,-0.21079002,0],[0.21067178,0.021038055,0.9773304,0],[0.007899366,-0.99977225,0.019818364,0],[0.4896845,0.9038747,-0.46921316,1]]}}},{"timestamp":1742658878.4267979,"content":{"identifier":"A19C2489-597B-2BED-432C-244B551E75FD","transform":{"columns":[[0.20181641,-0.014754104,0.9793122,0],[-0.9780696,0.049516935,0.20230635,0],[-0.0514774,-0.99866426,-0.0044372086,0],[1.311254,0.9347442,-0.07794596,0.99999994]]},"name":"Mandrill"},"label":"ARImageAnchor didAdd"},{"timestamp":1742658878.4371018,"label":"ARImageAnchor didUpdate","content":{"identifier":"A19C2489-597B-2BED-432C-244B551E75FD","name":"Mandrill","transform":{"columns":[[0.20181641,-0.014754104,0.9793122,0],[-0.9780696,0.049516935,0.20230635,0],[-0.0514774,-0.99866426,-0.0044372086,0],[1.311254,0.9347442,-0.07794596,0.99999994]]}}},{"label":"ARImageAnchor didAdd","timestamp":1742658880.493503,"content":{"transform":{"columns":[[0.20413646,-0.005430748,0.97892743,0],[-0.97889984,-0.010453157,0.20407279,0],[0.0091246,-0.9999305,-0.0074500307,0],[1.532609,0.32023394,0.6228134,1]]},"identifier":"61BB3DDD-C96C-6E82-3432-BD712CCBCB28","name":"Peppers"}},{"label":"ARImageAnchor didUpdate","timestamp":1742658880.503979,"content":{"transform":{"columns":[[0.20413646,-0.005430748,0.97892743,0],[-0.97889984,-0.010453157,0.20407279,0],[0.0091246,-0.9999305,-0.0074500307,0],[1.532609,0.32023394,0.6228134,1]]},"name":"Peppers","identifier":"61BB3DDD-C96C-6E82-3432-BD712CCBCB28"}},{"label":"Bunny didUpdate (ARKit)","timestamp":1742658884.969923,"content":{"identifier":"FD0C05E3-0A77-4B74-8AB8-8004ADFC215D","transform":{"columns":[[0.9993432,-0.002540497,-0.03615328,0],[0.0029535461,0.9999308,0.011376126,0],[0.036121864,-0.0114754345,0.9992816,0],[0.039500296,-0.4551487,-0.0885638,1]]},"name":"bunny"}}]