[{"timestamp":1737479718.814137,"label":"Application launched"},{"timestamp":1737479718.814661,"label":"Initialize ARViewModel"},{"label":"Finished Initialize ARViewModel","timestamp":1737479718.82113},{"label":"Initialize RoomManager","timestamp":1737479718.821645},{"label":"Initialize BeaconManager","timestamp":1737479718.821702},{"timestamp":1737479718.821729,"label":"Fininshed Initialize BeaconManager"},{"label":"Fininshed Initialize RoomManager","timestamp":1737479718.821735},{"timestamp":1737479718.821739,"label":"Initialize CloudAnchorsManager"},{"label":"Fininshed Initialize CloudAnchorsManager","timestamp":1737479718.821743},{"label":"ContentView Initialize","timestamp":1737479718.8217468},{"label":"Room Update","timestamp":1737479720.625341,"content":{"id":"2D11FD77-5009-46EE-B13B-FEF68B77A669","name":"Room w\/ the Table"}},{"content":{"name":"Room w\/ the Table","id":"2D11FD77-5009-46EE-B13B-FEF68B77A669"},"label":"Pulling CloudAnchors Ids from Backend","timestamp":1737479720.625413},{"label":"Pulled CloudAnchors Ids from Backend","content":{"cloudAnchorsIds":[],"room":{"id":"2D11FD77-5009-46EE-B13B-FEF68B77A669","name":"Room w\/ the Table"}},"timestamp":1737479720.703415},{"timestamp":1737479746.638874,"label":"Hosting ARAnchor","content":{"identifier":"B651E2EA-BFF8-4513-8D08-9A1D21A81B82","transform":{"columns":[[0.9425213,0,0.3341462,0],[0,1,0,0],[-0.33414617,0,0.9425213,0],[0.028308978,-0.5576714,-0.25850195,1]]},"name":"bunny"}},{"label":"Bunny didAdd (ARKit)","timestamp":1737479746.6674519,"content":{"identifier":"B651E2EA-BFF8-4513-8D08-9A1D21A81B82","transform":{"columns":[[0.9425213,0,0.3341462,0],[0,1,0,0],[-0.33414617,0,0.9425213,0],[0.028308978,-0.5576714,-0.25850195,1]]},"name":"bunny"}},{"label":"Hosted ARAnchor","content":{"arAnchor":{"name":"bunny","identifier":"B651E2EA-BFF8-4513-8D08-9A1D21A81B82","transform":{"columns":[[0.9425213,0,0.3341462,0],[0,1,0,0],[-0.33414617,0,0.9425213,0],[0.028308978,-0.5576714,-0.25850195,1]]}},"cloudAnchorState":"Success","cloudId":"ua-0fbf4fbe49eb34950e8e831bfb102bbf"},"timestamp":1737479754.680316},{"timestamp":1737479754.680526,"label":"Uploading CloudAnchors Ids to Backend","content":{"name":"Room w\/ the Table","id":"2D11FD77-5009-46EE-B13B-FEF68B77A669"}},{"label":"Uploaded CloudAnchors Ids to Backend","content":{"cloudAnchorsId":"ua-0fbf4fbe49eb34950e8e831bfb102bbf","room":{"id":"2D11FD77-5009-46EE-B13B-FEF68B77A669","name":"Room w\/ the Table"}},"timestamp":1737479758.714145},{"label":"Bunny didUpdate (ARKit)","timestamp":1737479769.125688,"content":{"transform":{"columns":[[0.94254106,-3.1142277e-05,0.33409005,0],[-0.00019313816,0.99999964,0.0006381002,0],[-0.33409,-0.0006659613,0.94254094,0],[0.028378708,-0.557623,-0.25874734,1]]},"name":"bunny","identifier":"B651E2EA-BFF8-4513-8D08-9A1D21A81B82"}},{"label":"ARImageAnchor didAdd","content":{"name":"Peppers","transform":{"columns":[[0.99061733,0.015733682,0.13575622,0],[-0.13534759,-0.0246429,0.9904916,0],[0.018929522,-0.99957234,-0.022282217,0],[-0.23898569,-0.68211025,-0.09722972,1]]},"identifier":"61BB3DDD-C96C-6E82-3432-BD712CCBCB28"},"timestamp":1737479769.865809},{"label":"ARImageAnchor didUpdate","timestamp":1737479769.873941,"content":{"transform":{"columns":[[0.99061733,0.015733682,0.13575622,0],[-0.13534759,-0.0246429,0.9904916,0],[0.018929522,-0.99957234,-0.022282217,0],[-0.23898569,-0.68211025,-0.09722972,1]]},"name":"Peppers","identifier":"61BB3DDD-C96C-6E82-3432-BD712CCBCB28"}},{"label":"Bunny didUpdate (ARKit)","timestamp":1737479770.1259232,"content":{"identifier":"B651E2EA-BFF8-4513-8D08-9A1D21A81B82","name":"bunny","transform":{"columns":[[0.94258076,-7.5959244e-05,0.33397797,0],[-0.00013993183,0.99999946,0.0006223652,0],[-0.33397797,-0.0006333638,0.94258064,0],[0.028336503,-0.55760914,-0.25870383,0.9999999]]}}},{"label":"ARImageAnchor didAdd","timestamp":1737479775.698889,"content":{"transform":{"columns":[[0.9997833,-0.014970646,-0.01446502,0],[0.014242078,-0.0148931565,0.9997876,0],[-0.015182902,-0.99977696,-0.014676747,0],[-0.8819874,0.021460578,-0.6955682,1]]},"name":"Earth","identifier":"088EF783-5990-B052-BE99-B8AA15BA6C68"}},{"label":"ARImageAnchor didUpdate","timestamp":1737479775.706722,"content":{"transform":{"columns":[[0.9997833,-0.014970646,-0.01446502,0],[0.014242078,-0.0148931565,0.9997876,0],[-0.015182902,-0.99977696,-0.014676747,0],[-0.8819874,0.021460578,-0.6955682,1]]},"identifier":"088EF783-5990-B052-BE99-B8AA15BA6C68","name":"Earth"}},{"timestamp":1737479776.223743,"label":"ARImageAnchor didUpdate","content":{"identifier":"088EF783-5990-B052-BE99-B8AA15BA6C68","transform":{"columns":[[0.9998666,-0.0144705,-0.007570917,0],[0.007106611,-0.031874306,0.99946654,0],[-0.0147041,-0.9993871,-0.031767204,0],[-0.8831857,0.0064062476,-0.69621724,1]]},"name":"Earth"}},{"timestamp":1737479776.2402349,"label":"ARImageAnchor didUpdate","content":{"transform":{"columns":[[0.9998666,-0.0144705,-0.007570917,0],[0.007106611,-0.031874306,0.99946654,0],[-0.0147041,-0.9993871,-0.031767204,0],[-0.8831857,0.0064062476,-0.69621724,1]]},"name":"Earth","identifier":"088EF783-5990-B052-BE99-B8AA15BA6C68"}},{"timestamp":1737479776.75595,"label":"ARImageAnchor didUpdate","content":{"identifier":"088EF783-5990-B052-BE99-B8AA15BA6C68","transform":{"columns":[[0.9998807,-0.013144599,-0.008106794,0],[0.0077405176,-0.027681736,0.99958676,0],[-0.013363588,-0.99953026,-0.02757671,0],[-0.879099,0.028498732,-0.6907227,1]]},"name":"Earth"}},{"timestamp":1737479776.773499,"label":"ARImageAnchor didUpdate","content":{"name":"Earth","identifier":"088EF783-5990-B052-BE99-B8AA15BA6C68","transform":{"columns":[[0.9998807,-0.013144599,-0.008106794,0],[0.0077405176,-0.027681736,0.99958676,0],[-0.013363588,-0.99953026,-0.02757671,0],[-0.879099,0.028498732,-0.6907227,1]]}}},{"timestamp":1737479783.066611,"content":{"identifier":"C35EAC54-3E90-1B97-807B-5E3B8F238DB7","transform":{"columns":[[0.10574311,-0.0073142173,-0.99436647,0],[0.9943934,0.00061475404,0.10574148,0],[-0.00016218454,-0.99997306,0.007338193,0],[0.46668604,-0.74927175,-0.17977408,1]]},"name":"Sailboat"},"label":"ARImageAnchor didAdd"},{"timestamp":1737479783.074002,"label":"ARImageAnchor didUpdate","content":{"transform":{"columns":[[0.10574311,-0.0073142173,-0.99436647,0],[0.9943934,0.00061475404,0.10574148,0],[-0.00016218454,-0.99997306,0.007338193,0],[0.46668604,-0.74927175,-0.17977408,1]]},"identifier":"C35EAC54-3E90-1B97-807B-5E3B8F238DB7","name":"Sailboat"}},{"timestamp":1737479786.214985,"content":{"identifier":"A19C2489-597B-2BED-432C-244B551E75FD","name":"Mandrill","transform":{"columns":[[0.99952734,0.0152410185,0.02669914,0],[-0.027095411,0.02641565,0.99928373,0],[0.014524829,-0.9995348,0.02681613,0],[0.67993516,0.76134014,-0.6343396,1]]}},"label":"ARImageAnchor didAdd"},{"content":{"identifier":"A19C2489-597B-2BED-432C-244B551E75FD","transform":{"columns":[[0.99952734,0.0152410185,0.02669914,0],[-0.027095411,0.02641565,0.99928373,0],[0.014524829,-0.9995348,0.02681613,0],[0.67993516,0.76134014,-0.6343396,1]]},"name":"Mandrill"},"label":"ARImageAnchor didUpdate","timestamp":1737479786.223191},{"timestamp":1737479789.914493,"label":"ARImageAnchor didAdd","content":{"transform":{"columns":[[-0.019894177,-0.020343486,0.9995952,0],[-0.9997298,-0.011614438,-0.020133289,0],[0.012019298,-0.9997255,-0.020106947,0],[1.6068467,0.0796368,-0.15697965,1]]},"identifier":"FF85DBE1-76D3-E459-2D24-8EDCEE263300","name":"Car"}},{"content":{"name":"Car","identifier":"FF85DBE1-76D3-E459-2D24-8EDCEE263300","transform":{"columns":[[-0.019894177,-0.020343486,0.9995952,0],[-0.9997298,-0.011614438,-0.020133289,0],[0.012019298,-0.9997255,-0.020106947,0],[1.6068467,0.0796368,-0.15697965,1]]}},"timestamp":1737479789.9243178,"label":"ARImageAnchor didUpdate"},{"content":{"transform":{"columns":[[-0.06896585,0.05237923,0.996243,0],[-0.9975756,-0.012931772,-0.06837823,0],[0.009301586,-0.99854344,0.053144082,0],[1.5171785,-0.20801447,0.5643864,0.99999994]]},"identifier":"6BAD7D5D-D14A-EF93-1C8B-F6BEC80B8329","name":"Lenna"},"label":"ARImageAnchor didAdd","timestamp":1737479793.0811648},{"content":{"name":"Lenna","identifier":"6BAD7D5D-D14A-EF93-1C8B-F6BEC80B8329","transform":{"columns":[[-0.06896585,0.05237923,0.996243,0],[-0.9975756,-0.012931772,-0.06837823,0],[0.009301586,-0.99854344,0.053144082,0],[1.5171785,-0.20801447,0.5643864,0.99999994]]}},"timestamp":1737479793.093723,"label":"ARImageAnchor didUpdate"}]