[{"timestamp":1737479813.309452,"label":"Application launched"},{"label":"Initialize ARViewModel","timestamp":1737479813.309767},{"timestamp":1737479813.311542,"label":"Finished Initialize ARViewModel"},{"label":"Initialize RoomManager","timestamp":1737479813.3115668},{"timestamp":1737479813.311572,"label":"Initialize BeaconManager"},{"timestamp":1737479813.311585,"label":"Fininshed Initialize BeaconManager"},{"label":"Fininshed Initialize RoomManager","timestamp":1737479813.31159},{"label":"Initialize CloudAnchorsManager","timestamp":1737479813.311594},{"label":"Fininshed Initialize CloudAnchorsManager","timestamp":1737479813.3115978},{"label":"ContentView Initialize","timestamp":1737479813.311602},{"content":{"id":"2D11FD77-5009-46EE-B13B-FEF68B77A669","name":"Room w\/ the Table"},"timestamp":1737479814.644737,"label":"Room Update"},{"label":"Pulling CloudAnchors Ids from Backend","timestamp":1737479814.644803,"content":{"name":"Room w\/ the Table","id":"2D11FD77-5009-46EE-B13B-FEF68B77A669"}},{"timestamp":1737479814.714777,"label":"Pulled CloudAnchors Ids from Backend","content":{"cloudAnchorsIds":["ua-0fbf4fbe49eb34950e8e831bfb102bbf"],"room":{"id":"2D11FD77-5009-46EE-B13B-FEF68B77A669","name":"Room w\/ the Table"}}},{"timestamp":1737479818.8650231,"label":"ARCore Update Bunny Anchor","content":{"identifier":"376E7F0E-EEC5-48AB-A5F5-9B16DFC288DA","transform":{"columns":[[0.8351596,0.05198721,0.54754525,0],[-0.032945875,0.9984638,-0.044548437,0],[-0.54902005,0.019165695,0.8355894,0],[0.08945222,-0.57776016,-0.37292153,1]]}}},{"content":{"transform":{"columns":[[0.8351596,0.05198721,0.54754525,0],[-0.032945875,0.9984638,-0.044548437,0],[-0.54902005,0.019165695,0.8355894,0],[0.08945222,-0.57776016,-0.37292153,1]]},"name":"bunny","identifier":"DAA535E3-CA89-4862-A382-7FE6CF733256"},"timestamp":1737479818.879198,"label":"Bunny didAdd (ARKit)"},{"label":"ARCore Update Bunny Anchor","timestamp":1737479819.384969,"content":{"identifier":"376E7F0E-EEC5-48AB-A5F5-9B16DFC288DA","transform":{"columns":[[0.8351596,0.05198721,0.54754525,0],[-0.032945875,0.9984638,-0.044548437,0],[-0.54902005,0.019165695,0.8355894,0],[0.08945222,-0.57776016,-0.37292153,1]]}}},{"timestamp":1737479819.412544,"content":{"identifier":"3A36251A-BD94-4840-B52C-2A7A2806D768","transform":{"columns":[[0.8351596,0.05198721,0.54754525,0],[-0.032945875,0.9984638,-0.044548437,0],[-0.54902005,0.019165695,0.8355894,0],[0.08945222,-0.57776016,-0.37292153,1]]},"name":"bunny"},"label":"Bunny didAdd (ARKit)"},{"label":"ARImageAnchor didAdd","content":{"name":"Peppers","identifier":"61BB3DDD-C96C-6E82-3432-BD712CCBCB28","transform":{"columns":[[0.9422297,0.007119671,0.3348917,0],[-0.33480066,-0.011522738,0.9422184,0],[0.010567159,-0.9999082,-0.008473403,0],[-0.16857925,-0.73871845,-0.305602,1]]}},"timestamp":1737479828.778527},{"content":{"transform":{"columns":[[0.9422297,0.007119671,0.3348917,0],[-0.33480066,-0.011522738,0.9422184,0],[0.010567159,-0.9999082,-0.008473403,0],[-0.16857925,-0.73871845,-0.305602,1]]},"name":"Peppers","identifier":"61BB3DDD-C96C-6E82-3432-BD712CCBCB28"},"label":"ARImageAnchor didUpdate","timestamp":1737479828.7878919},{"label":"ARImageAnchor didUpdate","content":{"identifier":"61BB3DDD-C96C-6E82-3432-BD712CCBCB28","name":"Peppers","transform":{"columns":[[0.94206446,0.0073791915,0.33535042,0],[-0.33519733,-0.016647255,0.9420007,0],[0.012533852,-0.99983406,-0.013209291,0],[-0.1680013,-0.7283292,-0.3061252,1]]}},"timestamp":1737479829.303395},{"content":{"name":"Peppers","identifier":"61BB3DDD-C96C-6E82-3432-BD712CCBCB28","transform":{"columns":[[0.94206446,0.0073791915,0.33535042,0],[-0.33519733,-0.016647255,0.9420007,0],[0.012533852,-0.99983406,-0.013209291,0],[-0.1680013,-0.7283292,-0.3061252,1]]}},"label":"ARImageAnchor didUpdate","timestamp":1737479829.320569},{"timestamp":1737479832.461659,"label":"ARImageAnchor didAdd","content":{"identifier":"088EF783-5990-B052-BE99-B8AA15BA6C68","name":"Earth","transform":{"columns":[[0.98225826,-0.021215059,0.18632945,0],[-0.18684879,-0.025900383,0.9820472,0],[-0.016008174,-0.99943936,-0.029404879,0],[-0.6636774,-0.02758585,-0.99787205,1]]}}},{"content":{"identifier":"088EF783-5990-B052-BE99-B8AA15BA6C68","name":"Earth","transform":{"columns":[[0.98225826,-0.021215059,0.18632945,0],[-0.18684879,-0.025900383,0.9820472,0],[-0.016008174,-0.99943936,-0.029404879,0],[-0.6636774,-0.02758585,-0.99787205,1]]}},"timestamp":1737479832.4797091,"label":"ARImageAnchor didUpdate"},{"timestamp":1737479841.4456282,"label":"ARImageAnchor didAdd","content":{"identifier":"A19C2489-597B-2BED-432C-244B551E75FD","transform":{"columns":[[0.97187364,0.011720199,0.23521127,0],[-0.23537971,0.01601882,0.9717715,0],[0.0076215477,-0.9998028,0.018326968,0],[0.83589,0.70567316,-0.6265689,1]]},"name":"Mandrill"}},{"content":{"transform":{"columns":[[0.97187364,0.011720199,0.23521127,0],[-0.23537971,0.01601882,0.9717715,0],[0.0076215477,-0.9998028,0.018326968,0],[0.83589,0.70567316,-0.6265689,1]]},"name":"Mandrill","identifier":"A19C2489-597B-2BED-432C-244B551E75FD"},"label":"ARImageAnchor didUpdate","timestamp":1737479841.4513469},{"timestamp":1737479844.594183,"label":"ARImageAnchor didAdd","content":{"name":"Sailboat","identifier":"C35EAC54-3E90-1B97-807B-5E3B8F238DB7","transform":{"columns":[[0.32871166,-0.009999943,-0.9443773,0],[0.94441235,-0.0026802323,0.3287522,0],[-0.0058186627,-0.99994636,0.008563073,0],[0.52162325,-0.80196184,-0.19871232,1]]}}},{"label":"ARImageAnchor didUpdate","content":{"identifier":"C35EAC54-3E90-1B97-807B-5E3B8F238DB7","name":"Sailboat","transform":{"columns":[[0.32871166,-0.009999943,-0.9443773,0],[0.94441235,-0.0026802323,0.3287522,0],[-0.0058186627,-0.99994636,0.008563073,0],[0.52162325,-0.80196184,-0.19871232,1]]}},"timestamp":1737479844.601953},{"content":{"transform":{"columns":[[-0.25344366,-0.018364508,0.96717584,0],[-0.96731126,0.013777462,-0.25321755,0],[-0.008674999,-0.9997363,-0.021256015,0],[1.6211028,0.015576869,0.051743023,1]]},"identifier":"FF85DBE1-76D3-E459-2D24-8EDCEE263300","name":"Car"},"timestamp":1737479846.7106972,"label":"ARImageAnchor didAdd"},{"label":"ARImageAnchor didUpdate","content":{"identifier":"FF85DBE1-76D3-E459-2D24-8EDCEE263300","transform":{"columns":[[-0.25344366,-0.018364508,0.96717584,0],[-0.96731126,0.013777462,-0.25321755,0],[-0.008674999,-0.9997363,-0.021256015,0],[1.6211028,0.015576869,0.051743023,1]]},"name":"Car"},"timestamp":1737479846.720079},{"content":{"name":"Lenna","identifier":"6BAD7D5D-D14A-EF93-1C8B-F6BEC80B8329","transform":{"columns":[[-0.2484458,0.03385012,0.96805406,0],[-0.96863747,-0.012809063,-0.24814773,0],[0.0040000593,-0.9993447,0.035970867,0],[1.388677,-0.28143102,0.73380387,0.99999994]]}},"timestamp":1737479850.3771029,"label":"ARImageAnchor didAdd"},{"label":"ARImageAnchor didUpdate","content":{"transform":{"columns":[[-0.2484458,0.03385012,0.96805406,0],[-0.96863747,-0.012809063,-0.24814773,0],[0.0040000593,-0.9993447,0.035970867,0],[1.388677,-0.28143102,0.73380387,0.99999994]]},"name":"Lenna","identifier":"6BAD7D5D-D14A-EF93-1C8B-F6BEC80B8329"},"timestamp":1737479850.386516}]