[{"label":"Application launched","timestamp":1737481363.061867},{"label":"Initialize ARViewModel","timestamp":1737481363.061949},{"label":"Finished Initialize ARViewModel","timestamp":1737481363.063982},{"label":"Initialize RoomManager","timestamp":1737481363.064033},{"timestamp":1737481363.0640469,"label":"Initialize BeaconManager"},{"timestamp":1737481363.064074,"label":"Fininshed Initialize BeaconManager"},{"timestamp":1737481363.0640888,"label":"Fininshed Initialize RoomManager"},{"label":"Initialize CloudAnchorsManager","timestamp":1737481363.0641022},{"label":"Fininshed Initialize CloudAnchorsManager","timestamp":1737481363.064115},{"label":"ContentView Initialize","timestamp":1737481363.064128},{"timestamp":1737481364.380554,"content":{"id":"2D11FD77-5009-46EE-B13B-FEF68B77A669","name":"Room w\/ the Table"},"label":"Room Update"},{"timestamp":1737481364.380594,"content":{"id":"2D11FD77-5009-46EE-B13B-FEF68B77A669","name":"Room w\/ the Table"},"label":"Pulling CloudAnchors Ids from Backend"},{"content":{"cloudAnchorsIds":["ua-0fbf4fbe49eb34950e8e831bfb102bbf"],"room":{"id":"2D11FD77-5009-46EE-B13B-FEF68B77A669","name":"Room w\/ the Table"}},"timestamp":1737481364.4492102,"label":"Pulled CloudAnchors Ids from Backend"},{"timestamp":1737481365.7135758,"label":"ARCore Update Bunny Anchor","content":{"transform":{"columns":[[0.9588615,0.02278394,0.28295866,0],[-0.029482694,0.9993763,0.019437792,0],[-0.2823393,-0.026980532,0.95893514,0],[0.05362593,-0.6863279,-0.44996652,1]]},"identifier":"72E511D6-5E89-4935-9775-F053BAA7D3A8"}},{"timestamp":1737481365.738476,"label":"Bunny didAdd (ARKit)","content":{"identifier":"12808BE5-5BF7-4C4E-A3EC-657824D3C2FF","transform":{"columns":[[0.9588615,0.02278394,0.28295866,0],[-0.029482694,0.9993763,0.019437792,0],[-0.2823393,-0.026980532,0.95893514,0],[0.05362593,-0.6863279,-0.44996652,1]]},"name":"bunny"}},{"timestamp":1737481366.2446752,"label":"ARCore Update Bunny Anchor","content":{"transform":{"columns":[[0.9588615,0.02278394,0.28295866,0],[-0.029482694,0.9993763,0.019437792,0],[-0.2823393,-0.026980532,0.95893514,0],[0.05362593,-0.6863279,-0.44996652,1]]},"identifier":"72E511D6-5E89-4935-9775-F053BAA7D3A8"}},{"label":"Bunny didAdd (ARKit)","content":{"name":"bunny","identifier":"3D3F8CE5-E4A8-4348-859C-C1B81889B059","transform":{"columns":[[0.9588615,0.02278394,0.28295866,0],[-0.029482694,0.9993763,0.019437792,0],[-0.2823393,-0.026980532,0.95893514,0],[0.05362593,-0.6863279,-0.44996652,1]]}},"timestamp":1737481366.27196},{"content":{"name":"Peppers","transform":{"columns":[[0.9989102,0.005065688,0.046394285,0],[-0.046272952,-0.02189959,0.9986885,0],[0.00607507,-0.9997472,-0.021641294,0],[-0.18335272,-0.82535875,-0.27008986,1]]},"identifier":"61BB3DDD-C96C-6E82-3432-BD712CCBCB28"},"timestamp":1737481372.087973,"label":"ARImageAnchor didAdd"},{"label":"ARImageAnchor didUpdate","content":{"transform":{"columns":[[0.9989102,0.005065688,0.046394285,0],[-0.046272952,-0.02189959,0.9986885,0],[0.00607507,-0.9997472,-0.021641294,0],[-0.18335272,-0.82535875,-0.27008986,1]]},"identifier":"61BB3DDD-C96C-6E82-3432-BD712CCBCB28","name":"Peppers"},"timestamp":1737481372.097574},{"timestamp":1737481375.222461,"label":"ARImageAnchor didAdd","content":{"identifier":"088EF783-5990-B052-BE99-B8AA15BA6C68","transform":{"columns":[[0.99539804,-0.023057979,-0.093009,0],[0.09306766,0.0014818865,0.99565846,0],[-0.022820039,-0.999733,0.0036210658,0],[-0.8660663,-0.1098647,-0.8071791,1.0000001]]},"name":"Earth"}},{"timestamp":1737481375.228657,"label":"ARImageAnchor didUpdate","content":{"transform":{"columns":[[0.99539804,-0.023057979,-0.093009,0],[0.09306766,0.0014818865,0.99565846,0],[-0.022820039,-0.999733,0.0036210658,0],[-0.8660663,-0.1098647,-0.8071791,1.0000001]]},"identifier":"088EF783-5990-B052-BE99-B8AA15BA6C68","name":"Earth"}},{"label":"ARImageAnchor didAdd","content":{"identifier":"A19C2489-597B-2BED-432C-244B551E75FD","transform":{"columns":[[0.9976674,0.006049751,-0.06799031,0],[0.067914456,0.011964827,0.9976192,0],[0.0068488447,-0.99991,0.011526083,0],[0.6903601,0.6176061,-0.8933563,1]]},"name":"Mandrill"},"timestamp":1737481378.9211311},{"label":"ARImageAnchor didUpdate","timestamp":1737481378.938797,"content":{"name":"Mandrill","identifier":"A19C2489-597B-2BED-432C-244B551E75FD","transform":{"columns":[[0.9976674,0.006049751,-0.06799031,0],[0.067914456,0.011964827,0.9976192,0],[0.0068488447,-0.99991,0.011526083,0],[0.6903601,0.6176061,-0.8933563,1]]}}},{"label":"ARImageAnchor didAdd","content":{"name":"Sailboat","identifier":"C35EAC54-3E90-1B97-807B-5E3B8F238DB7","transform":{"columns":[[0.0141779715,-0.018080583,-0.9997358,0],[0.999898,-0.0013009395,0.014203734,0],[-0.0015574921,-0.9998355,0.018060258,0],[0.519952,-0.8875284,-0.38972193,0.99999994]]}},"timestamp":1737481382.105649},{"timestamp":1737481382.1120381,"label":"ARImageAnchor didUpdate","content":{"transform":{"columns":[[0.0141779715,-0.018080583,-0.9997358,0],[0.999898,-0.0013009395,0.014203734,0],[-0.0015574921,-0.9998355,0.018060258,0],[0.519952,-0.8875284,-0.38972193,0.99999994]]},"name":"Sailboat","identifier":"C35EAC54-3E90-1B97-807B-5E3B8F238DB7"}},{"label":"ARImageAnchor didAdd","timestamp":1737481384.720617,"content":{"identifier":"FF85DBE1-76D3-E459-2D24-8EDCEE263300","name":"Car","transform":{"columns":[[0.053355422,-0.023715137,0.9982937,0],[-0.9985718,0.001386247,0.053403255,0],[-0.0026503599,-0.9997176,-0.023607295,0],[1.6465042,-0.0674153,-0.4929617,0.99999994]]}}},{"timestamp":1737481384.730434,"label":"ARImageAnchor didUpdate","content":{"transform":{"columns":[[0.053355422,-0.023715137,0.9982937,0],[-0.9985718,0.001386247,0.053403255,0],[-0.0026503599,-0.9997176,-0.023607295,0],[1.6465042,-0.0674153,-0.4929617,0.99999994]]},"name":"Car","identifier":"FF85DBE1-76D3-E459-2D24-8EDCEE263300"}},{"label":"ARImageAnchor didAdd","timestamp":1737481387.320428,"content":{"identifier":"6BAD7D5D-D14A-EF93-1C8B-F6BEC80B8329","transform":{"columns":[[0.06363633,0.03228517,0.9974506,0],[-0.9978798,-0.011593599,0.064039,0],[0.01363153,-0.9994113,0.03147888,0],[1.6257427,-0.36697713,0.23125795,1]]},"name":"Lenna"}},{"timestamp":1737481387.326313,"label":"ARImageAnchor didUpdate","content":{"name":"Lenna","identifier":"6BAD7D5D-D14A-EF93-1C8B-F6BEC80B8329","transform":{"columns":[[0.06363633,0.03228517,0.9974506,0],[-0.9978798,-0.011593599,0.064039,0],[0.01363153,-0.9994113,0.03147888,0],[1.6257427,-0.36697713,0.23125795,1]]}}}]