[{"label":"Application launched","timestamp":1737482981.5152512},{"label":"Initialize ARViewModel","timestamp":1737482981.5153341},{"timestamp":1737482981.51631,"label":"Finished Initialize ARViewModel"},{"timestamp":1737482981.516372,"label":"Initialize RoomManager"},{"label":"Initialize BeaconManager","timestamp":1737482981.5163789},{"timestamp":1737482981.516395,"label":"Fininshed Initialize BeaconManager"},{"timestamp":1737482981.5163999,"label":"Fininshed Initialize RoomManager"},{"label":"Initialize CloudAnchorsManager","timestamp":1737482981.5164042},{"timestamp":1737482981.516408,"label":"Fininshed Initialize CloudAnchorsManager"},{"timestamp":1737482981.516412,"label":"ContentView Initialize"},{"timestamp":1737482982.895294,"label":"Room Update","content":{"id":"2D11FD77-5009-46EE-B13B-FEF68B77A669","name":"Room w\/ the Table"}},{"content":{"id":"2D11FD77-5009-46EE-B13B-FEF68B77A669","name":"Room w\/ the Table"},"timestamp":1737482982.89533,"label":"Pulling CloudAnchors Ids from Backend"},{"timestamp":1737482982.959456,"label":"Pulled CloudAnchors Ids from Backend","content":{"cloudAnchorsIds":["ua-0fbf4fbe49eb34950e8e831bfb102bbf"],"room":{"name":"Room w\/ the Table","id":"2D11FD77-5009-46EE-B13B-FEF68B77A669"}}},{"label":"ARCore Update Bunny Anchor","content":{"identifier":"C6B38E16-80EE-46A2-9294-F7BDC42E455B","transform":{"columns":[[0.9885525,-0.0013062229,-0.15087168,0],[-2.2990904e-05,0.9999612,-0.008808147,0],[0.15087734,0.008710785,0.9885141,0],[-0.24265504,-0.58039814,-0.3326134,1]]}},"timestamp":1737482986.931672},{"label":"Bunny didAdd (ARKit)","content":{"transform":{"columns":[[0.9885525,-0.0013062229,-0.15087168,0],[-2.2990904e-05,0.9999612,-0.008808147,0],[0.15087734,0.008710785,0.9885141,0],[-0.24265504,-0.58039814,-0.3326134,1]]},"identifier":"4D402534-C78E-4AA1-B5D0-45F94D8F4633","name":"bunny"},"timestamp":1737482986.955868},{"timestamp":1737482987.47866,"label":"ARCore Update Bunny Anchor","content":{"transform":{"columns":[[0.9885525,-0.0013062229,-0.15087168,0],[-2.2990904e-05,0.9999612,-0.008808147,0],[0.15087734,0.008710785,0.9885141,0],[-0.24265504,-0.58039814,-0.3326134,1]]},"identifier":"C6B38E16-80EE-46A2-9294-F7BDC42E455B"}},{"content":{"name":"bunny","identifier":"05D2EE38-3215-4A48-95C4-206A6284D73E","transform":{"columns":[[0.9885525,-0.0013062229,-0.15087168,0],[-2.2990904e-05,0.9999612,-0.008808147,0],[0.15087734,0.008710785,0.9885141,0],[-0.24265504,-0.58039814,-0.3326134,1]]}},"timestamp":1737482987.505787,"label":"Bunny didAdd (ARKit)"},{"content":{"name":"Peppers","identifier":"61BB3DDD-C96C-6E82-3432-BD712CCBCB28","transform":{"columns":[[0.9393682,0.012386674,-0.34268612,0],[0.34285843,-0.01661354,0.9392401,0],[0.005940849,-0.99978507,-0.019853102,0],[-0.40636998,-0.69566596,-0.059728593,1]]}},"timestamp":1737482993.322268,"label":"ARImageAnchor didAdd"},{"content":{"identifier":"61BB3DDD-C96C-6E82-3432-BD712CCBCB28","transform":{"columns":[[0.9393682,0.012386674,-0.34268612,0],[0.34285843,-0.01661354,0.9392401,0],[0.005940849,-0.99978507,-0.019853102,0],[-0.40636998,-0.69566596,-0.059728593,1]]},"name":"Peppers"},"timestamp":1737482993.3399591,"label":"ARImageAnchor didUpdate"},{"content":{"identifier":"088EF783-5990-B052-BE99-B8AA15BA6C68","transform":{"columns":[[0.88981223,-0.012836103,-0.45614603,0],[0.45606977,-0.00851885,0.8899032,0],[-0.015308737,-0.99988115,-0.001726028,0],[-1.233124,0.017679162,-0.27560577,0.99999994]]},"name":"Earth"},"label":"ARImageAnchor didAdd","timestamp":1737482996.4738622},{"label":"ARImageAnchor didUpdate","content":{"transform":{"columns":[[0.88981223,-0.012836103,-0.45614603,0],[0.45606977,-0.00851885,0.8899032,0],[-0.015308737,-0.99988115,-0.001726028,0],[-1.233124,0.017679162,-0.27560577,0.99999994]]},"name":"Earth","identifier":"088EF783-5990-B052-BE99-B8AA15BA6C68"},"timestamp":1737482996.480153},{"timestamp":1737483001.171884,"label":"ARImageAnchor didAdd","content":{"transform":{"columns":[[-0.36745015,-0.009969323,-0.9299897,0],[0.9300088,0.004644651,-0.36750752,0],[0.007983347,-0.9999393,0.007564887,0],[0.19191833,-0.75013524,-0.4311204,1]]},"name":"Sailboat","identifier":"C35EAC54-3E90-1B97-807B-5E3B8F238DB7"}},{"timestamp":1737483001.183002,"label":"ARImageAnchor didUpdate","content":{"identifier":"C35EAC54-3E90-1B97-807B-5E3B8F238DB7","name":"Sailboat","transform":{"columns":[[-0.36745015,-0.009969323,-0.9299897,0],[0.9300088,0.004644651,-0.36750752,0],[0.007983347,-0.9999393,0.007564887,0],[0.19191833,-0.75013524,-0.4311204,1]]}}},{"timestamp":1737483005.906386,"content":{"identifier":"A19C2489-597B-2BED-432C-244B551E75FD","name":"Mandrill","transform":{"columns":[[0.8994853,0.013165994,-0.43675235,0],[0.43538496,0.05753752,0.89840364,0],[0.036958028,-0.9982564,0.046021875,0],[0.1527589,0.75047743,-0.95655805,0.9999999]]}},"label":"ARImageAnchor didAdd"},{"label":"ARImageAnchor didUpdate","content":{"name":"Mandrill","transform":{"columns":[[0.8994853,0.013165994,-0.43675235,0],[0.43538496,0.05753752,0.89840364,0],[0.036958028,-0.9982564,0.046021875,0],[0.1527589,0.75047743,-0.95655805,0.9999999]]},"identifier":"A19C2489-597B-2BED-432C-244B551E75FD"},"timestamp":1737483005.9130201},{"label":"ARImageAnchor didAdd","content":{"identifier":"FF85DBE1-76D3-E459-2D24-8EDCEE263300","transform":{"columns":[[0.42773294,-0.01576457,0.9037676,0],[-0.9038653,0.0019233888,0.42781276,0],[-0.008482542,-0.9998738,-0.0134263635,0],[1.1875923,0.06562935,-0.9555728,1]]},"name":"Car"},"timestamp":1737483007.507186},{"label":"ARImageAnchor didUpdate","content":{"identifier":"FF85DBE1-76D3-E459-2D24-8EDCEE263300","transform":{"columns":[[0.42773294,-0.01576457,0.9037676,0],[-0.9038653,0.0019233888,0.42781276,0],[-0.008482542,-0.9998738,-0.0134263635,0],[1.1875923,0.06562935,-0.9555728,1]]},"name":"Car"},"timestamp":1737483007.514978},{"label":"ARImageAnchor didUpdate","content":{"transform":{"columns":[[0.4305081,-0.016910125,0.9024282,0],[-0.90255964,-0.00033369302,0.43056458,0],[-0.0069797803,-0.9998568,-0.015406039,0],[1.1865255,0.06860745,-0.9473773,0.99999994]]},"name":"Car","identifier":"FF85DBE1-76D3-E459-2D24-8EDCEE263300"},"timestamp":1737483008.031622},{"content":{"name":"Car","identifier":"FF85DBE1-76D3-E459-2D24-8EDCEE263300","transform":{"columns":[[0.4305081,-0.016910125,0.9024282,0],[-0.90255964,-0.00033369302,0.43056458,0],[-0.0069797803,-0.9998568,-0.015406039,0],[1.1865255,0.06860745,-0.9473773,0.99999994]]}},"timestamp":1737483008.0483131,"label":"ARImageAnchor didUpdate"},{"content":{"name":"Lenna","transform":{"columns":[[0.41757104,0.044369247,0.9075602,0],[-0.90844786,-0.00037295252,0.41799772,0],[0.018884696,-0.999015,0.040151417,0],[1.4475572,-0.22631697,-0.2797152,1]]},"identifier":"6BAD7D5D-D14A-EF93-1C8B-F6BEC80B8329"},"timestamp":1737483009.604748,"label":"ARImageAnchor didAdd"},{"content":{"name":"Lenna","identifier":"6BAD7D5D-D14A-EF93-1C8B-F6BEC80B8329","transform":{"columns":[[0.41757104,0.044369247,0.9075602,0],[-0.90844786,-0.00037295252,0.41799772,0],[0.018884696,-0.999015,0.040151417,0],[1.4475572,-0.22631697,-0.2797152,1]]}},"timestamp":1737483009.615742,"label":"ARImageAnchor didUpdate"}]