[{"label":"Application launched","timestamp":1737481705.04163},{"label":"Initialize ARViewModel","timestamp":1737481705.041856},{"timestamp":1737481705.0433521,"label":"Finished Initialize ARViewModel"},{"timestamp":1737481705.043374,"label":"Initialize RoomManager"},{"label":"Initialize BeaconManager","timestamp":1737481705.0433779},{"timestamp":1737481705.0433931,"label":"Fininshed Initialize BeaconManager"},{"label":"Fininshed Initialize RoomManager","timestamp":1737481705.043398},{"label":"Initialize CloudAnchorsManager","timestamp":1737481705.043402},{"timestamp":1737481705.043407,"label":"Fininshed Initialize CloudAnchorsManager"},{"timestamp":1737481705.043411,"label":"ContentView Initialize"},{"label":"Room Update","content":{"id":"2D11FD77-5009-46EE-B13B-FEF68B77A669","name":"Room w\/ the Table"},"timestamp":1737481706.416785},{"content":{"id":"2D11FD77-5009-46EE-B13B-FEF68B77A669","name":"Room w\/ the Table"},"timestamp":1737481706.416833,"label":"Pulling CloudAnchors Ids from Backend"},{"label":"Pulled CloudAnchors Ids from Backend","timestamp":1737481706.491527,"content":{"room":{"name":"Room w\/ the Table","id":"2D11FD77-5009-46EE-B13B-FEF68B77A669"},"cloudAnchorsIds":["ua-0fbf4fbe49eb34950e8e831bfb102bbf"]}},{"timestamp":1737481707.085009,"label":"ARCore Update Bunny Anchor","content":{"identifier":"2E184A21-7EE5-42ED-B3FD-AEBE0E125983","transform":{"columns":[[0.9967843,-0.028164534,0.07501875,0],[0.029810568,0.9993368,-0.020912804,0],[-0.074379995,0.023081906,0.9969628,0],[0.2321319,-0.75461423,-0.58582795,1]]}}},{"timestamp":1737481707.109632,"label":"Bunny didAdd (ARKit)","content":{"transform":{"columns":[[0.9967843,-0.028164534,0.07501875,0],[0.029810568,0.9993368,-0.020912804,0],[-0.074379995,0.023081906,0.9969628,0],[0.2321319,-0.75461423,-0.58582795,1]]},"name":"bunny","identifier":"0D96B78C-39F6-43B2-A095-837CB08A5B71"}},{"timestamp":1737481707.6157842,"label":"ARCore Update Bunny Anchor","content":{"identifier":"2E184A21-7EE5-42ED-B3FD-AEBE0E125983","transform":{"columns":[[0.9967843,-0.028164534,0.07501875,0],[0.029810568,0.9993368,-0.020912804,0],[-0.074379995,0.023081906,0.9969628,0],[0.2321319,-0.75461423,-0.58582795,1]]}}},{"label":"Bunny didAdd (ARKit)","timestamp":1737481707.6429238,"content":{"name":"bunny","identifier":"A35973F3-1B13-43A8-9CF5-892A4E95D534","transform":{"columns":[[0.9967843,-0.028164534,0.07501875,0],[0.029810568,0.9993368,-0.020912804,0],[-0.074379995,0.023081906,0.9969628,0],[0.2321319,-0.75461423,-0.58582795,1]]}}},{"label":"ARImageAnchor didAdd","content":{"identifier":"61BB3DDD-C96C-6E82-3432-BD712CCBCB28","name":"Peppers","transform":{"columns":[[0.9475715,0.018179402,-0.3190258,0],[0.3190831,-0.00026468834,0.9477266,0],[0.017144658,-0.9998346,-0.00605164,0],[-0.056460477,-0.7821424,-0.3989727,0.99999994]]}},"timestamp":1737481710.259313},{"timestamp":1737481710.269689,"content":{"identifier":"61BB3DDD-C96C-6E82-3432-BD712CCBCB28","name":"Peppers","transform":{"columns":[[0.9475715,0.018179402,-0.3190258,0],[0.3190831,-0.00026468834,0.9477266,0],[0.017144658,-0.9998346,-0.00605164,0],[-0.056460477,-0.7821424,-0.3989727,0.99999994]]}},"label":"ARImageAnchor didUpdate"},{"timestamp":1737481712.877575,"content":{"transform":{"columns":[[0.8823051,-0.02216172,-0.47015578,0],[0.46969458,-0.023075365,0.88252723,0],[-0.03040734,-0.99948794,-0.009950271,0],[-0.8870412,-0.076982774,-0.6447371,0.99999994]]},"name":"Earth","identifier":"088EF783-5990-B052-BE99-B8AA15BA6C68"},"label":"ARImageAnchor didAdd"},{"timestamp":1737481712.883265,"label":"ARImageAnchor didUpdate","content":{"identifier":"088EF783-5990-B052-BE99-B8AA15BA6C68","name":"Earth","transform":{"columns":[[0.8823051,-0.02216172,-0.47015578,0],[0.46969458,-0.023075365,0.88252723,0],[-0.03040734,-0.99948794,-0.009950271,0],[-0.8870412,-0.076982774,-0.6447371,0.99999994]]}}},{"content":{"transform":{"columns":[[0.9106975,0.013279452,-0.41286048,0],[0.41236365,0.029363425,0.91054595,0],[0.024214549,-0.99948055,0.02126523,0],[0.50761306,0.67117643,-1.3040943,1]]},"name":"Mandrill","identifier":"A19C2489-597B-2BED-432C-244B551E75FD"},"label":"ARImageAnchor didAdd","timestamp":1737481717.608985},{"timestamp":1737481717.627233,"content":{"name":"Mandrill","transform":{"columns":[[0.9106975,0.013279452,-0.41286048,0],[0.41236365,0.029363425,0.91054595,0],[0.024214549,-0.99948055,0.02126523,0],[0.50761306,0.67117643,-1.3040943,1]]},"identifier":"A19C2489-597B-2BED-432C-244B551E75FD"},"label":"ARImageAnchor didUpdate"},{"timestamp":1737481720.25877,"content":{"name":"Sailboat","transform":{"columns":[[-0.34644863,-0.007597884,-0.93803805,0],[0.9380632,0.0006436777,-0.3464632,0],[0.003236109,-0.99997073,0.006904335,0],[0.49258214,-0.84724474,-0.7941033,0.99999994]]},"identifier":"C35EAC54-3E90-1B97-807B-5E3B8F238DB7"},"label":"ARImageAnchor didAdd"},{"content":{"transform":{"columns":[[-0.34644863,-0.007597884,-0.93803805,0],[0.9380632,0.0006436777,-0.3464632,0],[0.003236109,-0.99997073,0.006904335,0],[0.49258214,-0.84724474,-0.7941033,0.99999994]]},"identifier":"C35EAC54-3E90-1B97-807B-5E3B8F238DB7","name":"Sailboat"},"label":"ARImageAnchor didUpdate","timestamp":1737481720.2668471},{"timestamp":1737481720.783252,"label":"ARImageAnchor didUpdate","content":{"identifier":"C35EAC54-3E90-1B97-807B-5E3B8F238DB7","transform":{"columns":[[-0.34262466,-0.0059072617,-0.9394536,0],[0.9394708,-0.0039279475,-0.34260622,0],[-0.0016662288,-0.9999747,0.006895539,0],[0.5110274,-0.84313583,-0.7948791,0.99999994]]},"name":"Sailboat"}},{"timestamp":1737481720.810429,"content":{"name":"Sailboat","identifier":"C35EAC54-3E90-1B97-807B-5E3B8F238DB7","transform":{"columns":[[-0.34262466,-0.0059072617,-0.9394536,0],[0.9394708,-0.0039279475,-0.34260622,0],[-0.0016662288,-0.9999747,0.006895539,0],[0.5110274,-0.84313583,-0.7948791,0.99999994]]}},"label":"ARImageAnchor didUpdate"},{"label":"ARImageAnchor didAdd","content":{"transform":{"columns":[[0.41861042,-0.016750593,0.9080114,0],[-0.9080556,0.007862884,0.4187758,0],[-0.014154345,-0.9998287,-0.011918968,0],[1.5188112,-0.023297012,-1.3043313,0.99999994]]},"name":"Car","identifier":"FF85DBE1-76D3-E459-2D24-8EDCEE263300"},"timestamp":1737481721.858728},{"timestamp":1737481721.878024,"label":"ARImageAnchor didUpdate","content":{"transform":{"columns":[[0.41861042,-0.016750593,0.9080114,0],[-0.9080556,0.007862884,0.4187758,0],[-0.014154345,-0.9998287,-0.011918968,0],[1.5188112,-0.023297012,-1.3043313,0.99999994]]},"identifier":"FF85DBE1-76D3-E459-2D24-8EDCEE263300","name":"Car"}},{"label":"ARImageAnchor didAdd","timestamp":1737481723.4253001,"content":{"name":"Lenna","identifier":"6BAD7D5D-D14A-EF93-1C8B-F6BEC80B8329","transform":{"columns":[[0.4062167,0.04346446,0.91274244,0],[-0.9134397,-0.007816034,0.40689915,0],[0.024819713,-0.99902433,0.036527134,0],[1.7643136,-0.32281673,-0.62502396,1]]}}},{"label":"ARImageAnchor didUpdate","timestamp":1737481723.434828,"content":{"name":"Lenna","transform":{"columns":[[0.4062167,0.04346446,0.91274244,0],[-0.9134397,-0.007816034,0.40689915,0],[0.024819713,-0.99902433,0.036527134,0],[1.7643136,-0.32281673,-0.62502396,1]]},"identifier":"6BAD7D5D-D14A-EF93-1C8B-F6BEC80B8329"}}]