[{"timestamp":1737479975.135546,"label":"Application launched"},{"timestamp":1737479975.135771,"label":"Initialize ARViewModel"},{"label":"Finished Initialize ARViewModel","timestamp":1737479975.138277},{"label":"Initialize RoomManager","timestamp":1737479975.1383219},{"label":"Initialize BeaconManager","timestamp":1737479975.138336},{"label":"Fininshed Initialize BeaconManager","timestamp":1737479975.138371},{"timestamp":1737479975.1383882,"label":"Fininshed Initialize RoomManager"},{"timestamp":1737479975.138401,"label":"Initialize CloudAnchorsManager"},{"timestamp":1737479975.138414,"label":"Fininshed Initialize CloudAnchorsManager"},{"label":"ContentView Initialize","timestamp":1737479975.138427},{"timestamp":1737479976.472831,"content":{"id":"2D11FD77-5009-46EE-B13B-FEF68B77A669","name":"Room w\/ the Table"},"label":"Room Update"},{"label":"Pulling CloudAnchors Ids from Backend","content":{"id":"2D11FD77-5009-46EE-B13B-FEF68B77A669","name":"Room w\/ the Table"},"timestamp":1737479976.4728742},{"label":"Pulled CloudAnchors Ids from Backend","timestamp":1737479976.5360708,"content":{"room":{"name":"Room w\/ the Table","id":"2D11FD77-5009-46EE-B13B-FEF68B77A669"},"cloudAnchorsIds":["ua-0fbf4fbe49eb34950e8e831bfb102bbf"]}},{"label":"ARCore Update Bunny Anchor","content":{"identifier":"388F6008-3946-4DAC-8CBB-9172E006B498","transform":{"columns":[[0.95374954,-0.021722974,0.29981655,0],[0.025834199,0.99961865,-0.009754848,0],[-0.2994903,0.017049203,0.953947,0],[-0.8026245,-0.57013106,-0.71985275,1]]}},"timestamp":1737480018.662603},{"timestamp":1737480018.687316,"content":{"name":"bunny","identifier":"BB678021-1111-462B-8A83-C4E13C4F7C1A","transform":{"columns":[[0.95374954,-0.021722974,0.29981655,0],[0.025834199,0.99961865,-0.009754848,0],[-0.2994903,0.017049203,0.953947,0],[-0.8026245,-0.57013106,-0.71985275,1]]}},"label":"Bunny didAdd (ARKit)"},{"content":{"name":"Peppers","identifier":"61BB3DDD-C96C-6E82-3432-BD712CCBCB28","transform":{"columns":[[0.98871034,0.0118886465,0.14936669,0],[-0.14903785,-0.024918053,0.98851746,0],[0.015474073,-0.9996187,-0.022864928,0],[-1.0872343,-0.696162,-0.5751406,1]]}},"timestamp":1737480021.870089,"label":"ARImageAnchor didAdd"},{"timestamp":1737480021.880581,"label":"ARImageAnchor didUpdate","content":{"transform":{"columns":[[0.98871034,0.0118886465,0.14936669,0],[-0.14903785,-0.024918053,0.98851746,0],[0.015474073,-0.9996187,-0.022864928,0],[-1.0872343,-0.696162,-0.5751406,1]]},"name":"Peppers","identifier":"61BB3DDD-C96C-6E82-3432-BD712CCBCB28"}},{"label":"Bunny didUpdate (ARKit)","content":{"identifier":"BB678021-1111-462B-8A83-C4E13C4F7C1A","name":"bunny","transform":{"columns":[[0.95370775,-0.021682654,0.2999522,0],[0.025836464,0.9996172,-0.009888521,0],[-0.2996229,0.017180465,0.95390296,0],[-0.8026255,-0.57013017,-0.7198311,0.99999994]]}},"timestamp":1737480022.3799691},{"content":{"identifier":"088EF783-5990-B052-BE99-B8AA15BA6C68","name":"Earth","transform":{"columns":[[0.9998839,-0.01347542,0.007115253,0],[-0.0073139262,-0.014752866,0.99986446,0],[-0.013368625,-0.9998003,-0.014849766,0],[-1.7034672,0.020905592,-1.150915,1]]}},"label":"ARImageAnchor didAdd","timestamp":1737480026.1209989},{"label":"ARImageAnchor didUpdate","content":{"name":"Earth","identifier":"088EF783-5990-B052-BE99-B8AA15BA6C68","transform":{"columns":[[0.9998839,-0.01347542,0.007115253,0],[-0.0073139262,-0.014752866,0.99986446,0],[-0.013368625,-0.9998003,-0.014849766,0],[-1.7034672,0.020905592,-1.150915,1]]}},"timestamp":1737480026.127872},{"label":"ARImageAnchor didAdd","content":{"identifier":"A19C2489-597B-2BED-432C-244B551E75FD","name":"Mandrill","transform":{"columns":[[0.9994698,0.013853471,0.029462386,0],[-0.029814415,0.025929887,0.999219,0],[0.013078696,-0.9995678,0.026329163,0],[-0.16621967,0.755666,-1.0881921,1]]}},"timestamp":1737480033.48622},{"timestamp":1737480033.494855,"label":"ARImageAnchor didUpdate","content":{"identifier":"A19C2489-597B-2BED-432C-244B551E75FD","transform":{"columns":[[0.9994698,0.013853471,0.029462386,0],[-0.029814415,0.025929887,0.999219,0],[0.013078696,-0.9995678,0.026329163,0],[-0.16621967,0.755666,-1.0881921,1]]},"name":"Mandrill"}},{"content":{"transform":{"columns":[[0.11733421,-0.00944661,-0.9930475,0],[0.9930913,0.0026444981,0.117314264,0],[0.0015179354,-0.9999519,0.009691631,0],[-0.38676164,-0.76696754,-0.6256659,1.0000001]]},"identifier":"C35EAC54-3E90-1B97-807B-5E3B8F238DB7","name":"Sailboat"},"label":"ARImageAnchor didAdd","timestamp":1737480036.1191602},{"content":{"name":"Sailboat","identifier":"C35EAC54-3E90-1B97-807B-5E3B8F238DB7","transform":{"columns":[[0.11733421,-0.00944661,-0.9930475,0],[0.9930913,0.0026444981,0.117314264,0],[0.0015179354,-0.9999519,0.009691631,0],[-0.38676164,-0.76696754,-0.6256659,1.0000001]]}},"timestamp":1737480036.1287751,"label":"ARImageAnchor didUpdate"},{"timestamp":1737480038.202414,"label":"ARImageAnchor didAdd","content":{"transform":{"columns":[[-0.037044413,-0.019157955,0.9991299,0],[-0.9993041,0.0050578285,-0.03695382,0],[-0.00434547,-0.99980354,-0.019331997,0],[0.7436757,0.04862012,-0.60167664,1]]},"name":"Car","identifier":"FF85DBE1-76D3-E459-2D24-8EDCEE263300"}},{"timestamp":1737480038.21081,"label":"ARImageAnchor didUpdate","content":{"identifier":"FF85DBE1-76D3-E459-2D24-8EDCEE263300","name":"Car","transform":{"columns":[[-0.037044413,-0.019157955,0.9991299,0],[-0.9993041,0.0050578285,-0.03695382,0],[-0.00434547,-0.99980354,-0.019331997,0],[0.7436757,0.04862012,-0.60167664,1]]}}},{"label":"ARImageAnchor didUpdate","content":{"name":"Car","transform":{"columns":[[-0.052669276,-0.015679987,0.9984887,0],[-0.9985958,0.0065187993,-0.052572493,0],[-0.0056846268,-0.9998557,-0.01600131,0],[0.7379056,0.054963693,-0.59454906,0.9999999]]},"identifier":"FF85DBE1-76D3-E459-2D24-8EDCEE263300"},"timestamp":1737480038.729306},{"timestamp":1737480038.7461882,"label":"ARImageAnchor didUpdate","content":{"identifier":"FF85DBE1-76D3-E459-2D24-8EDCEE263300","transform":{"columns":[[-0.052669276,-0.015679987,0.9984887,0],[-0.9985958,0.0065187993,-0.052572493,0],[-0.0056846268,-0.9998557,-0.01600131,0],[0.7379056,0.054963693,-0.59454906,0.9999999]]},"name":"Car"}},{"label":"ARImageAnchor didAdd","timestamp":1737480040.835576,"content":{"transform":{"columns":[[-0.07062258,0.046354394,0.99642545,0],[-0.9974992,-0.0005475045,-0.07067326,0],[-0.0027304634,-0.9989248,0.046277147,0],[0.6478548,-0.23865303,0.11976024,0.99999994]]},"name":"Lenna","identifier":"6BAD7D5D-D14A-EF93-1C8B-F6BEC80B8329"}},{"timestamp":1737480040.848037,"label":"ARImageAnchor didUpdate","content":{"name":"Lenna","identifier":"6BAD7D5D-D14A-EF93-1C8B-F6BEC80B8329","transform":{"columns":[[-0.07062258,0.046354394,0.99642545,0],[-0.9974992,-0.0005475045,-0.07067326,0],[-0.0027304634,-0.9989248,0.046277147,0],[0.6478548,-0.23865303,0.11976024,0.99999994]]}}},{"label":"ARImageAnchor didUpdate","timestamp":1737480041.343719,"content":{"transform":{"columns":[[-0.05487646,0.03953641,0.99771005,0],[-0.998493,-0.0024443725,-0.054822687,0],[0.00027135585,-0.99921507,0.039610952,0],[0.6462329,-0.23665173,0.11459822,1]]},"name":"Lenna","identifier":"6BAD7D5D-D14A-EF93-1C8B-F6BEC80B8329"}},{"timestamp":1737480041.362869,"label":"ARImageAnchor didUpdate","content":{"name":"Lenna","transform":{"columns":[[-0.05487646,0.03953641,0.99771005,0],[-0.998493,-0.0024443725,-0.054822687,0],[0.00027135585,-0.99921507,0.039610952,0],[0.6462329,-0.23665173,0.11459822,1]]},"identifier":"6BAD7D5D-D14A-EF93-1C8B-F6BEC80B8329"}}]