[{"timestamp":1737483041.8426309,"label":"Application launched"},{"timestamp":1737483041.842727,"label":"Initialize ARViewModel"},{"label":"Finished Initialize ARViewModel","timestamp":1737483041.843972},{"timestamp":1737483041.844033,"label":"Initialize RoomManager"},{"timestamp":1737483041.844047,"label":"Initialize BeaconManager"},{"label":"Fininshed Initialize BeaconManager","timestamp":1737483041.84408},{"label":"Fininshed Initialize RoomManager","timestamp":1737483041.844098},{"timestamp":1737483041.844111,"label":"Initialize CloudAnchorsManager"},{"timestamp":1737483041.8441238,"label":"Fininshed Initialize CloudAnchorsManager"},{"timestamp":1737483041.844137,"label":"ContentView Initialize"},{"content":{"id":"2D11FD77-5009-46EE-B13B-FEF68B77A669","name":"Room w\/ the Table"},"label":"Room Update","timestamp":1737483043.403089},{"label":"Pulling CloudAnchors Ids from Backend","timestamp":1737483043.403113,"content":{"name":"Room w\/ the Table","id":"2D11FD77-5009-46EE-B13B-FEF68B77A669"}},{"label":"Pulled CloudAnchors Ids from Backend","timestamp":1737483043.580153,"content":{"room":{"id":"2D11FD77-5009-46EE-B13B-FEF68B77A669","name":"Room w\/ the Table"},"cloudAnchorsIds":["ua-0fbf4fbe49eb34950e8e831bfb102bbf"]}},{"timestamp":1737483063.0446382,"content":{"identifier":"A368E857-C916-46D2-A3C8-1259C733647D","transform":{"columns":[[0.93148375,0.012922398,0.36355338,0],[-0.007892512,0.9998515,-0.015317511,0],[-0.36369735,0.011398663,0.93144745,0],[0.029577706,-0.6441063,-0.56417674,1]]}},"label":"ARCore Update Bunny Anchor"},{"content":{"identifier":"10CC8A94-3AA3-4B4D-8251-E27D9B4BCCC9","name":"bunny","transform":{"columns":[[0.93148375,0.012922398,0.36355338,0],[-0.007892512,0.9998515,-0.015317511,0],[-0.36369735,0.011398663,0.93144745,0],[0.029577706,-0.6441063,-0.56417674,1]]}},"timestamp":1737483063.0688639,"label":"Bunny didAdd (ARKit)"},{"timestamp":1737483065.6853452,"label":"ARImageAnchor didAdd","content":{"name":"Peppers","identifier":"61BB3DDD-C96C-6E82-3432-BD712CCBCB28","transform":{"columns":[[0.98771054,0.0066916384,0.1561507,0],[-0.1560791,-0.010147183,0.9876925,0],[0.008193747,-0.99992603,-0.0089780595,0],[-0.23474248,-0.7508459,-0.4019772,1]]}}},{"timestamp":1737483065.696471,"label":"ARImageAnchor didUpdate","content":{"transform":{"columns":[[0.98771054,0.0066916384,0.1561507,0],[-0.1560791,-0.010147183,0.9876925,0],[0.008193747,-0.99992603,-0.0089780595,0],[-0.23474248,-0.7508459,-0.4019772,1]]},"name":"Peppers","identifier":"61BB3DDD-C96C-6E82-3432-BD712CCBCB28"}},{"content":{"identifier":"088EF783-5990-B052-BE99-B8AA15BA6C68","name":"Earth","transform":{"columns":[[0.99981743,-0.018894028,0.0028620202,0],[-0.00306963,-0.01096867,0.9999352,0],[-0.018861407,-0.9997612,-0.011024662,0],[-0.8510525,-0.041590393,-1.0042131,1]]}},"timestamp":1737483068.2853541,"label":"ARImageAnchor didAdd"},{"timestamp":1737483068.302952,"content":{"name":"Earth","identifier":"088EF783-5990-B052-BE99-B8AA15BA6C68","transform":{"columns":[[0.99981743,-0.018894028,0.0028620202,0],[-0.00306963,-0.01096867,0.9999352,0],[-0.018861407,-0.9997612,-0.011024662,0],[-0.8510525,-0.041590393,-1.0042131,1]]}},"label":"ARImageAnchor didUpdate"},{"label":"ARImageAnchor didAdd","timestamp":1737483071.418469,"content":{"identifier":"C35EAC54-3E90-1B97-807B-5E3B8F238DB7","transform":{"columns":[[0.13265531,-0.010891682,-0.9911024,0],[0.99114865,-0.0037756541,0.132703,0],[-0.005187445,-0.9999334,0.010294451,0],[0.46864685,-0.8153041,-0.44211897,1]]},"name":"Sailboat"}},{"content":{"identifier":"C35EAC54-3E90-1B97-807B-5E3B8F238DB7","transform":{"columns":[[0.13265531,-0.010891682,-0.9911024,0],[0.99114865,-0.0037756541,0.132703,0],[-0.005187445,-0.9999334,0.010294451,0],[0.46864685,-0.8153041,-0.44211897,1]]},"name":"Sailboat"},"label":"ARImageAnchor didUpdate","timestamp":1737483071.428913},{"label":"ARImageAnchor didUpdate","timestamp":1737483071.928839,"content":{"identifier":"C35EAC54-3E90-1B97-807B-5E3B8F238DB7","transform":{"columns":[[0.13072035,-0.010411382,-0.9913646,0],[0.9914031,-0.0043194504,0.13077092,0],[-0.0056436863,-0.9999364,0.009757203,0],[0.46444973,-0.8124112,-0.44117147,1]]},"name":"Sailboat"}},{"content":{"transform":{"columns":[[0.13072035,-0.010411382,-0.9913646,0],[0.9914031,-0.0043194504,0.13077092,0],[-0.0056436863,-0.9999364,0.009757203,0],[0.46444973,-0.8124112,-0.44117147,1]]},"identifier":"C35EAC54-3E90-1B97-807B-5E3B8F238DB7","name":"Sailboat"},"timestamp":1737483071.945345,"label":"ARImageAnchor didUpdate"},{"timestamp":1737483075.668349,"content":{"name":"Mandrill","identifier":"A19C2489-597B-2BED-432C-244B551E75FD","transform":{"columns":[[0.99870616,0.012523276,0.049285367,0],[-0.049772512,0.04213645,0.99787134,0],[0.010419913,-0.99903333,0.042705182,0],[0.6879678,0.69037867,-0.915091,1]]}},"label":"ARImageAnchor didAdd"},{"label":"ARImageAnchor didUpdate","content":{"identifier":"A19C2489-597B-2BED-432C-244B551E75FD","transform":{"columns":[[0.99870616,0.012523276,0.049285367,0],[-0.049772512,0.04213645,0.99787134,0],[0.010419913,-0.99903333,0.042705182,0],[0.6879678,0.69037867,-0.915091,1]]},"name":"Mandrill"},"timestamp":1737483075.6772041},{"content":{"transform":{"columns":[[-0.056753695,-0.017763045,0.9982302,0],[-0.9983695,0.00711376,-0.056635138,0],[-0.006095166,-0.9998169,-0.018137814,0],[1.5931952,0.0043936297,-0.41633376,0.99999994]]},"name":"Car","identifier":"FF85DBE1-76D3-E459-2D24-8EDCEE263300"},"timestamp":1737483077.786876,"label":"ARImageAnchor didAdd"},{"label":"ARImageAnchor didUpdate","timestamp":1737483077.792179,"content":{"name":"Car","identifier":"FF85DBE1-76D3-E459-2D24-8EDCEE263300","transform":{"columns":[[-0.056753695,-0.017763045,0.9982302,0],[-0.9983695,0.00711376,-0.056635138,0],[-0.006095166,-0.9998169,-0.018137814,0],[1.5931952,0.0043936297,-0.41633376,0.99999994]]}}},{"label":"ARImageAnchor didAdd","content":{"name":"Lenna","identifier":"6BAD7D5D-D14A-EF93-1C8B-F6BEC80B8329","transform":{"columns":[[-0.07924112,0.041826203,0.9959776,0],[-0.9968543,-0.0048184986,-0.07910855,0],[0.0014902822,-0.9991132,0.042076457,0],[1.4862623,-0.28968036,0.29815504,1]]}},"timestamp":1737483079.884701},{"label":"ARImageAnchor didUpdate","content":{"identifier":"6BAD7D5D-D14A-EF93-1C8B-F6BEC80B8329","transform":{"columns":[[-0.07924112,0.041826203,0.9959776,0],[-0.9968543,-0.0048184986,-0.07910855,0],[0.0014902822,-0.9991132,0.042076457,0],[1.4862623,-0.28968036,0.29815504,1]]},"name":"Lenna"},"timestamp":1737483079.8943582},{"content":{"identifier":"6BAD7D5D-D14A-EF93-1C8B-F6BEC80B8329","transform":{"columns":[[-0.030942326,0.041639693,0.9986534,0],[-0.9994662,0.00918593,-0.03135056,0],[-0.010479037,-0.9990904,0.04133322,0],[1.4797274,-0.28812024,0.29741892,1]]},"name":"Lenna"},"label":"ARImageAnchor didUpdate","timestamp":1737483080.910688},{"timestamp":1737483080.925363,"label":"ARImageAnchor didUpdate","content":{"identifier":"6BAD7D5D-D14A-EF93-1C8B-F6BEC80B8329","name":"Lenna","transform":{"columns":[[-0.030942326,0.041639693,0.9986534,0],[-0.9994662,0.00918593,-0.03135056,0],[-0.010479037,-0.9990904,0.04133322,0],[1.4797274,-0.28812024,0.29741892,1]]}}},{"timestamp":1737483083.727559,"label":"Bunny didUpdate (ARKit)","content":{"name":"bunny","identifier":"10CC8A94-3AA3-4B4D-8251-E27D9B4BCCC9","transform":{"columns":[[0.9299159,0.014665433,0.36747965,0],[-0.009827057,0.9998387,-0.015034112,0],[-0.36764088,0.010369216,0.92991006,0],[0.03193202,-0.64368385,-0.5636637,1]]}}}]