[{"timestamp":1737481184.74896,"label":"Application launched"},{"label":"Initialize ARViewModel","timestamp":1737481184.749199},{"label":"Finished Initialize ARViewModel","timestamp":1737481184.752143},{"timestamp":1737481184.7521749,"label":"Initialize RoomManager"},{"label":"Initialize BeaconManager","timestamp":1737481184.75218},{"timestamp":1737481184.752195,"label":"Fininshed Initialize BeaconManager"},{"label":"Fininshed Initialize RoomManager","timestamp":1737481184.7522001},{"label":"Initialize CloudAnchorsManager","timestamp":1737481184.752204},{"timestamp":1737481184.752208,"label":"Fininshed Initialize CloudAnchorsManager"},{"timestamp":1737481184.752213,"label":"ContentView Initialize"},{"content":{"name":"Room w\/ the Table","id":"2D11FD77-5009-46EE-B13B-FEF68B77A669"},"timestamp":1737481186.119728,"label":"Room Update"},{"timestamp":1737481186.119797,"label":"Pulling CloudAnchors Ids from Backend","content":{"id":"2D11FD77-5009-46EE-B13B-FEF68B77A669","name":"Room w\/ the Table"}},{"timestamp":1737481186.189389,"label":"Pulled CloudAnchors Ids from Backend","content":{"room":{"name":"Room w\/ the Table","id":"2D11FD77-5009-46EE-B13B-FEF68B77A669"},"cloudAnchorsIds":["ua-0fbf4fbe49eb34950e8e831bfb102bbf"]}},{"timestamp":1737481193.9907289,"content":{"identifier":"EF4AE339-04D0-4F43-98EE-0539A158677E","transform":{"columns":[[0.8197586,0.038806513,0.57139295,0],[-0.006156746,0.9982412,-0.058963303,0],[-0.5726761,0.044817753,0.8185557,0],[-0.35327318,-0.45151183,-0.18339075,1]]}},"label":"ARCore Update Bunny Anchor"},{"label":"Bunny didAdd (ARKit)","content":{"identifier":"AF2B7F42-BE5B-49FF-9D6B-41D724FE733E","name":"bunny","transform":{"columns":[[0.8197586,0.038806513,0.57139295,0],[-0.006156746,0.9982412,-0.058963303,0],[-0.5726761,0.044817753,0.8185557,0],[-0.35327318,-0.45151183,-0.18339075,1]]}},"timestamp":1737481194.050636},{"content":{"transform":{"columns":[[0.9294714,0.007852943,0.3688104,0],[-0.36839196,-0.032385074,0.9291061,0],[0.01924015,-0.9994444,-0.027207976,0],[-0.6505238,-0.56822485,-0.0846217,0.99999994]]},"name":"Peppers","identifier":"61BB3DDD-C96C-6E82-3432-BD712CCBCB28"},"label":"ARImageAnchor didAdd","timestamp":1737481199.216398},{"label":"ARImageAnchor didUpdate","content":{"name":"Peppers","identifier":"61BB3DDD-C96C-6E82-3432-BD712CCBCB28","transform":{"columns":[[0.9294714,0.007852943,0.3688104,0],[-0.36839196,-0.032385074,0.9291061,0],[0.01924015,-0.9994444,-0.027207976,0],[-0.6505238,-0.56822485,-0.0846217,0.99999994]]}},"timestamp":1737481199.226404},{"label":"ARImageAnchor didAdd","content":{"transform":{"columns":[[0.9724334,-0.021450056,0.23219177,0],[-0.23296182,-0.046256963,0.97138506,0],[-0.010095775,-0.99869907,-0.049978863,0],[-1.121131,0.1420972,-0.7950919,1]]},"name":"Earth","identifier":"088EF783-5990-B052-BE99-B8AA15BA6C68"},"timestamp":1737481204.016237},{"label":"ARImageAnchor didUpdate","timestamp":1737481204.023485,"content":{"name":"Earth","identifier":"088EF783-5990-B052-BE99-B8AA15BA6C68","transform":{"columns":[[0.9724334,-0.021450056,0.23219177,0],[-0.23296182,-0.046256963,0.97138506,0],[-0.010095775,-0.99869907,-0.049978863,0],[-1.121131,0.1420972,-0.7950919,1]]}}},{"content":{"name":"Sailboat","identifier":"C35EAC54-3E90-1B97-807B-5E3B8F238DB7","transform":{"columns":[[0.34210092,-0.0017609393,-0.93966156,0],[0.9396425,-0.0059868726,0.34210515,0],[-0.0062280525,-0.99998033,-0.00039349747,0],[0.050729647,-0.62670517,0.03375104,0.99999994]]}},"timestamp":1737481209.349258,"label":"ARImageAnchor didAdd"},{"timestamp":1737481209.35958,"label":"ARImageAnchor didUpdate","content":{"transform":{"columns":[[0.34210092,-0.0017609393,-0.93966156,0],[0.9396425,-0.0059868726,0.34210515,0],[-0.0062280525,-0.99998033,-0.00039349747,0],[0.050729647,-0.62670517,0.03375104,0.99999994]]},"identifier":"C35EAC54-3E90-1B97-807B-5E3B8F238DB7","name":"Sailboat"}},{"timestamp":1737481213.082694,"content":{"name":"Mandrill","transform":{"columns":[[0.96703833,0.011820821,0.25435582,0],[-0.25458235,0.025488907,0.96671504,0],[0.0049441145,-0.99960506,0.02765812,0],[0.36575454,0.8705231,-0.3705841,0.99999994]]},"identifier":"A19C2489-597B-2BED-432C-244B551E75FD"},"label":"ARImageAnchor didAdd"},{"timestamp":1737481213.090001,"label":"ARImageAnchor didUpdate","content":{"name":"Mandrill","identifier":"A19C2489-597B-2BED-432C-244B551E75FD","transform":{"columns":[[0.96703833,0.011820821,0.25435582,0],[-0.25458235,0.025488907,0.96671504,0],[0.0049441145,-0.99960506,0.02765812,0],[0.36575454,0.8705231,-0.3705841,0.99999994]]}}},{"content":{"identifier":"FF85DBE1-76D3-E459-2D24-8EDCEE263300","name":"Car","transform":{"columns":[[-0.26703075,-0.0222946,0.96343005,0],[-0.96364105,-0.0036758138,-0.26717436,0],[0.009497935,-0.9997446,-0.020502431,0],[1.1372845,0.18986869,0.30257806,0.99999994]]}},"label":"ARImageAnchor didAdd","timestamp":1737481215.748853},{"label":"ARImageAnchor didUpdate","content":{"transform":{"columns":[[-0.26703075,-0.0222946,0.96343005,0],[-0.96364105,-0.0036758138,-0.26717436,0],[0.009497935,-0.9997446,-0.020502431,0],[1.1372845,0.18986869,0.30257806,0.99999994]]},"name":"Car","identifier":"FF85DBE1-76D3-E459-2D24-8EDCEE263300"},"timestamp":1737481215.7598681},{"timestamp":1737481218.9486299,"content":{"name":"Lenna","identifier":"6BAD7D5D-D14A-EF93-1C8B-F6BEC80B8329","transform":{"columns":[[-0.2870027,0.043104883,0.9569594,0],[-0.9578648,-0.0012881695,-0.2872162,0],[-0.011147726,-0.9990696,0.041658357,0],[0.8899527,-0.1036022,0.977765,0.99999994]]}},"label":"ARImageAnchor didAdd"},{"timestamp":1737481218.9596438,"content":{"name":"Lenna","identifier":"6BAD7D5D-D14A-EF93-1C8B-F6BEC80B8329","transform":{"columns":[[-0.2870027,0.043104883,0.9569594,0],[-0.9578648,-0.0012881695,-0.2872162,0],[-0.011147726,-0.9990696,0.041658357,0],[0.8899527,-0.1036022,0.977765,0.99999994]]}},"label":"ARImageAnchor didUpdate"}]