[{"label":"Application launched","timestamp":1737482684.440493},{"label":"Initialize ARViewModel","timestamp":1737482684.440714},{"timestamp":1737482684.4440122,"label":"Finished Initialize ARViewModel"},{"timestamp":1737482684.4440842,"label":"Initialize RoomManager"},{"timestamp":1737482684.444099,"label":"Initialize BeaconManager"},{"timestamp":1737482684.444134,"label":"Fininshed Initialize BeaconManager"},{"label":"Fininshed Initialize RoomManager","timestamp":1737482684.44415},{"timestamp":1737482684.444164,"label":"Initialize CloudAnchorsManager"},{"timestamp":1737482684.4441772,"label":"Fininshed Initialize CloudAnchorsManager"},{"label":"ContentView Initialize","timestamp":1737482684.44419},{"content":{"name":"Room w\/ the Table","id":"2D11FD77-5009-46EE-B13B-FEF68B77A669"},"label":"Room Update","timestamp":1737482686.037498},{"label":"Pulling CloudAnchors Ids from Backend","content":{"id":"2D11FD77-5009-46EE-B13B-FEF68B77A669","name":"Room w\/ the Table"},"timestamp":1737482686.0375361},{"label":"Pulled CloudAnchors Ids from Backend","timestamp":1737482686.204591,"content":{"cloudAnchorsIds":["ua-0fbf4fbe49eb34950e8e831bfb102bbf"],"room":{"name":"Room w\/ the Table","id":"2D11FD77-5009-46EE-B13B-FEF68B77A669"}}},{"timestamp":1737482687.63134,"label":"ARCore Update Bunny Anchor","content":{"transform":{"columns":[[0.90746236,-0.0025451567,-0.42012563,0],[0.014378652,0.999584,0.025002014,0],[0.41988724,-0.028729228,0.9071215,0],[-0.39454988,-0.6638219,-0.28281474,1]]},"identifier":"9DD68CFF-8D2C-4D03-94CA-E5852D2CD542"}},{"timestamp":1737482687.6554642,"label":"Bunny didAdd (ARKit)","content":{"identifier":"C9A70B45-3A94-4511-BAFC-0F4E00D86B9F","transform":{"columns":[[0.90746236,-0.0025451567,-0.42012563,0],[0.014378652,0.999584,0.025002014,0],[0.41988724,-0.028729228,0.9071215,0],[-0.39454988,-0.6638219,-0.28281474,1]]},"name":"bunny"}},{"label":"ARImageAnchor didAdd","timestamp":1737482689.7386642,"content":{"transform":{"columns":[[0.78205955,0.008022864,-0.623152,0],[0.6232031,-0.01148035,0.7819758,0],[-0.00088037265,-0.99990183,-0.013978195,0],[-0.47079885,-0.7974226,-0.009129472,1.0000001]]},"identifier":"61BB3DDD-C96C-6E82-3432-BD712CCBCB28","name":"Peppers"}},{"label":"ARImageAnchor didUpdate","timestamp":1737482689.750054,"content":{"identifier":"61BB3DDD-C96C-6E82-3432-BD712CCBCB28","name":"Peppers","transform":{"columns":[[0.78205955,0.008022864,-0.623152,0],[0.6232031,-0.01148035,0.7819758,0],[-0.00088037265,-0.99990183,-0.013978195,0],[-0.47079885,-0.7974226,-0.009129472,1.0000001]]}}},{"content":{"name":"Earth","identifier":"088EF783-5990-B052-BE99-B8AA15BA6C68","transform":{"columns":[[0.6806891,-0.021770712,-0.7322487,0],[0.73151207,-0.03356053,0.681002,0],[-0.039400566,-0.99919945,-0.006918761,0],[-1.2805061,-0.08912025,0.07298763,0.9999999]]}},"timestamp":1737482692.340436,"label":"ARImageAnchor didAdd"},{"label":"ARImageAnchor didUpdate","content":{"identifier":"088EF783-5990-B052-BE99-B8AA15BA6C68","transform":{"columns":[[0.6806891,-0.021770712,-0.7322487,0],[0.73151207,-0.03356053,0.681002,0],[-0.039400566,-0.99919945,-0.006918761,0],[-1.2805061,-0.08912025,0.07298763,0.9999999]]},"name":"Earth"},"timestamp":1737482692.34594},{"content":{"transform":{"columns":[[0.688851,-0.021039693,-0.72459763,0],[0.7242035,-0.023929484,0.689171,0],[-0.031839207,-0.9994922,-0.0012468332,0],[-1.2569735,-0.084334254,0.07946357,1]]},"name":"Earth","identifier":"088EF783-5990-B052-BE99-B8AA15BA6C68"},"label":"ARImageAnchor didUpdate","timestamp":1737482692.873495},{"timestamp":1737482692.87866,"label":"ARImageAnchor didUpdate","content":{"transform":{"columns":[[0.688851,-0.021039693,-0.72459763,0],[0.7242035,-0.023929484,0.689171,0],[-0.031839207,-0.9994922,-0.0012468332,0],[-1.2569735,-0.084334254,0.07946357,1]]},"identifier":"088EF783-5990-B052-BE99-B8AA15BA6C68","name":"Earth"}},{"timestamp":1737482695.505064,"content":{"name":"Sailboat","transform":{"columns":[[-0.6527428,-0.009902477,-0.75751483,0],[0.75754714,0.00070990744,-0.65278,0],[0.0070019057,-0.99995065,0.007038172,0],[-0.01000005,-0.85745776,-0.55660516,0.9999999]]},"identifier":"C35EAC54-3E90-1B97-807B-5E3B8F238DB7"},"label":"ARImageAnchor didAdd"},{"content":{"name":"Sailboat","identifier":"C35EAC54-3E90-1B97-807B-5E3B8F238DB7","transform":{"columns":[[-0.6527428,-0.009902477,-0.75751483,0],[0.75754714,0.00070990744,-0.65278,0],[0.0070019057,-0.99995065,0.007038172,0],[-0.01000005,-0.85745776,-0.55660516,0.9999999]]}},"timestamp":1737482695.5156221,"label":"ARImageAnchor didUpdate"},{"content":{"transform":{"columns":[[0.68301153,0.0061865896,-0.73038125,0],[0.727089,0.089454874,0.6806904,0],[0.06954734,-0.99597156,0.05660052,0],[-0.21899125,0.65255594,-1.0326355,1]]},"name":"Mandrill","identifier":"A19C2489-597B-2BED-432C-244B551E75FD"},"timestamp":1737482699.238416,"label":"ARImageAnchor didAdd"},{"label":"ARImageAnchor didUpdate","content":{"name":"Mandrill","identifier":"A19C2489-597B-2BED-432C-244B551E75FD","transform":{"columns":[[0.68301153,0.0061865896,-0.73038125,0],[0.727089,0.089454874,0.6806904,0],[0.06954734,-0.99597156,0.05660052,0],[-0.21899125,0.65255594,-1.0326355,1]]}},"timestamp":1737482699.245822},{"label":"ARImageAnchor didAdd","timestamp":1737482700.807261,"content":{"name":"Car","identifier":"FF85DBE1-76D3-E459-2D24-8EDCEE263300","transform":{"columns":[[0.7268233,-0.02316529,0.6864339,0],[-0.6865714,0.0026333835,0.72705764,0],[-0.018650156,-0.9997282,-0.013990612,0],[0.7485318,-0.0373717,-1.3873664,1]]}}},{"timestamp":1737482700.81411,"label":"ARImageAnchor didUpdate","content":{"identifier":"FF85DBE1-76D3-E459-2D24-8EDCEE263300","transform":{"columns":[[0.7268233,-0.02316529,0.6864339,0],[-0.6865714,0.0026333835,0.72705764,0],[-0.018650156,-0.9997282,-0.013990612,0],[0.7485318,-0.0373717,-1.3873664,1]]},"name":"Car"}},{"timestamp":1737482701.3244119,"content":{"name":"Car","identifier":"FF85DBE1-76D3-E459-2D24-8EDCEE263300","transform":{"columns":[[0.7176196,-0.019866863,0.6961519,0],[-0.6962595,0.0019978208,0.7177874,0],[-0.015650993,-0.99980056,-0.01239881,0],[0.7415321,-0.03414409,-1.3870974,1]]}},"label":"ARImageAnchor didUpdate"},{"label":"ARImageAnchor didUpdate","timestamp":1737482701.3318582,"content":{"identifier":"FF85DBE1-76D3-E459-2D24-8EDCEE263300","transform":{"columns":[[0.7176196,-0.019866863,0.6961519,0],[-0.6962595,0.0019978208,0.7177874,0],[-0.015650993,-0.99980056,-0.01239881,0],[0.7415321,-0.03414409,-1.3870974,1]]},"name":"Car"}},{"label":"ARImageAnchor didAdd","content":{"transform":{"columns":[[0.7193003,0.039930373,0.6935507,0],[-0.6939581,-0.004802781,0.7199994,0],[0.03208084,-0.9991908,0.02425533,0],[1.2112103,-0.33457494,-0.8605012,1]]},"name":"Lenna","identifier":"6BAD7D5D-D14A-EF93-1C8B-F6BEC80B8329"},"timestamp":1737482702.888031},{"timestamp":1737482702.898885,"label":"ARImageAnchor didUpdate","content":{"transform":{"columns":[[0.7193003,0.039930373,0.6935507,0],[-0.6939581,-0.004802781,0.7199994,0],[0.03208084,-0.9991908,0.02425533,0],[1.2112103,-0.33457494,-0.8605012,1]]},"name":"Lenna","identifier":"6BAD7D5D-D14A-EF93-1C8B-F6BEC80B8329"}},{"content":{"name":"Lenna","identifier":"6BAD7D5D-D14A-EF93-1C8B-F6BEC80B8329","transform":{"columns":[[0.7176463,0.037060745,0.69542086,0],[-0.69554555,-0.011530234,0.71838933,0],[0.03464239,-0.9992464,0.01750279,0],[1.2107569,-0.33937556,-0.87634325,1]]}},"timestamp":1737482703.397007,"label":"ARImageAnchor didUpdate"},{"timestamp":1737482703.4137259,"label":"ARImageAnchor didUpdate","content":{"transform":{"columns":[[0.7176463,0.037060745,0.69542086,0],[-0.69554555,-0.011530234,0.71838933,0],[0.03464239,-0.9992464,0.01750279,0],[1.2107569,-0.33937556,-0.87634325,1]]},"name":"Lenna","identifier":"6BAD7D5D-D14A-EF93-1C8B-F6BEC80B8329"}}]