[{"timestamp":1737483014.585046,"label":"Application launched"},{"timestamp":1737483014.585141,"label":"Initialize ARViewModel"},{"timestamp":1737483014.586123,"label":"Finished Initialize ARViewModel"},{"timestamp":1737483014.586139,"label":"Initialize RoomManager"},{"label":"Initialize BeaconManager","timestamp":1737483014.586143},{"timestamp":1737483014.586154,"label":"Fininshed Initialize BeaconManager"},{"label":"Fininshed Initialize RoomManager","timestamp":1737483014.586159},{"label":"Initialize CloudAnchorsManager","timestamp":1737483014.586163},{"timestamp":1737483014.5861669,"label":"Fininshed Initialize CloudAnchorsManager"},{"timestamp":1737483014.5861712,"label":"ContentView Initialize"},{"label":"Room Update","content":{"id":"2D11FD77-5009-46EE-B13B-FEF68B77A669","name":"Room w\/ the Table"},"timestamp":1737483015.936112},{"content":{"name":"Room w\/ the Table","id":"2D11FD77-5009-46EE-B13B-FEF68B77A669"},"label":"Pulling CloudAnchors Ids from Backend","timestamp":1737483015.936164},{"timestamp":1737483016.044444,"content":{"room":{"id":"2D11FD77-5009-46EE-B13B-FEF68B77A669","name":"Room w\/ the Table"},"cloudAnchorsIds":["ua-0fbf4fbe49eb34950e8e831bfb102bbf"]},"label":"Pulled CloudAnchors Ids from Backend"},{"content":{"identifier":"C660AA6E-0AA9-4F11-83C0-F9209620E0B7","transform":{"columns":[[0.9433751,-0.034897193,0.32988724,0],[0.03983005,0.9991728,-0.00820387,0],[-0.32932806,0.02087875,0.9439847,0],[0.07130878,-0.5882108,-0.5697509,1]]}},"timestamp":1737483022.481536,"label":"ARCore Update Bunny Anchor"},{"content":{"identifier":"39D9B16B-89F7-47F6-872B-C7EC7CBA706D","transform":{"columns":[[0.9433751,-0.034897193,0.32988724,0],[0.03983005,0.9991728,-0.00820387,0],[-0.32932806,0.02087875,0.9439847,0],[0.07130878,-0.5882108,-0.5697509,1]]},"name":"bunny"},"timestamp":1737483022.5040789,"label":"Bunny didAdd (ARKit)"},{"timestamp":1737483024.804006,"label":"ARImageAnchor didAdd","content":{"name":"Peppers","identifier":"61BB3DDD-C96C-6E82-3432-BD712CCBCB28","transform":{"columns":[[0.9857921,0.013708269,0.16740942,0],[-0.16727604,-0.010365105,0.9858554,0],[0.015249639,-0.99985224,-0.007924683,0],[-0.21873973,-0.7090204,-0.41797715,1.0000001]]}}},{"content":{"identifier":"61BB3DDD-C96C-6E82-3432-BD712CCBCB28","transform":{"columns":[[0.9857921,0.013708269,0.16740942,0],[-0.16727604,-0.010365105,0.9858554,0],[0.015249639,-0.99985224,-0.007924683,0],[-0.21873973,-0.7090204,-0.41797715,1.0000001]]},"name":"Peppers"},"timestamp":1737483024.8162389,"label":"ARImageAnchor didUpdate"},{"label":"ARImageAnchor didAdd","content":{"transform":{"columns":[[0.999418,-0.011435019,0.03213616,0],[-0.032315437,-0.015860856,0.9993518,0],[-0.010917912,-0.99980867,-0.016221164,0],[-0.838767,-0.0057243295,-1.0360736,1.0000001]]},"name":"Earth","identifier":"088EF783-5990-B052-BE99-B8AA15BA6C68"},"timestamp":1737483026.9385939},{"label":"ARImageAnchor didUpdate","content":{"transform":{"columns":[[0.999418,-0.011435019,0.03213616,0],[-0.032315437,-0.015860856,0.9993518,0],[-0.010917912,-0.99980867,-0.016221164,0],[-0.838767,-0.0057243295,-1.0360736,1.0000001]]},"identifier":"088EF783-5990-B052-BE99-B8AA15BA6C68","name":"Earth"},"timestamp":1737483026.9455771},{"content":{"identifier":"088EF783-5990-B052-BE99-B8AA15BA6C68","name":"Earth","transform":{"columns":[[0.99943984,-0.014607368,0.030108191,0],[-0.030537587,-0.03012134,0.9990796,0],[-0.013687019,-0.9994394,-0.030550564,0],[-0.8344139,-0.0023923796,-1.0460253,1]]}},"timestamp":1737483027.4794059,"label":"ARImageAnchor didUpdate"},{"label":"ARImageAnchor didUpdate","timestamp":1737483027.496036,"content":{"identifier":"088EF783-5990-B052-BE99-B8AA15BA6C68","transform":{"columns":[[0.99943984,-0.014607368,0.030108191,0],[-0.030537587,-0.03012134,0.9990796,0],[-0.013687019,-0.9994394,-0.030550564,0],[-0.8344139,-0.0023923796,-1.0460253,1]]},"name":"Earth"}},{"label":"ARImageAnchor didAdd","content":{"transform":{"columns":[[0.1485172,-0.008183872,-0.98887587,0],[0.98890513,0.004264623,0.14848635,0],[0.0030019523,-0.99995726,0.008726424,0],[0.48849455,-0.7676507,-0.45004946,1.0000001]]},"name":"Sailboat","identifier":"C35EAC54-3E90-1B97-807B-5E3B8F238DB7"},"timestamp":1737483029.570397},{"content":{"identifier":"C35EAC54-3E90-1B97-807B-5E3B8F238DB7","name":"Sailboat","transform":{"columns":[[0.1485172,-0.008183872,-0.98887587,0],[0.98890513,0.004264623,0.14848635,0],[0.0030019523,-0.99995726,0.008726424,0],[0.48849455,-0.7676507,-0.45004946,1.0000001]]}},"timestamp":1737483029.581193,"label":"ARImageAnchor didUpdate"},{"label":"ARImageAnchor didAdd","content":{"name":"Mandrill","identifier":"A19C2489-597B-2BED-432C-244B551E75FD","transform":{"columns":[[0.99779344,0.01923962,0.063544594,0],[-0.06376783,0.011220952,0.99790156,0],[0.018486217,-0.99975187,0.01242306,0],[0.7088186,0.73805326,-0.9200262,1.0000001]]}},"timestamp":1737483031.671427},{"label":"ARImageAnchor didUpdate","content":{"name":"Mandrill","transform":{"columns":[[0.99779344,0.01923962,0.063544594,0],[-0.06376783,0.011220952,0.99790156,0],[0.018486217,-0.99975187,0.01242306,0],[0.7088186,0.73805326,-0.9200262,1.0000001]]},"identifier":"A19C2489-597B-2BED-432C-244B551E75FD"},"timestamp":1737483031.678333},{"timestamp":1737483033.2723331,"content":{"name":"Car","identifier":"FF85DBE1-76D3-E459-2D24-8EDCEE263300","transform":{"columns":[[-0.04879284,-0.016853943,0.99866664,0],[-0.99877214,0.009393986,-0.048639487,0],[-0.008561707,-0.9998138,-0.017291622,0],[1.6146587,0.048845395,-0.40780252,1.0000001]]}},"label":"ARImageAnchor didAdd"},{"timestamp":1737483033.2788792,"label":"ARImageAnchor didUpdate","content":{"transform":{"columns":[[-0.04879284,-0.016853943,0.99866664,0],[-0.99877214,0.009393986,-0.048639487,0],[-0.008561707,-0.9998138,-0.017291622,0],[1.6146587,0.048845395,-0.40780252,1.0000001]]},"name":"Car","identifier":"FF85DBE1-76D3-E459-2D24-8EDCEE263300"}},{"timestamp":1737483033.805026,"content":{"identifier":"FF85DBE1-76D3-E459-2D24-8EDCEE263300","name":"Car","transform":{"columns":[[-0.073037796,-0.013478464,0.997238,0],[-0.99732155,0.004864733,-0.07297823,0],[-0.0038676667,-0.9998972,-0.0137976715,0],[1.5999972,0.05870399,-0.41276538,1.0000001]]}},"label":"ARImageAnchor didUpdate"},{"timestamp":1737483033.81314,"label":"ARImageAnchor didUpdate","content":{"identifier":"FF85DBE1-76D3-E459-2D24-8EDCEE263300","transform":{"columns":[[-0.073037796,-0.013478464,0.997238,0],[-0.99732155,0.004864733,-0.07297823,0],[-0.0038676667,-0.9998972,-0.0137976715,0],[1.5999972,0.05870399,-0.41276538,1.0000001]]},"name":"Car"}},{"timestamp":1737483035.353517,"content":{"name":"Lenna","identifier":"6BAD7D5D-D14A-EF93-1C8B-F6BEC80B8329","transform":{"columns":[[-0.066655114,0.043240484,0.9968384,0],[-0.99773973,0.005604845,-0.06695854,0],[-0.008482416,-0.99904877,0.04276918,0],[1.4978111,-0.23912406,0.30154783,1]]}},"label":"ARImageAnchor didAdd"},{"label":"ARImageAnchor didUpdate","content":{"name":"Lenna","transform":{"columns":[[-0.066655114,0.043240484,0.9968384,0],[-0.99773973,0.005604845,-0.06695854,0],[-0.008482416,-0.99904877,0.04276918,0],[1.4978111,-0.23912406,0.30154783,1]]},"identifier":"6BAD7D5D-D14A-EF93-1C8B-F6BEC80B8329"},"timestamp":1737483035.363776}]