[{"timestamp":1737482606.764975,"label":"Application launched"},{"label":"Initialize ARViewModel","timestamp":1737482606.765078},{"label":"Finished Initialize ARViewModel","timestamp":1737482606.767089},{"timestamp":1737482606.767123,"label":"Initialize RoomManager"},{"label":"Initialize BeaconManager","timestamp":1737482606.767129},{"timestamp":1737482606.7671409,"label":"Fininshed Initialize BeaconManager"},{"timestamp":1737482606.767146,"label":"Fininshed Initialize RoomManager"},{"timestamp":1737482606.76715,"label":"Initialize CloudAnchorsManager"},{"label":"Fininshed Initialize CloudAnchorsManager","timestamp":1737482606.767154},{"label":"ContentView Initialize","timestamp":1737482606.767158},{"timestamp":1737482608.4797091,"label":"Room Update","content":{"id":"2D11FD77-5009-46EE-B13B-FEF68B77A669","name":"Room w\/ the Table"}},{"timestamp":1737482608.479754,"label":"Pulling CloudAnchors Ids from Backend","content":{"name":"Room w\/ the Table","id":"2D11FD77-5009-46EE-B13B-FEF68B77A669"}},{"timestamp":1737482608.6722832,"label":"Pulled CloudAnchors Ids from Backend","content":{"room":{"name":"Room w\/ the Table","id":"2D11FD77-5009-46EE-B13B-FEF68B77A669"},"cloudAnchorsIds":["ua-0fbf4fbe49eb34950e8e831bfb102bbf"]}},{"content":{"identifier":"4AE14B43-2BC8-4848-8E83-ADD74E40CACF","transform":{"columns":[[0.9996131,-0.007718658,0.0267208,0],[0.008561305,0.999465,-0.031565826,0],[-0.026462859,0.03178238,0.99914443,0],[-0.14562355,-0.6338969,-0.37557337,1]]}},"timestamp":1737482629.2339249,"label":"ARCore Update Bunny Anchor"},{"content":{"transform":{"columns":[[0.9996131,-0.007718658,0.0267208,0],[0.008561305,0.999465,-0.031565826,0],[-0.026462859,0.03178238,0.99914443,0],[-0.14562355,-0.6338969,-0.37557337,1]]},"identifier":"361B2180-BC62-4677-9DC0-DF14DD495E84","name":"bunny"},"timestamp":1737482629.258131,"label":"Bunny didAdd (ARKit)"},{"timestamp":1737482629.7810202,"content":{"transform":{"columns":[[0.9996131,-0.007718658,0.0267208,0],[0.008561305,0.999465,-0.031565826,0],[-0.026462859,0.03178238,0.99914443,0],[-0.14562355,-0.6338969,-0.37557337,1]]},"identifier":"4AE14B43-2BC8-4848-8E83-ADD74E40CACF"},"label":"ARCore Update Bunny Anchor"},{"timestamp":1737482629.809587,"label":"Bunny didAdd (ARKit)","content":{"transform":{"columns":[[0.9996131,-0.007718658,0.0267208,0],[0.008561305,0.999465,-0.031565826,0],[-0.026462859,0.03178238,0.99914443,0],[-0.14562355,-0.6338969,-0.37557337,1]]},"name":"bunny","identifier":"8DD082D5-8063-49BD-A24B-ADCBFCCE77BB"}},{"content":{"name":"Peppers","identifier":"61BB3DDD-C96C-6E82-3432-BD712CCBCB28","transform":{"columns":[[0.9921452,0.021326475,-0.12325939,0],[0.12348282,-0.009497342,0.9923011,0],[0.019991659,-0.9997273,-0.0120561225,0],[-0.37397885,-0.7637664,-0.17101637,0.99999994]]}},"timestamp":1737482634.457821,"label":"ARImageAnchor didAdd"},{"content":{"transform":{"columns":[[0.9921452,0.021326475,-0.12325939,0],[0.12348282,-0.009497342,0.9923011,0],[0.019991659,-0.9997273,-0.0120561225,0],[-0.37397885,-0.7637664,-0.17101637,0.99999994]]},"identifier":"61BB3DDD-C96C-6E82-3432-BD712CCBCB28","name":"Peppers"},"timestamp":1737482634.469944,"label":"ARImageAnchor didUpdate"},{"label":"ARCore Update Bunny Anchor","content":{"identifier":"4AE14B43-2BC8-4848-8E83-ADD74E40CACF","transform":{"columns":[[0.9977914,-0.0482437,0.045659516,0],[0.047329698,0.9986608,0.02089214,0],[-0.046606284,-0.018684948,0.9987386,0],[-0.15301369,-0.6723747,-0.40886965,1]]}},"timestamp":1737482636.851186},{"content":{"identifier":"F35E2264-C137-414C-9484-FA2E19CF0F8B","transform":{"columns":[[0.9977914,-0.0482437,0.045659516,0],[0.047329698,0.9986608,0.02089214,0],[-0.046606284,-0.018684948,0.9987386,0],[-0.15301369,-0.6723747,-0.40886965,1]]},"name":"bunny"},"label":"Bunny didAdd (ARKit)","timestamp":1737482636.876879},{"label":"ARImageAnchor didAdd","content":{"transform":{"columns":[[0.96331686,-0.018865973,-0.26770246,0],[0.26754096,-0.01066528,0.9634873,0],[-0.021032255,-0.99976516,-0.005226614,0],[-1.127907,-0.057238486,-0.5639988,0.99999994]]},"name":"Earth","identifier":"088EF783-5990-B052-BE99-B8AA15BA6C68"},"timestamp":1737482637.624435},{"content":{"identifier":"088EF783-5990-B052-BE99-B8AA15BA6C68","transform":{"columns":[[0.96331686,-0.018865973,-0.26770246,0],[0.26754096,-0.01066528,0.9634873,0],[-0.021032255,-0.99976516,-0.005226614,0],[-1.127907,-0.057238486,-0.5639988,0.99999994]]},"name":"Earth"},"timestamp":1737482637.642583,"label":"ARImageAnchor didUpdate"},{"timestamp":1737482638.1587992,"label":"ARImageAnchor didUpdate","content":{"name":"Earth","identifier":"088EF783-5990-B052-BE99-B8AA15BA6C68","transform":{"columns":[[0.9638103,-0.019077927,-0.26590464,0],[0.26564163,-0.015249369,0.9639511,0],[-0.022445062,-0.9997016,-0.009629618,0],[-1.1304865,-0.058971073,-0.5448115,1]]}}},{"content":{"identifier":"088EF783-5990-B052-BE99-B8AA15BA6C68","transform":{"columns":[[0.9638103,-0.019077927,-0.26590464,0],[0.26564163,-0.015249369,0.9639511,0],[-0.022445062,-0.9997016,-0.009629618,0],[-1.1304865,-0.058971073,-0.5448115,1]]},"name":"Earth"},"label":"ARImageAnchor didUpdate","timestamp":1737482638.165586},{"content":{"identifier":"C35EAC54-3E90-1B97-807B-5E3B8F238DB7","transform":{"columns":[[-0.14033112,-0.0082008485,-0.99007046,0],[0.99010104,0.001506982,-0.14034793,0],[0.002643004,-0.9999652,0.007908202,0],[0.3231351,-0.8285042,-0.38568726,0.99999994]]},"name":"Sailboat"},"timestamp":1737482642.324277,"label":"ARImageAnchor didAdd"},{"label":"ARImageAnchor didUpdate","content":{"name":"Sailboat","identifier":"C35EAC54-3E90-1B97-807B-5E3B8F238DB7","transform":{"columns":[[-0.14033112,-0.0082008485,-0.99007046,0],[0.99010104,0.001506982,-0.14034793,0],[0.002643004,-0.9999652,0.007908202,0],[0.3231351,-0.8285042,-0.38568726,0.99999994]]}},"timestamp":1737482642.334513},{"timestamp":1737482644.957583,"content":{"name":"Mandrill","transform":{"columns":[[0.9706179,0.010268221,-0.24040608,0],[0.24000041,0.030642347,0.9702888,0],[0.017329752,-0.99947745,0.027277652,0],[0.40078604,0.6813168,-0.8996986,0.9999999]]},"identifier":"A19C2489-597B-2BED-432C-244B551E75FD"},"label":"ARImageAnchor didAdd"},{"content":{"identifier":"A19C2489-597B-2BED-432C-244B551E75FD","name":"Mandrill","transform":{"columns":[[0.9706179,0.010268221,-0.24040608,0],[0.24000041,0.030642347,0.9702888,0],[0.017329752,-0.99947745,0.027277652,0],[0.40078604,0.6813168,-0.8996986,0.9999999]]}},"timestamp":1737482644.975504,"label":"ARImageAnchor didUpdate"},{"timestamp":1737482647.0907068,"label":"ARImageAnchor didAdd","content":{"identifier":"FF85DBE1-76D3-E459-2D24-8EDCEE263300","name":"Car","transform":{"columns":[[0.20882322,-0.014704105,0.9778428,0],[-0.9777592,0.016779382,0.20905767,0],[-0.019481618,-0.999751,-0.010873161,0],[1.4074483,-0.006416425,-0.67334473,1]]}}},{"label":"ARImageAnchor didUpdate","content":{"identifier":"FF85DBE1-76D3-E459-2D24-8EDCEE263300","transform":{"columns":[[0.20882322,-0.014704105,0.9778428,0],[-0.9777592,0.016779382,0.20905767,0],[-0.019481618,-0.999751,-0.010873161,0],[1.4074483,-0.006416425,-0.67334473,1]]},"name":"Car"},"timestamp":1737482647.108535},{"label":"ARImageAnchor didAdd","timestamp":1737482648.657261,"content":{"name":"Lenna","transform":{"columns":[[0.2183849,0.042717434,0.97492725,0],[-0.9758605,0.0074629947,0.21826698,0],[0.0020479853,-0.9990593,0.043316066,0],[1.5031018,-0.29905495,0.033558965,1.0000001]]},"identifier":"6BAD7D5D-D14A-EF93-1C8B-F6BEC80B8329"}},{"content":{"identifier":"6BAD7D5D-D14A-EF93-1C8B-F6BEC80B8329","name":"Lenna","transform":{"columns":[[0.2183849,0.042717434,0.97492725,0],[-0.9758605,0.0074629947,0.21826698,0],[0.0020479853,-0.9990593,0.043316066,0],[1.5031018,-0.29905495,0.033558965,1.0000001]]}},"timestamp":1737482648.667756,"label":"ARImageAnchor didUpdate"}]