[{"timestamp":1737483410.931268,"label":"Application launched"},{"timestamp":1737483410.931483,"label":"Initialize ARViewModel"},{"timestamp":1737483410.934259,"label":"Finished Initialize ARViewModel"},{"label":"Initialize RoomManager","timestamp":1737483410.934344},{"timestamp":1737483410.9343572,"label":"Initialize BeaconManager"},{"timestamp":1737483410.934391,"label":"Fininshed Initialize BeaconManager"},{"timestamp":1737483410.934407,"label":"Fininshed Initialize RoomManager"},{"label":"Initialize CloudAnchorsManager","timestamp":1737483410.9344192},{"timestamp":1737483410.934432,"label":"Fininshed Initialize CloudAnchorsManager"},{"label":"ContentView Initialize","timestamp":1737483410.934445},{"timestamp":1737483412.167259,"content":{"id":"2D11FD77-5009-46EE-B13B-FEF68B77A669","name":"Room w\/ the Table"},"label":"Room Update"},{"label":"Pulling CloudAnchors Ids from Backend","timestamp":1737483412.1673179,"content":{"id":"2D11FD77-5009-46EE-B13B-FEF68B77A669","name":"Room w\/ the Table"}},{"label":"Pulled CloudAnchors Ids from Backend","content":{"cloudAnchorsIds":["ua-0fbf4fbe49eb34950e8e831bfb102bbf"],"room":{"id":"2D11FD77-5009-46EE-B13B-FEF68B77A669","name":"Room w\/ the Table"}},"timestamp":1737483412.269044},{"content":{"transform":{"columns":[[0.38628787,0.005853438,-0.9223597,0],[-0.0031470235,0.9999824,0.0050280574,0],[0.92237294,0.00096041005,0.3862995,0],[-0.56624275,-0.41615278,-0.21549378,1]]},"identifier":"EFC9FBD3-7F79-4C5E-8CBC-68A7DE53529F"},"timestamp":1737483419.650128,"label":"ARCore Update Bunny Anchor"},{"content":{"transform":{"columns":[[0.38628787,0.005853438,-0.9223597,0],[-0.0031470235,0.9999824,0.0050280574,0],[0.92237294,0.00096041005,0.3862995,0],[-0.56624275,-0.41615278,-0.21549378,1]]},"name":"bunny","identifier":"B1E45775-BDB8-471E-9580-DB16E047BB58"},"timestamp":1737483419.665211,"label":"Bunny didAdd (ARKit)"},{"timestamp":1737483421.831685,"label":"ARImageAnchor didAdd","content":{"name":"Peppers","transform":{"columns":[[0.19649576,0.014898813,-0.9803914,0],[0.98042166,-0.015989574,0.1962589,0],[-0.012752128,-0.99976104,-0.017748931,0],[-0.3988834,-0.5093037,0.0724708,1]]},"identifier":"61BB3DDD-C96C-6E82-3432-BD712CCBCB28"}},{"label":"ARImageAnchor didUpdate","timestamp":1737483421.842458,"content":{"transform":{"columns":[[0.19649576,0.014898813,-0.9803914,0],[0.98042166,-0.015989574,0.1962589,0],[-0.012752128,-0.99976104,-0.017748931,0],[-0.3988834,-0.5093037,0.0724708,1]]},"name":"Peppers","identifier":"61BB3DDD-C96C-6E82-3432-BD712CCBCB28"}},{"label":"ARImageAnchor didAdd","timestamp":1737483423.949713,"content":{"name":"Earth","identifier":"088EF783-5990-B052-BE99-B8AA15BA6C68","transform":{"columns":[[0.04855566,-0.020675424,-0.9986065,0],[0.9983529,-0.029583618,0.04915579,0],[-0.030558696,-0.9993484,0.01920493,0],[-1.0248017,0.17977518,0.6600332,1]]}}},{"timestamp":1737483423.955769,"label":"ARImageAnchor didUpdate","content":{"name":"Earth","transform":{"columns":[[0.04855566,-0.020675424,-0.9986065,0],[0.9983529,-0.029583618,0.04915579,0],[-0.030558696,-0.9993484,0.01920493,0],[-1.0248017,0.17977518,0.6600332,1]]},"identifier":"088EF783-5990-B052-BE99-B8AA15BA6C68"}},{"timestamp":1737483424.482841,"label":"ARImageAnchor didUpdate","content":{"identifier":"088EF783-5990-B052-BE99-B8AA15BA6C68","name":"Earth","transform":{"columns":[[0.052180815,-0.012678067,-0.99855703,0],[0.99860305,-0.0076471083,0.052280392,0],[-0.00829886,-0.9998903,0.012261315,0],[-1.0289716,0.19006483,0.6650918,0.99999994]]}}},{"timestamp":1737483424.488575,"content":{"name":"Earth","transform":{"columns":[[0.052180815,-0.012678067,-0.99855703,0],[0.99860305,-0.0076471083,0.052280392,0],[-0.00829886,-0.9998903,0.012261315,0],[-1.0289716,0.19006483,0.6650918,0.99999994]]},"identifier":"088EF783-5990-B052-BE99-B8AA15BA6C68"},"label":"ARImageAnchor didUpdate"},{"label":"ARImageAnchor didAdd","content":{"transform":{"columns":[[-0.9869601,-0.007595792,-0.1607849,0],[0.16080838,-0.0025743234,-0.9869822,0],[0.007082963,-0.9999677,0.0037622675,0],[-0.42178273,-0.5743731,-0.63196695,1]]},"name":"Sailboat","identifier":"C35EAC54-3E90-1B97-807B-5E3B8F238DB7"},"timestamp":1737483427.598082},{"timestamp":1737483427.609417,"label":"ARImageAnchor didUpdate","content":{"identifier":"C35EAC54-3E90-1B97-807B-5E3B8F238DB7","name":"Sailboat","transform":{"columns":[[-0.9869601,-0.007595792,-0.1607849,0],[0.16080838,-0.0025743234,-0.9869822,0],[0.007082963,-0.9999677,0.0037622675,0],[-0.42178273,-0.5743731,-0.63196695,1]]}}},{"timestamp":1737483429.6814709,"label":"ARImageAnchor didAdd","content":{"identifier":"A19C2489-597B-2BED-432C-244B551E75FD","name":"Mandrill","transform":{"columns":[[0.07496243,0.0121221645,-0.9971125,0],[0.99666274,0.031489804,0.07531147,0],[0.032311834,-0.9994305,-0.00972115,0],[-0.8797091,0.9232852,-0.8654533,1]]}}},{"timestamp":1737483429.6986809,"content":{"transform":{"columns":[[0.07496243,0.0121221645,-0.9971125,0],[0.99666274,0.031489804,0.07531147,0],[0.032311834,-0.9994305,-0.00972115,0],[-0.8797091,0.9232852,-0.8654533,1]]},"name":"Mandrill","identifier":"A19C2489-597B-2BED-432C-244B551E75FD"},"label":"ARImageAnchor didUpdate"},{"content":{"transform":{"columns":[[0.99731034,-0.018303877,0.07097185,0],[-0.070698485,0.015170529,0.9973823,0],[-0.019332653,-0.9997173,0.013835675,0],[-0.36715207,0.23750299,-1.7650787,1]]},"identifier":"FF85DBE1-76D3-E459-2D24-8EDCEE263300","name":"Car"},"label":"ARImageAnchor didAdd","timestamp":1737483431.2813559},{"label":"ARImageAnchor didUpdate","timestamp":1737483431.2997708,"content":{"identifier":"FF85DBE1-76D3-E459-2D24-8EDCEE263300","name":"Car","transform":{"columns":[[0.99731034,-0.018303877,0.07097185,0],[-0.070698485,0.015170529,0.9973823,0],[-0.019332653,-0.9997173,0.013835675,0],[-0.36715207,0.23750299,-1.7650787,1]]}}},{"timestamp":1737483431.799806,"label":"ARImageAnchor didUpdate","content":{"transform":{"columns":[[0.9963938,-0.019288564,0.082627,0],[-0.082584575,0.0029871264,0.9965796,0],[-0.019469408,-0.99980944,0.001383432,0],[-0.3729144,0.24588107,-1.7507361,1]]},"identifier":"FF85DBE1-76D3-E459-2D24-8EDCEE263300","name":"Car"}},{"timestamp":1737483431.806454,"label":"ARImageAnchor didUpdate","content":{"transform":{"columns":[[0.9963938,-0.019288564,0.082627,0],[-0.082584575,0.0029871264,0.9965796,0],[-0.019469408,-0.99980944,0.001383432,0],[-0.3729144,0.24588107,-1.7507361,1]]},"identifier":"FF85DBE1-76D3-E459-2D24-8EDCEE263300","name":"Car"}},{"content":{"identifier":"6BAD7D5D-D14A-EF93-1C8B-F6BEC80B8329","transform":{"columns":[[0.99588686,0.039656207,0.08146525,0],[-0.081943415,0.010584381,0.99658066,0],[0.038658343,-0.9991573,0.013790428,0],[0.34256065,-0.054254316,-1.6396008,1]]},"name":"Lenna"},"label":"ARImageAnchor didAdd","timestamp":1737483433.914448},{"label":"ARImageAnchor didUpdate","timestamp":1737483433.9245539,"content":{"identifier":"6BAD7D5D-D14A-EF93-1C8B-F6BEC80B8329","name":"Lenna","transform":{"columns":[[0.99588686,0.039656207,0.08146525,0],[-0.081943415,0.010584381,0.99658066,0],[0.038658343,-0.9991573,0.013790428,0],[0.34256065,-0.054254316,-1.6396008,1]]}}},{"label":"Bunny didUpdate (ARKit)","content":{"identifier":"B1E45775-BDB8-471E-9580-DB16E047BB58","transform":{"columns":[[0.38615796,0.004982468,-0.92241925,0],[-0.0020330292,0.9999876,0.0045503555,0],[0.9224305,0.0001181493,0.3861633,0],[-0.5667693,-0.41586402,-0.21522942,1]]},"name":"bunny"},"timestamp":1737483436.0579538}]