[{"timestamp":1737483381.715022,"label":"Application launched"},{"timestamp":1737483381.7151232,"label":"Initialize ARViewModel"},{"timestamp":1737483381.71812,"label":"Finished Initialize ARViewModel"},{"timestamp":1737483381.7181458,"label":"Initialize RoomManager"},{"label":"Initialize BeaconManager","timestamp":1737483381.7181501},{"label":"Fininshed Initialize BeaconManager","timestamp":1737483381.718161},{"label":"Fininshed Initialize RoomManager","timestamp":1737483381.718165},{"label":"Initialize CloudAnchorsManager","timestamp":1737483381.718169},{"label":"Fininshed Initialize CloudAnchorsManager","timestamp":1737483381.718173},{"timestamp":1737483381.7181768,"label":"ContentView Initialize"},{"timestamp":1737483383.463256,"label":"Room Update","content":{"name":"Room w\/ the Table","id":"2D11FD77-5009-46EE-B13B-FEF68B77A669"}},{"timestamp":1737483383.463328,"content":{"name":"Room w\/ the Table","id":"2D11FD77-5009-46EE-B13B-FEF68B77A669"},"label":"Pulling CloudAnchors Ids from Backend"},{"timestamp":1737483383.614599,"label":"Pulled CloudAnchors Ids from Backend","content":{"cloudAnchorsIds":["ua-0fbf4fbe49eb34950e8e831bfb102bbf"],"room":{"id":"2D11FD77-5009-46EE-B13B-FEF68B77A669","name":"Room w\/ the Table"}}},{"label":"ARCore Update Bunny Anchor","timestamp":1737483386.57803,"content":{"identifier":"C5D95CAE-B456-4A03-A21C-712990BBFEDC","transform":{"columns":[[0.9979306,0.03818747,0.05173311,0],[-0.03666312,0.99887425,-0.030101245,0],[-0.05282436,0.028142255,0.9982072,0],[-0.1758521,-0.5145769,-0.24863574,1]]}}},{"timestamp":1737483386.63305,"label":"Bunny didAdd (ARKit)","content":{"transform":{"columns":[[0.9979306,0.03818747,0.05173311,0],[-0.03666312,0.99887425,-0.030101245,0],[-0.05282436,0.028142255,0.9982072,0],[-0.1758521,-0.5145769,-0.24863574,1]]},"identifier":"68588314-3544-49CC-B199-0905406D51F1","name":"bunny"}},{"timestamp":1737483388.5330849,"label":"ARImageAnchor didAdd","content":{"name":"Peppers","identifier":"61BB3DDD-C96C-6E82-3432-BD712CCBCB28","transform":{"columns":[[0.98488224,0.011160575,-0.1728649,0],[0.17302276,-0.015191845,0.98480064,0],[0.0083648125,-0.9998222,-0.016893286,0],[-0.3783037,-0.63756067,-0.016936049,0.99999994]]}}},{"content":{"transform":{"columns":[[0.98488224,0.011160575,-0.1728649,0],[0.17302276,-0.015191845,0.98480064,0],[0.0083648125,-0.9998222,-0.016893286,0],[-0.3783037,-0.63756067,-0.016936049,0.99999994]]},"name":"Peppers","identifier":"61BB3DDD-C96C-6E82-3432-BD712CCBCB28"},"timestamp":1737483388.543237,"label":"ARImageAnchor didUpdate"},{"label":"ARImageAnchor didAdd","timestamp":1737483391.199585,"content":{"name":"Earth","identifier":"088EF783-5990-B052-BE99-B8AA15BA6C68","transform":{"columns":[[0.9487488,-0.023823602,-0.315132,0],[0.31432086,-0.032467104,0.9487614,0],[-0.032834344,-0.99918884,-0.023314886,0],[-1.1227207,0.062670335,-0.36591035,1]]}}},{"timestamp":1737483391.207876,"content":{"transform":{"columns":[[0.9487488,-0.023823602,-0.315132,0],[0.31432086,-0.032467104,0.9487614,0],[-0.032834344,-0.99918884,-0.023314886,0],[-1.1227207,0.062670335,-0.36591035,1]]},"identifier":"088EF783-5990-B052-BE99-B8AA15BA6C68","name":"Earth"},"label":"ARImageAnchor didUpdate"},{"content":{"identifier":"088EF783-5990-B052-BE99-B8AA15BA6C68","transform":{"columns":[[0.9507987,-0.020363145,-0.30913958,0],[0.30869913,-0.022132456,0.95090216,0],[-0.02620538,-0.9995476,-0.014757433,0],[-1.1468347,0.06718078,-0.38297546,1]]},"name":"Earth"},"timestamp":1737483391.707295,"label":"ARImageAnchor didUpdate"},{"timestamp":1737483391.741034,"label":"ARImageAnchor didUpdate","content":{"name":"Earth","identifier":"088EF783-5990-B052-BE99-B8AA15BA6C68","transform":{"columns":[[0.9507987,-0.020363145,-0.30913958,0],[0.30869913,-0.022132456,0.95090216,0],[-0.02620538,-0.9995476,-0.014757433,0],[-1.1468347,0.06718078,-0.38297546,1]]}}},{"timestamp":1737483394.932687,"label":"ARImageAnchor didAdd","content":{"transform":{"columns":[[-0.20209628,-0.010864057,-0.9793054,0],[0.9793639,-0.0040701516,-0.20206329,0],[-0.0017906859,-0.9999326,0.011462434,0],[0.25895387,-0.70728713,-0.2849746,1]]},"name":"Sailboat","identifier":"C35EAC54-3E90-1B97-807B-5E3B8F238DB7"}},{"timestamp":1737483394.9443722,"label":"ARImageAnchor didUpdate","content":{"identifier":"C35EAC54-3E90-1B97-807B-5E3B8F238DB7","transform":{"columns":[[-0.20209628,-0.010864057,-0.9793054,0],[0.9793639,-0.0040701516,-0.20206329,0],[-0.0017906859,-0.9999326,0.011462434,0],[0.25895387,-0.70728713,-0.2849746,1]]},"name":"Sailboat"}},{"content":{"identifier":"A19C2489-597B-2BED-432C-244B551E75FD","transform":{"columns":[[0.9616584,0.009912833,-0.27407062,0],[0.2736826,0.029552884,0.96136594,0],[0.017629443,-0.99951404,0.025706835,0],[0.31535178,0.7903041,-0.8050391,1]]},"name":"Mandrill"},"label":"ARImageAnchor didAdd","timestamp":1737483397.5993319},{"timestamp":1737483397.605845,"content":{"identifier":"A19C2489-597B-2BED-432C-244B551E75FD","name":"Mandrill","transform":{"columns":[[0.9616584,0.009912833,-0.27407062,0],[0.2736826,0.029552884,0.96136594,0],[0.017629443,-0.99951404,0.025706835,0],[0.31535178,0.7903041,-0.8050391,1]]}},"label":"ARImageAnchor didUpdate"},{"label":"ARImageAnchor didAdd","content":{"identifier":"FF85DBE1-76D3-E459-2D24-8EDCEE263300","transform":{"columns":[[0.27317333,-0.015819516,0.9618346,0],[-0.9618673,0.009740119,0.2733428,0],[-0.0136925485,-0.9998273,-0.012555538,0],[1.3291632,0.103085324,-0.63729507,0.99999994]]},"name":"Car"},"timestamp":1737483399.732512},{"label":"ARImageAnchor didUpdate","timestamp":1737483399.742885,"content":{"name":"Car","identifier":"FF85DBE1-76D3-E459-2D24-8EDCEE263300","transform":{"columns":[[0.27317333,-0.015819516,0.9618346,0],[-0.9618673,0.009740119,0.2733428,0],[-0.0136925485,-0.9998273,-0.012555538,0],[1.3291632,0.103085324,-0.63729507,0.99999994]]}}},{"label":"ARImageAnchor didAdd","content":{"transform":{"columns":[[0.2765371,0.038741518,0.960222,0],[-0.96087897,-0.0049200295,0.27692473,0],[0.015452864,-0.99923706,0.035865307,0],[1.4729587,-0.19159618,0.061872974,0.99999994]]},"name":"Lenna","identifier":"6BAD7D5D-D14A-EF93-1C8B-F6BEC80B8329"},"timestamp":1737483401.865725},{"content":{"transform":{"columns":[[0.2765371,0.038741518,0.960222,0],[-0.96087897,-0.0049200295,0.27692473,0],[0.015452864,-0.99923706,0.035865307,0],[1.4729587,-0.19159618,0.061872974,0.99999994]]},"name":"Lenna","identifier":"6BAD7D5D-D14A-EF93-1C8B-F6BEC80B8329"},"label":"ARImageAnchor didUpdate","timestamp":1737483401.87602},{"label":"Bunny didUpdate (ARKit)","content":{"name":"bunny","transform":{"columns":[[0.99793756,0.039256785,0.050789677,0],[-0.0380018,0.9989537,-0.0254438,0],[-0.051735375,0.023461226,0.9983852,0],[-0.1754778,-0.5137709,-0.25064954,1]]},"identifier":"68588314-3544-49CC-B199-0905406D51F1"},"timestamp":1737483405.543284}]