[{"timestamp":1737482654.722877,"label":"Application launched"},{"timestamp":1737482654.722952,"label":"Initialize ARViewModel"},{"timestamp":1737482654.725963,"label":"Finished Initialize ARViewModel"},{"timestamp":1737482654.726015,"label":"Initialize RoomManager"},{"timestamp":1737482654.726029,"label":"Initialize BeaconManager"},{"timestamp":1737482654.726069,"label":"Fininshed Initialize BeaconManager"},{"timestamp":1737482654.726124,"label":"Fininshed Initialize RoomManager"},{"timestamp":1737482654.7261329,"label":"Initialize CloudAnchorsManager"},{"label":"Fininshed Initialize CloudAnchorsManager","timestamp":1737482654.7261372},{"timestamp":1737482654.726141,"label":"ContentView Initialize"},{"label":"Room Update","timestamp":1737482656.0363832,"content":{"name":"Room w\/ the Table","id":"2D11FD77-5009-46EE-B13B-FEF68B77A669"}},{"label":"Pulling CloudAnchors Ids from Backend","content":{"name":"Room w\/ the Table","id":"2D11FD77-5009-46EE-B13B-FEF68B77A669"},"timestamp":1737482656.0364208},{"label":"Pulled CloudAnchors Ids from Backend","content":{"room":{"id":"2D11FD77-5009-46EE-B13B-FEF68B77A669","name":"Room w\/ the Table"},"cloudAnchorsIds":["ua-0fbf4fbe49eb34950e8e831bfb102bbf"]},"timestamp":1737482656.107652},{"label":"ARCore Update Bunny Anchor","content":{"identifier":"61F9E4DD-ED16-4F1F-BE5C-D550980F523E","transform":{"columns":[[0.2333001,0.03754012,-0.97167987,0],[-0.072856106,0.99712074,0.021030271,0],[0.9696716,0.065886445,0.2353634,0],[-0.5128762,-0.579084,0.2790305,1]]}},"timestamp":1737482661.635376},{"timestamp":1737482661.656752,"label":"Bunny didAdd (ARKit)","content":{"identifier":"5B842858-9D1E-402F-B812-5DF743890FB7","name":"bunny","transform":{"columns":[[0.2333001,0.03754012,-0.97167987,0],[-0.072856106,0.99712074,0.021030271,0],[0.9696716,0.065886445,0.2353634,0],[-0.5128762,-0.579084,0.2790305,1]]}}},{"content":{"name":"Peppers","transform":{"columns":[[0.028345449,0.0066962815,-0.9995757,0],[0.99930096,-0.02456704,0.028173022,0],[-0.024367977,-0.9996756,-0.007387945,0],[-0.36096048,-0.75296223,0.53197,1]]},"identifier":"61BB3DDD-C96C-6E82-3432-BD712CCBCB28"},"timestamp":1737482664.456553,"label":"ARImageAnchor didAdd"},{"timestamp":1737482664.465544,"label":"ARImageAnchor didUpdate","content":{"identifier":"61BB3DDD-C96C-6E82-3432-BD712CCBCB28","transform":{"columns":[[0.028345449,0.0066962815,-0.9995757,0],[0.99930096,-0.02456704,0.028173022,0],[-0.024367977,-0.9996756,-0.007387945,0],[-0.36096048,-0.75296223,0.53197,1]]},"name":"Peppers"}},{"label":"ARImageAnchor didAdd","timestamp":1737482666.557703,"content":{"name":"Earth","identifier":"088EF783-5990-B052-BE99-B8AA15BA6C68","transform":{"columns":[[-0.11528703,-0.017463543,-0.9931787,0],[0.99305946,-0.025458854,-0.114825554,0],[-0.023279905,-0.99952334,0.0202774,0],[-0.88182247,-0.053747,1.2142695,1]]}}},{"content":{"transform":{"columns":[[-0.11528703,-0.017463543,-0.9931787,0],[0.99305946,-0.025458854,-0.114825554,0],[-0.023279905,-0.99952334,0.0202774,0],[-0.88182247,-0.053747,1.2142695,1]]},"name":"Earth","identifier":"088EF783-5990-B052-BE99-B8AA15BA6C68"},"timestamp":1737482666.5629501,"label":"ARImageAnchor didUpdate"},{"timestamp":1737482667.081186,"content":{"name":"Earth","identifier":"088EF783-5990-B052-BE99-B8AA15BA6C68","transform":{"columns":[[-0.12825577,-0.020685397,-0.9915254,0],[0.99145526,-0.026679985,-0.12769014,0],[-0.023812585,-0.9994299,0.023930531,0],[-0.8913435,-0.044301115,1.2219527,0.99999994]]}},"label":"ARImageAnchor didUpdate"},{"timestamp":1737482667.1078649,"label":"ARImageAnchor didUpdate","content":{"transform":{"columns":[[-0.12825577,-0.020685397,-0.9915254,0],[0.99145526,-0.026679985,-0.12769014,0],[-0.023812585,-0.9994299,0.023930531,0],[-0.8913435,-0.044301115,1.2219527,0.99999994]]},"name":"Earth","identifier":"088EF783-5990-B052-BE99-B8AA15BA6C68"}},{"content":{"name":"Sailboat","transform":{"columns":[[-0.9999905,-0.0041619604,-0.0012451664,0],[0.0012740584,-0.0069421586,-0.99997497,0],[0.0041531716,-0.99996716,0.0069473917,0],[-0.48787817,-0.81320083,-0.16401382,1]]},"identifier":"C35EAC54-3E90-1B97-807B-5E3B8F238DB7"},"label":"ARImageAnchor didAdd","timestamp":1737482670.223218},{"label":"ARImageAnchor didUpdate","content":{"name":"Sailboat","identifier":"C35EAC54-3E90-1B97-807B-5E3B8F238DB7","transform":{"columns":[[-0.9999905,-0.0041619604,-0.0012451664,0],[0.0012740584,-0.0069421586,-0.99997497,0],[0.0041531716,-0.99996716,0.0069473917,0],[-0.48787817,-0.81320083,-0.16401382,1]]}},"timestamp":1737482670.232668},{"timestamp":1737482673.939826,"content":{"identifier":"A19C2489-597B-2BED-432C-244B551E75FD","name":"Mandrill","transform":{"columns":[[-0.12315372,0.013588762,-0.9922945,0],[0.99152553,0.043352135,-0.12246465,0],[0.04135394,-0.99896735,-0.01881259,0],[-0.98397636,0.69285184,-0.32897767,1]]}},"label":"ARImageAnchor didAdd"},{"timestamp":1737482673.9459128,"content":{"name":"Mandrill","identifier":"A19C2489-597B-2BED-432C-244B551E75FD","transform":{"columns":[[-0.12315372,0.013588762,-0.9922945,0],[0.99152553,0.043352135,-0.12246465,0],[0.04135394,-0.99896735,-0.01881259,0],[-0.98397636,0.69285184,-0.32897767,1]]}},"label":"ARImageAnchor didUpdate"},{"content":{"identifier":"FF85DBE1-76D3-E459-2D24-8EDCEE263300","transform":{"columns":[[0.99699867,-0.020430224,-0.07467461,0],[0.074581385,-0.005287122,0.99720085,0],[-0.02076784,-0.99977726,-0.0037475326,0],[-0.6145922,0.008400127,-1.2954686,1]]},"name":"Car"},"timestamp":1737482675.541932,"label":"ARImageAnchor didAdd"},{"label":"ARImageAnchor didUpdate","timestamp":1737482675.547268,"content":{"identifier":"FF85DBE1-76D3-E459-2D24-8EDCEE263300","name":"Car","transform":{"columns":[[0.99699867,-0.020430224,-0.07467461,0],[0.074581385,-0.005287122,0.99720085,0],[-0.02076784,-0.99977726,-0.0037475326,0],[-0.6145922,0.008400127,-1.2954686,1]]}}},{"timestamp":1737482676.0658379,"content":{"name":"Car","transform":{"columns":[[0.9978061,-0.018971805,-0.06342733,0],[0.06338588,-0.0027787604,0.9979851,0],[-0.019109845,-0.999816,-0.0015701171,0],[-0.6155372,0.01342435,-1.2851661,0.9999999]]},"identifier":"FF85DBE1-76D3-E459-2D24-8EDCEE263300"},"label":"ARImageAnchor didUpdate"},{"timestamp":1737482676.091718,"label":"ARImageAnchor didUpdate","content":{"name":"Car","identifier":"FF85DBE1-76D3-E459-2D24-8EDCEE263300","transform":{"columns":[[0.9978061,-0.018971805,-0.06342733,0],[0.06338588,-0.0027787604,0.9979851,0],[-0.019109845,-0.999816,-0.0015701171,0],[-0.6155372,0.01342435,-1.2851661,0.9999999]]}}},{"label":"ARImageAnchor didAdd","content":{"identifier":"6BAD7D5D-D14A-EF93-1C8B-F6BEC80B8329","name":"Lenna","transform":{"columns":[[0.9976553,0.044285707,-0.052180666,0],[0.05201972,0.004779294,0.9986346,0],[0.044474617,-0.9990074,0.002464322,0],[0.115713485,-0.2819972,-1.2804828,1]]}},"timestamp":1737482677.6392379},{"timestamp":1737482677.6514091,"content":{"identifier":"6BAD7D5D-D14A-EF93-1C8B-F6BEC80B8329","name":"Lenna","transform":{"columns":[[0.9976553,0.044285707,-0.052180666,0],[0.05201972,0.004779294,0.9986346,0],[0.044474617,-0.9990074,0.002464322,0],[0.115713485,-0.2819972,-1.2804828,1]]}},"label":"ARImageAnchor didUpdate"},{"label":"Bunny didUpdate (ARKit)","content":{"identifier":"5B842858-9D1E-402F-B812-5DF743890FB7","transform":{"columns":[[0.23452294,0.039459754,-0.97130936,0],[-0.07663208,0.9968168,0.021993151,0],[0.9690854,0.069275565,0.2368003,0],[-0.5112726,-0.57996255,0.27824414,1]]},"name":"bunny"},"timestamp":1737482680.215029}]