[{"label":"Application launched","timestamp":1737482065.6065269},{"timestamp":1737482065.606629,"label":"Initialize ARViewModel"},{"timestamp":1737482065.608314,"label":"Finished Initialize ARViewModel"},{"timestamp":1737482065.6083689,"label":"Initialize RoomManager"},{"label":"Initialize BeaconManager","timestamp":1737482065.608382},{"label":"Fininshed Initialize BeaconManager","timestamp":1737482065.6084142},{"label":"Fininshed Initialize RoomManager","timestamp":1737482065.608429},{"timestamp":1737482065.6084418,"label":"Initialize CloudAnchorsManager"},{"label":"Fininshed Initialize CloudAnchorsManager","timestamp":1737482065.608455},{"timestamp":1737482065.6086001,"label":"ContentView Initialize"},{"timestamp":1737482066.9109402,"label":"Room Update","content":{"id":"2D11FD77-5009-46EE-B13B-FEF68B77A669","name":"Room w\/ the Table"}},{"content":{"name":"Room w\/ the Table","id":"2D11FD77-5009-46EE-B13B-FEF68B77A669"},"label":"Pulling CloudAnchors Ids from Backend","timestamp":1737482066.911004},{"label":"Pulled CloudAnchors Ids from Backend","timestamp":1737482066.9784079,"content":{"cloudAnchorsIds":["ua-0fbf4fbe49eb34950e8e831bfb102bbf"],"room":{"id":"2D11FD77-5009-46EE-B13B-FEF68B77A669","name":"Room w\/ the Table"}}},{"timestamp":1737482078.066196,"label":"ARCore Update Bunny Anchor","content":{"identifier":"FB6CF783-A4D1-43CB-859B-B59596B7B8A3","transform":{"columns":[[0.99109143,-0.028707635,0.13005258,0],[0.03521968,0.9982237,-0.04805198,0],[-0.12844211,0.052204315,0.990342,0],[-0.13025984,-0.69442725,-0.24239841,1]]}}},{"label":"Bunny didAdd (ARKit)","content":{"transform":{"columns":[[0.99109143,-0.028707635,0.13005258,0],[0.03521968,0.9982237,-0.04805198,0],[-0.12844211,0.052204315,0.990342,0],[-0.13025984,-0.69442725,-0.24239841,1]]},"name":"bunny","identifier":"C6EDFBA0-9993-469E-B45F-814DD32704CD"},"timestamp":1737482078.093729},{"label":"ARCore Update Bunny Anchor","content":{"transform":{"columns":[[0.99109143,-0.028707635,0.13005258,0],[0.03521968,0.9982237,-0.04805198,0],[-0.12844211,0.052204315,0.990342,0],[-0.13025984,-0.69442725,-0.24239841,1]]},"identifier":"FB6CF783-A4D1-43CB-859B-B59596B7B8A3"},"timestamp":1737482078.5983748},{"label":"Bunny didAdd (ARKit)","timestamp":1737482078.62694,"content":{"identifier":"9B4BBF75-405B-4B15-A9C4-53CB8BCB21EB","name":"bunny","transform":{"columns":[[0.99109143,-0.028707635,0.13005258,0],[0.03521968,0.9982237,-0.04805198,0],[-0.12844211,0.052204315,0.990342,0],[-0.13025984,-0.69442725,-0.24239841,1]]}}},{"label":"ARImageAnchor didAdd","content":{"transform":{"columns":[[0.9995333,0.0063893828,-0.029872738,0],[0.029983219,-0.0179624,0.99938905,0],[0.0058488552,-0.9998181,-0.018145692,0],[-0.37035173,-0.81231356,-0.029221639,1.0000001]]},"identifier":"61BB3DDD-C96C-6E82-3432-BD712CCBCB28","name":"Peppers"},"timestamp":1737482083.892187},{"content":{"identifier":"61BB3DDD-C96C-6E82-3432-BD712CCBCB28","transform":{"columns":[[0.9995333,0.0063893828,-0.029872738,0],[0.029983219,-0.0179624,0.99938905,0],[0.0058488552,-0.9998181,-0.018145692,0],[-0.37035173,-0.81231356,-0.029221639,1.0000001]]},"name":"Peppers"},"timestamp":1737482083.902093,"label":"ARImageAnchor didUpdate"},{"content":{"name":"Earth","identifier":"088EF783-5990-B052-BE99-B8AA15BA6C68","transform":{"columns":[[0.98034716,-0.02934234,-0.19508556,0],[0.19438013,-0.02525562,0.9806011,0],[-0.033700142,-0.9992501,-0.01905573,0],[-1.0351785,-0.106432386,-0.46992314,0.99999994]]}},"label":"ARImageAnchor didAdd","timestamp":1737482086.54348},{"timestamp":1737482086.549271,"label":"ARImageAnchor didUpdate","content":{"identifier":"088EF783-5990-B052-BE99-B8AA15BA6C68","transform":{"columns":[[0.98034716,-0.02934234,-0.19508556,0],[0.19438013,-0.02525562,0.9806011,0],[-0.033700142,-0.9992501,-0.01905573,0],[-1.0351785,-0.106432386,-0.46992314,0.99999994]]},"name":"Earth"}},{"timestamp":1737482087.081805,"label":"ARImageAnchor didUpdate","content":{"transform":{"columns":[[0.9835664,-0.028355593,-0.17830607,0],[0.17765883,-0.023927458,0.9838011,0],[-0.032162666,-0.9993113,-0.0184966,0],[-0.9969592,-0.10732867,-0.41226554,0.9999999]]},"identifier":"088EF783-5990-B052-BE99-B8AA15BA6C68","name":"Earth"}},{"timestamp":1737482087.1106381,"label":"ARImageAnchor didUpdate","content":{"identifier":"088EF783-5990-B052-BE99-B8AA15BA6C68","transform":{"columns":[[0.9835664,-0.028355593,-0.17830607,0],[0.17765883,-0.023927458,0.9838011,0],[-0.032162666,-0.9993113,-0.0184966,0],[-0.9969592,-0.10732867,-0.41226554,0.9999999]]},"name":"Earth"}},{"content":{"name":"Earth","identifier":"088EF783-5990-B052-BE99-B8AA15BA6C68","transform":{"columns":[[0.98238945,-0.026072437,-0.18501663,0],[0.18443753,-0.023119036,0.98257214,0],[-0.029895443,-0.9993926,-0.01790307,0],[-1.0119567,-0.10112381,-0.42359626,1]]}},"timestamp":1737482087.626756,"label":"ARImageAnchor didUpdate"},{"label":"ARImageAnchor didUpdate","content":{"identifier":"088EF783-5990-B052-BE99-B8AA15BA6C68","name":"Earth","transform":{"columns":[[0.98238945,-0.026072437,-0.18501663,0],[0.18443753,-0.023119036,0.98257214,0],[-0.029895443,-0.9993926,-0.01790307,0],[-1.0119567,-0.10112381,-0.42359626,1]]}},"timestamp":1737482087.632533},{"timestamp":1737482088.149421,"label":"ARImageAnchor didUpdate","content":{"identifier":"088EF783-5990-B052-BE99-B8AA15BA6C68","transform":{"columns":[[0.9829534,-0.022150567,-0.1825156,0],[0.1820809,-0.020283248,0.9830743,0],[-0.025477653,-0.99954873,-0.015904265,0],[-1.0948077,-0.108176515,-0.5455082,1]]},"name":"Earth"}},{"timestamp":1737482088.1764688,"label":"ARImageAnchor didUpdate","content":{"name":"Earth","identifier":"088EF783-5990-B052-BE99-B8AA15BA6C68","transform":{"columns":[[0.9829534,-0.022150567,-0.1825156,0],[0.1820809,-0.020283248,0.9830743,0],[-0.025477653,-0.99954873,-0.015904265,0],[-1.0948077,-0.108176515,-0.5455082,1]]}}},{"timestamp":1737482092.385751,"content":{"name":"Peppers","identifier":"61BB3DDD-C96C-6E82-3432-BD712CCBCB28","transform":{"columns":[[0.99938625,0.0040510353,-0.03479416,0],[0.03486482,-0.018942367,0.9992125,0],[0.0033887394,-0.9998121,-0.019071927,0],[-0.37345415,-0.82519174,-0.06587959,1]]}},"label":"ARImageAnchor didUpdate"},{"timestamp":1737482092.402392,"label":"ARImageAnchor didUpdate","content":{"identifier":"61BB3DDD-C96C-6E82-3432-BD712CCBCB28","name":"Peppers","transform":{"columns":[[0.99938625,0.0040510353,-0.03479416,0],[0.03486482,-0.018942367,0.9992125,0],[0.0033887394,-0.9998121,-0.019071927,0],[-0.37345415,-0.82519174,-0.06587959,1]]}}},{"content":{"identifier":"C35EAC54-3E90-1B97-807B-5E3B8F238DB7","name":"Sailboat","transform":{"columns":[[-0.05028158,-0.007764071,-0.99870485,0],[0.998733,-0.002408269,-0.050264288,0],[-0.002014891,-0.99996674,0.007875269,0],[0.30389726,-0.88462114,-0.23213072,0.99999994]]}},"label":"ARImageAnchor didAdd","timestamp":1737482096.008158},{"content":{"identifier":"C35EAC54-3E90-1B97-807B-5E3B8F238DB7","transform":{"columns":[[-0.05028158,-0.007764071,-0.99870485,0],[0.998733,-0.002408269,-0.050264288,0],[-0.002014891,-0.99996674,0.007875269,0],[0.30389726,-0.88462114,-0.23213072,0.99999994]]},"name":"Sailboat"},"timestamp":1737482096.018309,"label":"ARImageAnchor didUpdate"},{"label":"ARImageAnchor didAdd","timestamp":1737482100.791295,"content":{"transform":{"columns":[[0.99054873,0.010839842,-0.13673207,0],[0.13619992,0.040072896,0.9898705,0],[0.016209288,-0.9991379,0.03821776,0],[0.436634,0.62214005,-0.74373144,1.0000001]]},"name":"Mandrill","identifier":"A19C2489-597B-2BED-432C-244B551E75FD"}},{"label":"ARImageAnchor didUpdate","timestamp":1737482100.799835,"content":{"identifier":"A19C2489-597B-2BED-432C-244B551E75FD","transform":{"columns":[[0.99054873,0.010839842,-0.13673207,0],[0.13619992,0.040072896,0.9898705,0],[0.016209288,-0.9991379,0.03821776,0],[0.436634,0.62214005,-0.74373144,1.0000001]]},"name":"Mandrill"}},{"content":{"transform":{"columns":[[0.12954643,-0.019251978,0.9913865,0],[-0.9915463,0.004868261,0.1296619,0],[-0.0073225824,-0.99980277,-0.018458586,0],[1.4217491,-0.063495606,-0.4215606,1]]},"name":"Car","identifier":"FF85DBE1-76D3-E459-2D24-8EDCEE263300"},"timestamp":1737482102.8928962,"label":"ARImageAnchor didAdd"},{"content":{"transform":{"columns":[[0.12954643,-0.019251978,0.9913865,0],[-0.9915463,0.004868261,0.1296619,0],[-0.0073225824,-0.99980277,-0.018458586,0],[1.4217491,-0.063495606,-0.4215606,1]]},"name":"Car","identifier":"FF85DBE1-76D3-E459-2D24-8EDCEE263300"},"timestamp":1737482102.900926,"label":"ARImageAnchor didUpdate"},{"label":"ARImageAnchor didAdd","content":{"transform":{"columns":[[0.12534072,0.039659552,0.99132067,0],[-0.99207777,-0.0034952387,0.12557629,0],[0.008445219,-0.99920696,0.038907282,0],[1.4570441,-0.35877728,0.2988629,1]]},"name":"Lenna","identifier":"6BAD7D5D-D14A-EF93-1C8B-F6BEC80B8329"},"timestamp":1737482104.99085},{"label":"ARImageAnchor didUpdate","content":{"name":"Lenna","identifier":"6BAD7D5D-D14A-EF93-1C8B-F6BEC80B8329","transform":{"columns":[[0.12534072,0.039659552,0.99132067,0],[-0.99207777,-0.0034952387,0.12557629,0],[0.008445219,-0.99920696,0.038907282,0],[1.4570441,-0.35877728,0.2988629,1]]}},"timestamp":1737482105.001814}]