[{"label":"Application launched","timestamp":1737481247.487716},{"timestamp":1737481247.487957,"label":"Initialize ARViewModel"},{"timestamp":1737481247.489757,"label":"Finished Initialize ARViewModel"},{"timestamp":1737481247.489869,"label":"Initialize RoomManager"},{"label":"Initialize BeaconManager","timestamp":1737481247.4898849},{"label":"Fininshed Initialize BeaconManager","timestamp":1737481247.489928},{"timestamp":1737481247.48995,"label":"Fininshed Initialize RoomManager"},{"label":"Initialize CloudAnchorsManager","timestamp":1737481247.489964},{"label":"Fininshed Initialize CloudAnchorsManager","timestamp":1737481247.489977},{"timestamp":1737481247.489991,"label":"ContentView Initialize"},{"label":"Room Update","content":{"id":"2D11FD77-5009-46EE-B13B-FEF68B77A669","name":"Room w\/ the Table"},"timestamp":1737481248.801904},{"timestamp":1737481248.80195,"label":"Pulling CloudAnchors Ids from Backend","content":{"name":"Room w\/ the Table","id":"2D11FD77-5009-46EE-B13B-FEF68B77A669"}},{"label":"Pulled CloudAnchors Ids from Backend","content":{"room":{"id":"2D11FD77-5009-46EE-B13B-FEF68B77A669","name":"Room w\/ the Table"},"cloudAnchorsIds":["ua-0fbf4fbe49eb34950e8e831bfb102bbf"]},"timestamp":1737481248.902112},{"label":"ARCore Update Bunny Anchor","content":{"identifier":"22FEAF6E-AFB4-4C2E-883C-174A4EBF2B0B","transform":{"columns":[[0.92007667,0.012927951,0.3915249,0],[-0.024956344,0.9993595,0.025648635,0],[-0.39094254,-0.033369742,0.91981,0],[0.07627995,-0.62988895,-0.48351386,1]]}},"timestamp":1737481321.015152},{"content":{"identifier":"659A5624-0143-4046-B9E2-EC18F9279A05","name":"bunny","transform":{"columns":[[0.92007667,0.012927951,0.3915249,0],[-0.024956344,0.9993595,0.025648635,0],[-0.39094254,-0.033369742,0.91981,0],[0.07627995,-0.62988895,-0.48351386,1]]}},"label":"Bunny didAdd (ARKit)","timestamp":1737481321.041017},{"content":{"name":"Peppers","identifier":"61BB3DDD-C96C-6E82-3432-BD712CCBCB28","transform":{"columns":[[0.9847804,0.0125290975,0.17335035,0],[-0.17314847,-0.015728813,0.98477,0],[0.015064863,-0.9997977,-0.013320121,0],[-0.20194809,-0.71784735,-0.31487268,1]]}},"timestamp":1737481323.7239761,"label":"ARImageAnchor didAdd"},{"label":"ARImageAnchor didUpdate","content":{"transform":{"columns":[[0.9847804,0.0125290975,0.17335035,0],[-0.17314847,-0.015728813,0.98477,0],[0.015064863,-0.9997977,-0.013320121,0],[-0.20194809,-0.71784735,-0.31487268,1]]},"name":"Peppers","identifier":"61BB3DDD-C96C-6E82-3432-BD712CCBCB28"},"timestamp":1737481323.734266},{"timestamp":1737481327.94213,"label":"ARImageAnchor didAdd","content":{"name":"Earth","transform":{"columns":[[0.9990646,-0.016333522,0.040033504,0],[-0.04044309,-0.025565539,0.99885464,0],[-0.01529133,-0.99953955,-0.026202193,0],[-0.8027004,-0.0066901743,-0.92811877,1]]},"identifier":"088EF783-5990-B052-BE99-B8AA15BA6C68"}},{"timestamp":1737481327.948553,"label":"ARImageAnchor didUpdate","content":{"identifier":"088EF783-5990-B052-BE99-B8AA15BA6C68","name":"Earth","transform":{"columns":[[0.9990646,-0.016333522,0.040033504,0],[-0.04044309,-0.025565539,0.99885464,0],[-0.01529133,-0.99953955,-0.026202193,0],[-0.8027004,-0.0066901743,-0.92811877,1]]}}},{"label":"ARImageAnchor didAdd","content":{"name":"Mandrill","transform":{"columns":[[0.99621004,0.013780155,0.08588034,0],[-0.08610581,0.016696021,0.99614596,0],[0.012293185,-0.9997656,0.017819306,0],[0.73886526,0.7283894,-0.8258213,1]]},"identifier":"A19C2489-597B-2BED-432C-244B551E75FD"},"timestamp":1737481333.2407498},{"label":"ARImageAnchor didUpdate","content":{"name":"Mandrill","identifier":"A19C2489-597B-2BED-432C-244B551E75FD","transform":{"columns":[[0.99621004,0.013780155,0.08588034,0],[-0.08610581,0.016696021,0.99614596,0],[0.012293185,-0.9997656,0.017819306,0],[0.73886526,0.7283894,-0.8258213,1]]}},"timestamp":1737481333.248024},{"label":"ARImageAnchor didAdd","timestamp":1737481336.9401522,"content":{"name":"Sailboat","transform":{"columns":[[0.15539327,-0.010326245,-0.9877986,0],[0.98784024,-0.0033778974,0.15543512,0],[-0.004941733,-0.99994093,0.009675812,0],[0.49746737,-0.7812281,-0.37496683,1]]},"identifier":"C35EAC54-3E90-1B97-807B-5E3B8F238DB7"}},{"label":"ARImageAnchor didUpdate","content":{"transform":{"columns":[[0.15539327,-0.010326245,-0.9877986,0],[0.98784024,-0.0033778974,0.15543512,0],[-0.004941733,-0.99994093,0.009675812,0],[0.49746737,-0.7812281,-0.37496683,1]]},"name":"Sailboat","identifier":"C35EAC54-3E90-1B97-807B-5E3B8F238DB7"},"timestamp":1737481336.958257},{"label":"ARImageAnchor didAdd","content":{"transform":{"columns":[[-0.083074264,-0.01829784,0.9963751,0],[-0.9965362,-0.0021994656,-0.083128065,0],[0.0037125412,-0.99983,-0.018051734,0],[1.6276567,0.04234706,-0.31977135,0.9999999]]},"name":"Car","identifier":"FF85DBE1-76D3-E459-2D24-8EDCEE263300"},"timestamp":1737481339.573217},{"timestamp":1737481339.582642,"label":"ARImageAnchor didUpdate","content":{"transform":{"columns":[[-0.083074264,-0.01829784,0.9963751,0],[-0.9965362,-0.0021994656,-0.083128065,0],[0.0037125412,-0.99983,-0.018051734,0],[1.6276567,0.04234706,-0.31977135,0.9999999]]},"name":"Car","identifier":"FF85DBE1-76D3-E459-2D24-8EDCEE263300"}},{"label":"ARImageAnchor didAdd","content":{"transform":{"columns":[[-0.091787525,0.04183534,0.9948993,0],[-0.9957691,-0.008167926,-0.091524296,0],[0.004297276,-0.999091,0.042408045,0],[1.5073923,-0.25311556,0.39169246,0.99999994]]},"identifier":"6BAD7D5D-D14A-EF93-1C8B-F6BEC80B8329","name":"Lenna"},"timestamp":1737481341.673094},{"timestamp":1737481341.6832871,"content":{"name":"Lenna","identifier":"6BAD7D5D-D14A-EF93-1C8B-F6BEC80B8329","transform":{"columns":[[-0.091787525,0.04183534,0.9948993,0],[-0.9957691,-0.008167926,-0.091524296,0],[0.004297276,-0.999091,0.042408045,0],[1.5073923,-0.25311556,0.39169246,0.99999994]]}},"label":"ARImageAnchor didUpdate"},{"content":{"transform":{"columns":[[0.9200779,0.01283667,0.39152488,0],[-0.02496084,0.99935305,0.025892496,0],[-0.39093927,-0.033595905,0.9198031,0],[0.07628142,-0.6298781,-0.48359254,1]]},"name":"bunny","identifier":"659A5624-0143-4046-B9E2-EC18F9279A05"},"timestamp":1737481345.132996,"label":"Bunny didUpdate (ARKit)"},{"content":{"identifier":"61BB3DDD-C96C-6E82-3432-BD712CCBCB28","transform":{"columns":[[0.9821147,0.0125417225,0.18786485,0],[-0.18752699,-0.02417284,0.9819618,0],[0.01685671,-0.99962896,-0.021388585,0],[-0.20418999,-0.72330487,-0.35836685,0.99999994]]},"name":"Peppers"},"label":"ARImageAnchor didUpdate","timestamp":1737481349.049436},{"label":"ARImageAnchor didUpdate","content":{"name":"Peppers","transform":{"columns":[[0.9821147,0.0125417225,0.18786485,0],[-0.18752699,-0.02417284,0.9819618,0],[0.01685671,-0.99962896,-0.021388585,0],[-0.20418999,-0.72330487,-0.35836685,0.99999994]]},"identifier":"61BB3DDD-C96C-6E82-3432-BD712CCBCB28"},"timestamp":1737481349.065191}]