[{"label":"Application launched","timestamp":1737483451.504778},{"label":"Initialize ARViewModel","timestamp":1737483451.505005},{"label":"Finished Initialize ARViewModel","timestamp":1737483451.506706},{"timestamp":1737483451.506737,"label":"Initialize RoomManager"},{"label":"Initialize BeaconManager","timestamp":1737483451.506742},{"timestamp":1737483451.5067549,"label":"Fininshed Initialize BeaconManager"},{"label":"Fininshed Initialize RoomManager","timestamp":1737483451.5067601},{"timestamp":1737483451.506764,"label":"Initialize CloudAnchorsManager"},{"timestamp":1737483451.506769,"label":"Fininshed Initialize CloudAnchorsManager"},{"timestamp":1737483451.506773,"label":"ContentView Initialize"},{"label":"Room Update","content":{"name":"Room w\/ the Table","id":"2D11FD77-5009-46EE-B13B-FEF68B77A669"},"timestamp":1737483452.80253},{"content":{"name":"Room w\/ the Table","id":"2D11FD77-5009-46EE-B13B-FEF68B77A669"},"timestamp":1737483452.8026052,"label":"Pulling CloudAnchors Ids from Backend"},{"label":"Pulled CloudAnchors Ids from Backend","content":{"cloudAnchorsIds":["ua-0fbf4fbe49eb34950e8e831bfb102bbf"],"room":{"id":"2D11FD77-5009-46EE-B13B-FEF68B77A669","name":"Room w\/ the Table"}},"timestamp":1737483452.8570418},{"timestamp":1737483477.122066,"label":"ARCore Update Bunny Anchor","content":{"transform":{"columns":[[0.71505123,0.033967797,-0.6982463,0],[-0.0008272887,0.9988592,0.047744606,0],[0.6990715,-0.033562187,0.7142636,0],[-0.16086304,-0.4830049,0.06518275,1]]},"identifier":"4EEB7367-580A-42C6-BC60-9116FBAF48ED"}},{"label":"Bunny didAdd (ARKit)","content":{"transform":{"columns":[[0.71505123,0.033967797,-0.6982463,0],[-0.0008272887,0.9988592,0.047744606,0],[0.6990715,-0.033562187,0.7142636,0],[-0.16086304,-0.4830049,0.06518275,1]]},"name":"bunny","identifier":"99BA72E3-7354-490A-A20E-DB17E1AAAB79"},"timestamp":1737483477.145897},{"timestamp":1737483479.2957401,"content":{"transform":{"columns":[[0.50196636,0.00901899,-0.8648401,0],[0.86475295,-0.022836832,0.50167775,0],[-0.015225587,-0.99969834,-0.019262511,0],[-0.09364647,-0.5849281,0.3667422,0.9999999]]},"name":"Peppers","identifier":"61BB3DDD-C96C-6E82-3432-BD712CCBCB28"},"label":"ARImageAnchor didAdd"},{"content":{"transform":{"columns":[[0.50196636,0.00901899,-0.8648401,0],[0.86475295,-0.022836832,0.50167775,0],[-0.015225587,-0.99969834,-0.019262511,0],[-0.09364647,-0.5849281,0.3667422,0.9999999]]},"name":"Peppers","identifier":"61BB3DDD-C96C-6E82-3432-BD712CCBCB28"},"label":"ARImageAnchor didUpdate","timestamp":1737483479.306622},{"timestamp":1737483479.757585,"label":"Bunny didUpdate (ARKit)","content":{"transform":{"columns":[[0.7148387,0.033868473,-0.6984688,0],[-0.0005757311,0.9988546,0.047844842,0],[0.6992891,-0.03379921,0.71403927,0],[-0.1610121,-0.4829283,0.06522182,0.99999994]]},"name":"bunny","identifier":"99BA72E3-7354-490A-A20E-DB17E1AAAB79"}},{"timestamp":1737483480.156054,"label":"Bunny didUpdate (ARKit)","content":{"transform":{"columns":[[0.7148512,0.033875607,-0.6984555,0],[-0.00056326546,0.99885345,0.047868643,0],[0.6992761,-0.033825535,0.7140506,0],[-0.16101274,-0.48292,0.06520984,1]]},"identifier":"99BA72E3-7354-490A-A20E-DB17E1AAAB79","name":"bunny"}},{"timestamp":1737483481.912319,"label":"ARImageAnchor didAdd","content":{"name":"Earth","transform":{"columns":[[0.35724548,-0.02144364,-0.9337643,0],[0.9333962,-0.028054034,0.3577489,0],[-0.03386735,-0.9993763,0.00999322,0],[-0.87057513,0.13292581,0.72691095,1]]},"identifier":"088EF783-5990-B052-BE99-B8AA15BA6C68"}},{"content":{"name":"Earth","identifier":"088EF783-5990-B052-BE99-B8AA15BA6C68","transform":{"columns":[[0.35724548,-0.02144364,-0.9337643,0],[0.9333962,-0.028054034,0.3577489,0],[-0.03386735,-0.9993763,0.00999322,0],[-0.87057513,0.13292581,0.72691095,1]]}},"timestamp":1737483481.9200559,"label":"ARImageAnchor didUpdate"},{"content":{"name":"bunny","identifier":"99BA72E3-7354-490A-A20E-DB17E1AAAB79","transform":{"columns":[[0.71494764,0.03372469,-0.69836414,0],[-0.00047114972,0.9988589,0.047753554,0],[0.6991776,-0.033812255,0.7141476,0],[-0.1610164,-0.48292273,0.06521779,0.9999999]]}},"label":"Bunny didUpdate (ARKit)","timestamp":1737483485.0566158},{"timestamp":1737483485.562152,"label":"ARImageAnchor didAdd","content":{"name":"Sailboat","transform":{"columns":[[-0.88389045,-0.007971612,-0.46762583,0],[0.46766675,-0.004328158,-0.8838942,0],[0.0050220806,-0.99995875,0.0075537087,0],[0.12012036,-0.65050024,-0.310159,1]]},"identifier":"C35EAC54-3E90-1B97-807B-5E3B8F238DB7"}},{"label":"ARImageAnchor didUpdate","content":{"name":"Sailboat","transform":{"columns":[[-0.88389045,-0.007971612,-0.46762583,0],[0.46766675,-0.004328158,-0.8838942,0],[0.0050220806,-0.99995875,0.0075537087,0],[0.12012036,-0.65050024,-0.310159,1]]},"identifier":"C35EAC54-3E90-1B97-807B-5E3B8F238DB7"},"timestamp":1737483485.57287},{"timestamp":1737483487.6622481,"content":{"name":"Mandrill","transform":{"columns":[[0.39565238,0.009868068,-0.91834724,0],[0.91806024,0.022953102,0.3957754,0],[0.024984453,-0.9996877,2.1962705e-05,0],[-0.25801873,0.8572239,-0.68888986,0.9999999]]},"identifier":"A19C2489-597B-2BED-432C-244B551E75FD"},"label":"ARImageAnchor didAdd"},{"content":{"identifier":"A19C2489-597B-2BED-432C-244B551E75FD","transform":{"columns":[[0.39565238,0.009868068,-0.91834724,0],[0.91806024,0.022953102,0.3957754,0],[0.024984453,-0.9996877,2.1962705e-05,0],[-0.25801873,0.8572239,-0.68888986,0.9999999]]},"name":"Mandrill"},"label":"ARImageAnchor didUpdate","timestamp":1737483487.670104},{"timestamp":1737483489.763967,"label":"ARImageAnchor didAdd","content":{"name":"Car","identifier":"FF85DBE1-76D3-E459-2D24-8EDCEE263300","transform":{"columns":[[0.9151157,-0.020278417,0.40268078,0],[-0.40256718,0.009583798,0.9153403,0],[-0.022420863,-0.99974835,0.0006068522,0],[0.53291583,0.16968797,-1.3666588,1]]}}},{"timestamp":1737483489.770197,"label":"ARImageAnchor didUpdate","content":{"identifier":"FF85DBE1-76D3-E459-2D24-8EDCEE263300","transform":{"columns":[[0.9151157,-0.020278417,0.40268078,0],[-0.40256718,0.009583798,0.9153403,0],[-0.022420863,-0.99974835,0.0006068522,0],[0.53291583,0.16968797,-1.3666588,1]]},"name":"Car"}},{"timestamp":1737483490.272166,"label":"ARImageAnchor didUpdate","content":{"name":"Car","identifier":"FF85DBE1-76D3-E459-2D24-8EDCEE263300","transform":{"columns":[[0.9169137,-0.020795435,0.39854324,0],[-0.3985317,0.004876183,0.91714144,0],[-0.021015754,-0.9997718,-0.0038165762,0],[0.5219581,0.17587648,-1.3620055,1]]}}},{"content":{"name":"Car","transform":{"columns":[[0.9169137,-0.020795435,0.39854324,0],[-0.3985317,0.004876183,0.91714144,0],[-0.021015754,-0.9997718,-0.0038165762,0],[0.5219581,0.17587648,-1.3620055,1]]},"identifier":"FF85DBE1-76D3-E459-2D24-8EDCEE263300"},"timestamp":1737483490.2891011,"label":"ARImageAnchor didUpdate"},{"timestamp":1737483491.861836,"content":{"identifier":"6BAD7D5D-D14A-EF93-1C8B-F6BEC80B8329","transform":{"columns":[[0.9075202,0.04205504,0.41789755,0],[-0.41820443,-0.0016372787,0.9083515,0],[0.038884964,-0.9991139,0.016101763,0],[1.154874,-0.11688152,-1.0209743,1]]},"name":"Lenna"},"label":"ARImageAnchor didAdd"},{"content":{"identifier":"6BAD7D5D-D14A-EF93-1C8B-F6BEC80B8329","name":"Lenna","transform":{"columns":[[0.9075202,0.04205504,0.41789755,0],[-0.41820443,-0.0016372787,0.9083515,0],[0.038884964,-0.9991139,0.016101763,0],[1.154874,-0.11688152,-1.0209743,1]]}},"timestamp":1737483491.8722591,"label":"ARImageAnchor didUpdate"},{"label":"Bunny didUpdate (ARKit)","timestamp":1737483494.572799,"content":{"transform":{"columns":[[0.7148121,0.033930033,-0.6984929,0],[-0.0008172772,0.99886197,0.047684424,0],[0.69931585,-0.033514533,0.7140263,0],[-0.16093643,-0.48301968,0.06528169,0.99999994]]},"name":"bunny","identifier":"99BA72E3-7354-490A-A20E-DB17E1AAAB79"}},{"timestamp":1737483494.971385,"label":"Bunny didUpdate (ARKit)","content":{"transform":{"columns":[[0.71480066,0.033944868,-0.6985038,0],[-0.0008189508,0.9988611,0.04770315,0],[0.69932747,-0.0335262,0.7140143,0],[-0.16093914,-0.4830161,0.065279186,0.99999994]]},"identifier":"99BA72E3-7354-490A-A20E-DB17E1AAAB79","name":"bunny"}}]