[{"timestamp":1737481672.850493,"label":"Application launched"},{"label":"Initialize ARViewModel","timestamp":1737481672.8508182},{"timestamp":1737481672.853086,"label":"Finished Initialize ARViewModel"},{"label":"Initialize RoomManager","timestamp":1737481672.8534322},{"timestamp":1737481672.853452,"label":"Initialize BeaconManager"},{"timestamp":1737481672.853527,"label":"Fininshed Initialize BeaconManager"},{"timestamp":1737481672.853561,"label":"Fininshed Initialize RoomManager"},{"label":"Initialize CloudAnchorsManager","timestamp":1737481672.8535662},{"label":"Fininshed Initialize CloudAnchorsManager","timestamp":1737481672.85357},{"timestamp":1737481672.853574,"label":"ContentView Initialize"},{"content":{"name":"Room w\/ the Table","id":"2D11FD77-5009-46EE-B13B-FEF68B77A669"},"timestamp":1737481674.752132,"label":"Room Update"},{"content":{"id":"2D11FD77-5009-46EE-B13B-FEF68B77A669","name":"Room w\/ the Table"},"timestamp":1737481674.7521582,"label":"Pulling CloudAnchors Ids from Backend"},{"timestamp":1737481674.825214,"label":"Pulled CloudAnchors Ids from Backend","content":{"cloudAnchorsIds":["ua-0fbf4fbe49eb34950e8e831bfb102bbf"],"room":{"id":"2D11FD77-5009-46EE-B13B-FEF68B77A669","name":"Room w\/ the Table"}}},{"label":"ARCore Update Bunny Anchor","timestamp":1737481676.903465,"content":{"identifier":"CEB63F60-EC41-4727-9066-061A72E58E19","transform":{"columns":[[0.9132537,0.06365638,0.40238726,0],[-0.06276896,0.9979092,-0.015406318,0],[-0.40252665,-0.011187552,0.9153399,0],[-0.18573463,-0.6356254,-0.65239453,1]]}}},{"timestamp":1737481676.9607968,"content":{"identifier":"AC10F2F5-D0D0-49E3-A7CE-8A71D7EAC924","name":"bunny","transform":{"columns":[[0.9132537,0.06365638,0.40238726,0],[-0.06276896,0.9979092,-0.015406318,0],[-0.40252665,-0.011187552,0.9153399,0],[-0.18573463,-0.6356254,-0.65239453,1]]}},"label":"Bunny didAdd (ARKit)"},{"timestamp":1737481680.76053,"label":"ARImageAnchor didAdd","content":{"identifier":"61BB3DDD-C96C-6E82-3432-BD712CCBCB28","transform":{"columns":[[0.992895,0.011261929,0.11845902,0],[-0.11825967,-0.01697592,0.99283737,0],[0.013192203,-0.9997924,-0.015523525,0],[-0.40953153,-0.7627742,-0.48990342,1]]},"name":"Peppers"}},{"timestamp":1737481680.77849,"content":{"identifier":"61BB3DDD-C96C-6E82-3432-BD712CCBCB28","name":"Peppers","transform":{"columns":[[0.992895,0.011261929,0.11845902,0],[-0.11825967,-0.01697592,0.99283737,0],[0.013192203,-0.9997924,-0.015523525,0],[-0.40953153,-0.7627742,-0.48990342,1]]}},"label":"ARImageAnchor didUpdate"},{"content":{"identifier":"088EF783-5990-B052-BE99-B8AA15BA6C68","transform":{"columns":[[0.9996342,-0.015955305,-0.021832809,0],[0.02159524,-0.014914971,0.9996554,0],[-0.016275445,-0.9997614,-0.014564992,0],[-1.0557219,-0.05862593,-1.0625817,0.99999994]]},"name":"Earth"},"label":"ARImageAnchor didAdd","timestamp":1737481683.994141},{"timestamp":1737481684.0016742,"label":"ARImageAnchor didUpdate","content":{"name":"Earth","identifier":"088EF783-5990-B052-BE99-B8AA15BA6C68","transform":{"columns":[[0.9996342,-0.015955305,-0.021832809,0],[0.02159524,-0.014914971,0.9996554,0],[-0.016275445,-0.9997614,-0.014564992,0],[-1.0557219,-0.05862593,-1.0625817,0.99999994]]}}},{"content":{"name":"Mandrill","identifier":"A19C2489-597B-2BED-432C-244B551E75FD","transform":{"columns":[[0.9998746,0.012871884,0.009210635,0],[-0.009948205,0.058467586,0.9982396,0],[0.012310691,-0.9982062,0.058588307,0],[0.4892599,0.6816959,-1.078528,1]]}},"timestamp":1737481689.860227,"label":"ARImageAnchor didAdd"},{"timestamp":1737481689.867486,"label":"ARImageAnchor didUpdate","content":{"identifier":"A19C2489-597B-2BED-432C-244B551E75FD","transform":{"columns":[[0.9998746,0.012871884,0.009210635,0],[-0.009948205,0.058467586,0.9982396,0],[0.012310691,-0.9982062,0.058588307,0],[0.4892599,0.6816959,-1.078528,1]]},"name":"Mandrill"}},{"timestamp":1737481691.993459,"label":"ARImageAnchor didAdd","content":{"name":"Sailboat","identifier":"C35EAC54-3E90-1B97-807B-5E3B8F238DB7","transform":{"columns":[[0.07879029,-0.013265292,-0.99680275,0],[0.99685663,0.009348875,0.07867014,0],[0.008275445,-0.9998682,0.013960215,0],[0.29735303,-0.8307153,-0.6006074,0.99999994]]}}},{"label":"ARImageAnchor didUpdate","content":{"name":"Sailboat","transform":{"columns":[[0.07879029,-0.013265292,-0.99680275,0],[0.99685663,0.009348875,0.07867014,0],[0.008275445,-0.9998682,0.013960215,0],[0.29735303,-0.8307153,-0.6006074,0.99999994]]},"identifier":"C35EAC54-3E90-1B97-807B-5E3B8F238DB7"},"timestamp":1737481692.003155},{"content":{"transform":{"columns":[[0.008491029,-0.017993614,0.99980193,0],[-0.9994621,0.03151565,0.009055313,0],[-0.031672347,-0.9993412,-0.017716333,0],[1.4230589,-0.012868509,-0.6309391,0.99999994]]},"identifier":"FF85DBE1-76D3-E459-2D24-8EDCEE263300","name":"Car"},"timestamp":1737481693.593408,"label":"ARImageAnchor didAdd"},{"timestamp":1737481693.602407,"content":{"transform":{"columns":[[0.008491029,-0.017993614,0.99980193,0],[-0.9994621,0.03151565,0.009055313,0],[-0.031672347,-0.9993412,-0.017716333,0],[1.4230589,-0.012868509,-0.6309391,0.99999994]]},"name":"Car","identifier":"FF85DBE1-76D3-E459-2D24-8EDCEE263300"},"label":"ARImageAnchor didUpdate"},{"content":{"name":"Lenna","identifier":"6BAD7D5D-D14A-EF93-1C8B-F6BEC80B8329","transform":{"columns":[[-0.01641283,0.043494634,0.9989187,0],[-0.99985296,0.004221051,-0.01661204,0],[-0.0049390513,-0.9990447,0.04341896,0],[1.3538302,-0.3040653,0.086174116,1]]}},"timestamp":1737481695.726645,"label":"ARImageAnchor didAdd"},{"content":{"name":"Lenna","transform":{"columns":[[-0.01641283,0.043494634,0.9989187,0],[-0.99985296,0.004221051,-0.01661204,0],[-0.0049390513,-0.9990447,0.04341896,0],[1.3538302,-0.3040653,0.086174116,1]]},"identifier":"6BAD7D5D-D14A-EF93-1C8B-F6BEC80B8329"},"label":"ARImageAnchor didUpdate","timestamp":1737481695.737539},{"label":"Bunny didUpdate (ARKit)","timestamp":1737481699.1695461,"content":{"name":"bunny","transform":{"columns":[[0.9137801,0.059487745,0.40182975,0],[-0.06327217,0.9979889,-0.0038604885,0],[-0.4012512,-0.021897003,0.9157062,0],[-0.18587327,-0.6319232,-0.65958995,1]]},"identifier":"AC10F2F5-D0D0-49E3-A7CE-8A71D7EAC924"}}]