[{"label":"Application launched","timestamp":1737479863.2147799},{"timestamp":1737479863.2148619,"label":"Initialize ARViewModel"},{"label":"Finished Initialize ARViewModel","timestamp":1737479863.215716},{"label":"Initialize RoomManager","timestamp":1737479863.215728},{"timestamp":1737479863.215732,"label":"Initialize BeaconManager"},{"label":"Fininshed Initialize BeaconManager","timestamp":1737479863.215743},{"timestamp":1737479863.2157478,"label":"Fininshed Initialize RoomManager"},{"timestamp":1737479863.2157521,"label":"Initialize CloudAnchorsManager"},{"label":"Fininshed Initialize CloudAnchorsManager","timestamp":1737479863.215756},{"timestamp":1737479863.21576,"label":"ContentView Initialize"},{"label":"Room Update","timestamp":1737479864.571848,"content":{"name":"Room w\/ the Table","id":"2D11FD77-5009-46EE-B13B-FEF68B77A669"}},{"content":{"name":"Room w\/ the Table","id":"2D11FD77-5009-46EE-B13B-FEF68B77A669"},"timestamp":1737479864.571886,"label":"Pulling CloudAnchors Ids from Backend"},{"timestamp":1737479864.680182,"label":"Pulled CloudAnchors Ids from Backend","content":{"cloudAnchorsIds":["ua-0fbf4fbe49eb34950e8e831bfb102bbf"],"room":{"id":"2D11FD77-5009-46EE-B13B-FEF68B77A669","name":"Room w\/ the Table"}}},{"content":{"identifier":"685E41C6-A6B6-407C-84CD-2450D4B37ACE","transform":{"columns":[[0.060012765,-0.01887064,0.9980192,0],[-0.040125012,0.9989676,0.021301365,0],[-0.9973908,-0.041323885,0.059193622,0],[0.41869956,-0.6922441,-0.18527365,1]]}},"timestamp":1737479889.088381,"label":"ARCore Update Bunny Anchor"},{"timestamp":1737479889.111332,"label":"Bunny didAdd (ARKit)","content":{"transform":{"columns":[[0.060012765,-0.01887064,0.9980192,0],[-0.040125012,0.9989676,0.021301365,0],[-0.9973908,-0.041323885,0.059193622,0],[0.41869956,-0.6922441,-0.18527365,1]]},"name":"bunny","identifier":"42FC2CC8-29E4-4001-9854-424437A1B4A7"}},{"content":{"identifier":"685E41C6-A6B6-407C-84CD-2450D4B37ACE","transform":{"columns":[[0.060012765,-0.01887064,0.9980192,0],[-0.040125012,0.9989676,0.021301365,0],[-0.9973908,-0.041323885,0.059193622,0],[0.41869956,-0.6922441,-0.18527365,1]]}},"label":"ARCore Update Bunny Anchor","timestamp":1737479889.6349092},{"timestamp":1737479889.661452,"label":"Bunny didAdd (ARKit)","content":{"identifier":"40E0938C-3A22-410A-B9D2-5AE3D4F690AE","name":"bunny","transform":{"columns":[[0.060012765,-0.01887064,0.9980192,0],[-0.040125012,0.9989676,0.021301365,0],[-0.9973908,-0.041323885,0.059193622,0],[0.41869956,-0.6922441,-0.18527365,1]]}}},{"label":"ARImageAnchor didAdd","timestamp":1737479924.3593569,"content":{"name":"Peppers","identifier":"61BB3DDD-C96C-6E82-3432-BD712CCBCB28","transform":{"columns":[[0.9874184,0.007945727,0.15792891,0],[-0.15774746,-0.019818617,0.9872805,0],[0.0109745525,-0.99977183,-0.018315865,0],[-0.62479955,-0.7715963,-0.1138369,0.9999999]]}}},{"label":"ARImageAnchor didUpdate","timestamp":1737479924.3695889,"content":{"name":"Peppers","identifier":"61BB3DDD-C96C-6E82-3432-BD712CCBCB28","transform":{"columns":[[0.9874184,0.007945727,0.15792891,0],[-0.15774746,-0.019818617,0.9872805,0],[0.0109745525,-0.99977183,-0.018315865,0],[-0.62479955,-0.7715963,-0.1138369,0.9999999]]}}},{"timestamp":1737479929.643249,"label":"ARImageAnchor didAdd","content":{"transform":{"columns":[[0.99894315,-0.0018462684,0.04592387,0],[-0.045928787,-0.002696795,0.998941,0],[-0.001720465,-0.9999946,-0.0027787574,0],[-1.233339,-0.067814976,-0.73261607,0.9999999]]},"name":"Earth","identifier":"088EF783-5990-B052-BE99-B8AA15BA6C68"}},{"label":"ARImageAnchor didUpdate","content":{"transform":{"columns":[[0.99894315,-0.0018462684,0.04592387,0],[-0.045928787,-0.002696795,0.998941,0],[-0.001720465,-0.9999946,-0.0027787574,0],[-1.233339,-0.067814976,-0.73261607,0.9999999]]},"name":"Earth","identifier":"088EF783-5990-B052-BE99-B8AA15BA6C68"},"timestamp":1737479929.6503139},{"timestamp":1737479930.165878,"content":{"identifier":"088EF783-5990-B052-BE99-B8AA15BA6C68","transform":{"columns":[[0.99978113,-0.015580031,0.013946587,0],[-0.014175026,-0.014644312,0.99979216,0],[-0.015372537,-0.9997712,-0.014861952,0],[-1.2379174,-0.068184495,-0.72888494,0.99999976]]},"name":"Earth"},"label":"ARImageAnchor didUpdate"},{"timestamp":1737479930.1824532,"label":"ARImageAnchor didUpdate","content":{"name":"Earth","identifier":"088EF783-5990-B052-BE99-B8AA15BA6C68","transform":{"columns":[[0.99978113,-0.015580031,0.013946587,0],[-0.014175026,-0.014644312,0.99979216,0],[-0.015372537,-0.9997712,-0.014861952,0],[-1.2379174,-0.068184495,-0.72888494,0.99999976]]}}},{"content":{"name":"bunny","identifier":"40E0938C-3A22-410A-B9D2-5AE3D4F690AE","transform":{"columns":[[0.056579158,-0.017474502,0.9982451,0],[-0.039511953,0.99902433,0.019727627,0],[-0.99761593,-0.04055879,0.055833463,0],[0.41922286,-0.6929812,-0.18268079,0.9999999]]}},"timestamp":1737479933.218874,"label":"Bunny didUpdate (ARKit)"},{"timestamp":1737479935.458646,"label":"ARImageAnchor didAdd","content":{"identifier":"C35EAC54-3E90-1B97-807B-5E3B8F238DB7","transform":{"columns":[[0.13602115,-0.0073860222,-0.9906783,0],[0.9907054,6.134865e-05,0.13602433,0],[-0.00094388955,-0.9999725,0.0073257405,0],[0.07392052,-0.81179756,-0.14344034,0.9999999]]},"name":"Sailboat"}},{"timestamp":1737479935.467874,"content":{"name":"Sailboat","transform":{"columns":[[0.13602115,-0.0073860222,-0.9906783,0],[0.9907054,6.134865e-05,0.13602433,0],[-0.00094388955,-0.9999725,0.0073257405,0],[0.07392052,-0.81179756,-0.14344034,0.9999999]]},"identifier":"C35EAC54-3E90-1B97-807B-5E3B8F238DB7"},"label":"ARImageAnchor didUpdate"},{"timestamp":1737479939.691941,"content":{"name":"Mandrill","identifier":"A19C2489-597B-2BED-432C-244B551E75FD","transform":{"columns":[[0.99821603,0.016504599,0.05737822,0],[-0.05732305,-0.0037980976,0.9983484,0],[0.016695267,-0.9998565,-0.0028452347,0],[0.2924701,0.6839625,-0.6138627,1]]}},"label":"ARImageAnchor didAdd"},{"content":{"name":"Mandrill","identifier":"A19C2489-597B-2BED-432C-244B551E75FD","transform":{"columns":[[0.99821603,0.016504599,0.05737822,0],[-0.05732305,-0.0037980976,0.9983484,0],[0.016695267,-0.9998565,-0.0028452347,0],[0.2924701,0.6839625,-0.6138627,1]]}},"timestamp":1737479939.700192,"label":"ARImageAnchor didUpdate"},{"timestamp":1737479944.494141,"label":"ARImageAnchor didAdd","content":{"identifier":"FF85DBE1-76D3-E459-2D24-8EDCEE263300","transform":{"columns":[[-0.05619482,-0.018574031,0.99824685,0],[-0.9983965,-0.005766822,-0.056310464,0],[0.0068026027,-0.99981076,-0.018220173,0],[1.2000747,0.0021531507,-0.10948193,0.9999998]]},"name":"Car"}},{"content":{"name":"Car","transform":{"columns":[[-0.05619482,-0.018574031,0.99824685,0],[-0.9983965,-0.005766822,-0.056310464,0],[0.0068026027,-0.99981076,-0.018220173,0],[1.2000747,0.0021531507,-0.10948193,0.9999998]]},"identifier":"FF85DBE1-76D3-E459-2D24-8EDCEE263300"},"timestamp":1737479944.502353,"label":"ARImageAnchor didUpdate"},{"timestamp":1737479946.574669,"label":"ARImageAnchor didAdd","content":{"name":"Lenna","transform":{"columns":[[-0.07671555,0.048550837,0.9958702,0],[-0.99692947,0.0119829215,-0.07738134,0],[-0.015690308,-0.9987487,0.04748248,0],[1.0993505,-0.29169008,0.6065128,0.9999999]]},"identifier":"6BAD7D5D-D14A-EF93-1C8B-F6BEC80B8329"}},{"label":"ARImageAnchor didUpdate","timestamp":1737479946.5865169,"content":{"name":"Lenna","identifier":"6BAD7D5D-D14A-EF93-1C8B-F6BEC80B8329","transform":{"columns":[[-0.07671555,0.048550837,0.9958702,0],[-0.99692947,0.0119829215,-0.07738134,0],[-0.015690308,-0.9987487,0.04748248,0],[1.0993505,-0.29169008,0.6065128,0.9999999]]}}},{"content":{"name":"bunny","identifier":"40E0938C-3A22-410A-B9D2-5AE3D4F690AE","transform":{"columns":[[0.056421604,-0.017257642,0.9982578,0],[-0.03957704,0.99902606,0.019507822,0],[-0.9976223,-0.04060875,0.055683717,0],[0.41930106,-0.6930062,-0.18247566,0.9999999]]}},"label":"Bunny didUpdate (ARKit)","timestamp":1737479947.2178621},{"label":"Bunny didUpdate (ARKit)","timestamp":1737479950.1164532,"content":{"transform":{"columns":[[0.056439187,-0.017332051,0.9982556,0],[-0.039594118,0.9990239,0.019583955,0],[-0.9976206,-0.04063035,0.05569786,0],[0.41930643,-0.6929772,-0.1825282,0.9999999]]},"name":"bunny","identifier":"40E0938C-3A22-410A-B9D2-5AE3D4F690AE"}}]