[{"timestamp":1737481948.751118,"label":"Application launched"},{"timestamp":1737481948.7513971,"label":"Initialize ARViewModel"},{"timestamp":1737481948.753262,"label":"Finished Initialize ARViewModel"},{"label":"Initialize RoomManager","timestamp":1737481948.7532911},{"label":"Initialize BeaconManager","timestamp":1737481948.753296},{"timestamp":1737481948.753308,"label":"Fininshed Initialize BeaconManager"},{"label":"Fininshed Initialize RoomManager","timestamp":1737481948.753313},{"label":"Initialize CloudAnchorsManager","timestamp":1737481948.7533169},{"timestamp":1737481948.7533212,"label":"Fininshed Initialize CloudAnchorsManager"},{"timestamp":1737481948.753325,"label":"ContentView Initialize"},{"content":{"name":"Room w\/ the Table","id":"2D11FD77-5009-46EE-B13B-FEF68B77A669"},"label":"Room Update","timestamp":1737481950.7210379},{"timestamp":1737481950.721092,"label":"Pulling CloudAnchors Ids from Backend","content":{"name":"Room w\/ the Table","id":"2D11FD77-5009-46EE-B13B-FEF68B77A669"}},{"label":"Pulled CloudAnchors Ids from Backend","content":{"room":{"id":"2D11FD77-5009-46EE-B13B-FEF68B77A669","name":"Room w\/ the Table"},"cloudAnchorsIds":["ua-0fbf4fbe49eb34950e8e831bfb102bbf"]},"timestamp":1737481950.7970219},{"label":"ARCore Update Bunny Anchor","content":{"transform":{"columns":[[0.97695345,-0.021899216,0.21232608,0],[0.021028128,0.99975866,0.0063601644,0],[-0.21241412,-0.0017487649,0.97717816,0],[0.09249744,-0.7236674,-0.4392203,1]]},"identifier":"C2D588CF-7066-498E-BA8F-44A28905D096"},"timestamp":1737481954.490948},{"label":"Bunny didAdd (ARKit)","timestamp":1737481954.516268,"content":{"name":"bunny","transform":{"columns":[[0.97695345,-0.021899216,0.21232608,0],[0.021028128,0.99975866,0.0063601644,0],[-0.21241412,-0.0017487649,0.97717816,0],[0.09249744,-0.7236674,-0.4392203,1]]},"identifier":"1C21C1B4-ADA9-4B0A-A820-60FB07CB7D5B"}},{"timestamp":1737481955.03905,"label":"ARCore Update Bunny Anchor","content":{"identifier":"C2D588CF-7066-498E-BA8F-44A28905D096","transform":{"columns":[[0.97695345,-0.021899216,0.21232608,0],[0.021028128,0.99975866,0.0063601644,0],[-0.21241412,-0.0017487649,0.97717816,0],[0.09249744,-0.7236674,-0.4392203,1]]}}},{"label":"Bunny didAdd (ARKit)","timestamp":1737481955.0663462,"content":{"identifier":"3D6678CF-E239-4367-BF74-3AF62910D3BA","transform":{"columns":[[0.97695345,-0.021899216,0.21232608,0],[0.021028128,0.99975866,0.0063601644,0],[-0.21241412,-0.0017487649,0.97717816,0],[0.09249744,-0.7236674,-0.4392203,1]]},"name":"bunny"}},{"timestamp":1737481957.149313,"label":"ARImageAnchor didAdd","content":{"identifier":"61BB3DDD-C96C-6E82-3432-BD712CCBCB28","name":"Peppers","transform":{"columns":[[0.99936783,0.020015618,0.02938505,0],[-0.029159497,-0.0114700915,0.9995089,0],[0.02034284,-0.99973375,-0.010879212,0],[-0.24422182,-0.7541927,-0.19412169,1]]}}},{"content":{"name":"Peppers","transform":{"columns":[[0.99936783,0.020015618,0.02938505,0],[-0.029159497,-0.0114700915,0.9995089,0],[0.02034284,-0.99973375,-0.010879212,0],[-0.24422182,-0.7541927,-0.19412169,1]]},"identifier":"61BB3DDD-C96C-6E82-3432-BD712CCBCB28"},"timestamp":1737481957.160829,"label":"ARImageAnchor didUpdate"},{"label":"ARImageAnchor didUpdate","timestamp":1737481957.675795,"content":{"name":"Peppers","identifier":"61BB3DDD-C96C-6E82-3432-BD712CCBCB28","transform":{"columns":[[0.99952817,0.015878892,0.026294336,0],[-0.026150048,-0.009228442,0.99961543,0],[0.016115444,-0.99983126,-0.008808877,0],[-0.25018352,-0.7581481,-0.18752031,1]]}}},{"timestamp":1737481957.692546,"label":"ARImageAnchor didUpdate","content":{"name":"Peppers","transform":{"columns":[[0.99952817,0.015878892,0.026294336,0],[-0.026150048,-0.009228442,0.99961543,0],[0.016115444,-0.99983126,-0.008808877,0],[-0.25018352,-0.7581481,-0.18752031,1]]},"identifier":"61BB3DDD-C96C-6E82-3432-BD712CCBCB28"}},{"timestamp":1737481959.782936,"label":"ARImageAnchor didAdd","content":{"identifier":"088EF783-5990-B052-BE99-B8AA15BA6C68","transform":{"columns":[[0.9960786,-0.01689145,-0.086847104,0],[0.08668678,-0.010005476,0.99618536,0],[-0.017695975,-0.9998072,-0.008501944,0],[-0.9365257,-0.04823394,-0.72234035,1]]},"name":"Earth"}},{"content":{"identifier":"088EF783-5990-B052-BE99-B8AA15BA6C68","name":"Earth","transform":{"columns":[[0.9960786,-0.01689145,-0.086847104,0],[0.08668678,-0.010005476,0.99618536,0],[-0.017695975,-0.9998072,-0.008501944,0],[-0.9365257,-0.04823394,-0.72234035,1]]}},"label":"ARImageAnchor didUpdate","timestamp":1737481959.790092},{"label":"ARImageAnchor didAdd","content":{"identifier":"A19C2489-597B-2BED-432C-244B551E75FD","name":"Mandrill","transform":{"columns":[[0.9985117,0.015058982,-0.052419774,0],[0.051773008,0.04053241,0.99783593,0],[0.0171511,-0.9990647,0.039692424,0],[0.60509825,0.6984011,-0.80756974,1.0000001]]}},"timestamp":1737481965.615759},{"content":{"name":"Mandrill","identifier":"A19C2489-597B-2BED-432C-244B551E75FD","transform":{"columns":[[0.9985117,0.015058982,-0.052419774,0],[0.051773008,0.04053241,0.99783593,0],[0.0171511,-0.9990647,0.039692424,0],[0.60509825,0.6984011,-0.80756974,1.0000001]]}},"label":"ARImageAnchor didUpdate","timestamp":1737481965.633816},{"content":{"identifier":"C35EAC54-3E90-1B97-807B-5E3B8F238DB7","name":"Sailboat","transform":{"columns":[[0.021700637,-0.011452898,-0.9996989,0],[0.99974465,0.006553108,0.021626506,0],[0.0063034296,-0.99991286,0.0115921805,0],[0.42189616,-0.81062436,-0.32339826,1]]}},"timestamp":1737481967.7487822,"label":"ARImageAnchor didAdd"},{"timestamp":1737481967.768289,"label":"ARImageAnchor didUpdate","content":{"name":"Sailboat","transform":{"columns":[[0.021700637,-0.011452898,-0.9996989,0],[0.99974465,0.006553108,0.021626506,0],[0.0063034296,-0.99991286,0.0115921805,0],[0.42189616,-0.81062436,-0.32339826,1]]},"identifier":"C35EAC54-3E90-1B97-807B-5E3B8F238DB7"}},{"label":"ARImageAnchor didUpdate","timestamp":1737481968.2743979,"content":{"transform":{"columns":[[0.017603794,-0.01098866,-0.9997846,0],[0.9998415,0.0028234595,0.017573722,0],[0.0026298526,-0.99993545,0.011036646,0],[0.42523497,-0.81787217,-0.32305348,1]]},"name":"Sailboat","identifier":"C35EAC54-3E90-1B97-807B-5E3B8F238DB7"}},{"timestamp":1737481968.300727,"content":{"identifier":"C35EAC54-3E90-1B97-807B-5E3B8F238DB7","transform":{"columns":[[0.017603794,-0.01098866,-0.9997846,0],[0.9998415,0.0028234595,0.017573722,0],[0.0026298526,-0.99993545,0.011036646,0],[0.42523497,-0.81787217,-0.32305348,1]]},"name":"Sailboat"},"label":"ARImageAnchor didUpdate"},{"timestamp":1737481969.317727,"content":{"name":"Car","identifier":"FF85DBE1-76D3-E459-2D24-8EDCEE263300","transform":{"columns":[[0.08929789,-0.01951685,0.9958138,0],[-0.995909,0.012128748,0.08954413,0],[-0.0138256,-0.99973583,-0.018353954,0],[1.5427456,0.0114495605,-0.4337818,1]]}},"label":"ARImageAnchor didAdd"},{"label":"ARImageAnchor didUpdate","content":{"transform":{"columns":[[0.08929789,-0.01951685,0.9958138,0],[-0.995909,0.012128748,0.08954413,0],[-0.0138256,-0.99973583,-0.018353954,0],[1.5427456,0.0114495605,-0.4337818,1]]},"name":"Car","identifier":"FF85DBE1-76D3-E459-2D24-8EDCEE263300"},"timestamp":1737481969.32389},{"timestamp":1737481969.850366,"content":{"identifier":"FF85DBE1-76D3-E459-2D24-8EDCEE263300","name":"Car","transform":{"columns":[[0.057416756,-0.015985465,0.9982223,0],[-0.99830765,0.008320777,0.057555016,0],[-0.009226047,-0.9998375,-0.01548068,0],[1.547567,0.0052044056,-0.4231601,1]]}},"label":"ARImageAnchor didUpdate"},{"label":"ARImageAnchor didUpdate","content":{"name":"Car","transform":{"columns":[[0.057416756,-0.015985465,0.9982223,0],[-0.99830765,0.008320777,0.057555016,0],[-0.009226047,-0.9998375,-0.01548068,0],[1.547567,0.0052044056,-0.4231601,1]]},"identifier":"FF85DBE1-76D3-E459-2D24-8EDCEE263300"},"timestamp":1737481969.857516},{"timestamp":1737481971.431906,"label":"ARImageAnchor didAdd","content":{"identifier":"6BAD7D5D-D14A-EF93-1C8B-F6BEC80B8329","name":"Lenna","transform":{"columns":[[0.0370845,0.045967743,0.9982545,0],[-0.9993053,0.005414546,0.036874205,0],[-0.0037100415,-0.9989282,0.046136614,0],[1.5337063,-0.28982502,0.29784283,1]]}}},{"content":{"transform":{"columns":[[0.0370845,0.045967743,0.9982545,0],[-0.9993053,0.005414546,0.036874205,0],[-0.0037100415,-0.9989282,0.046136614,0],[1.5337063,-0.28982502,0.29784283,1]]},"name":"Lenna","identifier":"6BAD7D5D-D14A-EF93-1C8B-F6BEC80B8329"},"timestamp":1737481971.442538,"label":"ARImageAnchor didUpdate"}]