[{"timestamp":1737482203.596096,"label":"Application launched"},{"label":"Initialize ARViewModel","timestamp":1737482203.5961828},{"timestamp":1737482203.5970469,"label":"Finished Initialize ARViewModel"},{"label":"Initialize RoomManager","timestamp":1737482203.5970569},{"timestamp":1737482203.5970612,"label":"Initialize BeaconManager"},{"label":"Fininshed Initialize BeaconManager","timestamp":1737482203.597076},{"label":"Fininshed Initialize RoomManager","timestamp":1737482203.597081},{"label":"Initialize CloudAnchorsManager","timestamp":1737482203.597085},{"timestamp":1737482203.597089,"label":"Fininshed Initialize CloudAnchorsManager"},{"label":"ContentView Initialize","timestamp":1737482203.597093},{"content":{"id":"2D11FD77-5009-46EE-B13B-FEF68B77A669","name":"Room w\/ the Table"},"timestamp":1737482205.389055,"label":"Room Update"},{"timestamp":1737482205.389155,"content":{"id":"2D11FD77-5009-46EE-B13B-FEF68B77A669","name":"Room w\/ the Table"},"label":"Pulling CloudAnchors Ids from Backend"},{"label":"Pulled CloudAnchors Ids from Backend","timestamp":1737482205.569911,"content":{"cloudAnchorsIds":["ua-0fbf4fbe49eb34950e8e831bfb102bbf"],"room":{"name":"Room w\/ the Table","id":"2D11FD77-5009-46EE-B13B-FEF68B77A669"}}},{"label":"ARCore Update Bunny Anchor","timestamp":1737482216.653319,"content":{"transform":{"columns":[[0.9784799,0.053611636,0.19925562,0],[-0.0619888,0.9974259,0.03603994,0],[-0.19681057,-0.04761598,0.9792846,0],[-0.23481558,-0.61597425,-0.31778577,1]]},"identifier":"75DB26A2-F0A6-42F9-BDD5-0B2A886C1F21"}},{"label":"Bunny didAdd (ARKit)","timestamp":1737482216.668913,"content":{"name":"bunny","identifier":"31F3ACC8-935D-4190-B527-9847266FC408","transform":{"columns":[[0.9784799,0.053611636,0.19925562,0],[-0.0619888,0.9974259,0.03603994,0],[-0.19681057,-0.04761598,0.9792846,0],[-0.23481558,-0.61597425,-0.31778577,1]]}}},{"timestamp":1737482219.335206,"label":"ARImageAnchor didAdd","content":{"transform":{"columns":[[0.9970195,0.009191422,-0.07659846,0],[0.0767698,-0.020024182,0.9968476,0],[0.007628583,-0.99975705,-0.02067021,0],[-0.45379746,-0.7072674,-0.085268535,0.99999994]]},"name":"Peppers","identifier":"61BB3DDD-C96C-6E82-3432-BD712CCBCB28"}},{"content":{"transform":{"columns":[[0.9970195,0.009191422,-0.07659846,0],[0.0767698,-0.020024182,0.9968476,0],[0.007628583,-0.99975705,-0.02067021,0],[-0.45379746,-0.7072674,-0.085268535,0.99999994]]},"name":"Peppers","identifier":"61BB3DDD-C96C-6E82-3432-BD712CCBCB28"},"timestamp":1737482219.3448849,"label":"ARImageAnchor didUpdate"},{"timestamp":1737482221.968554,"content":{"transform":{"columns":[[0.9785264,-0.01877102,-0.20526399,0],[0.20467867,-0.02909153,0.9783966,0],[-0.024336964,-0.9994003,-0.02462481,0],[-1.2031704,0.0075301565,-0.5351121,0.99999994]]},"identifier":"088EF783-5990-B052-BE99-B8AA15BA6C68","name":"Earth"},"label":"ARImageAnchor didAdd"},{"label":"ARImageAnchor didUpdate","content":{"identifier":"088EF783-5990-B052-BE99-B8AA15BA6C68","name":"Earth","transform":{"columns":[[0.9785264,-0.01877102,-0.20526399,0],[0.20467867,-0.02909153,0.9783966,0],[-0.024336964,-0.9994003,-0.02462481,0],[-1.2031704,0.0075301565,-0.5351121,0.99999994]]}},"timestamp":1737482221.975672},{"content":{"transform":{"columns":[[0.9835449,0.011972625,-0.18026608,0],[0.18013698,0.011114394,0.9835787,0],[0.013779571,-0.9998663,0.008774806,0],[0.33204013,0.7515087,-0.8058644,1]]},"identifier":"A19C2489-597B-2BED-432C-244B551E75FD","name":"Mandrill"},"label":"ARImageAnchor didAdd","timestamp":1737482226.720428},{"content":{"name":"Mandrill","transform":{"columns":[[0.9835449,0.011972625,-0.18026608,0],[0.18013698,0.011114394,0.9835787,0],[0.013779571,-0.9998663,0.008774806,0],[0.33204013,0.7515087,-0.8058644,1]]},"identifier":"A19C2489-597B-2BED-432C-244B551E75FD"},"label":"ARImageAnchor didUpdate","timestamp":1737482226.725441},{"timestamp":1737482229.353211,"content":{"name":"Sailboat","identifier":"C35EAC54-3E90-1B97-807B-5E3B8F238DB7","transform":{"columns":[[-0.098794274,-0.0073652714,-0.9950805,0],[0.99510646,-0.0022999418,-0.09877989,0],[-0.0015612274,-0.9999701,0.0075564613,0],[0.21652818,-0.75957215,-0.2956405,0.99999994]]}},"label":"ARImageAnchor didAdd"},{"content":{"name":"Sailboat","transform":{"columns":[[-0.098794274,-0.0073652714,-0.9950805,0],[0.99510646,-0.0022999418,-0.09877989,0],[-0.0015612274,-0.9999701,0.0075564613,0],[0.21652818,-0.75957215,-0.2956405,0.99999994]]},"identifier":"C35EAC54-3E90-1B97-807B-5E3B8F238DB7"},"label":"ARImageAnchor didUpdate","timestamp":1737482229.35947},{"timestamp":1737482230.951205,"content":{"identifier":"FF85DBE1-76D3-E459-2D24-8EDCEE263300","name":"Car","transform":{"columns":[[0.17579472,-0.01607715,0.9842955,0],[-0.98425996,0.015531829,0.176042,0],[-0.018118184,-0.9997499,-0.0130936755,0],[1.3197886,0.06124364,-0.5272436,0.99999994]]}},"label":"ARImageAnchor didAdd"},{"label":"ARImageAnchor didUpdate","content":{"identifier":"FF85DBE1-76D3-E459-2D24-8EDCEE263300","transform":{"columns":[[0.17579472,-0.01607715,0.9842955,0],[-0.98425996,0.015531829,0.176042,0],[-0.018118184,-0.9997499,-0.0130936755,0],[1.3197886,0.06124364,-0.5272436,0.99999994]]},"name":"Car"},"timestamp":1737482230.9609241},{"label":"ARImageAnchor didAdd","content":{"name":"Lenna","identifier":"6BAD7D5D-D14A-EF93-1C8B-F6BEC80B8329","transform":{"columns":[[0.16820593,0.042702127,0.9848265,0],[-0.98575133,0.008247897,0.16800621,0],[-0.0009485143,-0.99905366,0.043481026,0],[1.3880916,-0.233688,0.18850705,1]]}},"timestamp":1737482233.0344791},{"content":{"name":"Lenna","identifier":"6BAD7D5D-D14A-EF93-1C8B-F6BEC80B8329","transform":{"columns":[[0.16820593,0.042702127,0.9848265,0],[-0.98575133,0.008247897,0.16800621,0],[-0.0009485143,-0.99905366,0.043481026,0],[1.3880916,-0.233688,0.18850705,1]]}},"timestamp":1737482233.044836,"label":"ARImageAnchor didUpdate"}]