[{"timestamp":1737483683.0903301,"label":"Application launched"},{"label":"Initialize ARViewModel","timestamp":1737483683.09044},{"label":"Finished Initialize ARViewModel","timestamp":1737483683.094311},{"label":"Initialize RoomManager","timestamp":1737483683.0944061},{"timestamp":1737483683.094421,"label":"Initialize BeaconManager"},{"timestamp":1737483683.094454,"label":"Fininshed Initialize BeaconManager"},{"label":"Fininshed Initialize RoomManager","timestamp":1737483683.09447},{"label":"Initialize CloudAnchorsManager","timestamp":1737483683.094483},{"timestamp":1737483683.094496,"label":"Fininshed Initialize CloudAnchorsManager"},{"label":"ContentView Initialize","timestamp":1737483683.09451},{"label":"Room Update","content":{"id":"2D11FD77-5009-46EE-B13B-FEF68B77A669","name":"Room w\/ the Table"},"timestamp":1737483684.6662822},{"timestamp":1737483684.666318,"content":{"id":"2D11FD77-5009-46EE-B13B-FEF68B77A669","name":"Room w\/ the Table"},"label":"Pulling CloudAnchors Ids from Backend"},{"timestamp":1737483684.8317208,"label":"Pulled CloudAnchors Ids from Backend","content":{"cloudAnchorsIds":["ua-0fbf4fbe49eb34950e8e831bfb102bbf"],"room":{"name":"Room w\/ the Table","id":"2D11FD77-5009-46EE-B13B-FEF68B77A669"}}},{"content":{"transform":{"columns":[[0.9579939,0.033886507,0.2847795,0],[-0.036664683,0.9993178,0.004428528,0],[-0.28443515,-0.014683852,0.9585828,0],[-0.24917714,-0.6707495,-0.440994,1]]},"identifier":"8610BE71-6961-49C6-88F7-D04AEA83AF53"},"timestamp":1737483719.0965152,"label":"ARCore Update Bunny Anchor"},{"timestamp":1737483719.119374,"label":"Bunny didAdd (ARKit)","content":{"identifier":"A54E5F42-0481-4F9B-9C43-67715485B1C4","name":"bunny","transform":{"columns":[[0.9579939,0.033886507,0.2847795,0],[-0.036664683,0.9993178,0.004428528,0],[-0.28443515,-0.014683852,0.9585828,0],[-0.24917714,-0.6707495,-0.440994,1]]}}},{"label":"ARImageAnchor didAdd","content":{"name":"Peppers","identifier":"61BB3DDD-C96C-6E82-3432-BD712CCBCB28","transform":{"columns":[[0.9993612,0.007941443,0.034842983,0],[-0.03471007,-0.01630212,0.99926436,0],[0.008503588,-0.9998355,-0.01601612,0],[-0.4855739,-0.7749728,-0.25292307,1]]}},"timestamp":1737483723.935822},{"timestamp":1737483723.945612,"content":{"identifier":"61BB3DDD-C96C-6E82-3432-BD712CCBCB28","name":"Peppers","transform":{"columns":[[0.9993612,0.007941443,0.034842983,0],[-0.03471007,-0.01630212,0.99926436,0],[0.008503588,-0.9998355,-0.01601612,0],[-0.4855739,-0.7749728,-0.25292307,1]]}},"label":"ARImageAnchor didUpdate"},{"timestamp":1737483727.585679,"content":{"identifier":"088EF783-5990-B052-BE99-B8AA15BA6C68","transform":{"columns":[[0.99410653,-0.019871028,-0.10656981,0],[0.106008224,-0.02744955,0.9939861,0],[-0.022676824,-0.99942553,-0.02518127,0],[-1.1559205,-0.07203885,-0.7643349,1]]},"name":"Earth"},"label":"ARImageAnchor didAdd"},{"content":{"transform":{"columns":[[0.99410653,-0.019871028,-0.10656981,0],[0.106008224,-0.02744955,0.9939861,0],[-0.022676824,-0.99942553,-0.02518127,0],[-1.1559205,-0.07203885,-0.7643349,1]]},"name":"Earth","identifier":"088EF783-5990-B052-BE99-B8AA15BA6C68"},"timestamp":1737483727.60338,"label":"ARImageAnchor didUpdate"},{"content":{"name":"Sailboat","identifier":"C35EAC54-3E90-1B97-807B-5E3B8F238DB7","transform":{"columns":[[0.0052738446,-0.013264365,-0.9998981,0],[0.999984,-0.0019152062,0.005299718,0],[-0.0019852542,-0.99991006,0.013254051,0],[0.19902092,-0.83337575,-0.3682786,0.99999994]]}},"timestamp":1737483731.769352,"label":"ARImageAnchor didAdd"},{"label":"ARImageAnchor didUpdate","timestamp":1737483731.78021,"content":{"name":"Sailboat","identifier":"C35EAC54-3E90-1B97-807B-5E3B8F238DB7","transform":{"columns":[[0.0052738446,-0.013264365,-0.9998981,0],[0.999984,-0.0019152062,0.005299718,0],[-0.0019852542,-0.99991006,0.013254051,0],[0.19902092,-0.83337575,-0.3682786,0.99999994]]}}},{"label":"ARImageAnchor didAdd","timestamp":1737483734.918849,"content":{"transform":{"columns":[[0.9972227,0.007020204,-0.074145205,0],[0.07393931,0.026070667,0.99692184,0],[0.008931608,-0.99963534,0.025479198,0],[0.3552399,0.6535493,-0.87913203,1.0000001]]},"identifier":"A19C2489-597B-2BED-432C-244B551E75FD","name":"Mandrill"}},{"label":"ARImageAnchor didUpdate","timestamp":1737483734.926711,"content":{"transform":{"columns":[[0.9972227,0.007020204,-0.074145205,0],[0.07393931,0.026070667,0.99692184,0],[0.008931608,-0.99963534,0.025479198,0],[0.3552399,0.6535493,-0.87913203,1.0000001]]},"identifier":"A19C2489-597B-2BED-432C-244B551E75FD","name":"Mandrill"}},{"label":"ARImageAnchor didAdd","timestamp":1737483737.053465,"content":{"name":"Car","transform":{"columns":[[0.06669119,-0.01862264,0.99759966,0],[-0.9976783,0.012571827,0.06693108,0],[-0.013788098,-0.9997474,-0.01774097,0],[1.3166437,-0.035427764,-0.49563593,1]]},"identifier":"FF85DBE1-76D3-E459-2D24-8EDCEE263300"}},{"timestamp":1737483737.0609689,"label":"ARImageAnchor didUpdate","content":{"identifier":"FF85DBE1-76D3-E459-2D24-8EDCEE263300","name":"Car","transform":{"columns":[[0.06669119,-0.01862264,0.99759966,0],[-0.9976783,0.012571827,0.06693108,0],[-0.013788098,-0.9997474,-0.01774097,0],[1.3166437,-0.035427764,-0.49563593,1]]}}},{"label":"ARImageAnchor didUpdate","timestamp":1737483737.5775208,"content":{"name":"Car","identifier":"FF85DBE1-76D3-E459-2D24-8EDCEE263300","transform":{"columns":[[0.069233984,-0.020297019,0.9973938,0],[-0.9975265,0.010754582,0.06946203,0],[-0.012136445,-0.9997361,-0.019502219,0],[1.3137313,-0.0347927,-0.49965304,0.99999994]]}}},{"content":{"identifier":"FF85DBE1-76D3-E459-2D24-8EDCEE263300","name":"Car","transform":{"columns":[[0.069233984,-0.020297019,0.9973938,0],[-0.9975265,0.010754582,0.06946203,0],[-0.012136445,-0.9997361,-0.019502219,0],[1.3137313,-0.0347927,-0.49965304,0.99999994]]}},"label":"ARImageAnchor didUpdate","timestamp":1737483737.59432},{"timestamp":1737483739.15196,"label":"ARImageAnchor didAdd","content":{"transform":{"columns":[[0.03919284,0.042699944,0.99831885,0],[-0.99922997,-0.00010151673,0.03923295,0],[0.001776618,-0.99908787,0.04266308,0],[1.3014396,-0.32662344,0.2161017,1]]},"name":"Lenna","identifier":"6BAD7D5D-D14A-EF93-1C8B-F6BEC80B8329"}},{"content":{"name":"Lenna","identifier":"6BAD7D5D-D14A-EF93-1C8B-F6BEC80B8329","transform":{"columns":[[0.03919284,0.042699944,0.99831885,0],[-0.99922997,-0.00010151673,0.03923295,0],[0.001776618,-0.99908787,0.04266308,0],[1.3014396,-0.32662344,0.2161017,1]]}},"label":"ARImageAnchor didUpdate","timestamp":1737483739.1638331},{"content":{"name":"bunny","identifier":"A54E5F42-0481-4F9B-9C43-67715485B1C4","transform":{"columns":[[0.9580567,0.033914797,0.28456518,0],[-0.036792465,0.9993117,0.00477154,0],[-0.28420746,-0.015041259,0.95864475,0],[-0.24917787,-0.6706985,-0.4410901,1]]}},"label":"Bunny didUpdate (ARKit)","timestamp":1737483743.111419},{"label":"Bunny didUpdate (ARKit)","timestamp":1737483743.148608,"content":{"transform":{"columns":[[0.958061,0.03390557,0.28455138,0],[-0.036782783,0.99931204,0.004772103,0],[-0.2841938,-0.0150385555,0.9586488,0],[-0.24946004,-0.6710055,-0.44126958,1.0000001]]},"name":"bunny","identifier":"A54E5F42-0481-4F9B-9C43-67715485B1C4"}}]