[{"timestamp":1742664840.1265411,"label":"Application launched"},{"label":"Initialize ARViewModel","timestamp":1742664840.12662},{"timestamp":1742664840.128542,"label":"Finished Initialize ARViewModel"},{"timestamp":1742664840.128563,"label":"Initialize RoomManager"},{"timestamp":1742664840.128567,"label":"Initialize BeaconManager"},{"timestamp":1742664840.128583,"label":"Fininshed Initialize BeaconManager"},{"timestamp":1742664840.128588,"label":"Fininshed Initialize RoomManager"},{"timestamp":1742664840.128592,"label":"ContentView Initialize"},{"timestamp":1742664840.1290221,"label":"Initialize ARWorldMapManager"},{"label":"Fininshed Initialize ARWorldMapManager","timestamp":1742664840.129043},{"timestamp":1742664840.418505,"label":"Tracking Limited","content":"Tracking is limited due to: initializing"},{"content":{"id":"3F39F93D-AB52-4382-80AA-E0ED5264C1F0","name":"Test Room"},"timestamp":1742664841.417773,"label":"Room Update"},{"label":"Downloading WorldMap","content":{"name":"Test Room","id":"3F39F93D-AB52-4382-80AA-E0ED5264C1F0"},"timestamp":1742664841.417811},{"label":"Finished Downloading WorldMap","content":{"name":"Test Room","id":"3F39F93D-AB52-4382-80AA-E0ED5264C1F0"},"timestamp":1742664842.131586},{"content":"Tracking is limited due to: initializing","timestamp":1742664842.28545,"label":"Tracking Limited"},{"label":"Tracking Limited","timestamp":1742664843.319531,"content":"Tracking is limited due to: relocalizing"},{"label":"Bunny didAdd","content":{"identifier":"B08E24AE-6649-4FDC-AC88-299C0F4ABC29","transform":{"columns":[[0.99652475,-0.0011311637,-0.08328969,0],[0.0012247307,0.99999833,0.0010723146,0],[0.08328837,-0.0011705958,0.9965247,0],[-0.034224045,-0.6027027,-0.3153559,1]]},"name":"bunny"},"timestamp":1742664862.164757},{"content":{"center":[0.18753612,-3.3846943,0.453488],"extent":[3.236483,6.4117274,2.8419452]},"timestamp":1742664862.198488,"label":"Tracking Available"},{"content":{"name":"bunny","identifier":"B08E24AE-6649-4FDC-AC88-299C0F4ABC29","transform":{"columns":[[0.99652475,-0.0011311637,-0.08328969,0],[0.0012247305,0.99999815,0.0010723145,0],[0.08328838,-0.0011705958,0.99652475,0],[-0.034224045,-0.6027027,-0.3153559,1]]}},"timestamp":1742664862.19853,"label":"Bunny didUpdate"},{"content":{"name":"Car","identifier":"FF85DBE1-76D3-E459-2D24-8EDCEE263300","transform":{"columns":[[0.9745632,0.008722499,-0.2239427,0],[0.22401631,-0.008638386,0.974547,0],[0.006565992,-0.9999246,-0.010372647,0],[-0.27516204,-0.657241,0.05020459,1]]}},"timestamp":1742664866.578889,"label":"ARImageAnchor didAdd"},{"label":"ARImageAnchor didUpdate","content":{"name":"Car","identifier":"FF85DBE1-76D3-E459-2D24-8EDCEE263300","transform":{"columns":[[0.9745632,0.008722499,-0.2239427,0],[0.22401631,-0.008638386,0.974547,0],[0.006565992,-0.9999246,-0.010372647,0],[-0.27516204,-0.657241,0.05020459,1]]}},"timestamp":1742664866.612613},{"content":{"name":"Earth","identifier":"088EF783-5990-B052-BE99-B8AA15BA6C68","transform":{"columns":[[0.95839,-0.005384162,-0.2854106,0],[0.28518143,-0.026206162,0.9581149,0],[-0.012638176,-0.9996419,-0.023580262,0],[-1.3664593,0.59741557,-0.19988158,0.9999999]]}},"timestamp":1742664869.197322,"label":"ARImageAnchor didAdd"},{"label":"ARImageAnchor didUpdate","content":{"transform":{"columns":[[0.95839,-0.005384162,-0.2854106,0],[0.28518143,-0.026206162,0.9581149,0],[-0.012638176,-0.9996419,-0.023580262,0],[-1.3664593,0.59741557,-0.19988158,0.9999999]]},"identifier":"088EF783-5990-B052-BE99-B8AA15BA6C68","name":"Earth"},"timestamp":1742664869.201665},{"timestamp":1742664869.7184901,"label":"ARImageAnchor didUpdate","content":{"identifier":"088EF783-5990-B052-BE99-B8AA15BA6C68","transform":{"columns":[[0.9577686,-0.002072175,-0.28753227,0],[0.28747493,-0.014323726,0.9576808,0],[-0.006103013,-0.9998952,-0.013123118,0],[-1.3743174,0.5998115,-0.20205706,0.9999999]]},"name":"Earth"}},{"content":{"transform":{"columns":[[0.9577686,-0.002072175,-0.28753227,0],[0.28747493,-0.014323726,0.9576808,0],[-0.006103013,-0.9998952,-0.013123118,0],[-1.3743174,0.5998115,-0.20205706,0.9999999]]},"identifier":"088EF783-5990-B052-BE99-B8AA15BA6C68","name":"Earth"},"timestamp":1742664869.7354488,"label":"ARImageAnchor didUpdate"},{"timestamp":1742664874.4769979,"content":{"identifier":"6BAD7D5D-D14A-EF93-1C8B-F6BEC80B8329","transform":{"columns":[[-0.2469979,-0.034757048,-0.9683923,0],[0.96894425,-0.021004856,-0.24638474,0],[-0.011777322,-0.99917495,0.038865782,0],[0.38171658,-0.66467386,-0.20895597,0.99999994]]},"name":"Lenna"},"label":"ARImageAnchor didAdd"},{"label":"ARImageAnchor didUpdate","timestamp":1742664874.489139,"content":{"transform":{"columns":[[-0.2469979,-0.034757048,-0.9683923,0],[0.96894425,-0.021004856,-0.24638474,0],[-0.011777322,-0.99917495,0.038865782,0],[0.38171658,-0.66467386,-0.20895597,0.99999994]]},"identifier":"6BAD7D5D-D14A-EF93-1C8B-F6BEC80B8329","name":"Lenna"}},{"timestamp":1742664878.71142,"content":{"transform":{"columns":[[0.96046966,0.0029802124,-0.27836826,0],[0.2783014,0.014113209,0.96039,0],[0.0067908387,-0.9998959,0.012725918,0],[0.390108,0.75724936,-0.7122307,1]]},"name":"Sailboat","identifier":"C35EAC54-3E90-1B97-807B-5E3B8F238DB7"},"label":"ARImageAnchor didAdd"},{"timestamp":1742664878.7173362,"content":{"identifier":"C35EAC54-3E90-1B97-807B-5E3B8F238DB7","name":"Sailboat","transform":{"columns":[[0.96046966,0.0029802124,-0.27836826,0],[0.2783014,0.014113209,0.96039,0],[0.0067908387,-0.9998959,0.012725918,0],[0.390108,0.75724936,-0.7122307,1]]}},"label":"ARImageAnchor didUpdate"},{"content":{"identifier":"A19C2489-597B-2BED-432C-244B551E75FD","name":"Mandrill","transform":{"columns":[[0.26070023,-0.015482457,0.96529555,0],[-0.9645123,0.039164003,0.2611168,0],[-0.041847568,-0.9991128,-0.004722959,0],[1.2299471,0.78307104,-0.36660787,0.99999994]]}},"label":"ARImageAnchor didAdd","timestamp":1742664880.828147},{"content":{"identifier":"A19C2489-597B-2BED-432C-244B551E75FD","name":"Mandrill","transform":{"columns":[[0.26070023,-0.015482457,0.96529555,0],[-0.9645123,0.039164003,0.2611168,0],[-0.041847568,-0.9991128,-0.004722959,0],[1.2299471,0.78307104,-0.36660787,0.99999994]]}},"timestamp":1742664880.835575,"label":"ARImageAnchor didUpdate"},{"content":{"identifier":"61BB3DDD-C96C-6E82-3432-BD712CCBCB28","name":"Peppers","transform":{"columns":[[0.26465183,-0.00685266,0.9643195,0],[-0.96418756,-0.019885693,0.2644743,0],[0.017363816,-0.99977875,-0.011870037,0],[1.4956867,0.16561015,0.32444695,1]]}},"label":"ARImageAnchor didAdd","timestamp":1742664882.909951},{"content":{"transform":{"columns":[[0.26465183,-0.00685266,0.9643195,0],[-0.96418756,-0.019885693,0.2644743,0],[0.017363816,-0.99977875,-0.011870037,0],[1.4956867,0.16561015,0.32444695,1]]},"identifier":"61BB3DDD-C96C-6E82-3432-BD712CCBCB28","name":"Peppers"},"label":"ARImageAnchor didUpdate","timestamp":1742664882.918826}]