[{"timestamp":1742632145.263833,"label":"Application launched"},{"timestamp":1742632145.2639499,"label":"Initialize ARViewModel"},{"timestamp":1742632145.2663221,"label":"Finished Initialize ARViewModel"},{"label":"Initialize RoomManager","timestamp":1742632145.2663841},{"label":"Initialize BeaconManager","timestamp":1742632145.266398},{"label":"Fininshed Initialize BeaconManager","timestamp":1742632145.266433},{"timestamp":1742632145.266449,"label":"Fininshed Initialize RoomManager"},{"label":"ContentView Initialize","timestamp":1742632145.2664618},{"timestamp":1742632145.26757,"label":"Initialize ARWorldMapManager"},{"timestamp":1742632145.267607,"label":"Fininshed Initialize ARWorldMapManager"},{"timestamp":1742632145.6624742,"content":"Tracking is limited due to: initializing","label":"Tracking Limited"},{"timestamp":1742632146.50498,"content":{"id":"3F39F93D-AB52-4382-80AA-E0ED5264C1F0","name":"Test Room"},"label":"Room Update"},{"label":"Downloading WorldMap","timestamp":1742632146.5050402,"content":{"name":"Test Room","id":"3F39F93D-AB52-4382-80AA-E0ED5264C1F0"}},{"label":"Tracking Limited","content":"Tracking is limited due to: excessiveMotion","timestamp":1742632146.5989351},{"timestamp":1742632147.037139,"label":"Finished Downloading WorldMap","content":{"id":"3F39F93D-AB52-4382-80AA-E0ED5264C1F0","name":"Test Room"}},{"label":"Tracking Limited","content":"Tracking is limited due to: initializing","timestamp":1742632147.195108},{"timestamp":1742632148.233186,"content":"Tracking is limited due to: relocalizing","label":"Tracking Limited"},{"content":{"transform":{"columns":[[0.996533,-0.0012840496,-0.083188996,0],[0.0013539256,0.9999986,0.000783564,0],[0.08318789,-0.0008934792,0.99653333,0],[-0.034270495,-0.60270274,-0.31525213,1.0000001]]},"identifier":"B08E24AE-6649-4FDC-AC88-299C0F4ABC29","name":"bunny"},"timestamp":1742632151.323956,"label":"Bunny didAdd"},{"label":"Bunny didUpdate","timestamp":1742632151.80481,"content":{"identifier":"B08E24AE-6649-4FDC-AC88-299C0F4ABC29","transform":{"columns":[[0.99652475,-0.0011311637,-0.08328969,0],[0.0012247307,0.99999833,0.0010723146,0],[0.08328837,-0.0011705958,0.9965247,0],[-0.034224045,-0.6027027,-0.3153559,1]]},"name":"bunny"}},{"timestamp":1742632151.804857,"content":{"extent":[3.3852668,7.7065506,5.4749203],"center":[0.26192796,-2.3626208,-0.86299944]},"label":"Tracking Available"},{"timestamp":1742632152.702317,"content":{"identifier":"B08E24AE-6649-4FDC-AC88-299C0F4ABC29","transform":{"columns":[[0.99587727,-0.0011311636,-0.09070312,0],[0.0012326762,0.99999815,0.0010631707,0],[0.0907018,-0.0011705959,0.99587727,0],[-0.032532487,-0.60210717,-0.31348458,1]]},"name":"bunny"},"label":"Bunny didUpdate"},{"label":"ARImageAnchor didAdd","timestamp":1742632154.3903599,"content":{"transform":{"columns":[[0.97531796,0.009294665,-0.22060871,0],[0.22078238,-0.026931126,0.974951,0],[0.003120614,-0.99959403,-0.028318528,0],[-0.2715098,-0.6684321,0.06807047,1]]},"identifier":"FF85DBE1-76D3-E459-2D24-8EDCEE263300","name":"Car"}},{"timestamp":1742632154.400292,"label":"ARImageAnchor didUpdate","content":{"identifier":"FF85DBE1-76D3-E459-2D24-8EDCEE263300","name":"Car","transform":{"columns":[[0.97531796,0.009294665,-0.22060871,0],[0.22078238,-0.026931126,0.974951,0],[0.003120614,-0.99959403,-0.028318528,0],[-0.2715098,-0.6684321,0.06807047,1]]}}},{"content":{"identifier":"088EF783-5990-B052-BE99-B8AA15BA6C68","name":"Earth","transform":{"columns":[[0.9619767,-0.00524859,-0.27308047,0],[0.27298304,-0.014425006,0.9619105,0],[-0.00898786,-0.99988216,-0.012443729,0],[-1.3653595,0.5924126,-0.1835382,0.9999999]]}},"timestamp":1742632158.12351,"label":"ARImageAnchor didAdd"},{"content":{"transform":{"columns":[[0.9619767,-0.00524859,-0.27308047,0],[0.27298304,-0.014425006,0.9619105,0],[-0.00898786,-0.99988216,-0.012443729,0],[-1.3653595,0.5924126,-0.1835382,0.9999999]]},"name":"Earth","identifier":"088EF783-5990-B052-BE99-B8AA15BA6C68"},"timestamp":1742632158.130944,"label":"ARImageAnchor didUpdate"},{"timestamp":1742632159.164382,"content":{"identifier":"088EF783-5990-B052-BE99-B8AA15BA6C68","name":"Earth","transform":{"columns":[[0.95496833,0.0023464425,-0.29669785,0],[0.29667306,-0.02271304,0.9547088,0],[-0.0044987453,-0.9997392,-0.022386385,0],[-1.3759708,0.59440655,-0.19443172,0.99999994]]}},"label":"ARImageAnchor didUpdate"},{"label":"ARImageAnchor didUpdate","content":{"transform":{"columns":[[0.95496833,0.0023464425,-0.29669785,0],[0.29667306,-0.02271304,0.9547088,0],[-0.0044987453,-0.9997392,-0.022386385,0],[-1.3759708,0.59440655,-0.19443172,0.99999994]]},"identifier":"088EF783-5990-B052-BE99-B8AA15BA6C68","name":"Earth"},"timestamp":1742632159.197998},{"label":"ARImageAnchor didAdd","content":{"name":"Lenna","identifier":"6BAD7D5D-D14A-EF93-1C8B-F6BEC80B8329","transform":{"columns":[[-0.2269207,-0.034095466,-0.973316,0],[0.97391057,-0.005680072,-0.22686034,0],[0.0022064045,-0.9994024,0.034494866,0],[0.40718785,-0.66934294,-0.20767787,1]]}},"timestamp":1742632163.9897308},{"timestamp":1742632163.9967241,"content":{"transform":{"columns":[[-0.2269207,-0.034095466,-0.973316,0],[0.97391057,-0.005680072,-0.22686034,0],[0.0022064045,-0.9994024,0.034494866,0],[0.40718785,-0.66934294,-0.20767787,1]]},"name":"Lenna","identifier":"6BAD7D5D-D14A-EF93-1C8B-F6BEC80B8329"},"label":"ARImageAnchor didUpdate"},{"content":{"name":"Lenna","identifier":"6BAD7D5D-D14A-EF93-1C8B-F6BEC80B8329","transform":{"columns":[[-0.24892698,-0.033736795,-0.9679343,0],[0.96851707,-0.011880606,-0.24866275,0],[-0.0031105687,-0.99936,0.03563207,0],[0.41058293,-0.66243124,-0.20817842,1]]}},"label":"ARImageAnchor didUpdate","timestamp":1742632164.495603},{"label":"ARImageAnchor didUpdate","timestamp":1742632164.531513,"content":{"transform":{"columns":[[-0.24892698,-0.033736795,-0.9679343,0],[0.96851707,-0.011880606,-0.24866275,0],[-0.0031105687,-0.99936,0.03563207,0],[0.41058293,-0.66243124,-0.20817842,1]]},"name":"Lenna","identifier":"6BAD7D5D-D14A-EF93-1C8B-F6BEC80B8329"}},{"timestamp":1742632167.139608,"label":"ARImageAnchor didAdd","content":{"transform":{"columns":[[0.96320844,0.0009015558,-0.2687535,0],[0.26849642,0.040628456,0.96242326,0],[0.011786703,-0.9991739,0.038891632,0],[0.39791682,0.76593393,-0.7267803,0.99999994]]},"identifier":"C35EAC54-3E90-1B97-807B-5E3B8F238DB7","name":"Sailboat"}},{"label":"ARImageAnchor didUpdate","content":{"name":"Sailboat","identifier":"C35EAC54-3E90-1B97-807B-5E3B8F238DB7","transform":{"columns":[[0.96320844,0.0009015558,-0.2687535,0],[0.26849642,0.040628456,0.96242326,0],[0.011786703,-0.9991739,0.038891632,0],[0.39791682,0.76593393,-0.7267803,0.99999994]]}},"timestamp":1742632167.147887},{"timestamp":1742632169.2560802,"content":{"transform":{"columns":[[0.2802222,-0.015693665,0.9598066,0],[-0.9584602,0.0508287,0.28066015,0],[-0.05319031,-0.99858403,-0.00079840666,0],[1.2536846,0.79263854,-0.38881195,1]]},"identifier":"A19C2489-597B-2BED-432C-244B551E75FD","name":"Mandrill"},"label":"ARImageAnchor didAdd"},{"label":"ARImageAnchor didUpdate","timestamp":1742632169.264268,"content":{"transform":{"columns":[[0.2802222,-0.015693665,0.9598066,0],[-0.9584602,0.0508287,0.28066015,0],[-0.05319031,-0.99858403,-0.00079840666,0],[1.2536846,0.79263854,-0.38881195,1]]},"identifier":"A19C2489-597B-2BED-432C-244B551E75FD","name":"Mandrill"}},{"content":{"name":"Peppers","identifier":"61BB3DDD-C96C-6E82-3432-BD712CCBCB28","transform":{"columns":[[0.28057656,-0.0069343084,0.9598064,0],[-0.95983136,-0.001583652,0.28057235,0],[-0.0004255868,-0.9999746,-0.007100103,0],[1.5254345,0.17502877,0.30225933,0.99999994]]}},"label":"ARImageAnchor didAdd","timestamp":1742632171.889247},{"timestamp":1742632171.90043,"content":{"name":"Peppers","identifier":"61BB3DDD-C96C-6E82-3432-BD712CCBCB28","transform":{"columns":[[0.28057656,-0.0069343084,0.9598064,0],[-0.95983136,-0.001583652,0.28057235,0],[-0.0004255868,-0.9999746,-0.007100103,0],[1.5254345,0.17502877,0.30225933,0.99999994]]}},"label":"ARImageAnchor didUpdate"},{"content":{"transform":{"columns":[[0.9958772,-0.0011311634,-0.090703115,0],[0.001232676,0.999998,0.0010631705,0],[0.090701796,-0.0011705959,0.9958772,0],[-0.032532487,-0.60210717,-0.31348458,1]]},"name":"bunny","identifier":"B08E24AE-6649-4FDC-AC88-299C0F4ABC29"},"timestamp":1742632179.082347,"label":"Bunny didUpdate"},{"content":{"identifier":"FF85DBE1-76D3-E459-2D24-8EDCEE263300","name":"Car","transform":{"columns":[[0.9707005,0.003463329,-0.24026611,0],[0.240291,-0.014829027,0.97058743,0],[-0.0002014166,-0.9998839,-0.015226726,0],[-0.27181914,-0.67052525,0.027444422,0.9999998]]}},"timestamp":1742632180.8474212,"label":"ARImageAnchor didUpdate"},{"label":"ARImageAnchor didUpdate","content":{"transform":{"columns":[[0.9707005,0.003463329,-0.24026611,0],[0.240291,-0.014829027,0.97058743,0],[-0.0002014166,-0.9998839,-0.015226726,0],[-0.27181914,-0.67052525,0.027444422,0.9999998]]},"name":"Car","identifier":"FF85DBE1-76D3-E459-2D24-8EDCEE263300"},"timestamp":1742632180.864499},{"timestamp":1742632184.483731,"label":"Bunny didUpdate","content":{"identifier":"B08E24AE-6649-4FDC-AC88-299C0F4ABC29","transform":{"columns":[[0.99587715,-0.0011311634,-0.09070311,0],[0.0012326757,0.9999978,0.0010631704,0],[0.09070179,-0.0011705958,0.99587715,0],[-0.032532487,-0.60210717,-0.31348458,1]]},"name":"bunny"}},{"label":"ARImageAnchor didUpdate","content":{"identifier":"088EF783-5990-B052-BE99-B8AA15BA6C68","transform":{"columns":[[0.95761335,-0.0031288015,-0.28803897,0],[0.28803295,-0.0022449128,0.95761764,0],[-0.003642829,-0.99999243,-0.00124856,0],[-1.3999809,0.5840276,-0.24544096,0.99999994]]},"name":"Earth"},"timestamp":1742632188.74682},{"timestamp":1742632188.763612,"label":"ARImageAnchor didUpdate","content":{"name":"Earth","transform":{"columns":[[0.95761335,-0.0031288015,-0.28803897,0],[0.28803295,-0.0022449128,0.95761764,0],[-0.003642829,-0.99999243,-0.00124856,0],[-1.3999809,0.5840276,-0.24544096,0.99999994]]},"identifier":"088EF783-5990-B052-BE99-B8AA15BA6C68"}},{"label":"ARImageAnchor didUpdate","content":{"name":"Earth","transform":{"columns":[[0.9608923,-0.0048417933,-0.27687928,0],[0.27689642,0.0033014398,0.96089387,0],[-0.0037383628,-0.9999828,0.00451299,0],[-1.3916309,0.58722186,-0.23149738,0.99999994]]},"identifier":"088EF783-5990-B052-BE99-B8AA15BA6C68"},"timestamp":1742632189.2973552},{"label":"ARImageAnchor didUpdate","content":{"transform":{"columns":[[0.9608923,-0.0048417933,-0.27687928,0],[0.27689642,0.0033014398,0.96089387,0],[-0.0037383628,-0.9999828,0.00451299,0],[-1.3916309,0.58722186,-0.23149738,0.99999994]]},"name":"Earth","identifier":"088EF783-5990-B052-BE99-B8AA15BA6C68"},"timestamp":1742632189.313737},{"label":"Bunny didUpdate","content":{"identifier":"B08E24AE-6649-4FDC-AC88-299C0F4ABC29","transform":{"columns":[[0.9958771,-0.0011311633,-0.09070311,0],[0.0012326756,0.9999976,0.0010631701,0],[0.09070178,-0.0011705958,0.9958771,0],[-0.032532487,-0.60210717,-0.31348458,1]]},"name":"bunny"},"timestamp":1742632192.080812}]