[{"timestamp":1742674666.1406422,"label":"Application launched"},{"label":"Initialize ARViewModel","timestamp":1742674666.140765},{"timestamp":1742674666.1424952,"label":"Finished Initialize ARViewModel"},{"label":"Initialize RoomManager","timestamp":1742674666.142518},{"timestamp":1742674666.142523,"label":"Initialize BeaconManager"},{"timestamp":1742674666.14254,"label":"Fininshed Initialize BeaconManager"},{"timestamp":1742674666.142545,"label":"Fininshed Initialize RoomManager"},{"timestamp":1742674666.142549,"label":"ContentView Initialize"},{"timestamp":1742674666.144404,"label":"Initialize ARWorldMapManager"},{"label":"Fininshed Initialize ARWorldMapManager","timestamp":1742674666.144435},{"timestamp":1742674666.154048,"content":"Tracking is limited due to: initializing","label":"Tracking Limited"},{"timestamp":1742674666.19326,"label":"Tracking Not Available"},{"label":"Tracking Limited","content":"Tracking is limited due to: initializing","timestamp":1742674666.210135},{"content":{"id":"3F39F93D-AB52-4382-80AA-E0ED5264C1F0","name":"Test Room"},"label":"Room Update","timestamp":1742674667.690126},{"label":"Downloading WorldMap","timestamp":1742674667.690174,"content":{"name":"Test Room","id":"3F39F93D-AB52-4382-80AA-E0ED5264C1F0"}},{"content":{"name":"Test Room","id":"3F39F93D-AB52-4382-80AA-E0ED5264C1F0"},"timestamp":1742674668.413272,"label":"Finished Downloading WorldMap"},{"content":"Tracking is limited due to: initializing","timestamp":1742674668.562691,"label":"Tracking Limited"},{"timestamp":1742674669.7113419,"label":"Tracking Limited","content":"Tracking is limited due to: relocalizing"},{"content":{"name":"bunny","identifier":"B08E24AE-6649-4FDC-AC88-299C0F4ABC29","transform":{"columns":[[0.99652475,-0.0011311637,-0.08328969,0],[0.0012247307,0.99999833,0.0010723146,0],[0.08328837,-0.0011705958,0.9965247,0],[-0.034224045,-0.6027027,-0.3153559,1]]}},"label":"Bunny didAdd","timestamp":1742674671.858574},{"content":{"center":[-0.30104733,-3.4131691,0.45404088],"extent":[3.5354156,6.354778,2.8408394]},"timestamp":1742674671.8792372,"label":"Tracking Available"},{"timestamp":1742674671.87927,"label":"Bunny didUpdate","content":{"identifier":"B08E24AE-6649-4FDC-AC88-299C0F4ABC29","transform":{"columns":[[0.99652475,-0.0011311637,-0.08328969,0],[0.0012247305,0.99999815,0.0010723145,0],[0.08328838,-0.0011705958,0.99652475,0],[-0.034224045,-0.6027027,-0.3153559,1]]},"name":"bunny"}},{"content":{"identifier":"FF85DBE1-76D3-E459-2D24-8EDCEE263300","name":"Car","transform":{"columns":[[0.9778658,0.0086469045,-0.20905367,0],[0.20912632,-0.008576822,0.9778509,0],[0.006662356,-0.9999258,-0.010195276,0],[-0.2824252,-0.65583026,0.056947634,1]]}},"timestamp":1742674675.153451,"label":"ARImageAnchor didAdd"},{"timestamp":1742674675.1633968,"content":{"name":"Car","identifier":"FF85DBE1-76D3-E459-2D24-8EDCEE263300","transform":{"columns":[[0.9778658,0.0086469045,-0.20905367,0],[0.20912632,-0.008576822,0.9778509,0],[0.006662356,-0.9999258,-0.010195276,0],[-0.2824252,-0.65583026,0.056947634,1]]}},"label":"ARImageAnchor didUpdate"},{"timestamp":1742674678.853693,"label":"ARImageAnchor didAdd","content":{"transform":{"columns":[[0.9656254,-0.007216274,-0.2598366,0],[0.25948602,-0.032087132,0.96521354,0],[-0.015302658,-0.99945897,-0.029111639,0],[-1.3761953,0.60425055,-0.21635485,1.0000001]]},"name":"Earth","identifier":"088EF783-5990-B052-BE99-B8AA15BA6C68"}},{"timestamp":1742674678.860507,"label":"ARImageAnchor didUpdate","content":{"transform":{"columns":[[0.9656254,-0.007216274,-0.2598366,0],[0.25948602,-0.032087132,0.96521354,0],[-0.015302658,-0.99945897,-0.029111639,0],[-1.3761953,0.60425055,-0.21635485,1.0000001]]},"identifier":"088EF783-5990-B052-BE99-B8AA15BA6C68","name":"Earth"}},{"label":"ARImageAnchor didUpdate","content":{"name":"Earth","identifier":"088EF783-5990-B052-BE99-B8AA15BA6C68","transform":{"columns":[[0.96400046,-0.0023627651,-0.2658889,0],[0.26583874,-0.012796079,0.96393234,0],[-0.0056798877,-0.9999151,-0.011707311,0],[-1.3837373,0.6076433,-0.21762843,0.9999999]]}},"timestamp":1742674679.377085},{"content":{"name":"Earth","transform":{"columns":[[0.96400046,-0.0023627651,-0.2658889,0],[0.26583874,-0.012796079,0.96393234,0],[-0.0056798877,-0.9999151,-0.011707311,0],[-1.3837373,0.6076433,-0.21762843,0.9999999]]},"identifier":"088EF783-5990-B052-BE99-B8AA15BA6C68"},"timestamp":1742674679.394166,"label":"ARImageAnchor didUpdate"},{"timestamp":1742674684.6885881,"label":"ARImageAnchor didAdd","content":{"transform":{"columns":[[-0.2180957,-0.03732015,-0.97521347,0],[0.9758469,-0.021162339,-0.21742749,0],[-0.012523395,-0.99907917,0.041034166,0],[0.39427,-0.6650363,-0.20121913,0.99999994]]},"name":"Lenna","identifier":"6BAD7D5D-D14A-EF93-1C8B-F6BEC80B8329"}},{"label":"ARImageAnchor didUpdate","timestamp":1742674684.695599,"content":{"name":"Lenna","transform":{"columns":[[-0.2180957,-0.03732015,-0.97521347,0],[0.9758469,-0.021162339,-0.21742749,0],[-0.012523395,-0.99907917,0.041034166,0],[0.39427,-0.6650363,-0.20121913,0.99999994]]},"identifier":"6BAD7D5D-D14A-EF93-1C8B-F6BEC80B8329"}},{"label":"ARImageAnchor didAdd","timestamp":1742674688.353266,"content":{"name":"Sailboat","transform":{"columns":[[0.97098213,0.0006506066,-0.23915046,0],[0.23914954,-0.0065432494,0.9709605,0],[-0.00093310536,-0.99997824,-0.0065089623,0],[0.3974981,0.77561915,-0.7002183,1]]},"identifier":"C35EAC54-3E90-1B97-807B-5E3B8F238DB7"}},{"content":{"transform":{"columns":[[0.97098213,0.0006506066,-0.23915046,0],[0.23914954,-0.0065432494,0.9709605,0],[-0.00093310536,-0.99997824,-0.0065089623,0],[0.3974981,0.77561915,-0.7002183,1]]},"name":"Sailboat","identifier":"C35EAC54-3E90-1B97-807B-5E3B8F238DB7"},"timestamp":1742674688.370928,"label":"ARImageAnchor didUpdate"},{"label":"ARImageAnchor didAdd","timestamp":1742674690.4570131,"content":{"name":"Mandrill","identifier":"A19C2489-597B-2BED-432C-244B551E75FD","transform":{"columns":[[0.23087737,-0.012578942,0.9729014,0],[-0.9718531,0.04518846,0.23121281,0],[-0.04687233,-0.9988992,-0.0017918932,0],[1.2343011,0.79795283,-0.33251143,1]]}}},{"content":{"identifier":"A19C2489-597B-2BED-432C-244B551E75FD","transform":{"columns":[[0.23087737,-0.012578942,0.9729014,0],[-0.9718531,0.04518846,0.23121281,0],[-0.04687233,-0.9988992,-0.0017918932,0],[1.2343011,0.79795283,-0.33251143,1]]},"name":"Mandrill"},"label":"ARImageAnchor didUpdate","timestamp":1742674690.460826},{"content":{"name":"Peppers","identifier":"61BB3DDD-C96C-6E82-3432-BD712CCBCB28","transform":{"columns":[[0.24611127,-0.007153549,0.969215,0],[-0.9691979,-0.011281108,0.24602364,0],[0.009173881,-0.99991065,-0.009709614,0],[1.4867265,0.18270363,0.35904095,1]]}},"label":"ARImageAnchor didAdd","timestamp":1742674692.553005},{"content":{"name":"Peppers","identifier":"61BB3DDD-C96C-6E82-3432-BD712CCBCB28","transform":{"columns":[[0.24611127,-0.007153549,0.969215,0],[-0.9691979,-0.011281108,0.24602364,0],[0.009173881,-0.99991065,-0.009709614,0],[1.4867265,0.18270363,0.35904095,1]]}},"label":"ARImageAnchor didUpdate","timestamp":1742674692.562007},{"label":"ARImageAnchor didUpdate","content":{"transform":{"columns":[[0.23735264,-0.018697916,0.97124344,0],[-0.96951765,0.058036443,0.23804814,0],[-0.060818534,-0.9981393,-0.0043528597,0],[1.2703273,0.80918664,-0.32632813,1]]},"name":"Mandrill","identifier":"A19C2489-597B-2BED-432C-244B551E75FD"},"timestamp":1742674699.9543672},{"content":{"transform":{"columns":[[0.23735264,-0.018697916,0.97124344,0],[-0.96951765,0.058036443,0.23804814,0],[-0.060818534,-0.9981393,-0.0043528597,0],[1.2703273,0.80918664,-0.32632813,1]]},"identifier":"A19C2489-597B-2BED-432C-244B551E75FD","name":"Mandrill"},"label":"ARImageAnchor didUpdate","timestamp":1742674699.9606829},{"label":"Bunny didUpdate","content":{"transform":{"columns":[[0.99652475,-0.0011311637,-0.083289705,0],[0.0012247302,0.999998,0.0010723142,0],[0.08328839,-0.0011705959,0.9965248,0],[-0.034224015,-0.6027027,-0.31535587,1]]},"name":"bunny","identifier":"B08E24AE-6649-4FDC-AC88-299C0F4ABC29"},"timestamp":1742674702.0209022},{"content":{"name":"Earth","identifier":"088EF783-5990-B052-BE99-B8AA15BA6C68","transform":{"columns":[[0.9658332,-0.004751476,-0.25912073,0],[0.258975,-0.020508526,0.9656662,0],[-0.009902519,-0.9997784,-0.018577302,0],[-1.390707,0.6010482,-0.24114755,1]]}},"label":"ARImageAnchor didUpdate","timestamp":1742674704.1874142},{"label":"ARImageAnchor didUpdate","timestamp":1742674704.193275,"content":{"identifier":"088EF783-5990-B052-BE99-B8AA15BA6C68","name":"Earth","transform":{"columns":[[0.9658332,-0.004751476,-0.25912073,0],[0.258975,-0.020508526,0.9656662,0],[-0.009902519,-0.9997784,-0.018577302,0],[-1.390707,0.6010482,-0.24114755,1]]}}},{"timestamp":1742674705.244873,"label":"ARImageAnchor didUpdate","content":{"identifier":"088EF783-5990-B052-BE99-B8AA15BA6C68","transform":{"columns":[[0.97539514,-0.0036514131,-0.22043282,0],[0.22034095,-0.017126197,0.9752725,0],[-0.007336294,-0.9998466,-0.015900262,0],[-1.3855453,0.6086652,-0.22416042,1]]},"name":"Earth"}},{"label":"ARImageAnchor didUpdate","timestamp":1742674705.270977,"content":{"identifier":"088EF783-5990-B052-BE99-B8AA15BA6C68","transform":{"columns":[[0.97539514,-0.0036514131,-0.22043282,0],[0.22034095,-0.017126197,0.9752725,0],[-0.007336294,-0.9998466,-0.015900262,0],[-1.3855453,0.6086652,-0.22416042,1]]},"name":"Earth"}},{"content":{"identifier":"B08E24AE-6649-4FDC-AC88-299C0F4ABC29","transform":{"columns":[[0.99652475,-0.0011311637,-0.08328945,0],[0.0012247297,0.9999978,0.0010723142,0],[0.08328813,-0.001170596,0.9965248,0],[-0.034223948,-0.60270256,-0.3153555,1]]},"name":"bunny"},"timestamp":1742674705.3042068,"label":"Bunny didUpdate"},{"label":"Bunny didUpdate","content":{"transform":{"columns":[[0.99652475,-0.0011311637,-0.08328965,0],[0.0012247298,0.9999976,0.0010723138,0],[0.08328834,-0.001170596,0.9965248,0],[-0.034224056,-0.6027027,-0.3153559,1]]},"name":"bunny","identifier":"B08E24AE-6649-4FDC-AC88-299C0F4ABC29"},"timestamp":1742674709.496107},{"timestamp":1742674715.776969,"label":"ARImageAnchor didUpdate","content":{"identifier":"A19C2489-597B-2BED-432C-244B551E75FD","transform":{"columns":[[0.23637432,-0.015296296,0.9715415,0],[-0.9704668,0.04586168,0.23683491,0],[-0.048179235,-0.99883056,-0.004004024,0],[1.2496939,0.79701054,-0.33052582,1]]},"name":"Mandrill"}},{"label":"ARImageAnchor didUpdate","content":{"identifier":"A19C2489-597B-2BED-432C-244B551E75FD","transform":{"columns":[[0.23637432,-0.015296296,0.9715415,0],[-0.9704668,0.04586168,0.23683491,0],[-0.048179235,-0.99883056,-0.004004024,0],[1.2496939,0.79701054,-0.33052582,1]]},"name":"Mandrill"},"timestamp":1742674715.804233},{"label":"ARImageAnchor didUpdate","timestamp":1742674717.344276,"content":{"identifier":"61BB3DDD-C96C-6E82-3432-BD712CCBCB28","name":"Peppers","transform":{"columns":[[0.25199494,-0.0067322752,0.96770495,0],[-0.9677214,-0.005549437,0.2519606,0],[0.0036739614,-0.9999619,-0.007913398,0],[1.5000176,0.17655037,0.36625835,0.99999994]]}}},{"label":"ARImageAnchor didUpdate","timestamp":1742674717.3624558,"content":{"name":"Peppers","transform":{"columns":[[0.25199494,-0.0067322752,0.96770495,0],[-0.9677214,-0.005549437,0.2519606,0],[0.0036739614,-0.9999619,-0.007913398,0],[1.5000176,0.17655037,0.36625835,0.99999994]]},"identifier":"61BB3DDD-C96C-6E82-3432-BD712CCBCB28"}}]