[{"label":"Application launched","timestamp":1742658606.938488},{"timestamp":1742658606.938583,"label":"Initialize ARViewModel"},{"timestamp":1742658606.9393392,"label":"Finished Initialize ARViewModel"},{"timestamp":1742658606.939352,"label":"Initialize RoomManager"},{"label":"Initialize BeaconManager","timestamp":1742658606.9393559},{"label":"Fininshed Initialize BeaconManager","timestamp":1742658606.939369},{"timestamp":1742658606.939374,"label":"Fininshed Initialize RoomManager"},{"label":"ContentView Initialize","timestamp":1742658606.939378},{"timestamp":1742658606.939702,"label":"Initialize ARWorldMapManager"},{"label":"Fininshed Initialize ARWorldMapManager","timestamp":1742658606.939708},{"content":"Tracking is limited due to: initializing","label":"Tracking Limited","timestamp":1742658607.287281},{"timestamp":1742658608.270763,"label":"Room Update","content":{"name":"Test Room","id":"3F39F93D-AB52-4382-80AA-E0ED5264C1F0"}},{"timestamp":1742658608.270792,"label":"Downloading WorldMap","content":{"id":"3F39F93D-AB52-4382-80AA-E0ED5264C1F0","name":"Test Room"}},{"label":"Finished Downloading WorldMap","content":{"id":"3F39F93D-AB52-4382-80AA-E0ED5264C1F0","name":"Test Room"},"timestamp":1742658608.7453098},{"timestamp":1742658608.904119,"label":"Tracking Limited","content":"Tracking is limited due to: initializing"},{"label":"Tracking Limited","content":"Tracking is limited due to: relocalizing","timestamp":1742658609.9365811},{"timestamp":1742658612.157679,"content":{"name":"bunny","identifier":"B08E24AE-6649-4FDC-AC88-299C0F4ABC29","transform":{"columns":[[0.99652475,-0.0011311637,-0.08328969,0],[0.0012247307,0.99999833,0.0010723146,0],[0.08328837,-0.0011705958,0.9965247,0],[-0.034224045,-0.6027027,-0.3153559,1]]}},"label":"Bunny didAdd"},{"label":"Tracking Available","content":{"center":[0.017977595,-3.4131691,0.45404088],"extent":[2.897366,6.354778,2.8408394]},"timestamp":1742658612.2083101},{"timestamp":1742658612.212628,"content":{"name":"bunny","identifier":"B08E24AE-6649-4FDC-AC88-299C0F4ABC29","transform":{"columns":[[0.99652475,-0.0011311637,-0.08328969,0],[0.0012247305,0.99999815,0.0010723145,0],[0.08328838,-0.0011705958,0.99652475,0],[-0.034224045,-0.6027027,-0.3153559,1]]}},"label":"Bunny didUpdate"},{"content":{"identifier":"FF85DBE1-76D3-E459-2D24-8EDCEE263300","transform":{"columns":[[0.9737735,0.013449519,-0.22712144,0],[0.22677156,0.023493083,0.97366446,0],[0.018431094,-0.99963343,0.019826984,0],[-0.26884073,-0.65873563,0.060453102,1]]},"name":"Car"},"label":"ARImageAnchor didAdd","timestamp":1742658614.396514},{"label":"ARImageAnchor didUpdate","content":{"identifier":"FF85DBE1-76D3-E459-2D24-8EDCEE263300","name":"Car","transform":{"columns":[[0.9737735,0.013449519,-0.22712144,0],[0.22677156,0.023493083,0.97366446,0],[0.018431094,-0.99963343,0.019826984,0],[-0.26884073,-0.65873563,0.060453102,1]]}},"timestamp":1742658614.4090018},{"label":"ARImageAnchor didUpdate","content":{"transform":{"columns":[[0.9714463,0.014255608,-0.23683076,0],[0.23667409,0.0118474355,0.9715166,0],[0.01665538,-0.9998281,0.008135233,0],[-0.26925206,-0.6542178,0.059282765,1]]},"name":"Car","identifier":"FF85DBE1-76D3-E459-2D24-8EDCEE263300"},"timestamp":1742658614.907882},{"label":"ARImageAnchor didUpdate","timestamp":1742658614.924274,"content":{"name":"Car","identifier":"FF85DBE1-76D3-E459-2D24-8EDCEE263300","transform":{"columns":[[0.9714463,0.014255608,-0.23683076,0],[0.23667409,0.0118474355,0.9715166,0],[0.01665538,-0.9998281,0.008135233,0],[-0.26925206,-0.6542178,0.059282765,1]]}}},{"timestamp":1742658618.079634,"label":"ARImageAnchor didAdd","content":{"identifier":"088EF783-5990-B052-BE99-B8AA15BA6C68","name":"Earth","transform":{"columns":[[0.95577085,0.0016899985,-0.29410705,0],[0.2941066,0.0004995554,0.9557722,0],[0.001762178,-0.99999845,-1.956912e-05,0],[-1.3838739,0.60941076,-0.19002563,0.99999994]]}}},{"timestamp":1742658618.086643,"label":"ARImageAnchor didUpdate","content":{"identifier":"088EF783-5990-B052-BE99-B8AA15BA6C68","name":"Earth","transform":{"columns":[[0.95577085,0.0016899985,-0.29410705,0],[0.2941066,0.0004995554,0.9557722,0],[0.001762178,-0.99999845,-1.956912e-05,0],[-1.3838739,0.60941076,-0.19002563,0.99999994]]}}},{"timestamp":1742658622.296004,"label":"ARImageAnchor didAdd","content":{"identifier":"6BAD7D5D-D14A-EF93-1C8B-F6BEC80B8329","name":"Lenna","transform":{"columns":[[-0.121945135,0.04760906,-0.9913941,0],[0.56728935,0.82296246,-0.030258104,0],[0.8144397,-0.5660973,-0.12736437,0],[0.40052682,-0.6686105,-0.2123301,1]]}}},{"content":{"transform":{"columns":[[-0.121945135,0.04760906,-0.9913941,0],[0.56728935,0.82296246,-0.030258104,0],[0.8144397,-0.5660973,-0.12736437,0],[0.40052682,-0.6686105,-0.2123301,1]]},"identifier":"6BAD7D5D-D14A-EF93-1C8B-F6BEC80B8329","name":"Lenna"},"timestamp":1742658622.30847,"label":"ARImageAnchor didUpdate"},{"timestamp":1742658622.823478,"label":"ARImageAnchor didUpdate","content":{"name":"Lenna","transform":{"columns":[[-0.24147849,-0.035253964,-0.9697655,0],[0.97029924,-0.02359481,-0.24075368,0],[-0.014393899,-0.99909973,0.039904527,0],[0.41315535,-0.659594,-0.21254933,1]]},"identifier":"6BAD7D5D-D14A-EF93-1C8B-F6BEC80B8329"}},{"content":{"name":"Lenna","identifier":"6BAD7D5D-D14A-EF93-1C8B-F6BEC80B8329","transform":{"columns":[[-0.24147849,-0.035253964,-0.9697655,0],[0.97029924,-0.02359481,-0.24075368,0],[-0.014393899,-0.99909973,0.039904527,0],[0.41315535,-0.659594,-0.21254933,1]]}},"timestamp":1742658622.848815,"label":"ARImageAnchor didUpdate"},{"label":"ARImageAnchor didAdd","content":{"name":"Sailboat","identifier":"C35EAC54-3E90-1B97-807B-5E3B8F238DB7","transform":{"columns":[[0.9536878,0.003433065,-0.30077836,0],[0.3007175,0.012243506,0.95363444,0],[0.0069564725,-0.9999191,0.010644108,0],[0.40565133,0.77578896,-0.70927054,1]]}},"timestamp":1742658626.512487},{"label":"ARImageAnchor didUpdate","content":{"name":"Sailboat","transform":{"columns":[[0.9536878,0.003433065,-0.30077836,0],[0.3007175,0.012243506,0.95363444,0],[0.0069564725,-0.9999191,0.010644108,0],[0.40565133,0.77578896,-0.70927054,1]]},"identifier":"C35EAC54-3E90-1B97-807B-5E3B8F238DB7"},"timestamp":1742658626.521564},{"label":"ARImageAnchor didAdd","content":{"identifier":"A19C2489-597B-2BED-432C-244B551E75FD","transform":{"columns":[[0.28883573,-0.016443128,0.9572373,0],[-0.955395,0.05937746,0.28929985,0],[-0.061595317,-0.9981001,0.0014406397,0],[1.252624,0.80230445,-0.36650354,1]]},"name":"Mandrill"},"timestamp":1742658628.649657},{"content":{"identifier":"A19C2489-597B-2BED-432C-244B551E75FD","name":"Mandrill","transform":{"columns":[[0.28883573,-0.016443128,0.9572373,0],[-0.955395,0.05937746,0.28929985,0],[-0.061595317,-0.9981001,0.0014406397,0],[1.252624,0.80230445,-0.36650354,1]]}},"timestamp":1742658628.654839,"label":"ARImageAnchor didUpdate"},{"content":{"transform":{"columns":[[0.23634142,-0.0026465065,0.97166646,0],[-0.9715848,-0.013872392,0.23628382,0],[0.012853975,-0.9999002,-0.005849924,0],[1.5166283,0.18201691,0.3302825,1]]},"name":"Peppers","identifier":"61BB3DDD-C96C-6E82-3432-BD712CCBCB28"},"timestamp":1742658630.732997,"label":"ARImageAnchor didAdd"},{"timestamp":1742658630.7382379,"content":{"transform":{"columns":[[0.23634142,-0.0026465065,0.97166646,0],[-0.9715848,-0.013872392,0.23628382,0],[0.012853975,-0.9999002,-0.005849924,0],[1.5166283,0.18201691,0.3302825,1]]},"name":"Peppers","identifier":"61BB3DDD-C96C-6E82-3432-BD712CCBCB28"},"label":"ARImageAnchor didUpdate"}]