[{"label":"Application launched","timestamp":1742669165.519409},{"label":"Initialize ARViewModel","timestamp":1742669165.5194821},{"label":"Finished Initialize ARViewModel","timestamp":1742669165.521202},{"label":"Initialize RoomManager","timestamp":1742669165.5212588},{"label":"Initialize BeaconManager","timestamp":1742669165.521272},{"label":"Fininshed Initialize BeaconManager","timestamp":1742669165.521308},{"label":"Fininshed Initialize RoomManager","timestamp":1742669165.5213308},{"label":"ContentView Initialize","timestamp":1742669165.521344},{"timestamp":1742669165.5223432,"label":"Initialize ARWorldMapManager"},{"label":"Fininshed Initialize ARWorldMapManager","timestamp":1742669165.522367},{"label":"Tracking Limited","content":"Tracking is limited due to: initializing","timestamp":1742669166.063261},{"timestamp":1742669166.781734,"label":"Room Update","content":{"name":"Test Room","id":"3F39F93D-AB52-4382-80AA-E0ED5264C1F0"}},{"content":{"name":"Test Room","id":"3F39F93D-AB52-4382-80AA-E0ED5264C1F0"},"label":"Downloading WorldMap","timestamp":1742669166.781777},{"content":{"id":"3F39F93D-AB52-4382-80AA-E0ED5264C1F0","name":"Test Room"},"timestamp":1742669167.553514,"label":"Finished Downloading WorldMap"},{"label":"Tracking Limited","content":"Tracking is limited due to: initializing","timestamp":1742669167.697701},{"label":"Tracking Limited","timestamp":1742669168.799314,"content":"Tracking is limited due to: relocalizing"},{"timestamp":1742669275.585285,"content":{"identifier":"B08E24AE-6649-4FDC-AC88-299C0F4ABC29","transform":{"columns":[[0.99652475,-0.0011311637,-0.08328969,0],[0.0012247307,0.99999833,0.0010723146,0],[0.08328837,-0.0011705958,0.9965247,0],[-0.034224045,-0.6027027,-0.3153559,1]]},"name":"bunny"},"label":"Bunny didAdd"},{"label":"Bunny didUpdate","content":{"transform":{"columns":[[0.99652475,-0.0011311637,-0.08328969,0],[0.0012247305,0.99999815,0.0010723145,0],[0.08328838,-0.0011705958,0.99652475,0],[-0.034224045,-0.6027027,-0.3153559,1]]},"name":"bunny","identifier":"B08E24AE-6649-4FDC-AC88-299C0F4ABC29"},"timestamp":1742669276.076799},{"timestamp":1742669276.0768418,"label":"Tracking Available","content":{"center":[-0.128685,-3.3633425,0.28852534],"extent":[4.7910337,6.454431,2.8730476]}},{"content":{"transform":{"columns":[[0.9744445,0.0028732547,-0.22460967,0],[0.2246279,-0.01366123,0.9743487,0],[-0.00026890493,-0.9999025,-0.013957523,0],[-0.27086455,-0.64724696,0.05635269,1]]},"identifier":"FF85DBE1-76D3-E459-2D24-8EDCEE263300","name":"Car"},"timestamp":1742669282.751476,"label":"ARImageAnchor didAdd"},{"timestamp":1742669282.761956,"content":{"identifier":"FF85DBE1-76D3-E459-2D24-8EDCEE263300","name":"Car","transform":{"columns":[[0.9744445,0.0028732547,-0.22460967,0],[0.2246279,-0.01366123,0.9743487,0],[-0.00026890493,-0.9999025,-0.013957523,0],[-0.27086455,-0.64724696,0.05635269,1]]}},"label":"ARImageAnchor didUpdate"},{"content":{"identifier":"088EF783-5990-B052-BE99-B8AA15BA6C68","transform":{"columns":[[0.9617901,-0.0034898126,-0.27376512,0],[0.27374512,-0.0052860864,0.9617876,0],[-0.0048036044,-0.99997985,-0.004128788,0],[-1.3801271,0.6026955,-0.19972882,1]]},"name":"Earth"},"timestamp":1742669285.951431,"label":"ARImageAnchor didAdd"},{"label":"ARImageAnchor didUpdate","content":{"name":"Earth","identifier":"088EF783-5990-B052-BE99-B8AA15BA6C68","transform":{"columns":[[0.9617901,-0.0034898126,-0.27376512,0],[0.27374512,-0.0052860864,0.9617876,0],[-0.0048036044,-0.99997985,-0.004128788,0],[-1.3801271,0.6026955,-0.19972882,1]]}},"timestamp":1742669285.9596581},{"timestamp":1742669286.459769,"content":{"name":"Earth","identifier":"088EF783-5990-B052-BE99-B8AA15BA6C68","transform":{"columns":[[0.96328425,-0.0029121214,-0.2684673,0],[0.2684344,-0.00860148,0.96325946,0],[-0.0051143463,-0.9999587,-0.0075039556,0],[-1.393508,0.6095823,-0.20597404,1]]}},"label":"ARImageAnchor didUpdate"},{"content":{"transform":{"columns":[[0.96328425,-0.0029121214,-0.2684673,0],[0.2684344,-0.00860148,0.96325946,0],[-0.0051143463,-0.9999587,-0.0075039556,0],[-1.393508,0.6095823,-0.20597404,1]]},"name":"Earth","identifier":"088EF783-5990-B052-BE99-B8AA15BA6C68"},"timestamp":1742669286.493921,"label":"ARImageAnchor didUpdate"},{"timestamp":1742669288.764377,"content":{"transform":{"columns":[[0.9965551,-0.0011311637,-0.082926,0],[0.0012243388,0.99999803,0.0010727611,0],[0.08292469,-0.0011705959,0.99655515,0],[-0.034315333,-0.60255474,-0.31508604,1]]},"name":"bunny","identifier":"B08E24AE-6649-4FDC-AC88-299C0F4ABC29"},"label":"Bunny didUpdate"},{"timestamp":1742669289.684591,"content":{"transform":{"columns":[[0.9562767,0.007883529,-0.2923569,0],[0.29214755,0.020682007,0.95614946,0],[0.013584364,-0.9997549,0.017474571,0],[0.40152362,0.78951705,-0.7100632,0.99999994]]},"name":"Sailboat","identifier":"C35EAC54-3E90-1B97-807B-5E3B8F238DB7"},"label":"ARImageAnchor didAdd"},{"label":"ARImageAnchor didUpdate","timestamp":1742669289.69239,"content":{"name":"Sailboat","identifier":"C35EAC54-3E90-1B97-807B-5E3B8F238DB7","transform":{"columns":[[0.9562767,0.007883529,-0.2923569,0],[0.29214755,0.020682007,0.95614946,0],[0.013584364,-0.9997549,0.017474571,0],[0.40152362,0.78951705,-0.7100632,0.99999994]]}}},{"timestamp":1742669292.351235,"content":{"transform":{"columns":[[0.2734425,-0.016125513,0.961753,0],[-0.96020734,0.054508086,0.27391696,0],[-0.056840353,-0.99838305,-0.000578999,0],[1.2430575,0.8151369,-0.37781525,1]]},"identifier":"A19C2489-597B-2BED-432C-244B551E75FD","name":"Mandrill"},"label":"ARImageAnchor didAdd"},{"label":"ARImageAnchor didUpdate","timestamp":1742669292.358185,"content":{"identifier":"A19C2489-597B-2BED-432C-244B551E75FD","transform":{"columns":[[0.2734425,-0.016125513,0.961753,0],[-0.96020734,0.054508086,0.27391696,0],[-0.056840353,-0.99838305,-0.000578999,0],[1.2430575,0.8151369,-0.37781525,1]]},"name":"Mandrill"}},{"timestamp":1742669293.951015,"label":"ARImageAnchor didAdd","content":{"identifier":"61BB3DDD-C96C-6E82-3432-BD712CCBCB28","name":"Peppers","transform":{"columns":[[0.25669372,-0.0055348664,0.9664767,0],[-0.9662706,0.019964742,0.25675327,0],[-0.020716546,-0.9997853,-0.00022335503,0],[1.514118,0.19442081,0.31093442,0.99999994]]}}},{"label":"ARImageAnchor didUpdate","timestamp":1742669293.961554,"content":{"identifier":"61BB3DDD-C96C-6E82-3432-BD712CCBCB28","name":"Peppers","transform":{"columns":[[0.25669372,-0.0055348664,0.9664767,0],[-0.9662706,0.019964742,0.25675327,0],[-0.020716546,-0.9997853,-0.00022335503,0],[1.514118,0.19442081,0.31093442,0.99999994]]}}},{"content":{"name":"Sailboat","identifier":"C35EAC54-3E90-1B97-807B-5E3B8F238DB7","transform":{"columns":[[0.9701188,-0.0009322048,-0.24262771,0],[0.24262951,0.0038246638,0.97011137,0],[2.3618857e-05,-0.9999922,0.0039365683,0],[0.3894713,0.79155815,-0.71817136,0.99999994]]}},"label":"ARImageAnchor didUpdate","timestamp":1742669301.4261842},{"label":"ARImageAnchor didUpdate","content":{"transform":{"columns":[[0.9701188,-0.0009322048,-0.24262771,0],[0.24262951,0.0038246638,0.97011137,0],[2.3618857e-05,-0.9999922,0.0039365683,0],[0.3894713,0.79155815,-0.71817136,0.99999994]]},"name":"Sailboat","identifier":"C35EAC54-3E90-1B97-807B-5E3B8F238DB7"},"timestamp":1742669301.459316},{"timestamp":1742669304.09193,"label":"ARImageAnchor didUpdate","content":{"transform":{"columns":[[0.9641268,-0.0044538416,-0.2654044,0],[0.2653936,-0.0028715644,0.9641358,0],[-0.005056242,-0.9999858,-0.0015865297,0],[-1.3778017,0.6180941,-0.22280473,1]]},"identifier":"088EF783-5990-B052-BE99-B8AA15BA6C68","name":"Earth"}},{"timestamp":1742669304.1260262,"label":"ARImageAnchor didUpdate","content":{"name":"Earth","transform":{"columns":[[0.9641268,-0.0044538416,-0.2654044,0],[0.2653936,-0.0028715644,0.9641358,0],[-0.005056242,-0.9999858,-0.0015865297,0],[-1.3778017,0.6180941,-0.22280473,1]]},"identifier":"088EF783-5990-B052-BE99-B8AA15BA6C68"}},{"label":"ARImageAnchor didUpdate","content":{"identifier":"FF85DBE1-76D3-E459-2D24-8EDCEE263300","name":"Car","transform":{"columns":[[0.9732138,0.012311645,-0.22957167,0],[0.2294984,0.007081164,0.9732832,0],[0.01360835,-0.999899,0.0040659527,0],[-0.28043944,-0.64540213,0.051914096,1]]}},"timestamp":1742669310.4931278},{"label":"ARImageAnchor didUpdate","timestamp":1742669310.527461,"content":{"identifier":"FF85DBE1-76D3-E459-2D24-8EDCEE263300","name":"Car","transform":{"columns":[[0.9732138,0.012311645,-0.22957167,0],[0.2294984,0.007081164,0.9732832,0],[0.01360835,-0.999899,0.0040659527,0],[-0.28043944,-0.64540213,0.051914096,1]]}}},{"content":{"identifier":"B08E24AE-6649-4FDC-AC88-299C0F4ABC29","transform":{"columns":[[0.9965552,-0.0011311638,-0.082926005,0],[0.0012243387,0.9999979,0.001072761,0],[0.08292469,-0.0011705959,0.99655515,0],[-0.03431533,-0.60255474,-0.31508604,1]]},"name":"bunny"},"timestamp":1742669312.7623239,"label":"Bunny didUpdate"},{"label":"ARImageAnchor didAdd","timestamp":1742669313.716533,"content":{"identifier":"6BAD7D5D-D14A-EF93-1C8B-F6BEC80B8329","transform":{"columns":[[-0.25769755,-0.03618715,-0.9655475,0],[0.96622545,-0.009515826,-0.25752184,0],[0.0001310121,-0.99929965,0.037417155,0],[0.3875542,-0.65455747,-0.20007135,0.99999994]]},"name":"Lenna"}},{"label":"ARImageAnchor didUpdate","timestamp":1742669313.726716,"content":{"transform":{"columns":[[-0.25769755,-0.03618715,-0.9655475,0],[0.96622545,-0.009515826,-0.25752184,0],[0.0001310121,-0.99929965,0.037417155,0],[0.3875542,-0.65455747,-0.20007135,0.99999994]]},"identifier":"6BAD7D5D-D14A-EF93-1C8B-F6BEC80B8329","name":"Lenna"}},{"timestamp":1742669316.662581,"label":"Bunny didUpdate","content":{"name":"bunny","identifier":"B08E24AE-6649-4FDC-AC88-299C0F4ABC29","transform":{"columns":[[0.9965553,-0.0011311639,-0.08292601,0],[0.0012243385,0.9999978,0.0010727609,0],[0.08292469,-0.0011705959,0.99655515,0],[-0.03431533,-0.60255474,-0.31508604,1]]}}}]