[{"timestamp":1742643630.223558,"label":"Application launched"},{"timestamp":1742643630.223665,"label":"Initialize ARViewModel"},{"timestamp":1742643630.224621,"label":"Finished Initialize ARViewModel"},{"timestamp":1742643630.224638,"label":"Initialize RoomManager"},{"label":"Initialize BeaconManager","timestamp":1742643630.2246451},{"timestamp":1742643630.2246718,"label":"Fininshed Initialize BeaconManager"},{"label":"Fininshed Initialize RoomManager","timestamp":1742643630.224679},{"timestamp":1742643630.224683,"label":"ContentView Initialize"},{"timestamp":1742643630.2254071,"label":"Initialize ARWorldMapManager"},{"label":"Fininshed Initialize ARWorldMapManager","timestamp":1742643630.225422},{"label":"Tracking Limited","content":"Tracking is limited due to: initializing","timestamp":1742643630.437834},{"content":{"id":"3F39F93D-AB52-4382-80AA-E0ED5264C1F0","name":"Test Room"},"timestamp":1742643631.483409,"label":"Room Update"},{"timestamp":1742643631.483461,"content":{"name":"Test Room","id":"3F39F93D-AB52-4382-80AA-E0ED5264C1F0"},"label":"Downloading WorldMap"},{"timestamp":1742643632.0238152,"content":{"id":"3F39F93D-AB52-4382-80AA-E0ED5264C1F0","name":"Test Room"},"label":"Finished Downloading WorldMap"},{"timestamp":1742643632.172131,"label":"Tracking Limited","content":"Tracking is limited due to: initializing"},{"timestamp":1742643633.172595,"label":"Tracking Limited","content":"Tracking is limited due to: relocalizing"},{"timestamp":1742643634.713128,"content":{"name":"bunny","identifier":"B08E24AE-6649-4FDC-AC88-299C0F4ABC29","transform":{"columns":[[0.99652475,-0.0011311637,-0.08328969,0],[0.0012247307,0.99999833,0.0010723146,0],[0.08328837,-0.0011705958,0.9965247,0],[-0.034224045,-0.6027027,-0.3153559,1]]}},"label":"Bunny didAdd"},{"label":"Tracking Available","timestamp":1742643634.734027,"content":{"center":[0.017977595,-3.4131691,0.20677412],"extent":[2.897366,6.354778,3.3353724]}},{"label":"Bunny didUpdate","timestamp":1742643634.734051,"content":{"name":"bunny","identifier":"B08E24AE-6649-4FDC-AC88-299C0F4ABC29","transform":{"columns":[[0.99652475,-0.0011311637,-0.08328969,0],[0.0012247305,0.99999815,0.0010723145,0],[0.08328838,-0.0011705958,0.99652475,0],[-0.034224045,-0.6027027,-0.3153559,1]]}}},{"label":"ARImageAnchor didAdd","timestamp":1742643636.6139898,"content":{"identifier":"FF85DBE1-76D3-E459-2D24-8EDCEE263300","name":"Car","transform":{"columns":[[0.9670612,-0.006515036,-0.25446004,0],[0.25436795,-0.012379395,0.96702814,0],[-0.009450294,-0.99990207,-0.01031445,0],[-0.24359077,-0.65195686,0.09322269,1]]}}},{"label":"ARImageAnchor didUpdate","content":{"identifier":"FF85DBE1-76D3-E459-2D24-8EDCEE263300","name":"Car","transform":{"columns":[[0.9670612,-0.006515036,-0.25446004,0],[0.25436795,-0.012379395,0.96702814,0],[-0.009450294,-0.99990207,-0.01031445,0],[-0.24359077,-0.65195686,0.09322269,1]]}},"timestamp":1742643636.624764},{"timestamp":1742643638.174303,"content":{"transform":{"columns":[[0.96713233,-0.0043355296,-0.2542359,0],[0.25420064,-0.0073462124,0.9671235,0],[-0.006060665,-0.99996364,-0.0060026865,0],[-0.25278747,-0.6455613,0.061012685,1]]},"identifier":"FF85DBE1-76D3-E459-2D24-8EDCEE263300","name":"Car"},"label":"ARImageAnchor didUpdate"},{"label":"ARImageAnchor didUpdate","content":{"transform":{"columns":[[0.96713233,-0.0043355296,-0.2542359,0],[0.25420064,-0.0073462124,0.9671235,0],[-0.006060665,-0.99996364,-0.0060026865,0],[-0.25278747,-0.6455613,0.061012685,1]]},"identifier":"FF85DBE1-76D3-E459-2D24-8EDCEE263300","name":"Car"},"timestamp":1742643638.1913161},{"label":"ARImageAnchor didAdd","timestamp":1742643641.3137941,"content":{"transform":{"columns":[[0.94306785,-0.009391082,-0.33246744,0],[0.33235618,-0.011664273,0.9430817,0],[-0.012734548,-0.9998878,-0.007879014,0],[-1.3452151,0.6080555,-0.18697417,1]]},"name":"Earth","identifier":"088EF783-5990-B052-BE99-B8AA15BA6C68"}},{"timestamp":1742643641.3315449,"label":"ARImageAnchor didUpdate","content":{"identifier":"088EF783-5990-B052-BE99-B8AA15BA6C68","name":"Earth","transform":{"columns":[[0.94306785,-0.009391082,-0.33246744,0],[0.33235618,-0.011664273,0.9430817,0],[-0.012734548,-0.9998878,-0.007879014,0],[-1.3452151,0.6080555,-0.18697417,1]]}}},{"timestamp":1742643641.836772,"content":{"transform":{"columns":[[0.943131,-0.008063771,-0.33232263,0],[0.3318994,-0.033109345,0.94273335,0],[-0.01860497,-0.9994191,-0.028550096,0],[-1.35319,0.6123924,-0.18609765,1]]},"name":"Earth","identifier":"088EF783-5990-B052-BE99-B8AA15BA6C68"},"label":"ARImageAnchor didUpdate"},{"label":"ARImageAnchor didUpdate","content":{"transform":{"columns":[[0.943131,-0.008063771,-0.33232263,0],[0.3318994,-0.033109345,0.94273335,0],[-0.01860497,-0.9994191,-0.028550096,0],[-1.35319,0.6123924,-0.18609765,1]]},"identifier":"088EF783-5990-B052-BE99-B8AA15BA6C68","name":"Earth"},"timestamp":1742643641.865717},{"content":{"name":"Lenna","identifier":"6BAD7D5D-D14A-EF93-1C8B-F6BEC80B8329","transform":{"columns":[[-0.43372625,-0.03241615,-0.90046114,0],[0.89380145,-0.14193667,-0.42540875,0],[-0.11401829,-0.9893446,0.09053524,0],[0.410068,-0.66057885,-0.22615552,0.99999994]]}},"timestamp":1742643646.046692,"label":"ARImageAnchor didAdd"},{"timestamp":1742643646.057205,"label":"ARImageAnchor didUpdate","content":{"transform":{"columns":[[-0.43372625,-0.03241615,-0.90046114,0],[0.89380145,-0.14193667,-0.42540875,0],[-0.11401829,-0.9893446,0.09053524,0],[0.410068,-0.66057885,-0.22615552,0.99999994]]},"name":"Lenna","identifier":"6BAD7D5D-D14A-EF93-1C8B-F6BEC80B8329"}},{"timestamp":1742643647.104642,"label":"ARImageAnchor didUpdate","content":{"identifier":"6BAD7D5D-D14A-EF93-1C8B-F6BEC80B8329","name":"Lenna","transform":{"columns":[[-0.27410236,-0.042613894,-0.96075577,0],[0.96169865,-0.010250645,-0.27391666,0],[0.0018243026,-0.999039,0.043791447,0],[0.40774602,-0.6612122,-0.22831757,1]]}}},{"label":"ARImageAnchor didUpdate","content":{"name":"Lenna","identifier":"6BAD7D5D-D14A-EF93-1C8B-F6BEC80B8329","transform":{"columns":[[-0.27410236,-0.042613894,-0.96075577,0],[0.96169865,-0.010250645,-0.27391666,0],[0.0018243026,-0.999039,0.043791447,0],[0.40774602,-0.6612122,-0.22831757,1]]}},"timestamp":1742643647.131388},{"content":{"name":"Sailboat","identifier":"C35EAC54-3E90-1B97-807B-5E3B8F238DB7","transform":{"columns":[[0.95123565,-0.0023055123,-0.3084557,0],[0.3082988,-0.025653325,0.95094347,0],[-0.010105331,-0.99966824,-0.023691557,0],[0.39355373,0.77476406,-0.72965944,1]]}},"timestamp":1742643649.782041,"label":"ARImageAnchor didAdd"},{"timestamp":1742643649.788525,"label":"ARImageAnchor didUpdate","content":{"name":"Sailboat","identifier":"C35EAC54-3E90-1B97-807B-5E3B8F238DB7","transform":{"columns":[[0.95123565,-0.0023055123,-0.3084557,0],[0.3082988,-0.025653325,0.95094347,0],[-0.010105331,-0.99966824,-0.023691557,0],[0.39355373,0.77476406,-0.72965944,1]]}}},{"label":"ARImageAnchor didUpdate","timestamp":1742643650.3042831,"content":{"transform":{"columns":[[0.94517744,-0.002841101,-0.32654428,0],[0.32654005,0.018309044,0.9450059,0],[0.0032938558,-0.9998283,0.018233031,0],[0.39723626,0.7758733,-0.7332036,1]]},"identifier":"C35EAC54-3E90-1B97-807B-5E3B8F238DB7","name":"Sailboat"}},{"label":"ARImageAnchor didUpdate","content":{"transform":{"columns":[[0.94517744,-0.002841101,-0.32654428,0],[0.32654005,0.018309044,0.9450059,0],[0.0032938558,-0.9998283,0.018233031,0],[0.39723626,0.7758733,-0.7332036,1]]},"name":"Sailboat","identifier":"C35EAC54-3E90-1B97-807B-5E3B8F238DB7"},"timestamp":1742643650.3317862},{"timestamp":1742643652.4463,"label":"ARImageAnchor didAdd","content":{"identifier":"A19C2489-597B-2BED-432C-244B551E75FD","transform":{"columns":[[0.30990157,-0.015287403,0.95064557,0],[-0.94864166,0.06186905,0.31024316,0],[-0.06355835,-0.9979671,0.0046710474,0],[1.249155,0.7965071,-0.40901893,0.99999994]]},"name":"Mandrill"}},{"content":{"name":"Mandrill","identifier":"A19C2489-597B-2BED-432C-244B551E75FD","transform":{"columns":[[0.30990157,-0.015287403,0.95064557,0],[-0.94864166,0.06186905,0.31024316,0],[-0.06355835,-0.9979671,0.0046710474,0],[1.249155,0.7965071,-0.40901893,0.99999994]]}},"timestamp":1742643652.465219,"label":"ARImageAnchor didUpdate"},{"label":"ARImageAnchor didAdd","content":{"transform":{"columns":[[0.2819072,-0.010903538,0.95937955,0],[-0.95943975,-0.0012655904,0.28191048,0],[-0.0018596431,-0.9999397,-0.010818072,0],[1.5397623,0.171563,0.2741497,1]]},"name":"Peppers","identifier":"61BB3DDD-C96C-6E82-3432-BD712CCBCB28"},"timestamp":1742643654.546153},{"label":"ARImageAnchor didUpdate","timestamp":1742643654.556419,"content":{"transform":{"columns":[[0.2819072,-0.010903538,0.95937955,0],[-0.95943975,-0.0012655904,0.28191048,0],[-0.0018596431,-0.9999397,-0.010818072,0],[1.5397623,0.171563,0.2741497,1]]},"name":"Peppers","identifier":"61BB3DDD-C96C-6E82-3432-BD712CCBCB28"}},{"content":{"name":"Peppers","identifier":"61BB3DDD-C96C-6E82-3432-BD712CCBCB28","transform":{"columns":[[0.30739847,-0.013306139,0.9514877,0],[-0.95158076,-0.0042109527,0.30736962,0],[-8.324401e-05,-0.99990255,-0.013956309,0],[1.5298051,0.17919973,0.26680487,1]]}},"timestamp":1742643655.05597,"label":"ARImageAnchor didUpdate"},{"content":{"transform":{"columns":[[0.30739847,-0.013306139,0.9514877,0],[-0.95158076,-0.0042109527,0.30736962,0],[-8.324401e-05,-0.99990255,-0.013956309,0],[1.5298051,0.17919973,0.26680487,1]]},"identifier":"61BB3DDD-C96C-6E82-3432-BD712CCBCB28","name":"Peppers"},"timestamp":1742643655.081485,"label":"ARImageAnchor didUpdate"},{"timestamp":1742643661.9234529,"label":"ARImageAnchor didUpdate","content":{"transform":{"columns":[[0.9680096,0.0023278522,-0.25090256,0],[0.25090876,-0.0029610693,0.9680062,0],[0.0015104505,-0.99999285,-0.0034504405,0],[-0.26710507,-0.64628583,0.04640773,1.0000001]]},"identifier":"FF85DBE1-76D3-E459-2D24-8EDCEE263300","name":"Car"}},{"content":{"transform":{"columns":[[0.9680096,0.0023278522,-0.25090256,0],[0.25090876,-0.0029610693,0.9680062,0],[0.0015104505,-0.99999285,-0.0034504405,0],[-0.26710507,-0.64628583,0.04640773,1.0000001]]},"name":"Car","identifier":"FF85DBE1-76D3-E459-2D24-8EDCEE263300"},"timestamp":1742643661.940033,"label":"ARImageAnchor didUpdate"}]