[{"timestamp":1742577585.644847,"label":"Application launched"},{"timestamp":1742577585.645063,"label":"Initialize ARViewModel"},{"label":"Finished Initialize ARViewModel","timestamp":1742577585.648911},{"timestamp":1742577585.648978,"label":"Initialize RoomManager"},{"label":"Initialize BeaconManager","timestamp":1742577585.648992},{"timestamp":1742577585.649022,"label":"Fininshed Initialize BeaconManager"},{"timestamp":1742577585.649037,"label":"Fininshed Initialize RoomManager"},{"label":"ContentView Initialize","timestamp":1742577585.64905},{"timestamp":1742577585.6501842,"label":"Initialize ARWorldMapManager"},{"timestamp":1742577585.650234,"label":"Fininshed Initialize ARWorldMapManager"},{"timestamp":1742577586.063881,"content":"Tracking is limited due to: initializing","label":"Tracking Limited"},{"content":{"name":"Test Room","id":"3F39F93D-AB52-4382-80AA-E0ED5264C1F0"},"timestamp":1742577586.9442,"label":"Room Update"},{"content":{"id":"3F39F93D-AB52-4382-80AA-E0ED5264C1F0","name":"Test Room"},"timestamp":1742577586.944246,"label":"Downloading WorldMap"},{"timestamp":1742577588.8874512,"label":"Finished Downloading WorldMap","content":{"id":"3F39F93D-AB52-4382-80AA-E0ED5264C1F0","name":"Test Room"}},{"timestamp":1742577589.034138,"label":"Tracking Limited","content":"Tracking is limited due to: initializing"},{"content":"Tracking is limited due to: relocalizing","timestamp":1742577590.234847,"label":"Tracking Limited"},{"content":{"name":"bunny","identifier":"B08E24AE-6649-4FDC-AC88-299C0F4ABC29","transform":{"columns":[[0.996533,-0.0012840496,-0.083188996,0],[0.0013539256,0.9999986,0.000783564,0],[0.08318789,-0.0008934792,0.99653333,0],[-0.034270495,-0.60270274,-0.31525213,1.0000001]]}},"timestamp":1742577591.4261122,"label":"Bunny didAdd"},{"content":{"center":[-0.05742526,-3.2258382,0.4619192],"extent":[2.7465603,5.980116,2.8250825]},"label":"Tracking Available","timestamp":1742577591.905406},{"label":"Bunny didUpdate","timestamp":1742577591.905441,"content":{"name":"bunny","identifier":"B08E24AE-6649-4FDC-AC88-299C0F4ABC29","transform":{"columns":[[0.99652475,-0.0011311637,-0.08328969,0],[0.0012247307,0.99999833,0.0010723146,0],[0.08328837,-0.0011705958,0.9965247,0],[-0.034224045,-0.6027027,-0.3153559,1]]}}},{"label":"ARImageAnchor didAdd","timestamp":1742577594.658585,"content":{"name":"Car","identifier":"FF85DBE1-76D3-E459-2D24-8EDCEE263300","transform":{"columns":[[0.97688746,0.010342082,-0.21350335,0],[0.21344301,0.00663629,0.9769328,0],[0.01152035,-0.9999245,0.004275393,0],[-0.28195435,-0.6704002,0.04799956,1]]}}},{"label":"ARImageAnchor didUpdate","timestamp":1742577594.668663,"content":{"transform":{"columns":[[0.97688746,0.010342082,-0.21350335,0],[0.21344301,0.00663629,0.9769328,0],[0.01152035,-0.9999245,0.004275393,0],[-0.28195435,-0.6704002,0.04799956,1]]},"name":"Car","identifier":"FF85DBE1-76D3-E459-2D24-8EDCEE263300"}},{"timestamp":1742577598.3915071,"label":"ARImageAnchor didAdd","content":{"name":"Earth","identifier":"088EF783-5990-B052-BE99-B8AA15BA6C68","transform":{"columns":[[0.9614301,-0.0045040245,-0.27501184,0],[0.27487403,-0.019895123,0.96127427,0],[-0.009801004,-0.99979186,-0.017889732,0],[-1.3810362,0.5997791,-0.21584755,0.99999994]]}}},{"timestamp":1742577598.399631,"label":"ARImageAnchor didUpdate","content":{"name":"Earth","identifier":"088EF783-5990-B052-BE99-B8AA15BA6C68","transform":{"columns":[[0.9614301,-0.0045040245,-0.27501184,0],[0.27487403,-0.019895123,0.96127427,0],[-0.009801004,-0.99979186,-0.017889732,0],[-1.3810362,0.5997791,-0.21584755,0.99999994]]}}},{"content":{"name":"Earth","identifier":"088EF783-5990-B052-BE99-B8AA15BA6C68","transform":{"columns":[[0.95859784,0.0030454204,-0.284746,0],[0.28471676,-0.028131416,0.9581986,0],[-0.0050921915,-0.99959946,-0.02783381,0],[-1.3895767,0.6017007,-0.22762734,0.9999999]]}},"timestamp":1742577599.431927,"label":"ARImageAnchor didUpdate"},{"label":"ARImageAnchor didUpdate","timestamp":1742577599.466336,"content":{"identifier":"088EF783-5990-B052-BE99-B8AA15BA6C68","transform":{"columns":[[0.95859784,0.0030454204,-0.284746,0],[0.28471676,-0.028131416,0.9581986,0],[-0.0050921915,-0.99959946,-0.02783381,0],[-1.3895767,0.6017007,-0.22762734,0.9999999]]},"name":"Earth"}},{"content":{"name":"Lenna","identifier":"6BAD7D5D-D14A-EF93-1C8B-F6BEC80B8329","transform":{"columns":[[-0.22775994,-0.025407651,-0.97338563,0],[0.97365355,-0.017364657,-0.2273694,0],[-0.01112552,-0.99952626,0.028693253,0],[0.3955731,-0.67274874,-0.20924926,1]]}},"timestamp":1742577604.2578092,"label":"ARImageAnchor didAdd"},{"timestamp":1742577604.2664142,"content":{"transform":{"columns":[[-0.22775994,-0.025407651,-0.97338563,0],[0.97365355,-0.017364657,-0.2273694,0],[-0.01112552,-0.99952626,0.028693253,0],[0.3955731,-0.67274874,-0.20924926,1]]},"identifier":"6BAD7D5D-D14A-EF93-1C8B-F6BEC80B8329","name":"Lenna"},"label":"ARImageAnchor didUpdate"},{"timestamp":1742577607.457708,"label":"ARImageAnchor didAdd","content":{"transform":{"columns":[[0.96664184,0.0011780137,-0.25612873,0],[0.25574,-0.059702843,0.96490014,0],[-0.014154944,-0.99821544,-0.058012534,0],[0.4124934,0.7691743,-0.6953661,0.99999994]]},"identifier":"C35EAC54-3E90-1B97-807B-5E3B8F238DB7","name":"Sailboat"}},{"label":"ARImageAnchor didUpdate","timestamp":1742577607.4670181,"content":{"identifier":"C35EAC54-3E90-1B97-807B-5E3B8F238DB7","transform":{"columns":[[0.96664184,0.0011780137,-0.25612873,0],[0.25574,-0.059702843,0.96490014,0],[-0.014154944,-0.99821544,-0.058012534,0],[0.4124934,0.7691743,-0.6953661,0.99999994]]},"name":"Sailboat"}},{"content":{"transform":{"columns":[[0.9597221,0.0021064244,-0.28094262,0],[0.28082037,0.02324232,0.95947874,0],[0.0085508255,-0.99972755,0.02171464,0],[0.40938205,0.775012,-0.7064795,1]]},"identifier":"C35EAC54-3E90-1B97-807B-5E3B8F238DB7","name":"Sailboat"},"timestamp":1742577609.03296,"label":"ARImageAnchor didUpdate"},{"label":"ARImageAnchor didUpdate","content":{"transform":{"columns":[[0.9597221,0.0021064244,-0.28094262,0],[0.28082037,0.02324232,0.95947874,0],[0.0085508255,-0.99972755,0.02171464,0],[0.40938205,0.775012,-0.7064795,1]]},"name":"Sailboat","identifier":"C35EAC54-3E90-1B97-807B-5E3B8F238DB7"},"timestamp":1742577609.0658479},{"content":{"identifier":"A19C2489-597B-2BED-432C-244B551E75FD","transform":{"columns":[[0.265729,-0.016184198,0.96391183,0],[-0.9625218,0.051779363,0.26621518,0],[-0.054219227,-0.99852735,-0.001818361,0],[1.263627,0.7990043,-0.34900028,1]]},"name":"Mandrill"},"label":"ARImageAnchor didAdd","timestamp":1742577610.657423},{"label":"ARImageAnchor didUpdate","timestamp":1742577610.664288,"content":{"name":"Mandrill","identifier":"A19C2489-597B-2BED-432C-244B551E75FD","transform":{"columns":[[0.265729,-0.016184198,0.96391183,0],[-0.9625218,0.051779363,0.26621518,0],[-0.054219227,-0.99852735,-0.001818361,0],[1.263627,0.7990043,-0.34900028,1]]}}},{"content":{"name":"Peppers","identifier":"61BB3DDD-C96C-6E82-3432-BD712CCBCB28","transform":{"columns":[[0.25647113,-0.010797586,0.9664914,0],[-0.96637297,-0.02209255,0.25619286,0],[0.01858598,-0.99969757,-0.01610058,0],[1.5190188,0.17949107,0.3396163,1]]}},"label":"ARImageAnchor didAdd","timestamp":1742577613.323719},{"timestamp":1742577613.3341,"label":"ARImageAnchor didUpdate","content":{"name":"Peppers","identifier":"61BB3DDD-C96C-6E82-3432-BD712CCBCB28","transform":{"columns":[[0.25647113,-0.010797586,0.9664914,0],[-0.96637297,-0.02209255,0.25619286,0],[0.01858598,-0.99969757,-0.01610058,0],[1.5190188,0.17949107,0.3396163,1]]}}},{"label":"ARImageAnchor didUpdate","content":{"name":"Peppers","identifier":"61BB3DDD-C96C-6E82-3432-BD712CCBCB28","transform":{"columns":[[0.25846797,-0.010251346,0.9659653,0],[-0.9659599,-0.013871254,0.25831926,0],[0.010751026,-0.99985117,-0.013487637,0],[1.5130632,0.18220776,0.3360207,1]]}},"timestamp":1742577613.8326921},{"timestamp":1742577613.8662739,"label":"ARImageAnchor didUpdate","content":{"identifier":"61BB3DDD-C96C-6E82-3432-BD712CCBCB28","transform":{"columns":[[0.25846797,-0.010251346,0.9659653,0],[-0.9659599,-0.013871254,0.25831926,0],[0.010751026,-0.99985117,-0.013487637,0],[1.5130632,0.18220776,0.3360207,1]]},"name":"Peppers"}},{"content":{"name":"Mandrill","identifier":"A19C2489-597B-2BED-432C-244B551E75FD","transform":{"columns":[[0.26085928,-0.018017909,0.9652084,0],[-0.9637731,0.052744202,0.26145595,0],[-0.055620044,-0.99844545,-0.0036063718,0],[1.2602304,0.80014545,-0.35536328,1]]}},"timestamp":1742577618.0969539,"label":"ARImageAnchor didUpdate"},{"timestamp":1742577618.129397,"label":"ARImageAnchor didUpdate","content":{"transform":{"columns":[[0.26085928,-0.018017909,0.9652084,0],[-0.9637731,0.052744202,0.26145595,0],[-0.055620044,-0.99844545,-0.0036063718,0],[1.2602304,0.80014545,-0.35536328,1]]},"identifier":"A19C2489-597B-2BED-432C-244B551E75FD","name":"Mandrill"}}]