[{"label":"Application launched","timestamp":1742660904.614955},{"label":"Initialize ARViewModel","timestamp":1742660904.615141},{"timestamp":1742660904.618445,"label":"Finished Initialize ARViewModel"},{"timestamp":1742660904.618469,"label":"Initialize RoomManager"},{"timestamp":1742660904.618474,"label":"Initialize BeaconManager"},{"label":"Fininshed Initialize BeaconManager","timestamp":1742660904.61849},{"timestamp":1742660904.618495,"label":"Fininshed Initialize RoomManager"},{"label":"ContentView Initialize","timestamp":1742660904.6185},{"timestamp":1742660904.6197782,"label":"Initialize ARWorldMapManager"},{"timestamp":1742660904.619798,"label":"Fininshed Initialize ARWorldMapManager"},{"timestamp":1742660904.868818,"content":"Tracking is limited due to: initializing","label":"Tracking Limited"},{"timestamp":1742660905.9792042,"label":"Room Update","content":{"id":"3F39F93D-AB52-4382-80AA-E0ED5264C1F0","name":"Test Room"}},{"content":{"id":"3F39F93D-AB52-4382-80AA-E0ED5264C1F0","name":"Test Room"},"timestamp":1742660905.979227,"label":"Downloading WorldMap"},{"label":"Finished Downloading WorldMap","content":{"name":"Test Room","id":"3F39F93D-AB52-4382-80AA-E0ED5264C1F0"},"timestamp":1742660906.759933},{"label":"Tracking Limited","content":"Tracking is limited due to: initializing","timestamp":1742660906.92178},{"label":"Tracking Limited","content":"Tracking is limited due to: relocalizing","timestamp":1742660908.004354},{"content":{"name":"bunny","transform":{"columns":[[0.99652475,-0.0011311637,-0.08328969,0],[0.0012247307,0.99999833,0.0010723146,0],[0.08328837,-0.0011705958,0.9965247,0],[-0.034224045,-0.6027027,-0.3153559,1]]},"identifier":"B08E24AE-6649-4FDC-AC88-299C0F4ABC29"},"timestamp":1742660930.1405358,"label":"Bunny didAdd"},{"label":"Bunny didUpdate","content":{"name":"bunny","identifier":"B08E24AE-6649-4FDC-AC88-299C0F4ABC29","transform":{"columns":[[0.99652475,-0.0011311637,-0.08328969,0],[0.0012247305,0.99999815,0.0010723145,0],[0.08328838,-0.0011705958,0.99652475,0],[-0.034224045,-0.6027027,-0.3153559,1]]}},"timestamp":1742660930.173012},{"timestamp":1742660930.173122,"label":"Tracking Available","content":{"extent":[5.968005,6.5257845,3.1071806],"center":[-1.3559036,-3.3276658,0.32087028]}},{"timestamp":1742660931.2713509,"label":"Bunny didUpdate","content":{"name":"bunny","identifier":"B08E24AE-6649-4FDC-AC88-299C0F4ABC29","transform":{"columns":[[0.99652475,-0.0011311637,-0.08328969,0],[0.0012247302,0.999998,0.0010723142,0],[0.08328838,-0.0011705959,0.9965248,0],[-0.034224045,-0.6027027,-0.3153559,1]]}}},{"content":{"name":"Car","identifier":"FF85DBE1-76D3-E459-2D24-8EDCEE263300","transform":{"columns":[[0.97380203,0.015937587,-0.22683792,0],[0.22672126,0.008804123,0.97391963,0],[0.017518992,-0.99983406,0.0049600904,0],[-0.2744617,-0.657933,0.040819228,1]]}},"timestamp":1742660932.295401,"label":"ARImageAnchor didAdd"},{"timestamp":1742660932.306518,"label":"ARImageAnchor didUpdate","content":{"identifier":"FF85DBE1-76D3-E459-2D24-8EDCEE263300","transform":{"columns":[[0.97380203,0.015937587,-0.22683792,0],[0.22672126,0.008804123,0.97391963,0],[0.017518992,-0.99983406,0.0049600904,0],[-0.2744617,-0.657933,0.040819228,1]]},"name":"Car"}},{"timestamp":1742660935.42844,"label":"ARImageAnchor didAdd","content":{"name":"Earth","identifier":"088EF783-5990-B052-BE99-B8AA15BA6C68","transform":{"columns":[[0.9629027,0.0049940012,-0.26980236,0],[0.2698314,-0.006536315,0.96288526,0],[0.0030451328,-0.999966,-0.0076413704,0],[-1.3901136,0.5981465,-0.22489691,1]]}}},{"timestamp":1742660935.436019,"content":{"identifier":"088EF783-5990-B052-BE99-B8AA15BA6C68","transform":{"columns":[[0.9629027,0.0049940012,-0.26980236,0],[0.2698314,-0.006536315,0.96288526,0],[0.0030451328,-0.999966,-0.0076413704,0],[-1.3901136,0.5981465,-0.22489691,1]]},"name":"Earth"},"label":"ARImageAnchor didUpdate"},{"label":"ARImageAnchor didUpdate","timestamp":1742660935.963354,"content":{"identifier":"088EF783-5990-B052-BE99-B8AA15BA6C68","name":"Earth","transform":{"columns":[[0.9585226,0.004775882,-0.28497592,0],[0.28501448,-0.019252881,0.9583297,0],[-0.0009097452,-0.9998032,-0.019815546,0],[-1.3994089,0.6010381,-0.22911501,0.99999994]]}}},{"timestamp":1742660935.969078,"content":{"name":"Earth","identifier":"088EF783-5990-B052-BE99-B8AA15BA6C68","transform":{"columns":[[0.9585226,0.004775882,-0.28497592,0],[0.28501448,-0.019252881,0.9583297,0],[-0.0009097452,-0.9998032,-0.019815546,0],[-1.3994089,0.6010381,-0.22911501,0.99999994]]}},"label":"ARImageAnchor didUpdate"},{"timestamp":1742660940.689194,"label":"Bunny didUpdate","content":{"name":"bunny","identifier":"B08E24AE-6649-4FDC-AC88-299C0F4ABC29","transform":{"columns":[[0.99652475,-0.0011311637,-0.08328969,0],[0.00122473,0.9999978,0.001072314,0],[0.08328838,-0.0011705959,0.9965248,0],[-0.034224045,-0.6027027,-0.3153559,1]]}}},{"label":"ARImageAnchor didAdd","content":{"name":"Lenna","identifier":"6BAD7D5D-D14A-EF93-1C8B-F6BEC80B8329","transform":{"columns":[[-0.2275141,-0.035127126,-0.97314095,0],[0.97342783,-0.03487418,-0.22632235,0],[-0.025987433,-0.9987742,0.042128097,0],[0.401534,-0.6618464,-0.21978652,1.0000001]]}},"timestamp":1742660941.228012},{"timestamp":1742660941.236628,"label":"ARImageAnchor didUpdate","content":{"transform":{"columns":[[-0.2275141,-0.035127126,-0.97314095,0],[0.97342783,-0.03487418,-0.22632235,0],[-0.025987433,-0.9987742,0.042128097,0],[0.401534,-0.6618464,-0.21978652,1.0000001]]},"identifier":"6BAD7D5D-D14A-EF93-1C8B-F6BEC80B8329","name":"Lenna"}},{"label":"Bunny didUpdate","content":{"name":"bunny","transform":{"columns":[[0.99652475,-0.0011311637,-0.08328969,0],[0.0012247298,0.9999976,0.0010723138,0],[0.08328838,-0.0011705959,0.9965248,0],[-0.034224045,-0.6027027,-0.3153559,1]]},"identifier":"B08E24AE-6649-4FDC-AC88-299C0F4ABC29"},"timestamp":1742660943.573062},{"timestamp":1742660945.961143,"content":{"identifier":"C35EAC54-3E90-1B97-807B-5E3B8F238DB7","transform":{"columns":[[0.95602,0.008602671,-0.29317468,0],[0.2930502,0.013302886,0.9560044,0],[0.012124262,-0.9998744,0.010196814,0],[0.39545187,0.77082133,-0.7162379,0.99999994]]},"name":"Sailboat"},"label":"ARImageAnchor didAdd"},{"label":"ARImageAnchor didUpdate","content":{"identifier":"C35EAC54-3E90-1B97-807B-5E3B8F238DB7","name":"Sailboat","transform":{"columns":[[0.95602,0.008602671,-0.29317468,0],[0.2930502,0.013302886,0.9560044,0],[0.012124262,-0.9998744,0.010196814,0],[0.39545187,0.77082133,-0.7162379,0.99999994]]}},"timestamp":1742660945.979348},{"content":{"name":"Mandrill","transform":{"columns":[[0.2714045,-0.008873096,0.96242434,0],[-0.9612363,0.048017304,0.27151215,0],[-0.048622172,-0.998807,0.004502963,0],[1.2340825,0.7997149,-0.3610869,0.99999994]]},"identifier":"A19C2489-597B-2BED-432C-244B551E75FD"},"label":"ARImageAnchor didAdd","timestamp":1742660948.060903},{"content":{"name":"Mandrill","identifier":"A19C2489-597B-2BED-432C-244B551E75FD","transform":{"columns":[[0.2714045,-0.008873096,0.96242434,0],[-0.9612363,0.048017304,0.27151215,0],[-0.048622172,-0.998807,0.004502963,0],[1.2340825,0.7997149,-0.3610869,0.99999994]]}},"timestamp":1742660948.070736,"label":"ARImageAnchor didUpdate"},{"content":{"name":"Peppers","identifier":"61BB3DDD-C96C-6E82-3432-BD712CCBCB28","transform":{"columns":[[0.25755778,-0.0040414343,0.9662543,0],[-0.96618664,-0.0136239575,0.25748274,0],[0.01212361,-0.999899,-0.0074137356,0],[1.5017252,0.18490244,0.32917908,1]]}},"label":"ARImageAnchor didAdd","timestamp":1742660950.177483},{"label":"ARImageAnchor didUpdate","content":{"transform":{"columns":[[0.25755778,-0.0040414343,0.9662543,0],[-0.96618664,-0.0136239575,0.25748274,0],[0.01212361,-0.999899,-0.0074137356,0],[1.5017252,0.18490244,0.32917908,1]]},"name":"Peppers","identifier":"61BB3DDD-C96C-6E82-3432-BD712CCBCB28"},"timestamp":1742660950.185151}]