[{"label":"Application launched","timestamp":1742674784.389411},{"timestamp":1742674784.3895311,"label":"Initialize ARViewModel"},{"label":"Finished Initialize ARViewModel","timestamp":1742674784.390812},{"timestamp":1742674784.390827,"label":"Initialize RoomManager"},{"label":"Initialize BeaconManager","timestamp":1742674784.390831},{"timestamp":1742674784.390846,"label":"Fininshed Initialize BeaconManager"},{"timestamp":1742674784.390851,"label":"Fininshed Initialize RoomManager"},{"label":"ContentView Initialize","timestamp":1742674784.3908548},{"timestamp":1742674784.394475,"label":"Initialize ARWorldMapManager"},{"timestamp":1742674784.3945332,"label":"Fininshed Initialize ARWorldMapManager"},{"label":"Tracking Limited","content":"Tracking is limited due to: initializing","timestamp":1742674784.658073},{"timestamp":1742674785.729733,"label":"Room Update","content":{"name":"Test Room","id":"3F39F93D-AB52-4382-80AA-E0ED5264C1F0"}},{"content":{"id":"3F39F93D-AB52-4382-80AA-E0ED5264C1F0","name":"Test Room"},"label":"Downloading WorldMap","timestamp":1742674785.7297568},{"content":{"name":"Test Room","id":"3F39F93D-AB52-4382-80AA-E0ED5264C1F0"},"timestamp":1742674786.221633,"label":"Finished Downloading WorldMap"},{"timestamp":1742674786.3752751,"content":"Tracking is limited due to: initializing","label":"Tracking Limited"},{"timestamp":1742674787.3901448,"content":"Tracking is limited due to: relocalizing","label":"Tracking Limited"},{"timestamp":1742674795.911133,"content":{"transform":{"columns":[[0.99652475,-0.0011311637,-0.08328969,0],[0.0012247307,0.99999833,0.0010723146,0],[0.08328837,-0.0011705958,0.9965247,0],[-0.034224045,-0.6027027,-0.3153559,1]]},"identifier":"B08E24AE-6649-4FDC-AC88-299C0F4ABC29","name":"bunny"},"label":"Bunny didAdd"},{"timestamp":1742674795.949728,"content":{"center":[0.017977595,-3.8450234,0.6456672],"extent":[2.897366,7.2184863,3.2866797]},"label":"Tracking Available"},{"content":{"transform":{"columns":[[0.99652475,-0.0011311637,-0.08328969,0],[0.0012247305,0.99999815,0.0010723145,0],[0.08328838,-0.0011705958,0.99652475,0],[-0.034224045,-0.6027027,-0.3153559,1]]},"name":"bunny","identifier":"B08E24AE-6649-4FDC-AC88-299C0F4ABC29"},"timestamp":1742674795.949791,"label":"Bunny didUpdate"},{"label":"ARImageAnchor didAdd","timestamp":1742674798.083627,"content":{"identifier":"FF85DBE1-76D3-E459-2D24-8EDCEE263300","transform":{"columns":[[0.96821356,-0.0038209208,-0.2500952,0],[0.25007892,-0.004277929,0.96821594,0],[-0.004769377,-0.99998355,-0.0031864422,0],[-0.2378546,-0.65140957,0.05771327,1]]},"name":"Car"}},{"content":{"name":"Car","identifier":"FF85DBE1-76D3-E459-2D24-8EDCEE263300","transform":{"columns":[[0.96821356,-0.0038209208,-0.2500952,0],[0.25007892,-0.004277929,0.96821594,0],[-0.004769377,-0.99998355,-0.0031864422,0],[-0.2378546,-0.65140957,0.05771327,1]]}},"timestamp":1742674798.093334,"label":"ARImageAnchor didUpdate"},{"content":{"identifier":"088EF783-5990-B052-BE99-B8AA15BA6C68","name":"Earth","transform":{"columns":[[0.9491817,-0.0070350897,-0.31464958,0],[0.31378642,-0.0561315,0.9478328,0],[-0.024329843,-0.99839854,-0.051071484,0],[-1.3395913,0.60394764,-0.21234109,1.0000001]]}},"timestamp":1742674801.733329,"label":"ARImageAnchor didAdd"},{"content":{"transform":{"columns":[[0.9491817,-0.0070350897,-0.31464958,0],[0.31378642,-0.0561315,0.9478328,0],[-0.024329843,-0.99839854,-0.051071484,0],[-1.3395913,0.60394764,-0.21234109,1.0000001]]},"identifier":"088EF783-5990-B052-BE99-B8AA15BA6C68","name":"Earth"},"label":"ARImageAnchor didUpdate","timestamp":1742674801.768239},{"content":{"transform":{"columns":[[0.9467179,-0.0025585901,-0.32205328,0],[0.32165506,-0.042830035,0.9458876,0],[-0.016213695,-0.999079,-0.039724987,0],[-1.351627,0.6121475,-0.19833386,1]]},"name":"Earth","identifier":"088EF783-5990-B052-BE99-B8AA15BA6C68"},"timestamp":1742674802.268295,"label":"ARImageAnchor didUpdate"},{"content":{"identifier":"088EF783-5990-B052-BE99-B8AA15BA6C68","transform":{"columns":[[0.9467179,-0.0025585901,-0.32205328,0],[0.32165506,-0.042830035,0.9458876,0],[-0.016213695,-0.999079,-0.039724987,0],[-1.351627,0.6121475,-0.19833386,1]]},"name":"Earth"},"label":"ARImageAnchor didUpdate","timestamp":1742674802.301378},{"content":{"transform":{"columns":[[0.97123224,0.004190053,-0.23809636,0],[0.23810348,-0.0012702532,0.9712388,0],[0.0037671076,-0.9999902,-0.0022313818,0],[-0.27078688,-0.65872747,0.044341028,1]]},"identifier":"FF85DBE1-76D3-E459-2D24-8EDCEE263300","name":"Car"},"label":"ARImageAnchor didUpdate","timestamp":1742674808.108623},{"label":"ARImageAnchor didUpdate","timestamp":1742674808.125211,"content":{"name":"Car","identifier":"FF85DBE1-76D3-E459-2D24-8EDCEE263300","transform":{"columns":[[0.97123224,0.004190053,-0.23809636,0],[0.23810348,-0.0012702532,0.9712388,0],[0.0037671076,-0.9999902,-0.0022313818,0],[-0.27078688,-0.65872747,0.044341028,1]]}}},{"content":{"identifier":"6BAD7D5D-D14A-EF93-1C8B-F6BEC80B8329","name":"Lenna","transform":{"columns":[[-0.2684448,-0.037463263,-0.9625662,0],[0.9632276,-0.022248084,-0.26776338,0],[-0.011383956,-0.99905026,0.04205802,0],[0.39819404,-0.6587973,-0.21786508,1]]}},"timestamp":1742674811.249642,"label":"ARImageAnchor didAdd"},{"content":{"identifier":"6BAD7D5D-D14A-EF93-1C8B-F6BEC80B8329","name":"Lenna","transform":{"columns":[[-0.2684448,-0.037463263,-0.9625662,0],[0.9632276,-0.022248084,-0.26776338,0],[-0.011383956,-0.99905026,0.04205802,0],[0.39819404,-0.6587973,-0.21786508,1]]}},"label":"ARImageAnchor didUpdate","timestamp":1742674811.259749},{"timestamp":1742674814.418123,"content":{"identifier":"C35EAC54-3E90-1B97-807B-5E3B8F238DB7","transform":{"columns":[[0.9499183,0.005991758,-0.31244054,0],[0.3124793,-0.029145617,0.94947714,0],[-0.0034172274,-0.99955714,-0.029558245,0],[0.41191545,0.75946075,-0.723525,0.99999994]]},"name":"Sailboat"},"label":"ARImageAnchor didAdd"},{"content":{"identifier":"C35EAC54-3E90-1B97-807B-5E3B8F238DB7","name":"Sailboat","transform":{"columns":[[0.9499183,0.005991758,-0.31244054,0],[0.3124793,-0.029145617,0.94947714,0],[-0.0034172274,-0.99955714,-0.029558245,0],[0.41191545,0.75946075,-0.723525,0.99999994]]}},"timestamp":1742674814.425099,"label":"ARImageAnchor didUpdate"},{"label":"ARImageAnchor didAdd","timestamp":1742674817.582783,"content":{"transform":{"columns":[[0.28299078,-0.020074146,0.9589124,0],[-0.9579486,0.043533657,0.28361765,0],[-0.04743835,-0.9988502,-0.00691038,0],[1.2575885,0.78657484,-0.38089344,1]]},"name":"Mandrill","identifier":"A19C2489-597B-2BED-432C-244B551E75FD"}},{"label":"ARImageAnchor didUpdate","content":{"transform":{"columns":[[0.28299078,-0.020074146,0.9589124,0],[-0.9579486,0.043533657,0.28361765,0],[-0.04743835,-0.9988502,-0.00691038,0],[1.2575885,0.78657484,-0.38089344,1]]},"name":"Mandrill","identifier":"A19C2489-597B-2BED-432C-244B551E75FD"},"timestamp":1742674817.601438},{"content":{"identifier":"61BB3DDD-C96C-6E82-3432-BD712CCBCB28","transform":{"columns":[[0.29147264,-0.009641804,0.95653045,0],[-0.95650405,-0.015453603,0.29130882,0],[0.011973121,-0.999834,-0.013726731,0],[1.543602,0.16736582,0.2937694,1]]},"name":"Peppers"},"timestamp":1742674819.6681828,"label":"ARImageAnchor didAdd"},{"content":{"transform":{"columns":[[0.29147264,-0.009641804,0.95653045,0],[-0.95650405,-0.015453603,0.29130882,0],[0.011973121,-0.999834,-0.013726731,0],[1.543602,0.16736582,0.2937694,1]]},"identifier":"61BB3DDD-C96C-6E82-3432-BD712CCBCB28","name":"Peppers"},"timestamp":1742674819.675518,"label":"ARImageAnchor didUpdate"},{"content":{"name":"Sailboat","transform":{"columns":[[0.95817983,-0.0007740291,-0.28616518,0],[0.28616264,-0.0024116812,0.958178,0],[-0.0014317977,-0.9999968,-0.002089313,0],[0.3994463,0.77553105,-0.72776866,1]]},"identifier":"C35EAC54-3E90-1B97-807B-5E3B8F238DB7"},"label":"ARImageAnchor didUpdate","timestamp":1742674825.9897919},{"timestamp":1742674826.0059562,"label":"ARImageAnchor didUpdate","content":{"name":"Sailboat","identifier":"C35EAC54-3E90-1B97-807B-5E3B8F238DB7","transform":{"columns":[[0.95817983,-0.0007740291,-0.28616518,0],[0.28616264,-0.0024116812,0.958178,0],[-0.0014317977,-0.9999968,-0.002089313,0],[0.3994463,0.77553105,-0.72776866,1]]}}},{"timestamp":1742674827.601358,"content":{"transform":{"columns":[[0.29492602,-0.018967167,0.95533174,0],[-0.9546334,0.037209854,0.29544917,0],[-0.041151565,-0.9991274,-0.007132546,0],[1.2617326,0.7966486,-0.3912239,1]]},"name":"Mandrill","identifier":"A19C2489-597B-2BED-432C-244B551E75FD"},"label":"ARImageAnchor didUpdate"},{"timestamp":1742674827.6085482,"label":"ARImageAnchor didUpdate","content":{"name":"Mandrill","identifier":"A19C2489-597B-2BED-432C-244B551E75FD","transform":{"columns":[[0.29492602,-0.018967167,0.95533174,0],[-0.9546334,0.037209854,0.29544917,0],[-0.041151565,-0.9991274,-0.007132546,0],[1.2617326,0.7966486,-0.3912239,1]]}}},{"timestamp":1742674833.9264631,"label":"ARImageAnchor didUpdate","content":{"transform":{"columns":[[0.97444284,0.005069735,-0.2245777,0],[0.22460552,-0.005835417,0.9744322,0],[0.0036296018,-0.99997,-0.006824988,0],[-0.26617703,-0.6537542,0.04290259,1]]},"identifier":"FF85DBE1-76D3-E459-2D24-8EDCEE263300","name":"Car"}},{"timestamp":1742674833.942299,"label":"ARImageAnchor didUpdate","content":{"transform":{"columns":[[0.97444284,0.005069735,-0.2245777,0],[0.22460552,-0.005835417,0.9744322,0],[0.0036296018,-0.99997,-0.006824988,0],[-0.26617703,-0.6537542,0.04290259,1]]},"name":"Car","identifier":"FF85DBE1-76D3-E459-2D24-8EDCEE263300"}},{"content":{"name":"Earth","identifier":"088EF783-5990-B052-BE99-B8AA15BA6C68","transform":{"columns":[[0.94509155,-0.004295538,-0.32677704,0],[0.32664007,-0.01937302,0.94495004,0],[-0.010389732,-0.99980307,-0.016906181,0],[-1.3586739,0.6031473,-0.19779584,0.99999994]]}},"timestamp":1742674837.083981,"label":"ARImageAnchor didUpdate"},{"content":{"transform":{"columns":[[0.94509155,-0.004295538,-0.32677704,0],[0.32664007,-0.01937302,0.94495004,0],[-0.010389732,-0.99980307,-0.016906181,0],[-1.3586739,0.6031473,-0.19779584,0.99999994]]},"name":"Earth","identifier":"088EF783-5990-B052-BE99-B8AA15BA6C68"},"label":"ARImageAnchor didUpdate","timestamp":1742674837.090162},{"content":{"name":"Earth","identifier":"088EF783-5990-B052-BE99-B8AA15BA6C68","transform":{"columns":[[0.9601434,-0.005269158,-0.27945748,0],[0.2794998,0.02535228,0.9598108,0],[0.0020274841,-0.9996646,0.025814557,0],[-1.3674806,0.60791516,-0.20310122,1]]}},"timestamp":1742674837.606082,"label":"ARImageAnchor didUpdate"},{"timestamp":1742674837.6247091,"label":"ARImageAnchor didUpdate","content":{"identifier":"088EF783-5990-B052-BE99-B8AA15BA6C68","transform":{"columns":[[0.9601434,-0.005269158,-0.27945748,0],[0.2794998,0.02535228,0.9598108,0],[0.0020274841,-0.9996646,0.025814557,0],[-1.3674806,0.60791516,-0.20310122,1]]},"name":"Earth"}},{"label":"ARImageAnchor didUpdate","timestamp":1742674841.833508,"content":{"transform":{"columns":[[0.28005776,-0.010614435,0.9599243,0],[-0.9599146,-0.015022097,0.27988884,0],[0.0114492085,-0.9998307,-0.01439601,0],[1.5612245,0.1697908,0.30499882,1]]},"name":"Peppers","identifier":"61BB3DDD-C96C-6E82-3432-BD712CCBCB28"}},{"timestamp":1742674841.83916,"label":"ARImageAnchor didUpdate","content":{"transform":{"columns":[[0.28005776,-0.010614435,0.9599243,0],[-0.9599146,-0.015022097,0.27988884,0],[0.0114492085,-0.9998307,-0.01439601,0],[1.5612245,0.1697908,0.30499882,1]]},"identifier":"61BB3DDD-C96C-6E82-3432-BD712CCBCB28","name":"Peppers"}},{"label":"ARImageAnchor didUpdate","content":{"transform":{"columns":[[0.28183317,-0.018721892,0.9592806,0],[-0.95797217,0.05022954,0.28242898,0],[-0.053471826,-0.9985621,-0.003778701,0],[1.269393,0.7964841,-0.3826307,0.99999994]]},"name":"Mandrill","identifier":"A19C2489-597B-2BED-432C-244B551E75FD"},"timestamp":1742674843.9410539},{"content":{"transform":{"columns":[[0.28183317,-0.018721892,0.9592806,0],[-0.95797217,0.05022954,0.28242898,0],[-0.053471826,-0.9985621,-0.003778701,0],[1.269393,0.7964841,-0.3826307,0.99999994]]},"identifier":"A19C2489-597B-2BED-432C-244B551E75FD","name":"Mandrill"},"label":"ARImageAnchor didUpdate","timestamp":1742674843.9676561},{"label":"ARImageAnchor didUpdate","timestamp":1742674845.533784,"content":{"transform":{"columns":[[0.9612711,0.0013425386,-0.275601,0],[0.2756015,-0.00021277108,0.9612718,0],[0.0012319053,-0.999999,-0.00057454634,0],[0.4194228,0.77374655,-0.71817553,1]]},"name":"Sailboat","identifier":"C35EAC54-3E90-1B97-807B-5E3B8F238DB7"}},{"content":{"transform":{"columns":[[0.9612711,0.0013425386,-0.275601,0],[0.2756015,-0.00021277108,0.9612718,0],[0.0012319053,-0.999999,-0.00057454634,0],[0.4194228,0.77374655,-0.71817553,1]]},"name":"Sailboat","identifier":"C35EAC54-3E90-1B97-807B-5E3B8F238DB7"},"label":"ARImageAnchor didUpdate","timestamp":1742674845.538571}]