[{"timestamp":1742637946.2172089,"label":"Application launched"},{"timestamp":1742637946.217318,"label":"Initialize ARViewModel"},{"label":"Finished Initialize ARViewModel","timestamp":1742637946.219401},{"timestamp":1742637946.219524,"label":"Initialize RoomManager"},{"label":"Initialize BeaconManager","timestamp":1742637946.21954},{"label":"Fininshed Initialize BeaconManager","timestamp":1742637946.219585},{"timestamp":1742637946.2196012,"label":"Fininshed Initialize RoomManager"},{"label":"ContentView Initialize","timestamp":1742637946.219615},{"label":"Initialize ARWorldMapManager","timestamp":1742637946.2211552},{"timestamp":1742637946.221308,"label":"Fininshed Initialize ARWorldMapManager"},{"label":"Tracking Limited","content":"Tracking is limited due to: initializing","timestamp":1742637946.597033},{"label":"Room Update","content":{"name":"Test Room","id":"3F39F93D-AB52-4382-80AA-E0ED5264C1F0"},"timestamp":1742637947.4022698},{"content":{"id":"3F39F93D-AB52-4382-80AA-E0ED5264C1F0","name":"Test Room"},"label":"Downloading WorldMap","timestamp":1742637947.4023108},{"content":{"id":"3F39F93D-AB52-4382-80AA-E0ED5264C1F0","name":"Test Room"},"label":"Finished Downloading WorldMap","timestamp":1742637947.945994},{"content":"Tracking is limited due to: initializing","timestamp":1742637948.11075,"label":"Tracking Limited"},{"timestamp":1742637949.126684,"label":"Tracking Limited","content":"Tracking is limited due to: relocalizing"},{"content":{"name":"bunny","transform":{"columns":[[0.99652475,-0.0011311637,-0.08328969,0],[0.0012247307,0.99999833,0.0010723146,0],[0.08328837,-0.0011705958,0.9965247,0],[-0.034224045,-0.6027027,-0.3153559,1]]},"identifier":"B08E24AE-6649-4FDC-AC88-299C0F4ABC29"},"timestamp":1742637950.860578,"label":"Bunny didAdd"},{"timestamp":1742637950.904625,"label":"Tracking Available","content":{"center":[0.017977595,-3.4131691,0.45404088],"extent":[2.897366,6.354778,2.8408394]}},{"label":"Bunny didUpdate","timestamp":1742637950.904686,"content":{"identifier":"B08E24AE-6649-4FDC-AC88-299C0F4ABC29","name":"bunny","transform":{"columns":[[0.99652475,-0.0011311637,-0.08328969,0],[0.0012247305,0.99999815,0.0010723145,0],[0.08328838,-0.0011705958,0.99652475,0],[-0.034224045,-0.6027027,-0.3153559,1]]}}},{"timestamp":1742637952.52103,"label":"ARImageAnchor didAdd","content":{"transform":{"columns":[[0.98260474,0.0032230034,-0.18568109,0],[0.18570904,-0.017742591,0.98244447,0],[-0.00012804163,-0.99983734,-0.018032487,0],[-0.2906608,-0.64702386,0.046210498,1.0000001]]},"identifier":"FF85DBE1-76D3-E459-2D24-8EDCEE263300","name":"Car"}},{"content":{"name":"Car","identifier":"FF85DBE1-76D3-E459-2D24-8EDCEE263300","transform":{"columns":[[0.98260474,0.0032230034,-0.18568109,0],[0.18570904,-0.017742591,0.98244447,0],[-0.00012804163,-0.99983734,-0.018032487,0],[-0.2906608,-0.64702386,0.046210498,1.0000001]]}},"label":"ARImageAnchor didUpdate","timestamp":1742637952.529107},{"label":"ARImageAnchor didAdd","timestamp":1742637954.6706018,"content":{"transform":{"columns":[[0.9709112,0.00095491327,-0.23943728,0],[0.23936161,0.021586115,0.9706904,0],[0.0060954476,-0.9997664,0.02072963,0],[-1.4257717,0.6002497,-0.3154388,1]]},"identifier":"088EF783-5990-B052-BE99-B8AA15BA6C68","name":"Earth"}},{"timestamp":1742637954.675736,"label":"ARImageAnchor didUpdate","content":{"identifier":"088EF783-5990-B052-BE99-B8AA15BA6C68","name":"Earth","transform":{"columns":[[0.9709112,0.00095491327,-0.23943728,0],[0.23936161,0.021586115,0.9706904,0],[0.0060954476,-0.9997664,0.02072963,0],[-1.4257717,0.6002497,-0.3154388,1]]}}},{"timestamp":1742637957.287024,"label":"ARImageAnchor didAdd","content":{"identifier":"C35EAC54-3E90-1B97-807B-5E3B8F238DB7","transform":{"columns":[[0.97272426,0.00027514528,-0.23196357,0],[0.23188755,0.024469808,0.9724345,0],[0.005943668,-0.9997004,0.023738554,0],[0.37416697,0.779213,-0.72176975,1]]},"name":"Sailboat"}},{"timestamp":1742637957.305172,"label":"ARImageAnchor didUpdate","content":{"identifier":"C35EAC54-3E90-1B97-807B-5E3B8F238DB7","name":"Sailboat","transform":{"columns":[[0.97272426,0.00027514528,-0.23196357,0],[0.23188755,0.024469808,0.9724345,0],[0.005943668,-0.9997004,0.023738554,0],[0.37416697,0.779213,-0.72176975,1]]}}},{"content":{"transform":{"columns":[[0.23016387,-0.012780615,0.9730679,0],[-0.971053,0.06261841,0.23050974,0],[-0.06387803,-0.9979557,0.002001837,0],[1.2129874,0.8049536,-0.34368324,1]]},"identifier":"A19C2489-597B-2BED-432C-244B551E75FD","name":"Mandrill"},"label":"ARImageAnchor didAdd","timestamp":1742637958.871921},{"timestamp":1742637958.877633,"content":{"name":"Mandrill","identifier":"A19C2489-597B-2BED-432C-244B551E75FD","transform":{"columns":[[0.23016387,-0.012780615,0.9730679,0],[-0.971053,0.06261841,0.23050974,0],[-0.06387803,-0.9979557,0.002001837,0],[1.2129874,0.8049536,-0.34368324,1]]}},"label":"ARImageAnchor didUpdate"},{"timestamp":1742637960.436847,"content":{"name":"Peppers","identifier":"61BB3DDD-C96C-6E82-3432-BD712CCBCB28","transform":{"columns":[[0.23240738,-0.007064872,0.97259265,0],[-0.97256887,-0.011773678,0.23231617,0],[0.009809684,-0.9999057,-0.009607352,0],[1.4574479,0.18687762,0.34302664,1]]}},"label":"ARImageAnchor didAdd"},{"timestamp":1742637960.454654,"content":{"identifier":"61BB3DDD-C96C-6E82-3432-BD712CCBCB28","name":"Peppers","transform":{"columns":[[0.23240738,-0.007064872,0.97259265,0],[-0.97256887,-0.011773678,0.23231617,0],[0.009809684,-0.9999057,-0.009607352,0],[1.4574479,0.18687762,0.34302664,1]]}},"label":"ARImageAnchor didUpdate"},{"timestamp":1742637962.005202,"content":{"name":"Lenna","identifier":"6BAD7D5D-D14A-EF93-1C8B-F6BEC80B8329","transform":{"columns":[[-0.26711434,-0.04978959,-0.9623776,0],[0.96228665,0.03960663,-0.26913822,0],[0.051516823,-0.99797404,0.037332367,0],[0.3555579,-0.65237325,-0.21537781,1]]}},"label":"ARImageAnchor didAdd"},{"timestamp":1742637962.013013,"content":{"transform":{"columns":[[-0.26711434,-0.04978959,-0.9623776,0],[0.96228665,0.03960663,-0.26913822,0],[0.051516823,-0.99797404,0.037332367,0],[0.3555579,-0.65237325,-0.21537781,1]]},"name":"Lenna","identifier":"6BAD7D5D-D14A-EF93-1C8B-F6BEC80B8329"},"label":"ARImageAnchor didUpdate"},{"content":{"name":"bunny","transform":{"columns":[[0.99652475,-0.0011311637,-0.08328969,0],[0.0012247302,0.999998,0.0010723142,0],[0.08328838,-0.0011705959,0.9965248,0],[-0.034224045,-0.6027027,-0.3153559,1]]},"identifier":"B08E24AE-6649-4FDC-AC88-299C0F4ABC29"},"timestamp":1742637962.7137098,"label":"Bunny didUpdate"},{"content":{"transform":{"columns":[[0.99652475,-0.0011311637,-0.08328969,0],[0.00122473,0.9999978,0.001072314,0],[0.08328838,-0.0011705959,0.9965248,0],[-0.034224045,-0.6027027,-0.3153559,1]]},"name":"bunny","identifier":"B08E24AE-6649-4FDC-AC88-299C0F4ABC29"},"label":"Bunny didUpdate","timestamp":1742637965.910542}]