[{"label":"Application launched","timestamp":1742642129.6987472},{"timestamp":1742642129.69887,"label":"Initialize ARViewModel"},{"timestamp":1742642129.700836,"label":"Finished Initialize ARViewModel"},{"label":"Initialize RoomManager","timestamp":1742642129.7009192},{"label":"Initialize BeaconManager","timestamp":1742642129.700933},{"label":"Fininshed Initialize BeaconManager","timestamp":1742642129.700972},{"label":"Fininshed Initialize RoomManager","timestamp":1742642129.700989},{"label":"ContentView Initialize","timestamp":1742642129.7010021},{"label":"Initialize ARWorldMapManager","timestamp":1742642129.7031488},{"timestamp":1742642129.7031832,"label":"Fininshed Initialize ARWorldMapManager"},{"content":"Tracking is limited due to: initializing","timestamp":1742642130.085016,"label":"Tracking Limited"},{"label":"Room Update","content":{"name":"Test Room","id":"3F39F93D-AB52-4382-80AA-E0ED5264C1F0"},"timestamp":1742642131.060808},{"label":"Downloading WorldMap","content":{"id":"3F39F93D-AB52-4382-80AA-E0ED5264C1F0","name":"Test Room"},"timestamp":1742642131.060859},{"label":"Finished Downloading WorldMap","timestamp":1742642131.5553598,"content":{"name":"Test Room","id":"3F39F93D-AB52-4382-80AA-E0ED5264C1F0"}},{"label":"Tracking Limited","content":"Tracking is limited due to: initializing","timestamp":1742642131.7178102},{"timestamp":1742642132.799439,"content":"Tracking is limited due to: relocalizing","label":"Tracking Limited"},{"timestamp":1742642134.333483,"content":{"name":"bunny","identifier":"B08E24AE-6649-4FDC-AC88-299C0F4ABC29","transform":{"columns":[[0.99652475,-0.0011311637,-0.08328969,0],[0.0012247307,0.99999833,0.0010723146,0],[0.08328837,-0.0011705958,0.9965247,0],[-0.034224045,-0.6027027,-0.3153559,1]]}},"label":"Bunny didAdd"},{"timestamp":1742642134.3962998,"content":{"extent":[2.897366,6.354778,2.930262],"center":[0.017977595,-3.4131691,0.40932953]},"label":"Tracking Available"},{"timestamp":1742642134.396359,"content":{"transform":{"columns":[[0.99652475,-0.0011311637,-0.08328969,0],[0.0012247305,0.99999815,0.0010723145,0],[0.08328838,-0.0011705958,0.99652475,0],[-0.034224045,-0.6027027,-0.3153559,1]]},"name":"bunny","identifier":"B08E24AE-6649-4FDC-AC88-299C0F4ABC29"},"label":"Bunny didUpdate"},{"label":"ARImageAnchor didAdd","content":{"transform":{"columns":[[0.9774541,0.0123915505,-0.21078333,0],[0.21076767,0.0025680964,0.9775326,0],[0.012654435,-0.9999199,-0.00010155655,0],[-0.27726758,-0.6462717,0.04641521,1]]},"identifier":"FF85DBE1-76D3-E459-2D24-8EDCEE263300","name":"Car"},"timestamp":1742642136.092925},{"timestamp":1742642136.103543,"label":"ARImageAnchor didUpdate","content":{"name":"Car","identifier":"FF85DBE1-76D3-E459-2D24-8EDCEE263300","transform":{"columns":[[0.9774541,0.0123915505,-0.21078333,0],[0.21076767,0.0025680964,0.9775326,0],[0.012654435,-0.9999199,-0.00010155655,0],[-0.27726758,-0.6462717,0.04641521,1]]}}},{"label":"ARImageAnchor didAdd","timestamp":1742642138.2125921,"content":{"transform":{"columns":[[0.9702352,0.00024284181,-0.24216385,0],[0.24211611,0.018890966,0.97006315,0],[0.004810279,-0.9998215,0.018269885,0],[-1.3946382,0.6029477,-0.2399117,1]]},"identifier":"088EF783-5990-B052-BE99-B8AA15BA6C68","name":"Earth"}},{"label":"ARImageAnchor didUpdate","content":{"transform":{"columns":[[0.9702352,0.00024284181,-0.24216385,0],[0.24211611,0.018890966,0.97006315,0],[0.004810279,-0.9998215,0.018269885,0],[-1.3946382,0.6029477,-0.2399117,1]]},"name":"Earth","identifier":"088EF783-5990-B052-BE99-B8AA15BA6C68"},"timestamp":1742642138.217097},{"content":{"identifier":"C35EAC54-3E90-1B97-807B-5E3B8F238DB7","name":"Sailboat","transform":{"columns":[[0.9543864,0.011129806,-0.29836607,0],[0.29856884,-0.029951438,0.95391786,0],[0.0016804301,-0.99948937,-0.031908244,0],[0.37779155,0.7826591,-0.7215853,0.9999999]]}},"label":"ARImageAnchor didAdd","timestamp":1742642140.342836},{"timestamp":1742642140.360132,"content":{"transform":{"columns":[[0.9543864,0.011129806,-0.29836607,0],[0.29856884,-0.029951438,0.95391786,0],[0.0016804301,-0.99948937,-0.031908244,0],[0.37779155,0.7826591,-0.7215853,0.9999999]]},"identifier":"C35EAC54-3E90-1B97-807B-5E3B8F238DB7","name":"Sailboat"},"label":"ARImageAnchor didUpdate"},{"label":"ARImageAnchor didAdd","content":{"identifier":"6BAD7D5D-D14A-EF93-1C8B-F6BEC80B8329","transform":{"columns":[[-0.21988727,-0.034818206,-0.97490364,0],[0.97521937,0.017177006,-0.22057194,0],[0.024425857,-0.999246,0.030178377,0],[0.35329056,-0.66463006,-0.22299805,1]]},"name":"Lenna"},"timestamp":1742642142.475977},{"timestamp":1742642142.484323,"label":"ARImageAnchor didUpdate","content":{"name":"Lenna","identifier":"6BAD7D5D-D14A-EF93-1C8B-F6BEC80B8329","transform":{"columns":[[-0.21988727,-0.034818206,-0.97490364,0],[0.97521937,0.017177006,-0.22057194,0],[0.024425857,-0.999246,0.030178377,0],[0.35329056,-0.66463006,-0.22299805,1]]}}},{"content":{"identifier":"6BAD7D5D-D14A-EF93-1C8B-F6BEC80B8329","name":"Lenna","transform":{"columns":[[-0.2519816,-0.029349923,-0.96728665,0],[0.96772295,-0.0033496185,-0.2519936,0],[0.004155953,-0.99956346,0.029246647,0],[0.36342537,-0.6531036,-0.22763947,0.99999994]]}},"timestamp":1742642143.00154,"label":"ARImageAnchor didUpdate"},{"content":{"name":"Lenna","identifier":"6BAD7D5D-D14A-EF93-1C8B-F6BEC80B8329","transform":{"columns":[[-0.2519816,-0.029349923,-0.96728665,0],[0.96772295,-0.0033496185,-0.2519936,0],[0.004155953,-0.99956346,0.029246647,0],[0.36342537,-0.6531036,-0.22763947,0.99999994]]}},"label":"ARImageAnchor didUpdate","timestamp":1742642143.0273519},{"label":"ARImageAnchor didAdd","content":{"name":"Mandrill","identifier":"A19C2489-597B-2BED-432C-244B551E75FD","transform":{"columns":[[0.27102855,-0.014035411,0.962469,0],[-0.9610774,0.051738985,0.2713912,0],[-0.053606253,-0.998562,0.00053362566,0],[1.200686,0.8111187,-0.38164067,1]]}},"timestamp":1742642145.094623},{"content":{"transform":{"columns":[[0.27102855,-0.014035411,0.962469,0],[-0.9610774,0.051738985,0.2713912,0],[-0.053606253,-0.998562,0.00053362566,0],[1.200686,0.8111187,-0.38164067,1]]},"name":"Mandrill","identifier":"A19C2489-597B-2BED-432C-244B551E75FD"},"label":"ARImageAnchor didUpdate","timestamp":1742642145.1018748},{"timestamp":1742642146.675815,"content":{"identifier":"61BB3DDD-C96C-6E82-3432-BD712CCBCB28","transform":{"columns":[[0.26860955,-0.007557834,0.9632193,0],[-0.96324813,-0.003361006,0.26859125,0],[0.0012073652,-0.9999658,-0.008182866,0],[1.4699211,0.1856662,0.302931,1]]},"name":"Peppers"},"label":"ARImageAnchor didAdd"},{"content":{"name":"Peppers","transform":{"columns":[[0.26860955,-0.007557834,0.9632193,0],[-0.96324813,-0.003361006,0.26859125,0],[0.0012073652,-0.9999658,-0.008182866,0],[1.4699211,0.1856662,0.302931,1]]},"identifier":"61BB3DDD-C96C-6E82-3432-BD712CCBCB28"},"label":"ARImageAnchor didUpdate","timestamp":1742642146.684764}]