[{"timestamp":1742640704.207521,"label":"Application launched"},{"timestamp":1742640704.2077742,"label":"Initialize ARViewModel"},{"timestamp":1742640704.209652,"label":"Finished Initialize ARViewModel"},{"timestamp":1742640704.2096949,"label":"Initialize RoomManager"},{"timestamp":1742640704.2096992,"label":"Initialize BeaconManager"},{"label":"Fininshed Initialize BeaconManager","timestamp":1742640704.2097259},{"label":"Fininshed Initialize RoomManager","timestamp":1742640704.209731},{"label":"ContentView Initialize","timestamp":1742640704.209735},{"label":"Initialize ARWorldMapManager","timestamp":1742640704.210235},{"label":"Fininshed Initialize ARWorldMapManager","timestamp":1742640704.210242},{"content":"Tracking is limited due to: initializing","label":"Tracking Limited","timestamp":1742640704.5927649},{"timestamp":1742640705.4863691,"label":"Room Update","content":{"name":"Test Room","id":"3F39F93D-AB52-4382-80AA-E0ED5264C1F0"}},{"label":"Downloading WorldMap","content":{"id":"3F39F93D-AB52-4382-80AA-E0ED5264C1F0","name":"Test Room"},"timestamp":1742640705.486403},{"timestamp":1742640706.0931978,"label":"Finished Downloading WorldMap","content":{"id":"3F39F93D-AB52-4382-80AA-E0ED5264C1F0","name":"Test Room"}},{"content":"Tracking is limited due to: initializing","timestamp":1742640706.276917,"label":"Tracking Limited"},{"content":"Tracking is limited due to: relocalizing","timestamp":1742640707.308371,"label":"Tracking Limited"},{"timestamp":1742640708.843734,"label":"Bunny didAdd","content":{"transform":{"columns":[[0.99652475,-0.0011311637,-0.08328969,0],[0.0012247307,0.99999833,0.0010723146,0],[0.08328837,-0.0011705958,0.9965247,0],[-0.034224045,-0.6027027,-0.3153559,1]]},"name":"bunny","identifier":"B08E24AE-6649-4FDC-AC88-299C0F4ABC29"}},{"timestamp":1742640708.8802729,"content":{"center":[0.017977595,-3.4131691,0.4619192],"extent":[2.897366,6.354778,2.8250825]},"label":"Tracking Available"},{"timestamp":1742640708.880362,"label":"Bunny didUpdate","content":{"name":"bunny","transform":{"columns":[[0.99652475,-0.0011311637,-0.08328969,0],[0.0012247305,0.99999815,0.0010723145,0],[0.08328838,-0.0011705958,0.99652475,0],[-0.034224045,-0.6027027,-0.3153559,1]]},"identifier":"B08E24AE-6649-4FDC-AC88-299C0F4ABC29"}},{"content":{"name":"Car","identifier":"FF85DBE1-76D3-E459-2D24-8EDCEE263300","transform":{"columns":[[0.9812939,0.003582525,-0.1924817,0],[0.19249532,-0.032564,0.9807573,0],[-0.0027543916,-0.99946314,-0.032644484,0],[-0.2842616,-0.65769017,0.06373711,1]]}},"label":"ARImageAnchor didAdd","timestamp":1742640710.185196},{"label":"ARImageAnchor didUpdate","content":{"transform":{"columns":[[0.9812939,0.003582525,-0.1924817,0],[0.19249532,-0.032564,0.9807573,0],[-0.0027543916,-0.99946314,-0.032644484,0],[-0.2842616,-0.65769017,0.06373711,1]]},"name":"Car","identifier":"FF85DBE1-76D3-E459-2D24-8EDCEE263300"},"timestamp":1742640710.194495},{"timestamp":1742640712.818777,"content":{"name":"Earth","identifier":"088EF783-5990-B052-BE99-B8AA15BA6C68","transform":{"columns":[[0.9658273,-0.0031103159,-0.25916728,0],[0.25914946,-0.0051948912,0.9658232,0],[-0.0043503614,-0.99998164,-0.0042113317,0],[-1.3997172,0.6079812,-0.2449347,1]]}},"label":"ARImageAnchor didAdd"},{"timestamp":1742640712.826263,"label":"ARImageAnchor didUpdate","content":{"identifier":"088EF783-5990-B052-BE99-B8AA15BA6C68","name":"Earth","transform":{"columns":[[0.9658273,-0.0031103159,-0.25916728,0],[0.25914946,-0.0051948912,0.9658232,0],[-0.0043503614,-0.99998164,-0.0042113317,0],[-1.3997172,0.6079812,-0.2449347,1]]}}},{"label":"ARImageAnchor didAdd","content":{"identifier":"C35EAC54-3E90-1B97-807B-5E3B8F238DB7","transform":{"columns":[[0.97137916,0.00048144307,-0.23753323,0],[0.23748153,0.018993078,0.9712062,0],[0.0049790717,-0.9998194,0.018335147,0],[0.37445652,0.77976805,-0.7010893,1]]},"name":"Sailboat"},"timestamp":1742640716.019331},{"timestamp":1742640716.026348,"label":"ARImageAnchor didUpdate","content":{"identifier":"C35EAC54-3E90-1B97-807B-5E3B8F238DB7","name":"Sailboat","transform":{"columns":[[0.97137916,0.00048144307,-0.23753323,0],[0.23748153,0.018993078,0.9712062,0],[0.0049790717,-0.9998194,0.018335147,0],[0.37445652,0.77976805,-0.7010893,1]]}}},{"timestamp":1742640717.603595,"content":{"identifier":"6BAD7D5D-D14A-EF93-1C8B-F6BEC80B8329","name":"Lenna","transform":{"columns":[[-0.21625908,-0.03862775,-0.9755715,0],[0.97557217,0.03096622,-0.21748532,0],[0.038610727,-0.9987737,0.030987427,0],[0.3589259,-0.65917856,-0.19833665,1.0000001]]}},"label":"ARImageAnchor didAdd"},{"content":{"name":"Lenna","identifier":"6BAD7D5D-D14A-EF93-1C8B-F6BEC80B8329","transform":{"columns":[[-0.21625908,-0.03862775,-0.9755715,0],[0.97557217,0.03096622,-0.21748532,0],[0.038610727,-0.9987737,0.030987427,0],[0.3589259,-0.65917856,-0.19833665,1.0000001]]}},"label":"ARImageAnchor didUpdate","timestamp":1742640717.609778},{"label":"ARImageAnchor didUpdate","content":{"identifier":"6BAD7D5D-D14A-EF93-1C8B-F6BEC80B8329","name":"Lenna","transform":{"columns":[[-0.22225714,-0.03802322,-0.97424626,0],[0.97492194,0.0029609944,-0.22252685,0],[0.01134592,-0.99927247,0.036411565,0],[0.3683876,-0.656983,-0.19514385,1]]}},"timestamp":1742640718.1281261},{"content":{"name":"Lenna","identifier":"6BAD7D5D-D14A-EF93-1C8B-F6BEC80B8329","transform":{"columns":[[-0.22225714,-0.03802322,-0.97424626,0],[0.97492194,0.0029609944,-0.22252685,0],[0.01134592,-0.99927247,0.036411565,0],[0.3683876,-0.656983,-0.19514385,1]]}},"label":"ARImageAnchor didUpdate","timestamp":1742640718.161841},{"content":{"name":"Mandrill","identifier":"A19C2489-597B-2BED-432C-244B551E75FD","transform":{"columns":[[0.24771222,-0.015563791,0.9687085,0],[-0.9683549,0.027451513,0.24806279,0],[-0.030453328,-0.9995019,-0.008271202,0],[1.1931186,0.8042684,-0.35032088,0.99999994]]}},"timestamp":1742640719.73766,"label":"ARImageAnchor didAdd"},{"content":{"name":"Mandrill","transform":{"columns":[[0.24771222,-0.015563791,0.9687085,0],[-0.9683549,0.027451513,0.24806279,0],[-0.030453328,-0.9995019,-0.008271202,0],[1.1931186,0.8042684,-0.35032088,0.99999994]]},"identifier":"A19C2489-597B-2BED-432C-244B551E75FD"},"label":"ARImageAnchor didUpdate","timestamp":1742640719.769114},{"timestamp":1742640721.8680139,"content":{"name":"Peppers","identifier":"61BB3DDD-C96C-6E82-3432-BD712CCBCB28","transform":{"columns":[[0.24611081,-0.006128877,0.96922225,0],[-0.96924144,-0.00096744864,0.24610953,0],[-0.00057069195,-0.9999807,-0.0061784456,0],[1.4729407,0.18195999,0.34987104,1]]}},"label":"ARImageAnchor didAdd"},{"timestamp":1742640721.885948,"content":{"identifier":"61BB3DDD-C96C-6E82-3432-BD712CCBCB28","transform":{"columns":[[0.24611081,-0.006128877,0.96922225,0],[-0.96924144,-0.00096744864,0.24610953,0],[-0.00057069195,-0.9999807,-0.0061784456,0],[1.4729407,0.18195999,0.34987104,1]]},"name":"Peppers"},"label":"ARImageAnchor didUpdate"},{"content":{"name":"Mandrill","identifier":"A19C2489-597B-2BED-432C-244B551E75FD","transform":{"columns":[[0.24501134,-0.014937897,0.969405,0],[-0.9679962,0.052269816,0.24546073,0],[-0.054337308,-0.99852127,-0.0016531227,0],[1.2209104,0.8047052,-0.3446939,1]]}},"label":"ARImageAnchor didUpdate","timestamp":1742640727.1262488},{"timestamp":1742640727.1526709,"label":"ARImageAnchor didUpdate","content":{"transform":{"columns":[[0.24501134,-0.014937897,0.969405,0],[-0.9679962,0.052269816,0.24546073,0],[-0.054337308,-0.99852127,-0.0016531227,0],[1.2209104,0.8047052,-0.3446939,1]]},"identifier":"A19C2489-597B-2BED-432C-244B551E75FD","name":"Mandrill"}}]