[{"timestamp":1742656924.515565,"label":"Application launched"},{"label":"Initialize ARViewModel","timestamp":1742656924.515792},{"timestamp":1742656924.517367,"label":"Finished Initialize ARViewModel"},{"label":"Initialize RoomManager","timestamp":1742656924.517422},{"label":"Initialize BeaconManager","timestamp":1742656924.517435},{"timestamp":1742656924.517467,"label":"Fininshed Initialize BeaconManager"},{"timestamp":1742656924.517484,"label":"Fininshed Initialize RoomManager"},{"label":"ContentView Initialize","timestamp":1742656924.517497},{"timestamp":1742656924.518456,"label":"Initialize ARWorldMapManager"},{"label":"Fininshed Initialize ARWorldMapManager","timestamp":1742656924.5184999},{"label":"Tracking Limited","content":"Tracking is limited due to: initializing","timestamp":1742656924.848741},{"content":{"name":"Test Room","id":"3F39F93D-AB52-4382-80AA-E0ED5264C1F0"},"timestamp":1742656925.921562,"label":"Room Update"},{"label":"Downloading WorldMap","timestamp":1742656925.921591,"content":{"name":"Test Room","id":"3F39F93D-AB52-4382-80AA-E0ED5264C1F0"}},{"label":"Finished Downloading WorldMap","content":{"name":"Test Room","id":"3F39F93D-AB52-4382-80AA-E0ED5264C1F0"},"timestamp":1742656932.295358},{"timestamp":1742656932.449029,"content":"Tracking is limited due to: initializing","label":"Tracking Limited"},{"label":"Tracking Limited","content":"Tracking is limited due to: relocalizing","timestamp":1742656933.497703},{"timestamp":1742656934.914733,"content":{"name":"bunny","identifier":"B08E24AE-6649-4FDC-AC88-299C0F4ABC29","transform":{"columns":[[0.99652475,-0.0011311637,-0.08328969,0],[0.0012247307,0.99999833,0.0010723146,0],[0.08328837,-0.0011705958,0.9965247,0],[-0.034224045,-0.6027027,-0.3153559,1]]}},"label":"Bunny didAdd"},{"timestamp":1742656935.003804,"label":"Tracking Available","content":{"extent":[2.897366,6.354778,2.8408394],"center":[0.017977595,-3.4131691,0.45404088]}},{"content":{"transform":{"columns":[[0.99652475,-0.0011311637,-0.08328969,0],[0.0012247305,0.99999815,0.0010723145,0],[0.08328838,-0.0011705958,0.99652475,0],[-0.034224045,-0.6027027,-0.3153559,1]]},"identifier":"B08E24AE-6649-4FDC-AC88-299C0F4ABC29","name":"bunny"},"label":"Bunny didUpdate","timestamp":1742656935.003862},{"label":"ARImageAnchor didAdd","timestamp":1742656936.541119,"content":{"name":"Car","identifier":"FF85DBE1-76D3-E459-2D24-8EDCEE263300","transform":{"columns":[[0.97355527,0.010831517,-0.22819366,0],[0.22815199,0.004954677,0.9736128,0],[0.011676356,-0.9999291,0.0023524596,0],[-0.27530146,-0.6629831,0.06438176,0.99999994]]}}},{"label":"ARImageAnchor didUpdate","timestamp":1742656936.556205,"content":{"transform":{"columns":[[0.97355527,0.010831517,-0.22819366,0],[0.22815199,0.004954677,0.9736128,0],[0.011676356,-0.9999291,0.0023524596,0],[-0.27530146,-0.6629831,0.06438176,0.99999994]]},"identifier":"FF85DBE1-76D3-E459-2D24-8EDCEE263300","name":"Car"}},{"label":"ARImageAnchor didUpdate","content":{"name":"Car","identifier":"FF85DBE1-76D3-E459-2D24-8EDCEE263300","transform":{"columns":[[0.9745017,0.009482145,-0.22417857,0],[0.22419871,-0.0011048833,0.9745426,0],[0.008993066,-0.99995434,-0.003202593,0],[-0.27507952,-0.6559718,0.052250654,1]]}},"timestamp":1742656937.069627},{"label":"ARImageAnchor didUpdate","content":{"name":"Car","identifier":"FF85DBE1-76D3-E459-2D24-8EDCEE263300","transform":{"columns":[[0.9745017,0.009482145,-0.22417857,0],[0.22419871,-0.0011048833,0.9745426,0],[0.008993066,-0.99995434,-0.003202593,0],[-0.27507952,-0.6559718,0.052250654,1]]}},"timestamp":1742656937.085341},{"content":{"transform":{"columns":[[0.9618192,0.0039479434,-0.27365687,0],[0.2735462,0.018014407,0.96169007,0],[0.0087264655,-0.99982977,0.016246656,0],[-1.3830124,0.6017047,-0.22105211,0.99999994]]},"name":"Earth","identifier":"088EF783-5990-B052-BE99-B8AA15BA6C68"},"label":"ARImageAnchor didAdd","timestamp":1742656939.6742969},{"label":"ARImageAnchor didUpdate","content":{"identifier":"088EF783-5990-B052-BE99-B8AA15BA6C68","name":"Earth","transform":{"columns":[[0.9618192,0.0039479434,-0.27365687,0],[0.2735462,0.018014407,0.96169007,0],[0.0087264655,-0.99982977,0.016246656,0],[-1.3830124,0.6017047,-0.22105211,0.99999994]]}},"timestamp":1742656939.682777},{"content":{"name":"Lenna","transform":{"columns":[[-0.2304307,-0.035486985,-0.9724414,0],[0.9730878,-0.009668239,-0.23023108,0],[-0.0012315807,-0.9993233,0.03675981,0],[0.3852697,-0.6725682,-0.21749148,1]]},"identifier":"6BAD7D5D-D14A-EF93-1C8B-F6BEC80B8329"},"timestamp":1742656943.890681,"label":"ARImageAnchor didAdd"},{"label":"ARImageAnchor didUpdate","content":{"transform":{"columns":[[-0.2304307,-0.035486985,-0.9724414,0],[0.9730878,-0.009668239,-0.23023108,0],[-0.0012315807,-0.9993233,0.03675981,0],[0.3852697,-0.6725682,-0.21749148,1]]},"name":"Lenna","identifier":"6BAD7D5D-D14A-EF93-1C8B-F6BEC80B8329"},"timestamp":1742656943.901473},{"content":{"name":"Sailboat","transform":{"columns":[[0.9639279,-6.5726155e-05,-0.26616275,0],[0.26603714,-0.030478815,0.9634806,0],[-0.008175649,-0.9995353,-0.029361898,0],[0.3970539,0.7655262,-0.7110953,0.99999994]]},"identifier":"C35EAC54-3E90-1B97-807B-5E3B8F238DB7"},"timestamp":1742656947.541754,"label":"ARImageAnchor didAdd"},{"timestamp":1742656947.549401,"content":{"transform":{"columns":[[0.9639279,-6.5726155e-05,-0.26616275,0],[0.26603714,-0.030478815,0.9634806,0],[-0.008175649,-0.9995353,-0.029361898,0],[0.3970539,0.7655262,-0.7110953,0.99999994]]},"name":"Sailboat","identifier":"C35EAC54-3E90-1B97-807B-5E3B8F238DB7"},"label":"ARImageAnchor didUpdate"},{"content":{"transform":{"columns":[[0.26276493,-0.017147934,0.9647073,0],[-0.96342057,0.049926657,0.26330194,0],[-0.052679703,-0.9986056,-0.0034016948,0],[1.2409539,0.78808016,-0.3730795,1]]},"identifier":"A19C2489-597B-2BED-432C-244B551E75FD","name":"Mandrill"},"label":"ARImageAnchor didAdd","timestamp":1742656949.6570868},{"label":"ARImageAnchor didUpdate","content":{"transform":{"columns":[[0.26276493,-0.017147934,0.9647073,0],[-0.96342057,0.049926657,0.26330194,0],[-0.052679703,-0.9986056,-0.0034016948,0],[1.2409539,0.78808016,-0.3730795,1]]},"identifier":"A19C2489-597B-2BED-432C-244B551E75FD","name":"Mandrill"},"timestamp":1742656949.674823},{"timestamp":1742656951.256974,"label":"ARImageAnchor didAdd","content":{"name":"Peppers","identifier":"61BB3DDD-C96C-6E82-3432-BD712CCBCB28","transform":{"columns":[[0.26749706,-0.010313294,0.96350336,0],[-0.9635331,-0.010122236,0.267397,0],[0.0069950623,-0.99989545,-0.012644874,0],[1.5057342,0.16811663,0.31656694,1]]}}},{"content":{"name":"Peppers","identifier":"61BB3DDD-C96C-6E82-3432-BD712CCBCB28","transform":{"columns":[[0.26749706,-0.010313294,0.96350336,0],[-0.9635331,-0.010122236,0.267397,0],[0.0069950623,-0.99989545,-0.012644874,0],[1.5057342,0.16811663,0.31656694,1]]}},"timestamp":1742656951.266736,"label":"ARImageAnchor didUpdate"},{"label":"Bunny didUpdate","timestamp":1742656955.0669541,"content":{"transform":{"columns":[[0.99652475,-0.0011311637,-0.08328969,0],[0.0012247302,0.999998,0.0010723142,0],[0.08328838,-0.0011705959,0.9965248,0],[-0.034224045,-0.6027027,-0.3153559,1]]},"name":"bunny","identifier":"B08E24AE-6649-4FDC-AC88-299C0F4ABC29"}}]