[{"timestamp":1742658726.799696,"label":"Application launched"},{"label":"Initialize ARViewModel","timestamp":1742658726.799765},{"label":"Finished Initialize ARViewModel","timestamp":1742658726.8017821},{"timestamp":1742658726.8018231,"label":"Initialize RoomManager"},{"label":"Initialize BeaconManager","timestamp":1742658726.801828},{"label":"Fininshed Initialize BeaconManager","timestamp":1742658726.801841},{"label":"Fininshed Initialize RoomManager","timestamp":1742658726.801846},{"timestamp":1742658726.8018498,"label":"ContentView Initialize"},{"label":"Initialize ARWorldMapManager","timestamp":1742658726.803273},{"label":"Fininshed Initialize ARWorldMapManager","timestamp":1742658726.803302},{"timestamp":1742658727.1788359,"label":"Tracking Limited","content":"Tracking is limited due to: initializing"},{"timestamp":1742658728.1267939,"label":"Room Update","content":{"name":"Test Room","id":"3F39F93D-AB52-4382-80AA-E0ED5264C1F0"}},{"timestamp":1742658728.126827,"content":{"id":"3F39F93D-AB52-4382-80AA-E0ED5264C1F0","name":"Test Room"},"label":"Downloading WorldMap"},{"content":{"id":"3F39F93D-AB52-4382-80AA-E0ED5264C1F0","name":"Test Room"},"timestamp":1742658728.635833,"label":"Finished Downloading WorldMap"},{"timestamp":1742658728.796272,"label":"Tracking Not Available"},{"timestamp":1742658728.8118138,"label":"Tracking Limited","content":"Tracking is limited due to: initializing"},{"timestamp":1742658729.830018,"content":"Tracking is limited due to: relocalizing","label":"Tracking Limited"},{"label":"Bunny didAdd","timestamp":1742658731.643742,"content":{"transform":{"columns":[[0.99652475,-0.0011311637,-0.08328969,0],[0.0012247307,0.99999833,0.0010723146,0],[0.08328837,-0.0011705958,0.9965247,0],[-0.034224045,-0.6027027,-0.3153559,1]]},"name":"bunny","identifier":"B08E24AE-6649-4FDC-AC88-299C0F4ABC29"}},{"content":{"extent":[2.897366,6.354778,2.8408394],"center":[0.017977595,-3.4131691,0.45404088]},"label":"Tracking Available","timestamp":1742658731.7049608},{"timestamp":1742658731.705028,"content":{"identifier":"B08E24AE-6649-4FDC-AC88-299C0F4ABC29","transform":{"columns":[[0.99652475,-0.0011311637,-0.08328969,0],[0.0012247305,0.99999815,0.0010723145,0],[0.08328838,-0.0011705958,0.99652475,0],[-0.034224045,-0.6027027,-0.3153559,1]]},"name":"bunny"},"label":"Bunny didUpdate"},{"content":{"identifier":"FF85DBE1-76D3-E459-2D24-8EDCEE263300","transform":{"columns":[[0.97105914,0.0068148565,-0.23874108,0],[0.23878497,-0.0065673515,0.9710501,0],[0.0050496543,-0.9999552,-0.008004615,0],[-0.2715834,-0.6624437,0.052397043,1]]},"name":"Car"},"timestamp":1742658733.7881951,"label":"ARImageAnchor didAdd"},{"label":"ARImageAnchor didUpdate","timestamp":1742658733.7991462,"content":{"name":"Car","identifier":"FF85DBE1-76D3-E459-2D24-8EDCEE263300","transform":{"columns":[[0.97105914,0.0068148565,-0.23874108,0],[0.23878497,-0.0065673515,0.9710501,0],[0.0050496543,-0.9999552,-0.008004615,0],[-0.2715834,-0.6624437,0.052397043,1]]}}},{"timestamp":1742658737.487955,"label":"ARImageAnchor didAdd","content":{"name":"Earth","identifier":"088EF783-5990-B052-BE99-B8AA15BA6C68","transform":{"columns":[[0.9615837,-0.0022870724,-0.27450195,0],[0.2744397,-0.014855687,0.9614894,0],[-0.0062769027,-0.99988693,-0.013657325,0],[-1.3823423,0.6076147,-0.1938344,0.99999994]]}}},{"label":"ARImageAnchor didUpdate","content":{"name":"Earth","transform":{"columns":[[0.9615837,-0.0022870724,-0.27450195,0],[0.2744397,-0.014855687,0.9614894,0],[-0.0062769027,-0.99988693,-0.013657325,0],[-1.3823423,0.6076147,-0.1938344,0.99999994]]},"identifier":"088EF783-5990-B052-BE99-B8AA15BA6C68"},"timestamp":1742658737.506423},{"label":"ARImageAnchor didAdd","timestamp":1742658742.187583,"content":{"name":"Lenna","identifier":"6BAD7D5D-D14A-EF93-1C8B-F6BEC80B8329","transform":{"columns":[[-0.2616255,-0.038740885,-0.9643915,0],[0.96507937,-0.02413318,-0.26084268,0],[-0.013168529,-0.99895775,0.043701883,0],[0.4066905,-0.6654625,-0.20371902,1]]}}},{"label":"ARImageAnchor didUpdate","timestamp":1742658742.198832,"content":{"transform":{"columns":[[-0.2616255,-0.038740885,-0.9643915,0],[0.96507937,-0.02413318,-0.26084268,0],[-0.013168529,-0.99895775,0.043701883,0],[0.4066905,-0.6654625,-0.20371902,1]]},"name":"Lenna","identifier":"6BAD7D5D-D14A-EF93-1C8B-F6BEC80B8329"}},{"content":{"transform":{"columns":[[-0.25671497,-0.036418643,-0.96580064,0],[0.96641254,-0.022080425,-0.25604498,0],[-0.0120004825,-0.9990926,0.040863812,0],[0.40423423,-0.6612463,-0.20245108,1]]},"name":"Lenna","identifier":"6BAD7D5D-D14A-EF93-1C8B-F6BEC80B8329"},"label":"ARImageAnchor didUpdate","timestamp":1742658742.71171},{"label":"ARImageAnchor didUpdate","timestamp":1742658742.739437,"content":{"name":"Lenna","transform":{"columns":[[-0.25671497,-0.036418643,-0.96580064,0],[0.96641254,-0.022080425,-0.25604498,0],[-0.0120004825,-0.9990926,0.040863812,0],[0.40423423,-0.6612463,-0.20245108,1]]},"identifier":"6BAD7D5D-D14A-EF93-1C8B-F6BEC80B8329"}},{"label":"ARImageAnchor didAdd","content":{"transform":{"columns":[[0.96655375,0.008314572,-0.2563286,0],[0.25641438,-0.011783374,0.9664949,0],[0.0050155735,-0.99989593,-0.013521241,0],[0.4050178,0.7759081,-0.7057495,1]]},"identifier":"C35EAC54-3E90-1B97-807B-5E3B8F238DB7","name":"Sailboat"},"timestamp":1742658745.370646},{"content":{"transform":{"columns":[[0.96655375,0.008314572,-0.2563286,0],[0.25641438,-0.011783374,0.9664949,0],[0.0050155735,-0.99989593,-0.013521241,0],[0.4050178,0.7759081,-0.7057495,1]]},"identifier":"C35EAC54-3E90-1B97-807B-5E3B8F238DB7","name":"Sailboat"},"timestamp":1742658745.3804278,"label":"ARImageAnchor didUpdate"},{"label":"ARImageAnchor didAdd","timestamp":1742658747.488683,"content":{"name":"Mandrill","transform":{"columns":[[0.26464713,-0.016116386,0.96421057,0],[-0.9634459,0.038750872,0.26508492,0],[-0.04163621,-0.9991188,-0.005271963,0],[1.2477483,0.8024341,-0.361716,0.99999994]]},"identifier":"A19C2489-597B-2BED-432C-244B551E75FD"}},{"label":"ARImageAnchor didUpdate","content":{"identifier":"A19C2489-597B-2BED-432C-244B551E75FD","transform":{"columns":[[0.26464713,-0.016116386,0.96421057,0],[-0.9634459,0.038750872,0.26508492,0],[-0.04163621,-0.9991188,-0.005271963,0],[1.2477483,0.8024341,-0.361716,0.99999994]]},"name":"Mandrill"},"timestamp":1742658747.495687},{"label":"ARImageAnchor didAdd","timestamp":1742658749.070411,"content":{"identifier":"61BB3DDD-C96C-6E82-3432-BD712CCBCB28","name":"Peppers","transform":{"columns":[[0.27379838,-0.007476975,0.9617579,0],[-0.9617355,-0.012471456,0.27369502,0],[0.009948068,-0.9998942,-0.010605536,0],[1.5163121,0.18047288,0.33143818,1]]}}},{"label":"ARImageAnchor didUpdate","content":{"identifier":"61BB3DDD-C96C-6E82-3432-BD712CCBCB28","transform":{"columns":[[0.27379838,-0.007476975,0.9617579,0],[-0.9617355,-0.012471456,0.27369502,0],[0.009948068,-0.9998942,-0.010605536,0],[1.5163121,0.18047288,0.33143818,1]]},"name":"Peppers"},"timestamp":1742658749.080148},{"label":"ARImageAnchor didUpdate","content":{"transform":{"columns":[[0.2579589,-0.0070416518,0.96613,0],[-0.96615475,-0.0032771323,0.25794157,0],[0.0013497937,-0.9999698,-0.007648686,0],[1.5165803,0.18350373,0.32479873,1]]},"identifier":"61BB3DDD-C96C-6E82-3432-BD712CCBCB28","name":"Peppers"},"timestamp":1742658749.605864},{"timestamp":1742658749.6092649,"content":{"identifier":"61BB3DDD-C96C-6E82-3432-BD712CCBCB28","transform":{"columns":[[0.2579589,-0.0070416518,0.96613,0],[-0.96615475,-0.0032771323,0.25794157,0],[0.0013497937,-0.9999698,-0.007648686,0],[1.5165803,0.18350373,0.32479873,1]]},"name":"Peppers"},"label":"ARImageAnchor didUpdate"},{"timestamp":1742658755.788223,"label":"Bunny didUpdate","content":{"name":"bunny","transform":{"columns":[[0.99652475,-0.0011311637,-0.08328969,0],[0.0012247302,0.999998,0.0010723142,0],[0.08328838,-0.0011705959,0.9965248,0],[-0.034224045,-0.6027027,-0.3153559,1]]},"identifier":"B08E24AE-6649-4FDC-AC88-299C0F4ABC29"}},{"content":{"identifier":"088EF783-5990-B052-BE99-B8AA15BA6C68","name":"Earth","transform":{"columns":[[0.95867974,-0.0065885596,-0.28441083,0],[0.28421497,-0.021537151,0.95851856,0],[-0.012440657,-0.99974626,-0.01877464,0],[-1.3793161,0.60540295,-0.23553228,1]]}},"label":"ARImageAnchor didUpdate","timestamp":1742658757.021183},{"content":{"identifier":"088EF783-5990-B052-BE99-B8AA15BA6C68","transform":{"columns":[[0.95867974,-0.0065885596,-0.28441083,0],[0.28421497,-0.021537151,0.95851856,0],[-0.012440657,-0.99974626,-0.01877464,0],[-1.3793161,0.60540295,-0.23553228,1]]},"name":"Earth"},"label":"ARImageAnchor didUpdate","timestamp":1742658757.027854},{"content":{"identifier":"B08E24AE-6649-4FDC-AC88-299C0F4ABC29","name":"bunny","transform":{"columns":[[0.99652475,-0.0011311637,-0.08328969,0],[0.00122473,0.9999978,0.001072314,0],[0.08328838,-0.0011705959,0.9965248,0],[-0.034224045,-0.6027027,-0.3153559,1]]}},"label":"Bunny didUpdate","timestamp":1742658759.795004},{"label":"Bunny didUpdate","content":{"transform":{"columns":[[0.99652475,-0.0011311637,-0.08328969,0],[0.0012247298,0.9999976,0.0010723138,0],[0.08328838,-0.0011705959,0.9965248,0],[-0.034224045,-0.6027027,-0.3153559,1]]},"identifier":"B08E24AE-6649-4FDC-AC88-299C0F4ABC29","name":"bunny"},"timestamp":1742658760.29439},{"timestamp":1742658761.7433028,"label":"ARImageAnchor didUpdate","content":{"name":"Car","identifier":"FF85DBE1-76D3-E459-2D24-8EDCEE263300","transform":{"columns":[[0.9710507,0.011523062,-0.2385946,0],[0.23855783,0.004488606,0.9711177,0],[0.0122612165,-0.99992347,0.0016097368,0],[-0.2756316,-0.64545524,0.031699657,1]]}}},{"timestamp":1742658761.761816,"label":"ARImageAnchor didUpdate","content":{"name":"Car","identifier":"FF85DBE1-76D3-E459-2D24-8EDCEE263300","transform":{"columns":[[0.9710507,0.011523062,-0.2385946,0],[0.23855783,0.004488606,0.9711177,0],[0.0122612165,-0.99992347,0.0016097368,0],[-0.2756316,-0.64545524,0.031699657,1]]}}},{"content":{"name":"bunny","identifier":"B08E24AE-6649-4FDC-AC88-299C0F4ABC29","transform":{"columns":[[0.99652475,-0.0011311636,-0.08328968,0],[0.0012247296,0.99999744,0.0010723136,0],[0.08328837,-0.001170596,0.9965248,0],[-0.034223963,-0.6027027,-0.31535605,1]]}},"timestamp":1742658763.780683,"label":"Bunny didUpdate"},{"content":{"identifier":"B08E24AE-6649-4FDC-AC88-299C0F4ABC29","transform":{"columns":[[0.99652475,-0.0011311637,-0.083289646,0],[0.0012247292,0.99999726,0.0010723134,0],[0.083288334,-0.001170596,0.9965248,0],[-0.03422394,-0.6027027,-0.31535593,1]]},"name":"bunny"},"label":"Bunny didUpdate","timestamp":1742658771.6938272}]