[{"timestamp":1742642198.2883291,"label":"Application launched"},{"label":"Initialize ARViewModel","timestamp":1742642198.288562},{"timestamp":1742642198.291851,"label":"Finished Initialize ARViewModel"},{"label":"Initialize RoomManager","timestamp":1742642198.291891},{"label":"Initialize BeaconManager","timestamp":1742642198.2918959},{"timestamp":1742642198.291909,"label":"Fininshed Initialize BeaconManager"},{"timestamp":1742642198.291914,"label":"Fininshed Initialize RoomManager"},{"timestamp":1742642198.2919168,"label":"ContentView Initialize"},{"timestamp":1742642198.2923,"label":"Initialize ARWorldMapManager"},{"label":"Fininshed Initialize ARWorldMapManager","timestamp":1742642198.292307},{"timestamp":1742642198.646951,"label":"Tracking Limited","content":"Tracking is limited due to: initializing"},{"label":"Room Update","timestamp":1742642199.5832381,"content":{"name":"Test Room","id":"3F39F93D-AB52-4382-80AA-E0ED5264C1F0"}},{"content":{"name":"Test Room","id":"3F39F93D-AB52-4382-80AA-E0ED5264C1F0"},"timestamp":1742642199.5832648,"label":"Downloading WorldMap"},{"timestamp":1742642200.05872,"label":"Finished Downloading WorldMap","content":{"id":"3F39F93D-AB52-4382-80AA-E0ED5264C1F0","name":"Test Room"}},{"timestamp":1742642200.213207,"label":"Tracking Limited","content":"Tracking is limited due to: initializing"},{"label":"Tracking Limited","content":"Tracking is limited due to: relocalizing","timestamp":1742642201.2818909},{"timestamp":1742642202.815158,"label":"Bunny didAdd","content":{"name":"bunny","identifier":"B08E24AE-6649-4FDC-AC88-299C0F4ABC29","transform":{"columns":[[0.99652475,-0.0011311637,-0.08328969,0],[0.0012247307,0.99999833,0.0010723146,0],[0.08328837,-0.0011705958,0.9965247,0],[-0.034224045,-0.6027027,-0.3153559,1]]}}},{"timestamp":1742642202.857717,"label":"Bunny didUpdate","content":{"identifier":"B08E24AE-6649-4FDC-AC88-299C0F4ABC29","transform":{"columns":[[0.99652475,-0.0011311637,-0.08328969,0],[0.0012247305,0.99999815,0.0010723145,0],[0.08328838,-0.0011705958,0.99652475,0],[-0.034224045,-0.6027027,-0.3153559,1]]},"name":"bunny"}},{"label":"Tracking Available","content":{"center":[0.017977595,-3.4131691,0.45404088],"extent":[2.897366,6.354778,2.8408394]},"timestamp":1742642202.85779},{"content":{"name":"Car","identifier":"FF85DBE1-76D3-E459-2D24-8EDCEE263300","transform":{"columns":[[0.97679245,0.02175262,-0.21307962,0],[0.21303743,0.004268535,0.97703457,0],[0.0221626,-0.99975425,-0.0004646249,0],[-0.2751616,-0.6584597,0.052040458,1]]}},"timestamp":1742642205.1397119,"label":"ARImageAnchor didAdd"},{"content":{"transform":{"columns":[[0.97679245,0.02175262,-0.21307962,0],[0.21303743,0.004268535,0.97703457,0],[0.0221626,-0.99975425,-0.0004646249,0],[-0.2751616,-0.6584597,0.052040458,1]]},"name":"Car","identifier":"FF85DBE1-76D3-E459-2D24-8EDCEE263300"},"label":"ARImageAnchor didUpdate","timestamp":1742642205.1492438},{"content":{"identifier":"088EF783-5990-B052-BE99-B8AA15BA6C68","transform":{"columns":[[0.95668894,0.0010071612,-0.29110968,0],[0.29108736,0.009553205,0.9566486,0],[0.003744532,-0.9999538,0.008846279,0],[-1.3805084,0.59669954,-0.22998738,1]]},"name":"Earth"},"timestamp":1742642207.7396631,"label":"ARImageAnchor didAdd"},{"label":"ARImageAnchor didUpdate","content":{"transform":{"columns":[[0.95668894,0.0010071612,-0.29110968,0],[0.29108736,0.009553205,0.9566486,0],[0.003744532,-0.9999538,0.008846279,0],[-1.3805084,0.59669954,-0.22998738,1]]},"identifier":"088EF783-5990-B052-BE99-B8AA15BA6C68","name":"Earth"},"timestamp":1742642207.7479491},{"label":"ARImageAnchor didAdd","timestamp":1742642212.457645,"content":{"transform":{"columns":[[-0.2517971,-0.03644634,-0.9670934,0],[0.9669384,0.032187432,-0.2529698,0],[0.040348083,-0.998817,0.027136682,0],[0.36721855,-0.65974134,-0.21731378,1]]},"identifier":"6BAD7D5D-D14A-EF93-1C8B-F6BEC80B8329","name":"Lenna"}},{"label":"ARImageAnchor didUpdate","content":{"transform":{"columns":[[-0.2517971,-0.03644634,-0.9670934,0],[0.9669384,0.032187432,-0.2529698,0],[0.040348083,-0.998817,0.027136682,0],[0.36721855,-0.65974134,-0.21731378,1]]},"name":"Lenna","identifier":"6BAD7D5D-D14A-EF93-1C8B-F6BEC80B8329"},"timestamp":1742642212.464824},{"content":{"transform":{"columns":[[0.95783263,0.008343767,-0.287205,0],[0.28731576,-0.019299043,0.9576413,0],[0.0024475534,-0.99977887,-0.02088255,0],[0.30255026,0.7823669,-0.71029675,0.99999994]]},"name":"Sailboat","identifier":"C35EAC54-3E90-1B97-807B-5E3B8F238DB7"},"timestamp":1742642215.1058521,"label":"ARImageAnchor didAdd"},{"timestamp":1742642215.11293,"content":{"name":"Sailboat","transform":{"columns":[[0.95783263,0.008343767,-0.287205,0],[0.28731576,-0.019299043,0.9576413,0],[0.0024475534,-0.99977887,-0.02088255,0],[0.30255026,0.7823669,-0.71029675,0.99999994]]},"identifier":"C35EAC54-3E90-1B97-807B-5E3B8F238DB7"},"label":"ARImageAnchor didUpdate"},{"content":{"transform":{"columns":[[0.95877075,0.0041985055,-0.2841489,0],[0.2840552,0.015461034,0.9586831,0],[0.00841827,-0.99987155,0.013630975,0],[0.30998436,0.77731675,-0.7110045,0.99999994]]},"name":"Sailboat","identifier":"C35EAC54-3E90-1B97-807B-5E3B8F238DB7"},"timestamp":1742642215.630619,"label":"ARImageAnchor didUpdate"},{"timestamp":1742642215.657549,"content":{"transform":{"columns":[[0.95877075,0.0041985055,-0.2841489,0],[0.2840552,0.015461034,0.9586831,0],[0.00841827,-0.99987155,0.013630975,0],[0.30998436,0.77731675,-0.7110045,0.99999994]]},"name":"Sailboat","identifier":"C35EAC54-3E90-1B97-807B-5E3B8F238DB7"},"label":"ARImageAnchor didUpdate"},{"timestamp":1742642217.2406049,"label":"ARImageAnchor didUpdate","content":{"identifier":"C35EAC54-3E90-1B97-807B-5E3B8F238DB7","transform":{"columns":[[0.9591426,0.0059700683,-0.2828593,0],[0.2827938,0.009901253,0.9591295,0],[0.00852673,-0.9999331,0.007808423,0],[0.35300985,0.7724429,-0.71517897,0.99999994]]},"name":"Sailboat"}},{"timestamp":1742642217.24645,"label":"ARImageAnchor didUpdate","content":{"transform":{"columns":[[0.9591426,0.0059700683,-0.2828593,0],[0.2827938,0.009901253,0.9591295,0],[0.00852673,-0.9999331,0.007808423,0],[0.35300985,0.7724429,-0.71517897,0.99999994]]},"name":"Sailboat","identifier":"C35EAC54-3E90-1B97-807B-5E3B8F238DB7"}},{"label":"ARImageAnchor didAdd","content":{"identifier":"A19C2489-597B-2BED-432C-244B551E75FD","transform":{"columns":[[0.26150578,-0.013875306,0.96510214,0],[-0.9643837,0.0374043,0.2618488,0],[-0.039732203,-0.99920386,-0.003599685,0],[1.1916225,0.798654,-0.37148345,1]]},"name":"Mandrill"},"timestamp":1742642219.372611},{"label":"ARImageAnchor didUpdate","timestamp":1742642219.3909988,"content":{"transform":{"columns":[[0.26150578,-0.013875306,0.96510214,0],[-0.9643837,0.0374043,0.2618488,0],[-0.039732203,-0.99920386,-0.003599685,0],[1.1916225,0.798654,-0.37148345,1]]},"name":"Mandrill","identifier":"A19C2489-597B-2BED-432C-244B551E75FD"}},{"timestamp":1742642223.05545,"label":"ARImageAnchor didAdd","content":{"name":"Peppers","transform":{"columns":[[0.26895732,-0.009738476,0.96310276,0],[-0.96309346,-0.013731994,0.26881585,0],[0.010607451,-0.9998582,-0.013072386,0],[1.4567974,0.18274409,0.31618977,1]]},"identifier":"61BB3DDD-C96C-6E82-3432-BD712CCBCB28"}},{"timestamp":1742642223.074642,"label":"ARImageAnchor didUpdate","content":{"name":"Peppers","transform":{"columns":[[0.26895732,-0.009738476,0.96310276,0],[-0.96309346,-0.013731994,0.26881585,0],[0.010607451,-0.9998582,-0.013072386,0],[1.4567974,0.18274409,0.31618977,1]]},"identifier":"61BB3DDD-C96C-6E82-3432-BD712CCBCB28"}},{"label":"Bunny didUpdate","content":{"name":"bunny","transform":{"columns":[[0.99652475,-0.0011311637,-0.08328969,0],[0.0012247302,0.999998,0.0010723142,0],[0.08328838,-0.0011705959,0.9965248,0],[-0.034224045,-0.6027027,-0.3153559,1]]},"identifier":"B08E24AE-6649-4FDC-AC88-299C0F4ABC29"},"timestamp":1742642228.174288},{"timestamp":1742642228.464798,"content":{"transform":{"columns":[[0.99652475,-0.0011311637,-0.08328969,0],[0.00122473,0.9999978,0.001072314,0],[0.08328838,-0.0011705959,0.9965248,0],[-0.034224045,-0.6027027,-0.3153559,1]]},"name":"bunny","identifier":"B08E24AE-6649-4FDC-AC88-299C0F4ABC29"},"label":"Bunny didUpdate"},{"label":"Bunny didUpdate","timestamp":1742642229.2580929,"content":{"transform":{"columns":[[0.99652475,-0.0011311637,-0.08328969,0],[0.0012247298,0.9999976,0.0010723138,0],[0.08328838,-0.0011705959,0.9965248,0],[-0.034224045,-0.6027027,-0.3153559,1]]},"name":"bunny","identifier":"B08E24AE-6649-4FDC-AC88-299C0F4ABC29"}},{"content":{"transform":{"columns":[[0.9772596,0.010125776,-0.2118034,0],[0.21186121,-0.005002025,0.9772869,0],[0.008836347,-0.99993616,-0.007033528,0],[-0.3402487,-0.66991735,0.011967838,1]]},"identifier":"FF85DBE1-76D3-E459-2D24-8EDCEE263300","name":"Car"},"timestamp":1742642229.814691,"label":"ARImageAnchor didUpdate"},{"timestamp":1742642229.831351,"label":"ARImageAnchor didUpdate","content":{"name":"Car","transform":{"columns":[[0.9772596,0.010125776,-0.2118034,0],[0.21186121,-0.005002025,0.9772869,0],[0.008836347,-0.99993616,-0.007033528,0],[-0.3402487,-0.66991735,0.011967838,1]]},"identifier":"FF85DBE1-76D3-E459-2D24-8EDCEE263300"}},{"timestamp":1742642232.4631329,"label":"ARImageAnchor didUpdate","content":{"identifier":"088EF783-5990-B052-BE99-B8AA15BA6C68","name":"Earth","transform":{"columns":[[0.963272,-0.0035363748,-0.26850367,0],[0.26852217,0.0066633825,0.9632503,0],[-0.0016172696,-0.9999715,0.007368233,0],[-1.437637,0.59695536,-0.2581327,1]]}}},{"content":{"identifier":"088EF783-5990-B052-BE99-B8AA15BA6C68","transform":{"columns":[[0.963272,-0.0035363748,-0.26850367,0],[0.26852217,0.0066633825,0.9632503,0],[-0.0016172696,-0.9999715,0.007368233,0],[-1.437637,0.59695536,-0.2581327,1]]},"name":"Earth"},"label":"ARImageAnchor didUpdate","timestamp":1742642232.490052},{"timestamp":1742642234.762733,"label":"Bunny didUpdate","content":{"transform":{"columns":[[0.99652475,-0.0011311637,-0.08328969,0],[0.0012247296,0.99999744,0.0010723136,0],[0.08328838,-0.0011705959,0.9965248,0],[-0.034224045,-0.6027027,-0.3153559,1]]},"identifier":"B08E24AE-6649-4FDC-AC88-299C0F4ABC29","name":"bunny"}},{"content":{"name":"bunny","transform":{"columns":[[0.99652475,-0.0011311637,-0.08328969,0],[0.0012247293,0.99999726,0.0010723134,0],[0.08328838,-0.0011705959,0.9965248,0],[-0.034224045,-0.6027027,-0.3153559,1]]},"identifier":"B08E24AE-6649-4FDC-AC88-299C0F4ABC29"},"timestamp":1742642235.1618428,"label":"Bunny didUpdate"},{"timestamp":1742642236.863157,"label":"Bunny didUpdate","content":{"transform":{"columns":[[0.99652475,-0.0011311637,-0.08328969,0],[0.0012247292,0.9999971,0.0010723132,0],[0.08328838,-0.0011705959,0.9965248,0],[-0.034224045,-0.6027027,-0.3153559,1]]},"identifier":"B08E24AE-6649-4FDC-AC88-299C0F4ABC29","name":"bunny"}}]