[{"timestamp":1742636052.000866,"label":"Application launched"},{"label":"Initialize ARViewModel","timestamp":1742636052.001347},{"label":"Finished Initialize ARViewModel","timestamp":1742636052.012607},{"timestamp":1742636052.012639,"label":"Initialize RoomManager"},{"label":"Initialize BeaconManager","timestamp":1742636052.012644},{"label":"Fininshed Initialize BeaconManager","timestamp":1742636052.0126572},{"label":"Fininshed Initialize RoomManager","timestamp":1742636052.012662},{"timestamp":1742636052.012666,"label":"ContentView Initialize"},{"timestamp":1742636052.013057,"label":"Initialize ARWorldMapManager"},{"label":"Fininshed Initialize ARWorldMapManager","timestamp":1742636052.013064},{"label":"Tracking Limited","timestamp":1742636052.3272572,"content":"Tracking is limited due to: initializing"},{"timestamp":1742636053.232399,"content":{"name":"Test Room","id":"3F39F93D-AB52-4382-80AA-E0ED5264C1F0"},"label":"Room Update"},{"label":"Downloading WorldMap","timestamp":1742636053.232438,"content":{"id":"3F39F93D-AB52-4382-80AA-E0ED5264C1F0","name":"Test Room"}},{"content":{"name":"Test Room","id":"3F39F93D-AB52-4382-80AA-E0ED5264C1F0"},"timestamp":1742636054.24536,"label":"Finished Downloading WorldMap"},{"timestamp":1742636054.3928761,"label":"Tracking Limited","content":"Tracking is limited due to: initializing"},{"timestamp":1742636055.460812,"label":"Tracking Limited","content":"Tracking is limited due to: relocalizing"},{"timestamp":1742636056.886129,"content":{"transform":{"columns":[[0.99652475,-0.0011311637,-0.08328969,0],[0.0012247307,0.99999833,0.0010723146,0],[0.08328837,-0.0011705958,0.9965247,0],[-0.034224045,-0.6027027,-0.3153559,1]]},"name":"bunny","identifier":"B08E24AE-6649-4FDC-AC88-299C0F4ABC29"},"label":"Bunny didAdd"},{"timestamp":1742636056.913321,"label":"Tracking Available","content":{"center":[0.017977595,-3.4131691,0.45404088],"extent":[2.897366,6.354778,2.8408394]}},{"content":{"identifier":"B08E24AE-6649-4FDC-AC88-299C0F4ABC29","transform":{"columns":[[0.99652475,-0.0011311637,-0.08328969,0],[0.0012247305,0.99999815,0.0010723145,0],[0.08328838,-0.0011705958,0.99652475,0],[-0.034224045,-0.6027027,-0.3153559,1]]},"name":"bunny"},"label":"Bunny didUpdate","timestamp":1742636056.9133868},{"label":"ARImageAnchor didAdd","content":{"name":"Car","identifier":"FF85DBE1-76D3-E459-2D24-8EDCEE263300","transform":{"columns":[[0.9825578,0.007418576,-0.18580888,0],[0.18570918,0.012416468,0.98252624,0],[0.009596036,-0.9998953,0.01082219,0],[-0.293097,-0.66347563,0.025810927,1]]}},"timestamp":1742636060.070485},{"label":"ARImageAnchor didUpdate","timestamp":1742636060.103792,"content":{"transform":{"columns":[[0.9825578,0.007418576,-0.18580888,0],[0.18570918,0.012416468,0.98252624,0],[0.009596036,-0.9998953,0.01082219,0],[-0.293097,-0.66347563,0.025810927,1]]},"name":"Car","identifier":"FF85DBE1-76D3-E459-2D24-8EDCEE263300"}},{"timestamp":1742636062.721745,"label":"ARImageAnchor didAdd","content":{"identifier":"088EF783-5990-B052-BE99-B8AA15BA6C68","transform":{"columns":[[0.9693386,-0.0024020178,-0.24571633,0],[0.2456513,0.034469984,0.968745,0],[0.006142895,-0.99940276,0.034003157,0],[-1.4121574,0.59525484,-0.33540705,1]]},"name":"Earth"}},{"timestamp":1742636062.753316,"content":{"identifier":"088EF783-5990-B052-BE99-B8AA15BA6C68","transform":{"columns":[[0.9693386,-0.0024020178,-0.24571633,0],[0.2456513,0.034469984,0.968745,0],[0.006142895,-0.99940276,0.034003157,0],[-1.4121574,0.59525484,-0.33540705,1]]},"name":"Earth"},"label":"ARImageAnchor didUpdate"},{"content":{"identifier":"6BAD7D5D-D14A-EF93-1C8B-F6BEC80B8329","transform":{"columns":[[-0.19650955,-0.039691847,-0.97969806,0],[0.9804992,-0.010218541,-0.19625627,0],[-0.0022212886,-0.9991597,0.040925868,0],[0.36084408,-0.6627874,-0.20455319,1]]},"name":"Lenna"},"label":"ARImageAnchor didAdd","timestamp":1742636066.955956},{"timestamp":1742636066.959666,"content":{"identifier":"6BAD7D5D-D14A-EF93-1C8B-F6BEC80B8329","transform":{"columns":[[-0.19650955,-0.039691847,-0.97969806,0],[0.9804992,-0.010218541,-0.19625627,0],[-0.0022212886,-0.9991597,0.040925868,0],[0.36084408,-0.6627874,-0.20455319,1]]},"name":"Lenna"},"label":"ARImageAnchor didUpdate"},{"label":"ARImageAnchor didAdd","timestamp":1742636070.086718,"content":{"identifier":"C35EAC54-3E90-1B97-807B-5E3B8F238DB7","transform":{"columns":[[0.9685538,0.0006957776,-0.24880263,0],[0.24872452,0.022505675,0.96831256,0],[0.006273204,-0.99974644,0.021624899,0],[0.38248137,0.7572548,-0.7130432,0.9999999]]},"name":"Sailboat"}},{"label":"ARImageAnchor didUpdate","content":{"identifier":"C35EAC54-3E90-1B97-807B-5E3B8F238DB7","name":"Sailboat","transform":{"columns":[[0.9685538,0.0006957776,-0.24880263,0],[0.24872452,0.022505675,0.96831256,0],[0.006273204,-0.99974644,0.021624899,0],[0.38248137,0.7572548,-0.7130432,0.9999999]]}},"timestamp":1742636070.108697},{"timestamp":1742636072.201437,"label":"ARImageAnchor didAdd","content":{"identifier":"A19C2489-597B-2BED-432C-244B551E75FD","name":"Mandrill","transform":{"columns":[[0.22572903,-0.015382596,0.9740685,0],[-0.97252965,0.05479354,0.22623771,0],[-0.05685279,-0.9983791,-0.0025915336,0],[1.2105349,0.7817743,-0.331565,1]]}}},{"content":{"identifier":"A19C2489-597B-2BED-432C-244B551E75FD","transform":{"columns":[[0.22572903,-0.015382596,0.9740685,0],[-0.97252965,0.05479354,0.22623771,0],[-0.05685279,-0.9983791,-0.0025915336,0],[1.2105349,0.7817743,-0.331565,1]]},"name":"Mandrill"},"timestamp":1742636072.2205338,"label":"ARImageAnchor didUpdate"},{"label":"ARImageAnchor didAdd","timestamp":1742636075.355221,"content":{"identifier":"61BB3DDD-C96C-6E82-3432-BD712CCBCB28","name":"Peppers","transform":{"columns":[[0.21779548,-0.009341243,0.9759496,0],[-0.97598493,0.0022820595,0.21782516,0],[-0.004261945,-0.9999537,-0.008619892,0],[1.439985,0.16516182,0.36753443,1]]}}},{"content":{"identifier":"61BB3DDD-C96C-6E82-3432-BD712CCBCB28","name":"Peppers","transform":{"columns":[[0.21779548,-0.009341243,0.9759496,0],[-0.97598493,0.0022820595,0.21782516,0],[-0.004261945,-0.9999537,-0.008619892,0],[1.439985,0.16516182,0.36753443,1]]}},"timestamp":1742636075.358556,"label":"ARImageAnchor didUpdate"}]