[{"timestamp":1742668907.641335,"label":"Application launched"},{"timestamp":1742668907.642508,"label":"Initialize ARViewModel"},{"timestamp":1742668907.647368,"label":"Finished Initialize ARViewModel"},{"label":"Initialize RoomManager","timestamp":1742668907.6474528},{"timestamp":1742668907.6474671,"label":"Initialize BeaconManager"},{"timestamp":1742668907.647499,"label":"Fininshed Initialize BeaconManager"},{"timestamp":1742668907.647515,"label":"Fininshed Initialize RoomManager"},{"label":"ContentView Initialize","timestamp":1742668907.6475282},{"label":"Initialize ARWorldMapManager","timestamp":1742668907.648474},{"timestamp":1742668907.648536,"label":"Fininshed Initialize ARWorldMapManager"},{"label":"Tracking Limited","content":"Tracking is limited due to: initializing","timestamp":1742668908.0754828},{"label":"Tracking Limited","timestamp":1742668908.9104152,"content":"Tracking is limited due to: excessiveMotion"},{"label":"Room Update","content":{"id":"3F39F93D-AB52-4382-80AA-E0ED5264C1F0","name":"Test Room"},"timestamp":1742668908.923564},{"timestamp":1742668908.923606,"label":"Downloading WorldMap","content":{"name":"Test Room","id":"3F39F93D-AB52-4382-80AA-E0ED5264C1F0"}},{"label":"Finished Downloading WorldMap","timestamp":1742668909.8837671,"content":{"id":"3F39F93D-AB52-4382-80AA-E0ED5264C1F0","name":"Test Room"}},{"content":"Tracking is limited due to: initializing","label":"Tracking Limited","timestamp":1742668910.0414839},{"timestamp":1742668911.1452641,"content":"Tracking is limited due to: relocalizing","label":"Tracking Limited"},{"content":{"identifier":"B08E24AE-6649-4FDC-AC88-299C0F4ABC29","transform":{"columns":[[0.99652475,-0.0011311637,-0.08328969,0],[0.0012247307,0.99999833,0.0010723146,0],[0.08328837,-0.0011705958,0.9965247,0],[-0.034224045,-0.6027027,-0.3153559,1]]},"name":"bunny"},"timestamp":1742669056.329636,"label":"Bunny didAdd"},{"label":"Bunny didUpdate","timestamp":1742669056.80719,"content":{"identifier":"B08E24AE-6649-4FDC-AC88-299C0F4ABC29","transform":{"columns":[[0.99652475,-0.0011311637,-0.08328969,0],[0.0012247305,0.99999815,0.0010723145,0],[0.08328838,-0.0011705958,0.99652475,0],[-0.034224045,-0.6027027,-0.3153559,1]]},"name":"bunny"}},{"content":{"center":[-0.6799431,-3.326326,0.34536123],"extent":[4.421347,6.5284643,3.0581985]},"label":"Tracking Available","timestamp":1742669056.807214},{"timestamp":1742669063.495521,"label":"ARImageAnchor didAdd","content":{"name":"Car","transform":{"columns":[[0.97552174,0.011316239,-0.21961103,0],[0.21967468,-0.004711587,0.9755616,0],[0.010004989,-0.99992484,-0.0070821806,0],[-0.2753855,-0.65956014,0.043729886,1]]},"identifier":"FF85DBE1-76D3-E459-2D24-8EDCEE263300"}},{"label":"ARImageAnchor didUpdate","content":{"name":"Car","transform":{"columns":[[0.97552174,0.011316239,-0.21961103,0],[0.21967468,-0.004711587,0.9755616,0],[0.010004989,-0.99992484,-0.0070821806,0],[-0.2753855,-0.65956014,0.043729886,1]]},"identifier":"FF85DBE1-76D3-E459-2D24-8EDCEE263300"},"timestamp":1742669063.506774},{"content":{"name":"Earth","identifier":"088EF783-5990-B052-BE99-B8AA15BA6C68","transform":{"columns":[[0.9637409,-0.009614833,-0.26666626,0],[0.26600674,-0.044275578,0.96295375,0],[-0.021065436,-0.998973,-0.040112566,0],[-1.3706803,0.59660673,-0.21171059,1.0000001]]}},"label":"ARImageAnchor didAdd","timestamp":1742669067.762291},{"timestamp":1742669067.768361,"label":"ARImageAnchor didUpdate","content":{"name":"Earth","identifier":"088EF783-5990-B052-BE99-B8AA15BA6C68","transform":{"columns":[[0.9637409,-0.009614833,-0.26666626,0],[0.26600674,-0.044275578,0.96295375,0],[-0.021065436,-0.998973,-0.040112566,0],[-1.3706803,0.59660673,-0.21171059,1.0000001]]}}},{"label":"ARImageAnchor didUpdate","content":{"identifier":"088EF783-5990-B052-BE99-B8AA15BA6C68","transform":{"columns":[[0.9664274,-0.004787857,-0.2568948,0],[0.2565154,-0.03943253,0.96573526,0],[-0.014753815,-0.9992107,-0.03688052,0],[-1.3825632,0.5991046,-0.2163103,1]]},"name":"Earth"},"timestamp":1742669068.271421},{"content":{"name":"Earth","identifier":"088EF783-5990-B052-BE99-B8AA15BA6C68","transform":{"columns":[[0.9664274,-0.004787857,-0.2568948,0],[0.2565154,-0.03943253,0.96573526,0],[-0.014753815,-0.9992107,-0.03688052,0],[-1.3825632,0.5991046,-0.2163103,1]]}},"label":"ARImageAnchor didUpdate","timestamp":1742669068.3040838},{"timestamp":1742669071.495215,"label":"ARImageAnchor didAdd","content":{"name":"Sailboat","identifier":"C35EAC54-3E90-1B97-807B-5E3B8F238DB7","transform":{"columns":[[0.9564677,0.008587775,-0.2917113,0],[0.291516,0.018803744,0.95638084,0],[0.013698449,-0.99978614,0.015481714,0],[0.38866872,0.7872187,-0.71338236,0.99999994]]}}},{"label":"ARImageAnchor didUpdate","content":{"transform":{"columns":[[0.9564677,0.008587775,-0.2917113,0],[0.291516,0.018803744,0.95638084,0],[0.013698449,-0.99978614,0.015481714,0],[0.38866872,0.7872187,-0.71338236,0.99999994]]},"identifier":"C35EAC54-3E90-1B97-807B-5E3B8F238DB7","name":"Sailboat"},"timestamp":1742669071.503953},{"timestamp":1742669072.906934,"label":"Bunny didUpdate","content":{"name":"bunny","transform":{"columns":[[0.9965243,-0.0011311637,-0.083295144,0],[0.0012247361,0.99999803,0.0010723076,0],[0.08329383,-0.0011705959,0.99652433,0],[-0.034217607,-0.60270524,-0.315356,1]]},"identifier":"B08E24AE-6649-4FDC-AC88-299C0F4ABC29"}},{"label":"ARImageAnchor didAdd","content":{"name":"Lenna","identifier":"6BAD7D5D-D14A-EF93-1C8B-F6BEC80B8329","transform":{"columns":[[-0.27104792,-0.0370509,-0.9618522,0],[0.9621946,-0.03816988,-0.26967406,0],[-0.026722092,-0.998584,0.04599604,0],[0.36439857,-0.6540942,-0.20962709,0.9999999]]}},"timestamp":1742669073.628336},{"timestamp":1742669073.6361,"label":"ARImageAnchor didUpdate","content":{"identifier":"6BAD7D5D-D14A-EF93-1C8B-F6BEC80B8329","name":"Lenna","transform":{"columns":[[-0.27104792,-0.0370509,-0.9618522,0],[0.9621946,-0.03816988,-0.26967406,0],[-0.026722092,-0.998584,0.04599604,0],[0.36439857,-0.6540942,-0.20962709,0.9999999]]}}},{"timestamp":1742669073.707756,"content":{"identifier":"B08E24AE-6649-4FDC-AC88-299C0F4ABC29","transform":{"columns":[[0.9959527,-0.0011311637,-0.089871876,0],[0.0012317881,0.9999979,0.0010641989,0],[0.089870565,-0.001170596,0.9959527,0],[-0.026508514,-0.6091854,-0.31616184,1]]},"name":"bunny"},"label":"Bunny didUpdate"},{"content":{"identifier":"6BAD7D5D-D14A-EF93-1C8B-F6BEC80B8329","name":"Lenna","transform":{"columns":[[-0.26362705,-0.035173986,-0.96398306,0],[0.9645967,-0.017191017,-0.26316762,0],[-0.007315142,-0.9992333,0.038460724,0],[0.39531028,-0.6570344,-0.20943442,1]]}},"timestamp":1742669074.138098,"label":"ARImageAnchor didUpdate"},{"timestamp":1742669074.171708,"label":"ARImageAnchor didUpdate","content":{"identifier":"6BAD7D5D-D14A-EF93-1C8B-F6BEC80B8329","transform":{"columns":[[-0.26362705,-0.035173986,-0.96398306,0],[0.9645967,-0.017191017,-0.26316762,0],[-0.007315142,-0.9992333,0.038460724,0],[0.39531028,-0.6570344,-0.20943442,1]]},"name":"Lenna"}},{"timestamp":1742669077.361639,"content":{"identifier":"A19C2489-597B-2BED-432C-244B551E75FD","name":"Mandrill","transform":{"columns":[[0.26867163,-0.013789986,0.963133,0],[-0.96169794,0.052562885,0.26902372,0],[-0.05433489,-0.99852234,0.00086034683,0],[1.2535663,0.78787833,-0.37161788,1]]}},"label":"ARImageAnchor didAdd"},{"timestamp":1742669077.3686252,"label":"ARImageAnchor didUpdate","content":{"name":"Mandrill","transform":{"columns":[[0.26867163,-0.013789986,0.963133,0],[-0.96169794,0.052562885,0.26902372,0],[-0.05433489,-0.99852234,0.00086034683,0],[1.2535663,0.78787833,-0.37161788,1]]},"identifier":"A19C2489-597B-2BED-432C-244B551E75FD"}},{"label":"ARImageAnchor didUpdate","timestamp":1742669077.870586,"content":{"identifier":"A19C2489-597B-2BED-432C-244B551E75FD","name":"Mandrill","transform":{"columns":[[0.26699516,-0.01268368,0.9636143,0],[-0.96210384,0.05397648,0.26728705,0],[-0.055402692,-0.99846154,0.0022084387,0],[1.2520105,0.7952518,-0.36777678,1]]}}},{"timestamp":1742669077.9035559,"label":"ARImageAnchor didUpdate","content":{"transform":{"columns":[[0.26699516,-0.01268368,0.9636143,0],[-0.96210384,0.05397648,0.26728705,0],[-0.055402692,-0.99846154,0.0022084387,0],[1.2520105,0.7952518,-0.36777678,1]]},"name":"Mandrill","identifier":"A19C2489-597B-2BED-432C-244B551E75FD"}},{"timestamp":1742669079.4947572,"label":"ARImageAnchor didAdd","content":{"name":"Peppers","identifier":"61BB3DDD-C96C-6E82-3432-BD712CCBCB28","transform":{"columns":[[0.2605155,-0.006239966,0.9654493,0],[-0.965374,-0.015756452,0.2603933,0],[0.013587216,-0.9998563,-0.010128692,0],[1.5047945,0.18108836,0.32284582,1]]}}},{"timestamp":1742669079.504122,"content":{"name":"Peppers","identifier":"61BB3DDD-C96C-6E82-3432-BD712CCBCB28","transform":{"columns":[[0.2605155,-0.006239966,0.9654493,0],[-0.965374,-0.015756452,0.2603933,0],[0.013587216,-0.9998563,-0.010128692,0],[1.5047945,0.18108836,0.32284582,1]]}},"label":"ARImageAnchor didUpdate"},{"content":{"name":"Peppers","identifier":"61BB3DDD-C96C-6E82-3432-BD712CCBCB28","transform":{"columns":[[0.26450753,-0.011716236,0.9643123,0],[-0.9643658,-0.009264744,0.2644095,0],[0.0058361776,-0.99988836,-0.013749293,0],[1.5195372,0.179414,0.33195934,1]]}},"label":"ARImageAnchor didUpdate","timestamp":1742669084.269561},{"timestamp":1742669084.302631,"content":{"identifier":"61BB3DDD-C96C-6E82-3432-BD712CCBCB28","name":"Peppers","transform":{"columns":[[0.26450753,-0.011716236,0.9643123,0],[-0.9643658,-0.009264744,0.2644095,0],[0.0058361776,-0.99988836,-0.013749293,0],[1.5195372,0.179414,0.33195934,1]]}},"label":"ARImageAnchor didUpdate"},{"content":{"identifier":"B08E24AE-6649-4FDC-AC88-299C0F4ABC29","transform":{"columns":[[0.995953,-0.0011311638,-0.08986969,0],[0.0012317856,0.9999978,0.0010642016,0],[0.089868374,-0.001170596,0.99595296,0],[-0.0266456,-0.6092688,-0.31617203,1]]},"name":"bunny"},"timestamp":1742669088.90737,"label":"Bunny didUpdate"},{"timestamp":1742669090.133914,"label":"ARImageAnchor didUpdate","content":{"name":"Sailboat","transform":{"columns":[[0.96063775,0.0063552135,-0.27773085,0],[0.2777368,-6.0918144e-05,0.96065694,0],[0.0060882615,-0.9999797,-0.0018236005,0],[0.39661828,0.77493805,-0.7198566,0.9999999]]},"identifier":"C35EAC54-3E90-1B97-807B-5E3B8F238DB7"}},{"label":"ARImageAnchor didUpdate","timestamp":1742669090.169677,"content":{"transform":{"columns":[[0.96063775,0.0063552135,-0.27773085,0],[0.2777368,-6.0918144e-05,0.96065694,0],[0.0060882615,-0.9999797,-0.0018236005,0],[0.39661828,0.77493805,-0.7198566,0.9999999]]},"name":"Sailboat","identifier":"C35EAC54-3E90-1B97-807B-5E3B8F238DB7"}}]