[{"timestamp":1742578326.295059,"label":"Application launched"},{"label":"Initialize ARViewModel","timestamp":1742578326.295248},{"timestamp":1742578326.296449,"label":"Finished Initialize ARViewModel"},{"label":"Initialize RoomManager","timestamp":1742578326.296462},{"timestamp":1742578326.2964659,"label":"Initialize BeaconManager"},{"timestamp":1742578326.296478,"label":"Fininshed Initialize BeaconManager"},{"label":"Fininshed Initialize RoomManager","timestamp":1742578326.296483},{"label":"ContentView Initialize","timestamp":1742578326.2964869},{"timestamp":1742578326.296855,"label":"Initialize ARWorldMapManager"},{"label":"Fininshed Initialize ARWorldMapManager","timestamp":1742578326.2968621},{"timestamp":1742578326.799799,"content":"Tracking is limited due to: initializing","label":"Tracking Limited"},{"label":"Room Update","timestamp":1742578327.63707,"content":{"id":"3F39F93D-AB52-4382-80AA-E0ED5264C1F0","name":"Test Room"}},{"content":{"name":"Test Room","id":"3F39F93D-AB52-4382-80AA-E0ED5264C1F0"},"timestamp":1742578327.637093,"label":"Downloading WorldMap"},{"content":"Tracking is limited due to: excessiveMotion","label":"Tracking Limited","timestamp":1742578327.7017589},{"content":{"id":"3F39F93D-AB52-4382-80AA-E0ED5264C1F0","name":"Test Room"},"label":"Finished Downloading WorldMap","timestamp":1742578328.087644},{"content":"Tracking is limited due to: initializing","timestamp":1742578328.2318969,"label":"Tracking Limited"},{"content":"Tracking is limited due to: relocalizing","timestamp":1742578329.335675,"label":"Tracking Limited"},{"label":"Bunny didAdd","timestamp":1742578332.2274861,"content":{"name":"bunny","identifier":"B08E24AE-6649-4FDC-AC88-299C0F4ABC29","transform":{"columns":[[0.996533,-0.0012840496,-0.083188996,0],[0.0013539256,0.9999986,0.000783564,0],[0.08318789,-0.0008934792,0.99653333,0],[-0.034270495,-0.60270274,-0.31525213,1.0000001]]}}},{"timestamp":1742578332.688119,"label":"Tracking Available","content":{"center":[0.37581956,-3.2258382,0.45404088],"extent":[3.61305,5.980116,2.8408394]}},{"label":"Bunny didUpdate","timestamp":1742578332.688167,"content":{"identifier":"B08E24AE-6649-4FDC-AC88-299C0F4ABC29","name":"bunny","transform":{"columns":[[0.99652475,-0.0011311637,-0.08328969,0],[0.0012247307,0.99999833,0.0010723146,0],[0.08328837,-0.0011705958,0.9965247,0],[-0.034224045,-0.6027027,-0.3153559,1]]}}},{"timestamp":1742578334.893705,"content":{"identifier":"6BAD7D5D-D14A-EF93-1C8B-F6BEC80B8329","transform":{"columns":[[-0.23152421,-0.02992117,-0.97236866,0],[0.9728286,-0.0079798475,-0.23138815,0],[-0.0008359287,-0.99952036,0.030955728,0],[0.39578632,-0.6722503,-0.20670423,0.99999994]]},"name":"Lenna"},"label":"ARImageAnchor didAdd"},{"label":"ARImageAnchor didUpdate","content":{"identifier":"6BAD7D5D-D14A-EF93-1C8B-F6BEC80B8329","name":"Lenna","transform":{"columns":[[-0.23152421,-0.02992117,-0.97236866,0],[0.9728286,-0.0079798475,-0.23138815,0],[-0.0008359287,-0.99952036,0.030955728,0],[0.39578632,-0.6722503,-0.20670423,0.99999994]]}},"timestamp":1742578334.9042912},{"content":{"transform":{"columns":[[0.9771043,0.011032472,-0.21247397,0],[0.2125043,-0.0016350162,0.9771587,0],[0.010433053,-0.99993765,-0.003942072,0],[-0.28357044,-0.670807,0.034023017,1]]},"name":"Car","identifier":"FF85DBE1-76D3-E459-2D24-8EDCEE263300"},"timestamp":1742578338.0935369,"label":"ARImageAnchor didAdd"},{"content":{"transform":{"columns":[[0.9771043,0.011032472,-0.21247397,0],[0.2125043,-0.0016350162,0.9771587,0],[0.010433053,-0.99993765,-0.003942072,0],[-0.28357044,-0.670807,0.034023017,1]]},"name":"Car","identifier":"FF85DBE1-76D3-E459-2D24-8EDCEE263300"},"timestamp":1742578338.1009731,"label":"ARImageAnchor didUpdate"},{"timestamp":1742578341.826902,"label":"ARImageAnchor didAdd","content":{"identifier":"088EF783-5990-B052-BE99-B8AA15BA6C68","transform":{"columns":[[0.9685883,-0.0028458496,-0.24865332,0],[0.2485616,-0.018392162,0.96844137,0],[-0.0073293173,-0.9998267,-0.017107062,0],[-1.3937292,0.5927236,-0.22975099,0.99999994]]},"name":"Earth"}},{"content":{"name":"Earth","identifier":"088EF783-5990-B052-BE99-B8AA15BA6C68","transform":{"columns":[[0.9685883,-0.0028458496,-0.24865332,0],[0.2485616,-0.018392162,0.96844137,0],[-0.0073293173,-0.9998267,-0.017107062,0],[-1.3937292,0.5927236,-0.22975099,0.99999994]]}},"timestamp":1742578341.83425,"label":"ARImageAnchor didUpdate"},{"content":{"identifier":"088EF783-5990-B052-BE99-B8AA15BA6C68","transform":{"columns":[[0.9609281,0.0024688072,-0.2767867,0],[0.2767,-0.035137042,0.9603136,0],[-0.0073546367,-0.99937946,-0.034447294,0],[-1.3874567,0.58856857,-0.24250445,1]]},"name":"Earth"},"label":"ARImageAnchor didUpdate","timestamp":1742578342.3348},{"timestamp":1742578342.36804,"label":"ARImageAnchor didUpdate","content":{"identifier":"088EF783-5990-B052-BE99-B8AA15BA6C68","transform":{"columns":[[0.9609281,0.0024688072,-0.2767867,0],[0.2767,-0.035137042,0.9603136,0],[-0.0073546367,-0.99937946,-0.034447294,0],[-1.3874567,0.58856857,-0.24250445,1]]},"name":"Earth"}},{"timestamp":1742578342.868367,"content":{"name":"Earth","identifier":"088EF783-5990-B052-BE99-B8AA15BA6C68","transform":{"columns":[[0.9629194,0.0036965222,-0.26976326,0],[0.26978335,-0.019436767,0.96272475,0],[-0.0016845898,-0.9998041,-0.01971331,0],[-1.3958154,0.5903617,-0.2484065,0.99999994]]}},"label":"ARImageAnchor didUpdate"},{"timestamp":1742578342.902022,"label":"ARImageAnchor didUpdate","content":{"name":"Earth","transform":{"columns":[[0.9629194,0.0036965222,-0.26976326,0],[0.26978335,-0.019436767,0.96272475,0],[-0.0016845898,-0.9998041,-0.01971331,0],[-1.3958154,0.5903617,-0.2484065,0.99999994]]},"identifier":"088EF783-5990-B052-BE99-B8AA15BA6C68"}},{"timestamp":1742578348.504221,"label":"Bunny didUpdate","content":{"transform":{"columns":[[0.99652475,-0.0011311637,-0.08328969,0],[0.0012247305,0.99999815,0.0010723145,0],[0.08328838,-0.0011705958,0.99652475,0],[-0.034224045,-0.6027027,-0.3153559,1]]},"name":"bunny","identifier":"B08E24AE-6649-4FDC-AC88-299C0F4ABC29"}},{"content":{"identifier":"C35EAC54-3E90-1B97-807B-5E3B8F238DB7","name":"Sailboat","transform":{"columns":[[0.9655591,0.0001345047,-0.26018304,0],[0.2601447,0.01667725,0.96542543,0],[0.0044689947,-0.9998609,0.016067887,0],[0.40353048,0.7697224,-0.7032441,1]]}},"label":"ARImageAnchor didAdd","timestamp":1742578349.8263369},{"content":{"identifier":"C35EAC54-3E90-1B97-807B-5E3B8F238DB7","transform":{"columns":[[0.9655591,0.0001345047,-0.26018304,0],[0.2601447,0.01667725,0.96542543,0],[0.0044689947,-0.9998609,0.016067887,0],[0.40353048,0.7697224,-0.7032441,1]]},"name":"Sailboat"},"label":"ARImageAnchor didUpdate","timestamp":1742578349.8344212},{"label":"ARImageAnchor didAdd","content":{"identifier":"A19C2489-597B-2BED-432C-244B551E75FD","transform":{"columns":[[0.2523206,-0.014523183,0.9675346,0],[-0.96609914,0.05269,0.25273705,0],[-0.054649945,-0.9985053,-0.0007360614,0],[1.2465298,0.7950861,-0.35169247,1.0000001]]},"name":"Mandrill"},"timestamp":1742578353.559393},{"timestamp":1742578353.568451,"content":{"identifier":"A19C2489-597B-2BED-432C-244B551E75FD","transform":{"columns":[[0.2523206,-0.014523183,0.9675346,0],[-0.96609914,0.05269,0.25273705,0],[-0.054649945,-0.9985053,-0.0007360614,0],[1.2465298,0.7950861,-0.35169247,1.0000001]]},"name":"Mandrill"},"label":"ARImageAnchor didUpdate"},{"label":"ARImageAnchor didAdd","timestamp":1742578356.7591882,"content":{"name":"Peppers","identifier":"61BB3DDD-C96C-6E82-3432-BD712CCBCB28","transform":{"columns":[[0.22895497,-0.0047365823,0.97342545,0],[-0.9731864,-0.023797637,0.22878289,0],[0.022081556,-0.99970555,-0.01005817,0],[1.4964685,0.17796545,0.3390575,1]]}}},{"content":{"transform":{"columns":[[0.22895497,-0.0047365823,0.97342545,0],[-0.9731864,-0.023797637,0.22878289,0],[0.022081556,-0.99970555,-0.01005817,0],[1.4964685,0.17796545,0.3390575,1]]},"identifier":"61BB3DDD-C96C-6E82-3432-BD712CCBCB28","name":"Peppers"},"timestamp":1742578356.76689,"label":"ARImageAnchor didUpdate"},{"timestamp":1742578363.402904,"content":{"transform":{"columns":[[0.99652475,-0.0011311637,-0.08328969,0],[0.0012247302,0.999998,0.0010723142,0],[0.08328838,-0.0011705959,0.9965248,0],[-0.034224045,-0.6027027,-0.3153559,1]]},"name":"bunny","identifier":"B08E24AE-6649-4FDC-AC88-299C0F4ABC29"},"label":"Bunny didUpdate"}]