[{"timestamp":1742658687.491719,"label":"Application launched"},{"timestamp":1742658687.491794,"label":"Initialize ARViewModel"},{"timestamp":1742658687.4927092,"label":"Finished Initialize ARViewModel"},{"label":"Initialize RoomManager","timestamp":1742658687.492721},{"timestamp":1742658687.4927258,"label":"Initialize BeaconManager"},{"label":"Fininshed Initialize BeaconManager","timestamp":1742658687.492737},{"label":"Fininshed Initialize RoomManager","timestamp":1742658687.492742},{"timestamp":1742658687.492745,"label":"ContentView Initialize"},{"timestamp":1742658687.4936628,"label":"Initialize ARWorldMapManager"},{"timestamp":1742658687.493675,"label":"Fininshed Initialize ARWorldMapManager"},{"label":"Tracking Not Available","timestamp":1742658687.846933},{"timestamp":1742658687.866747,"content":"Tracking is limited due to: initializing","label":"Tracking Limited"},{"label":"Room Update","timestamp":1742658688.7138472,"content":{"id":"3F39F93D-AB52-4382-80AA-E0ED5264C1F0","name":"Test Room"}},{"timestamp":1742658688.713893,"label":"Downloading WorldMap","content":{"name":"Test Room","id":"3F39F93D-AB52-4382-80AA-E0ED5264C1F0"}},{"label":"Finished Downloading WorldMap","timestamp":1742658689.245965,"content":{"id":"3F39F93D-AB52-4382-80AA-E0ED5264C1F0","name":"Test Room"}},{"timestamp":1742658689.400001,"label":"Tracking Limited","content":"Tracking is limited due to: initializing"},{"content":"Tracking is limited due to: relocalizing","timestamp":1742658690.481605,"label":"Tracking Limited"},{"label":"Bunny didAdd","content":{"name":"bunny","transform":{"columns":[[0.99652475,-0.0011311637,-0.08328969,0],[0.0012247307,0.99999833,0.0010723146,0],[0.08328837,-0.0011705958,0.9965247,0],[-0.034224045,-0.6027027,-0.3153559,1]]},"identifier":"B08E24AE-6649-4FDC-AC88-299C0F4ABC29"},"timestamp":1742658692.016716},{"timestamp":1742658692.080981,"content":{"center":[0.017977595,-3.4131691,0.45404088],"extent":[2.897366,6.354778,2.8408394]},"label":"Tracking Available"},{"timestamp":1742658692.0810452,"label":"Bunny didUpdate","content":{"identifier":"B08E24AE-6649-4FDC-AC88-299C0F4ABC29","name":"bunny","transform":{"columns":[[0.99652475,-0.0011311637,-0.08328969,0],[0.0012247305,0.99999815,0.0010723145,0],[0.08328838,-0.0011705958,0.99652475,0],[-0.034224045,-0.6027027,-0.3153559,1]]}}},{"content":{"identifier":"FF85DBE1-76D3-E459-2D24-8EDCEE263300","transform":{"columns":[[0.93531954,0.015494363,-0.3534641,0],[0.3534916,0.0010183009,0.9354369,0],[0.014853932,-0.9998793,-0.0045246794,0],[-0.20011571,-0.6265939,0.105145216,1]]},"name":"Car"},"timestamp":1742658695.357558,"label":"ARImageAnchor didAdd"},{"timestamp":1742658695.365763,"content":{"name":"Car","identifier":"FF85DBE1-76D3-E459-2D24-8EDCEE263300","transform":{"columns":[[0.93531954,0.015494363,-0.3534641,0],[0.3534916,0.0010183009,0.9354369,0],[0.014853932,-0.9998793,-0.0045246794,0],[-0.20011571,-0.6265939,0.105145216,1]]}},"label":"ARImageAnchor didUpdate"},{"timestamp":1742658698.5275521,"content":{"name":"Earth","transform":{"columns":[[0.9072891,0.00087118696,-0.42050636,0],[0.42016554,-0.04218316,0.9064663,0],[-0.016948586,-0.9991093,-0.03863836,0],[-1.3372078,0.6338626,-0.015690744,0.99999994]]},"identifier":"088EF783-5990-B052-BE99-B8AA15BA6C68"},"label":"ARImageAnchor didAdd"},{"label":"ARImageAnchor didUpdate","content":{"identifier":"088EF783-5990-B052-BE99-B8AA15BA6C68","transform":{"columns":[[0.9072891,0.00087118696,-0.42050636,0],[0.42016554,-0.04218316,0.9064663,0],[-0.016948586,-0.9991093,-0.03863836,0],[-1.3372078,0.6338626,-0.015690744,0.99999994]]},"name":"Earth"},"timestamp":1742658698.5328999},{"label":"ARImageAnchor didAdd","content":{"transform":{"columns":[[-0.3521635,-0.030606624,-0.93543774,0],[0.9359382,-0.012067699,-0.35195702,0],[-0.0005163348,-0.9994586,0.03289569,0],[0.42228517,-0.63303137,-0.24021119,1]]},"identifier":"6BAD7D5D-D14A-EF93-1C8B-F6BEC80B8329","name":"Lenna"},"timestamp":1742658703.740322},{"label":"ARImageAnchor didUpdate","content":{"name":"Lenna","identifier":"6BAD7D5D-D14A-EF93-1C8B-F6BEC80B8329","transform":{"columns":[[-0.3521635,-0.030606624,-0.93543774,0],[0.9359382,-0.012067699,-0.35195702,0],[-0.0005163348,-0.9994586,0.03289569,0],[0.42228517,-0.63303137,-0.24021119,1]]}},"timestamp":1742658703.751626},{"content":{"name":"Lenna","transform":{"columns":[[-0.3782381,-0.03551758,-0.92502654,0],[0.9256556,-0.0038655987,-0.3783469,0],[0.009862202,-0.9993615,0.03433917,0],[0.42694977,-0.62842935,-0.23623955,1]]},"identifier":"6BAD7D5D-D14A-EF93-1C8B-F6BEC80B8329"},"timestamp":1742658704.267077,"label":"ARImageAnchor didUpdate"},{"timestamp":1742658704.283426,"label":"ARImageAnchor didUpdate","content":{"name":"Lenna","identifier":"6BAD7D5D-D14A-EF93-1C8B-F6BEC80B8329","transform":{"columns":[[-0.3782381,-0.03551758,-0.92502654,0],[0.9256556,-0.0038655987,-0.3783469,0],[0.009862202,-0.9993615,0.03433917,0],[0.42694977,-0.62842935,-0.23623955,1]]}}},{"label":"Bunny didUpdate","content":{"identifier":"B08E24AE-6649-4FDC-AC88-299C0F4ABC29","transform":{"columns":[[0.99652475,-0.0011311637,-0.08328969,0],[0.0012247302,0.999998,0.0010723142,0],[0.08328838,-0.0011705959,0.9965248,0],[-0.034224045,-0.6027027,-0.3153559,1]]},"name":"bunny"},"timestamp":1742658707.158567},{"timestamp":1742658707.9400811,"label":"ARImageAnchor didAdd","content":{"name":"Sailboat","identifier":"C35EAC54-3E90-1B97-807B-5E3B8F238DB7","transform":{"columns":[[0.90950745,0.0042720586,-0.41566524,0],[0.41564068,0.005616273,0.9095113,0],[0.0062199757,-0.999975,0.0033324005,0],[0.37153253,0.8012169,-0.7260884,0.99999994]]}}},{"content":{"name":"Sailboat","transform":{"columns":[[0.90950745,0.0042720586,-0.41566524,0],[0.41564068,0.005616273,0.9095113,0],[0.0062199757,-0.999975,0.0033324005,0],[0.37153253,0.8012169,-0.7260884,0.99999994]]},"identifier":"C35EAC54-3E90-1B97-807B-5E3B8F238DB7"},"timestamp":1742658707.957957,"label":"ARImageAnchor didUpdate"},{"label":"ARImageAnchor didAdd","content":{"identifier":"A19C2489-597B-2BED-432C-244B551E75FD","transform":{"columns":[[0.3659876,-0.020018408,0.93040425,0],[-0.92949003,0.04138297,0.36651835,0],[-0.045840006,-0.99894273,-0.0034612517,0],[1.2578138,0.82890093,-0.49651408,1]]},"name":"Mandrill"},"timestamp":1742658710.075352},{"label":"ARImageAnchor didUpdate","content":{"name":"Mandrill","identifier":"A19C2489-597B-2BED-432C-244B551E75FD","transform":{"columns":[[0.3659876,-0.020018408,0.93040425,0],[-0.92949003,0.04138297,0.36651835,0],[-0.045840006,-0.99894273,-0.0034612517,0],[1.2578138,0.82890093,-0.49651408,1]]}},"timestamp":1742658710.080666},{"label":"ARImageAnchor didAdd","content":{"transform":{"columns":[[0.4022028,-0.006624448,0.91552657,0],[-0.91549325,-0.0140821915,0.4020863,0],[0.010229003,-0.9998788,-0.011728542,0],[1.60291,0.2132969,0.15137286,1]]},"identifier":"61BB3DDD-C96C-6E82-3432-BD712CCBCB28","name":"Peppers"},"timestamp":1742658712.176852},{"label":"ARImageAnchor didUpdate","content":{"name":"Peppers","identifier":"61BB3DDD-C96C-6E82-3432-BD712CCBCB28","transform":{"columns":[[0.4022028,-0.006624448,0.91552657,0],[-0.91549325,-0.0140821915,0.4020863,0],[0.010229003,-0.9998788,-0.011728542,0],[1.60291,0.2132969,0.15137286,1]]}},"timestamp":1742658712.1811771}]