[{"timestamp":1742646104.954568,"label":"Application launched"},{"label":"Initialize ARViewModel","timestamp":1742646104.954648},{"timestamp":1742646104.956489,"label":"Finished Initialize ARViewModel"},{"timestamp":1742646104.956542,"label":"Initialize RoomManager"},{"label":"Initialize BeaconManager","timestamp":1742646104.956555},{"label":"Fininshed Initialize BeaconManager","timestamp":1742646104.956588},{"label":"Fininshed Initialize RoomManager","timestamp":1742646104.956604},{"label":"ContentView Initialize","timestamp":1742646104.9566178},{"timestamp":1742646104.957871,"label":"Initialize ARWorldMapManager"},{"label":"Fininshed Initialize ARWorldMapManager","timestamp":1742646104.9579148},{"content":"Tracking is limited due to: initializing","label":"Tracking Limited","timestamp":1742646105.369883},{"timestamp":1742646106.205082,"label":"Tracking Limited","content":"Tracking is limited due to: excessiveMotion"},{"timestamp":1742646106.226077,"label":"Room Update","content":{"id":"3F39F93D-AB52-4382-80AA-E0ED5264C1F0","name":"Test Room"}},{"label":"Downloading WorldMap","content":{"id":"3F39F93D-AB52-4382-80AA-E0ED5264C1F0","name":"Test Room"},"timestamp":1742646106.226125},{"label":"Finished Downloading WorldMap","content":{"name":"Test Room","id":"3F39F93D-AB52-4382-80AA-E0ED5264C1F0"},"timestamp":1742646106.6275291},{"content":"Tracking is limited due to: initializing","label":"Tracking Limited","timestamp":1742646106.785496},{"label":"Tracking Limited","content":"Tracking is limited due to: relocalizing","timestamp":1742646107.818698},{"timestamp":1742646110.4323,"label":"Bunny didAdd","content":{"identifier":"B08E24AE-6649-4FDC-AC88-299C0F4ABC29","name":"bunny","transform":{"columns":[[0.99652475,-0.0011311637,-0.08328969,0],[0.0012247307,0.99999833,0.0010723146,0],[0.08328837,-0.0011705958,0.9965247,0],[-0.034224045,-0.6027027,-0.3153559,1]]}}},{"content":{"extent":[2.897366,6.354778,2.8408394],"center":[0.017977595,-3.4131691,0.45404088]},"label":"Tracking Available","timestamp":1742646110.477906},{"label":"Bunny didUpdate","content":{"identifier":"B08E24AE-6649-4FDC-AC88-299C0F4ABC29","transform":{"columns":[[0.99652475,-0.0011311637,-0.08328969,0],[0.0012247305,0.99999815,0.0010723145,0],[0.08328838,-0.0011705958,0.99652475,0],[-0.034224045,-0.6027027,-0.3153559,1]]},"name":"bunny"},"timestamp":1742646110.4779701},{"content":{"identifier":"FF85DBE1-76D3-E459-2D24-8EDCEE263300","name":"Car","transform":{"columns":[[0.9761002,0.010419934,-0.21706994,0],[0.21704012,0.003930329,0.9761546,0],[0.011024622,-0.9999379,0.0015748577,0],[-0.27301967,-0.6552428,0.055764735,1]]}},"timestamp":1742646112.7181458,"label":"ARImageAnchor didAdd"},{"content":{"name":"Car","identifier":"FF85DBE1-76D3-E459-2D24-8EDCEE263300","transform":{"columns":[[0.9761002,0.010419934,-0.21706994,0],[0.21704012,0.003930329,0.9761546,0],[0.011024622,-0.9999379,0.0015748577,0],[-0.27301967,-0.6552428,0.055764735,1]]}},"timestamp":1742646112.722511,"label":"ARImageAnchor didUpdate"},{"content":{"name":"Earth","identifier":"088EF783-5990-B052-BE99-B8AA15BA6C68","transform":{"columns":[[0.9582448,-0.0035604788,-0.2859266,0],[0.2854713,-0.045848925,0.95728976,0],[-0.01651784,-0.99894196,-0.042918082,0],[-1.3790566,0.6038112,-0.21605986,0.99999994]]}},"timestamp":1742646114.812412,"label":"ARImageAnchor didAdd"},{"label":"ARImageAnchor didUpdate","content":{"identifier":"088EF783-5990-B052-BE99-B8AA15BA6C68","name":"Earth","transform":{"columns":[[0.9582448,-0.0035604788,-0.2859266,0],[0.2854713,-0.045848925,0.95728976,0],[-0.01651784,-0.99894196,-0.042918082,0],[-1.3790566,0.6038112,-0.21605986,0.99999994]]}},"timestamp":1742646114.8308458},{"timestamp":1742646121.178905,"label":"ARImageAnchor didAdd","content":{"transform":{"columns":[[-0.2313432,-0.038154602,-0.9721236,0],[0.97273934,-0.025572877,-0.23048604,0],[-0.0160659,-0.9989445,0.0430306,0],[0.38162187,-0.6617889,-0.20852593,1]]},"identifier":"6BAD7D5D-D14A-EF93-1C8B-F6BEC80B8329","name":"Lenna"}},{"content":{"name":"Lenna","identifier":"6BAD7D5D-D14A-EF93-1C8B-F6BEC80B8329","transform":{"columns":[[-0.2313432,-0.038154602,-0.9721236,0],[0.97273934,-0.025572877,-0.23048604,0],[-0.0160659,-0.9989445,0.0430306,0],[0.38162187,-0.6617889,-0.20852593,1]]}},"timestamp":1742646121.184834,"label":"ARImageAnchor didUpdate"},{"label":"ARImageAnchor didAdd","content":{"identifier":"C35EAC54-3E90-1B97-807B-5E3B8F238DB7","name":"Sailboat","transform":{"columns":[[0.9681236,-0.003915892,-0.2504418,0],[0.25040844,-0.0074673276,0.9681114,0],[-0.005661149,-0.9999644,-0.006248727,0],[0.37798148,0.760247,-0.7268131,1.0000001]]}},"timestamp":1742646123.280469},{"content":{"name":"Sailboat","identifier":"C35EAC54-3E90-1B97-807B-5E3B8F238DB7","transform":{"columns":[[0.9681236,-0.003915892,-0.2504418,0],[0.25040844,-0.0074673276,0.9681114,0],[-0.005661149,-0.9999644,-0.006248727,0],[0.37798148,0.760247,-0.7268131,1.0000001]]}},"label":"ARImageAnchor didUpdate","timestamp":1742646123.287421},{"content":{"name":"Sailboat","identifier":"C35EAC54-3E90-1B97-807B-5E3B8F238DB7","transform":{"columns":[[0.963511,0.002447137,-0.26765648,0],[0.26760373,0.013054908,0.96344036,0],[0.0058519053,-0.9999116,0.01192369,0],[0.38221312,0.7672279,-0.7138938,0.9999999]]}},"label":"ARImageAnchor didUpdate","timestamp":1742646123.814708},{"label":"ARImageAnchor didUpdate","content":{"identifier":"C35EAC54-3E90-1B97-807B-5E3B8F238DB7","name":"Sailboat","transform":{"columns":[[0.963511,0.002447137,-0.26765648,0],[0.26760373,0.013054908,0.96344036,0],[0.0058519053,-0.9999116,0.01192369,0],[0.38221312,0.7672279,-0.7138938,0.9999999]]}},"timestamp":1742646123.8204799},{"content":{"identifier":"A19C2489-597B-2BED-432C-244B551E75FD","transform":{"columns":[[0.23048502,-0.018085305,0.97290766,0],[-0.9701593,0.07308149,0.23119238,0],[-0.07528275,-0.9971619,-0.0007014426,0],[1.2258904,0.7913401,-0.35285127,1]]},"name":"Mandrill"},"timestamp":1742646125.3953729,"label":"ARImageAnchor didAdd"},{"timestamp":1742646125.405036,"content":{"identifier":"A19C2489-597B-2BED-432C-244B551E75FD","name":"Mandrill","transform":{"columns":[[0.23048502,-0.018085305,0.97290766,0],[-0.9701593,0.07308149,0.23119238,0],[-0.07528275,-0.9971619,-0.0007014426,0],[1.2258904,0.7913401,-0.35285127,1]]}},"label":"ARImageAnchor didUpdate"},{"label":"ARImageAnchor didUpdate","content":{"transform":{"columns":[[0.25677145,-0.014506106,0.96636313,0],[-0.964841,0.05421717,0.2571809,0],[-0.05612417,-0.9984237,-7.4651805e-05,0],[1.2223936,0.793974,-0.35788074,1]]},"name":"Mandrill","identifier":"A19C2489-597B-2BED-432C-244B551E75FD"},"timestamp":1742646126.436154},{"label":"ARImageAnchor didUpdate","timestamp":1742646126.463722,"content":{"name":"Mandrill","transform":{"columns":[[0.25677145,-0.014506106,0.96636313,0],[-0.964841,0.05421717,0.2571809,0],[-0.05612417,-0.9984237,-7.4651805e-05,0],[1.2223936,0.793974,-0.35788074,1]]},"identifier":"A19C2489-597B-2BED-432C-244B551E75FD"}},{"timestamp":1742646128.547226,"label":"ARImageAnchor didAdd","content":{"transform":{"columns":[[0.26647192,-0.0061263856,0.9638231,0],[-0.9637433,0.012648502,0.2665303,0],[-0.0138237765,-0.9999011,-0.0025337934,0],[1.4813097,0.1751146,0.3325526,1]]},"name":"Peppers","identifier":"61BB3DDD-C96C-6E82-3432-BD712CCBCB28"}},{"timestamp":1742646128.554185,"label":"ARImageAnchor didUpdate","content":{"identifier":"61BB3DDD-C96C-6E82-3432-BD712CCBCB28","transform":{"columns":[[0.26647192,-0.0061263856,0.9638231,0],[-0.9637433,0.012648502,0.2665303,0],[-0.0138237765,-0.9999011,-0.0025337934,0],[1.4813097,0.1751146,0.3325526,1]]},"name":"Peppers"}},{"timestamp":1742646134.789099,"content":{"name":"bunny","identifier":"B08E24AE-6649-4FDC-AC88-299C0F4ABC29","transform":{"columns":[[0.99652475,-0.0011311637,-0.08328969,0],[0.0012247302,0.999998,0.0010723142,0],[0.08328838,-0.0011705959,0.9965248,0],[-0.034224045,-0.6027027,-0.3153559,1]]}},"label":"Bunny didUpdate"},{"content":{"identifier":"B08E24AE-6649-4FDC-AC88-299C0F4ABC29","transform":{"columns":[[0.99652475,-0.0011311637,-0.08328969,0],[0.00122473,0.9999978,0.001072314,0],[0.08328838,-0.0011705959,0.9965248,0],[-0.034224045,-0.6027027,-0.3153559,1]]},"name":"bunny"},"timestamp":1742646135.2887669,"label":"Bunny didUpdate"},{"content":{"transform":{"columns":[[0.99652475,-0.0011311637,-0.08328969,0],[0.0012247298,0.9999976,0.0010723138,0],[0.08328838,-0.0011705959,0.9965248,0],[-0.034224045,-0.6027027,-0.3153559,1]]},"identifier":"B08E24AE-6649-4FDC-AC88-299C0F4ABC29","name":"bunny"},"timestamp":1742646135.797771,"label":"Bunny didUpdate"},{"timestamp":1742646135.9048471,"label":"ARImageAnchor didUpdate","content":{"transform":{"columns":[[0.9762805,0.008921873,-0.21632506,0],[0.21635829,-0.0029398366,0.97630954,0],[0.008074543,-0.99995583,-0.004800463,0],[-0.28344214,-0.6579363,0.04156065,0.99999994]]},"name":"Car","identifier":"FF85DBE1-76D3-E459-2D24-8EDCEE263300"}},{"timestamp":1742646135.921462,"label":"ARImageAnchor didUpdate","content":{"transform":{"columns":[[0.9762805,0.008921873,-0.21632506,0],[0.21635829,-0.0029398366,0.97630954,0],[0.008074543,-0.99995583,-0.004800463,0],[-0.28344214,-0.6579363,0.04156065,0.99999994]]},"name":"Car","identifier":"FF85DBE1-76D3-E459-2D24-8EDCEE263300"}},{"label":"Bunny didUpdate","content":{"identifier":"B08E24AE-6649-4FDC-AC88-299C0F4ABC29","name":"bunny","transform":{"columns":[[0.99652475,-0.0011311637,-0.08328969,0],[0.0012247296,0.99999744,0.0010723136,0],[0.08328838,-0.0011705959,0.9965248,0],[-0.034224045,-0.6027027,-0.3153559,1]]}},"timestamp":1742646135.988241},{"timestamp":1742646136.585192,"label":"Bunny didUpdate","content":{"transform":{"columns":[[0.99652475,-0.0011311637,-0.08328914,0],[0.0012247287,0.99999726,0.0010723141,0],[0.08328783,-0.001170596,0.9965249,0],[-0.034224227,-0.60270286,-0.31535614,1]]},"name":"bunny","identifier":"B08E24AE-6649-4FDC-AC88-299C0F4ABC29"}},{"timestamp":1742646139.051729,"content":{"name":"Earth","identifier":"088EF783-5990-B052-BE99-B8AA15BA6C68","transform":{"columns":[[0.9580829,0.0012153912,-0.28648794,0],[0.28638217,-0.031565536,0.9575951,0],[-0.007879299,-0.9995009,-0.030590482,0],[-1.3861008,0.60075426,-0.215527,0.99999994]]}},"label":"ARImageAnchor didUpdate"},{"timestamp":1742646139.0702782,"label":"ARImageAnchor didUpdate","content":{"name":"Earth","identifier":"088EF783-5990-B052-BE99-B8AA15BA6C68","transform":{"columns":[[0.9580829,0.0012153912,-0.28648794,0],[0.28638217,-0.031565536,0.9575951,0],[-0.007879299,-0.9995009,-0.030590482,0],[-1.3861008,0.60075426,-0.215527,0.99999994]]}}}]