[{"timestamp":1742658638.593529,"label":"Application launched"},{"timestamp":1742658638.5937638,"label":"Initialize ARViewModel"},{"label":"Finished Initialize ARViewModel","timestamp":1742658638.5971699},{"timestamp":1742658638.597292,"label":"Initialize RoomManager"},{"timestamp":1742658638.597305,"label":"Initialize BeaconManager"},{"timestamp":1742658638.5973449,"label":"Fininshed Initialize BeaconManager"},{"label":"Fininshed Initialize RoomManager","timestamp":1742658638.597362},{"timestamp":1742658638.597375,"label":"ContentView Initialize"},{"label":"Initialize ARWorldMapManager","timestamp":1742658638.5983748},{"timestamp":1742658638.598429,"label":"Fininshed Initialize ARWorldMapManager"},{"content":"Tracking is limited due to: initializing","label":"Tracking Limited","timestamp":1742658638.8845},{"label":"Room Update","content":{"id":"3F39F93D-AB52-4382-80AA-E0ED5264C1F0","name":"Test Room"},"timestamp":1742658639.887747},{"timestamp":1742658639.887807,"label":"Downloading WorldMap","content":{"name":"Test Room","id":"3F39F93D-AB52-4382-80AA-E0ED5264C1F0"}},{"timestamp":1742658640.254596,"label":"Finished Downloading WorldMap","content":{"id":"3F39F93D-AB52-4382-80AA-E0ED5264C1F0","name":"Test Room"}},{"label":"Tracking Limited","content":"Tracking is limited due to: initializing","timestamp":1742658640.4181972},{"timestamp":1742658641.517834,"content":"Tracking is limited due to: relocalizing","label":"Tracking Limited"},{"label":"Bunny didAdd","content":{"identifier":"B08E24AE-6649-4FDC-AC88-299C0F4ABC29","transform":{"columns":[[0.99652475,-0.0011311637,-0.08328969,0],[0.0012247307,0.99999833,0.0010723146,0],[0.08328837,-0.0011705958,0.9965247,0],[-0.034224045,-0.6027027,-0.3153559,1]]},"name":"bunny"},"timestamp":1742658646.331277},{"content":{"center":[0.017977595,-3.4131691,0.45404088],"extent":[2.897366,6.354778,2.8408394]},"label":"Tracking Available","timestamp":1742658646.381144},{"timestamp":1742658646.381205,"label":"Bunny didUpdate","content":{"name":"bunny","transform":{"columns":[[0.99652475,-0.0011311637,-0.08328969,0],[0.0012247305,0.99999815,0.0010723145,0],[0.08328838,-0.0011705958,0.99652475,0],[-0.034224045,-0.6027027,-0.3153559,1]]},"identifier":"B08E24AE-6649-4FDC-AC88-299C0F4ABC29"}},{"label":"ARImageAnchor didAdd","content":{"name":"Car","transform":{"columns":[[0.95763564,0.006676608,-0.28790483,0],[0.28790748,0.00057847763,0.9576579,0],[0.006560438,-0.99997735,-0.0013682991,0],[-0.24044444,-0.65519506,0.06543541,1]]},"identifier":"FF85DBE1-76D3-E459-2D24-8EDCEE263300"},"timestamp":1742658647.994328},{"label":"ARImageAnchor didUpdate","timestamp":1742658648.006535,"content":{"identifier":"FF85DBE1-76D3-E459-2D24-8EDCEE263300","transform":{"columns":[[0.95763564,0.006676608,-0.28790483,0],[0.28790748,0.00057847763,0.9576579,0],[0.006560438,-0.99997735,-0.0013682991,0],[-0.24044444,-0.65519506,0.06543541,1]]},"name":"Car"}},{"timestamp":1742658651.127411,"label":"ARImageAnchor didAdd","content":{"identifier":"088EF783-5990-B052-BE99-B8AA15BA6C68","name":"Earth","transform":{"columns":[[0.9468737,-0.0051643513,-0.32156375,0],[0.32146746,-0.014079554,0.94681585,0],[-0.009417164,-0.9998874,-0.011671388,0],[-1.3696284,0.6068159,-0.15035324,0.99999994]]}}},{"timestamp":1742658651.145047,"content":{"identifier":"088EF783-5990-B052-BE99-B8AA15BA6C68","name":"Earth","transform":{"columns":[[0.9468737,-0.0051643513,-0.32156375,0],[0.32146746,-0.014079554,0.94681585,0],[-0.009417164,-0.9998874,-0.011671388,0],[-1.3696284,0.6068159,-0.15035324,0.99999994]]}},"label":"ARImageAnchor didUpdate"},{"content":{"identifier":"6BAD7D5D-D14A-EF93-1C8B-F6BEC80B8329","name":"Lenna","transform":{"columns":[[-0.30023608,-0.03978925,-0.9530345,0],[0.9537319,-0.029198179,-0.29923669,0],[-0.015920443,-0.99878126,0.046714615,0],[0.4057641,-0.6642755,-0.23104239,1]]}},"label":"ARImageAnchor didAdd","timestamp":1742658657.9950008},{"timestamp":1742658658.0021129,"content":{"identifier":"6BAD7D5D-D14A-EF93-1C8B-F6BEC80B8329","transform":{"columns":[[-0.30023608,-0.03978925,-0.9530345,0],[0.9537319,-0.029198179,-0.29923669,0],[-0.015920443,-0.99878126,0.046714615,0],[0.4057641,-0.6642755,-0.23104239,1]]},"name":"Lenna"},"label":"ARImageAnchor didUpdate"},{"content":{"identifier":"C35EAC54-3E90-1B97-807B-5E3B8F238DB7","transform":{"columns":[[0.94625044,0.0012478884,-0.32343188,0],[0.32339075,0.01275903,0.9461793,0],[0.005307403,-0.9999178,0.011669693,0],[0.39481258,0.7742618,-0.7261791,0.99999994]]},"name":"Sailboat"},"timestamp":1742658662.179636,"label":"ARImageAnchor didAdd"},{"label":"ARImageAnchor didUpdate","timestamp":1742658662.183923,"content":{"identifier":"C35EAC54-3E90-1B97-807B-5E3B8F238DB7","transform":{"columns":[[0.94625044,0.0012478884,-0.32343188,0],[0.32339075,0.01275903,0.9461793,0],[0.005307403,-0.9999178,0.011669693,0],[0.39481258,0.7742618,-0.7261791,0.99999994]]},"name":"Sailboat"}},{"content":{"name":"Mandrill","identifier":"A19C2489-597B-2BED-432C-244B551E75FD","transform":{"columns":[[0.3113728,-0.01453744,0.95017654,0],[-0.9482332,0.06096135,0.3116686,0],[-0.062454928,-0.9980341,0.00519682,0],[1.2585132,0.7977793,-0.4176317,1]]}},"timestamp":1742658664.276403,"label":"ARImageAnchor didAdd"},{"label":"ARImageAnchor didUpdate","timestamp":1742658664.284751,"content":{"identifier":"A19C2489-597B-2BED-432C-244B551E75FD","transform":{"columns":[[0.3113728,-0.01453744,0.95017654,0],[-0.9482332,0.06096135,0.3116686,0],[-0.062454928,-0.9980341,0.00519682,0],[1.2585132,0.7977793,-0.4176317,1]]},"name":"Mandrill"}},{"timestamp":1742658666.409546,"content":{"identifier":"61BB3DDD-C96C-6E82-3432-BD712CCBCB28","transform":{"columns":[[0.30577666,-0.009384468,0.9520568,0],[-0.95196027,-0.02032984,0.30554527,0],[0.016487759,-0.9997493,-0.015150032,0],[1.5421612,0.17634445,0.25829762,1]]},"name":"Peppers"},"label":"ARImageAnchor didAdd"},{"content":{"identifier":"61BB3DDD-C96C-6E82-3432-BD712CCBCB28","transform":{"columns":[[0.30577666,-0.009384468,0.9520568,0],[-0.95196027,-0.02032984,0.30554527,0],[0.016487759,-0.9997493,-0.015150032,0],[1.5421612,0.17634445,0.25829762,1]]},"name":"Peppers"},"label":"ARImageAnchor didUpdate","timestamp":1742658666.4186249},{"content":{"transform":{"columns":[[0.30601653,-0.009757979,0.951976,0],[-0.9520116,-0.008634308,0.30593944,0],[0.0052343006,-0.999915,-0.011931956,0],[1.5397528,0.17764637,0.25127256,0.9999999]]},"identifier":"61BB3DDD-C96C-6E82-3432-BD712CCBCB28","name":"Peppers"},"timestamp":1742658666.943884,"label":"ARImageAnchor didUpdate"},{"timestamp":1742658666.9519792,"label":"ARImageAnchor didUpdate","content":{"name":"Peppers","identifier":"61BB3DDD-C96C-6E82-3432-BD712CCBCB28","transform":{"columns":[[0.30601653,-0.009757979,0.951976,0],[-0.9520116,-0.008634308,0.30593944,0],[0.0052343006,-0.999915,-0.011931956,0],[1.5397528,0.17764637,0.25127256,0.9999999]]}}},{"content":{"identifier":"A19C2489-597B-2BED-432C-244B551E75FD","transform":{"columns":[[0.313208,-0.013801585,0.94958407,0],[-0.9477098,0.05990162,0.31346044,0],[-0.06120788,-0.9981088,0.0056817667,0],[1.2548561,0.7991904,-0.42229283,1]]},"name":"Mandrill"},"label":"ARImageAnchor didUpdate","timestamp":1742658671.199739},{"timestamp":1742658671.216636,"label":"ARImageAnchor didUpdate","content":{"transform":{"columns":[[0.313208,-0.013801585,0.94958407,0],[-0.9477098,0.05990162,0.31346044,0],[-0.06120788,-0.9981088,0.0056817667,0],[1.2548561,0.7991904,-0.42229283,1]]},"name":"Mandrill","identifier":"A19C2489-597B-2BED-432C-244B551E75FD"}},{"timestamp":1742658675.2857141,"content":{"identifier":"B08E24AE-6649-4FDC-AC88-299C0F4ABC29","name":"bunny","transform":{"columns":[[0.99652475,-0.0011311637,-0.08328923,0],[0.0012247297,0.999998,0.0010723147,0],[0.08328792,-0.001170596,0.9965249,0],[-0.03422421,-0.6027029,-0.31535634,1]]}},"label":"Bunny didUpdate"},{"label":"ARImageAnchor didUpdate","content":{"transform":{"columns":[[0.32191938,-0.00862716,0.94672763,0],[-0.9466615,0.011991158,0.32200605,0],[-0.014130369,-0.99989086,-0.0043068137,0],[1.5549351,0.19304353,0.23808186,1]]},"name":"Peppers","identifier":"61BB3DDD-C96C-6E82-3432-BD712CCBCB28"},"timestamp":1742658681.2009602},{"timestamp":1742658681.226176,"label":"ARImageAnchor didUpdate","content":{"name":"Peppers","transform":{"columns":[[0.32191938,-0.00862716,0.94672763,0],[-0.9466615,0.011991158,0.32200605,0],[-0.014130369,-0.99989086,-0.0043068137,0],[1.5549351,0.19304353,0.23808186,1]]},"identifier":"61BB3DDD-C96C-6E82-3432-BD712CCBCB28"}}]