[{"timestamp":1742646065.748505,"label":"Application launched"},{"timestamp":1742646065.748612,"label":"Initialize ARViewModel"},{"label":"Finished Initialize ARViewModel","timestamp":1742646065.749669},{"timestamp":1742646065.7497048,"label":"Initialize RoomManager"},{"timestamp":1742646065.74971,"label":"Initialize BeaconManager"},{"timestamp":1742646065.749731,"label":"Fininshed Initialize BeaconManager"},{"timestamp":1742646065.749737,"label":"Fininshed Initialize RoomManager"},{"timestamp":1742646065.749741,"label":"ContentView Initialize"},{"label":"Initialize ARWorldMapManager","timestamp":1742646065.750186},{"timestamp":1742646065.750205,"label":"Fininshed Initialize ARWorldMapManager"},{"timestamp":1742646066.222218,"label":"Tracking Limited","content":"Tracking is limited due to: initializing"},{"timestamp":1742646067.00956,"label":"Room Update","content":{"id":"3F39F93D-AB52-4382-80AA-E0ED5264C1F0","name":"Test Room"}},{"content":{"name":"Test Room","id":"3F39F93D-AB52-4382-80AA-E0ED5264C1F0"},"timestamp":1742646067.009598,"label":"Downloading WorldMap"},{"content":{"name":"Test Room","id":"3F39F93D-AB52-4382-80AA-E0ED5264C1F0"},"timestamp":1742646067.5016232,"label":"Finished Downloading WorldMap"},{"content":"Tracking is limited due to: initializing","timestamp":1742646067.654475,"label":"Tracking Limited"},{"content":"Tracking is limited due to: relocalizing","timestamp":1742646068.655297,"label":"Tracking Limited"},{"timestamp":1742646071.372994,"content":{"transform":{"columns":[[0.99652475,-0.0011311637,-0.08328969,0],[0.0012247307,0.99999833,0.0010723146,0],[0.08328837,-0.0011705958,0.9965247,0],[-0.034224045,-0.6027027,-0.3153559,1]]},"name":"bunny","identifier":"B08E24AE-6649-4FDC-AC88-299C0F4ABC29"},"label":"Bunny didAdd"},{"timestamp":1742646071.4142709,"label":"Tracking Available","content":{"center":[0.121242404,-3.7220175,0.47664583],"extent":[3.1038957,6.9724746,3.1572275]}},{"timestamp":1742646071.414309,"content":{"name":"bunny","identifier":"B08E24AE-6649-4FDC-AC88-299C0F4ABC29","transform":{"columns":[[0.99652475,-0.0011311637,-0.08328969,0],[0.0012247305,0.99999815,0.0010723145,0],[0.08328838,-0.0011705958,0.99652475,0],[-0.034224045,-0.6027027,-0.3153559,1]]}},"label":"Bunny didUpdate"},{"content":{"transform":{"columns":[[0.9772321,0.015565878,-0.21160063,0],[0.21148898,0.008518468,0.9773431,0],[0.017015714,-0.99984246,0.0050325016,0],[-0.27756393,-0.6547615,0.044825017,0.99999994]]},"name":"Car","identifier":"FF85DBE1-76D3-E459-2D24-8EDCEE263300"},"timestamp":1742646073.613851,"label":"ARImageAnchor didAdd"},{"timestamp":1742646073.6254911,"content":{"name":"Car","identifier":"FF85DBE1-76D3-E459-2D24-8EDCEE263300","transform":{"columns":[[0.9772321,0.015565878,-0.21160063,0],[0.21148898,0.008518468,0.9773431,0],[0.017015714,-0.99984246,0.0050325016,0],[-0.27756393,-0.6547615,0.044825017,0.99999994]]}},"label":"ARImageAnchor didUpdate"},{"label":"ARImageAnchor didAdd","timestamp":1742646076.249785,"content":{"name":"Earth","identifier":"088EF783-5990-B052-BE99-B8AA15BA6C68","transform":{"columns":[[0.95877576,0.00024294002,-0.28416318,0],[0.28403386,-0.030995924,0.95831287,0],[-0.008575086,-0.9995194,-0.029787144,0],[-1.3866386,0.59822005,-0.2269889,0.99999994]]}}},{"label":"ARImageAnchor didUpdate","timestamp":1742646076.255373,"content":{"name":"Earth","identifier":"088EF783-5990-B052-BE99-B8AA15BA6C68","transform":{"columns":[[0.95877576,0.00024294002,-0.28416318,0],[0.28403386,-0.030995924,0.95831287,0],[-0.008575086,-0.9995194,-0.029787144,0],[-1.3866386,0.59822005,-0.2269889,0.99999994]]}}},{"label":"ARImageAnchor didAdd","timestamp":1742646080.480397,"content":{"identifier":"6BAD7D5D-D14A-EF93-1C8B-F6BEC80B8329","name":"Lenna","transform":{"columns":[[-0.2476261,-0.033530094,-0.9682751,0],[0.96856606,-0.032997172,-0.24655782,0],[-0.023683242,-0.99889284,0.040647075,0],[0.3901837,-0.6603715,-0.20232566,1]]}}},{"timestamp":1742646080.498303,"label":"ARImageAnchor didUpdate","content":{"identifier":"6BAD7D5D-D14A-EF93-1C8B-F6BEC80B8329","transform":{"columns":[[-0.2476261,-0.033530094,-0.9682751,0],[0.96856606,-0.032997172,-0.24655782,0],[-0.023683242,-0.99889284,0.040647075,0],[0.3901837,-0.6603715,-0.20232566,1]]},"name":"Lenna"}},{"label":"ARImageAnchor didAdd","content":{"name":"Sailboat","identifier":"C35EAC54-3E90-1B97-807B-5E3B8F238DB7","transform":{"columns":[[0.9624338,0.0038724213,-0.27148807,0],[0.27150166,-0.0035547467,0.96243125,0],[0.0027618632,-0.9999862,-0.004472586,0],[0.39426756,0.7785256,-0.7194153,1]]}},"timestamp":1742646082.5647368},{"timestamp":1742646082.5983582,"label":"ARImageAnchor didUpdate","content":{"identifier":"C35EAC54-3E90-1B97-807B-5E3B8F238DB7","name":"Sailboat","transform":{"columns":[[0.9624338,0.0038724213,-0.27148807,0],[0.27150166,-0.0035547467,0.96243125,0],[0.0027618632,-0.9999862,-0.004472586,0],[0.39426756,0.7785256,-0.7194153,1]]}}},{"label":"ARImageAnchor didAdd","timestamp":1742646084.696784,"content":{"name":"Mandrill","identifier":"A19C2489-597B-2BED-432C-244B551E75FD","transform":{"columns":[[0.25579676,-0.0128298765,0.9666452,0],[-0.965334,0.050332658,0.25611776,0],[-0.05193977,-0.99865,0.0004898011,0],[1.2332757,0.80331486,-0.35452777,0.9999999]]}}},{"label":"ARImageAnchor didUpdate","content":{"identifier":"A19C2489-597B-2BED-432C-244B551E75FD","transform":{"columns":[[0.25579676,-0.0128298765,0.9666452,0],[-0.965334,0.050332658,0.25611776,0],[-0.05193977,-0.99865,0.0004898011,0],[1.2332757,0.80331486,-0.35452777,0.9999999]]},"name":"Mandrill"},"timestamp":1742646084.7148771},{"label":"ARImageAnchor didAdd","content":{"name":"Peppers","transform":{"columns":[[0.24304608,-0.0065682456,0.96999216,0],[-0.9699854,0.0060909623,0.24308561,0],[-0.007504833,-0.9999597,-0.00489072,0],[1.4926796,0.18376078,0.34395254,0.9999999]]},"identifier":"61BB3DDD-C96C-6E82-3432-BD712CCBCB28"},"timestamp":1742646086.2984061},{"timestamp":1742646086.306497,"label":"ARImageAnchor didUpdate","content":{"transform":{"columns":[[0.24304608,-0.0065682456,0.96999216,0],[-0.9699854,0.0060909623,0.24308561,0],[-0.007504833,-0.9999597,-0.00489072,0],[1.4926796,0.18376078,0.34395254,0.9999999]]},"identifier":"61BB3DDD-C96C-6E82-3432-BD712CCBCB28","name":"Peppers"}},{"content":{"name":"Peppers","transform":{"columns":[[0.24438873,-0.005636112,0.96966076,0],[-0.96966976,0.0024886488,0.24440545,0],[-0.0037906417,-0.9999809,-0.004856967,0],[1.489641,0.18706065,0.33778292,0.99999994]]},"identifier":"61BB3DDD-C96C-6E82-3432-BD712CCBCB28"},"timestamp":1742646087.364368,"label":"ARImageAnchor didUpdate"},{"timestamp":1742646087.370428,"content":{"transform":{"columns":[[0.24438873,-0.005636112,0.96966076,0],[-0.96966976,0.0024886488,0.24440545,0],[-0.0037906417,-0.9999809,-0.004856967,0],[1.489641,0.18706065,0.33778292,0.99999994]]},"identifier":"61BB3DDD-C96C-6E82-3432-BD712CCBCB28","name":"Peppers"},"label":"ARImageAnchor didUpdate"},{"label":"ARImageAnchor didUpdate","content":{"transform":{"columns":[[0.97564363,0.002305954,-0.21934845,0],[0.21935181,-0.019134793,0.9754579,0],[-0.0019478016,-0.99981415,-0.019174494,0],[-0.28274018,-0.66087466,0.030919164,0.99999994]]},"name":"Car","identifier":"FF85DBE1-76D3-E459-2D24-8EDCEE263300"},"timestamp":1742646094.7551541},{"timestamp":1742646094.7738252,"content":{"name":"Car","identifier":"FF85DBE1-76D3-E459-2D24-8EDCEE263300","transform":{"columns":[[0.97564363,0.002305954,-0.21934845,0],[0.21935181,-0.019134793,0.9754579,0],[-0.0019478016,-0.99981415,-0.019174494,0],[-0.28274018,-0.66087466,0.030919164,0.99999994]]}},"label":"ARImageAnchor didUpdate"},{"content":{"name":"Earth","transform":{"columns":[[0.96742535,-0.008732408,-0.25300545,0],[0.25276965,-0.021878164,0.9672789,0],[-0.013981971,-0.9997224,-0.018958215,0],[-1.3844874,0.5972495,-0.24891427,1]]},"identifier":"088EF783-5990-B052-BE99-B8AA15BA6C68"},"timestamp":1742646097.403748,"label":"ARImageAnchor didUpdate"},{"content":{"name":"Earth","identifier":"088EF783-5990-B052-BE99-B8AA15BA6C68","transform":{"columns":[[0.96742535,-0.008732408,-0.25300545,0],[0.25276965,-0.021878164,0.9672789,0],[-0.013981971,-0.9997224,-0.018958215,0],[-1.3844874,0.5972495,-0.24891427,1]]}},"timestamp":1742646097.421947,"label":"ARImageAnchor didUpdate"}]