[{"label":"Application launched","timestamp":1742674740.537005},{"label":"Initialize ARViewModel","timestamp":1742674740.537218},{"label":"Finished Initialize ARViewModel","timestamp":1742674740.5409598},{"timestamp":1742674740.540998,"label":"Initialize RoomManager"},{"timestamp":1742674740.541002,"label":"Initialize BeaconManager"},{"timestamp":1742674740.54107,"label":"Fininshed Initialize BeaconManager"},{"timestamp":1742674740.5410771,"label":"Fininshed Initialize RoomManager"},{"timestamp":1742674740.541081,"label":"ContentView Initialize"},{"timestamp":1742674740.541991,"label":"Initialize ARWorldMapManager"},{"timestamp":1742674740.542059,"label":"Fininshed Initialize ARWorldMapManager"},{"label":"Tracking Limited","timestamp":1742674740.874834,"content":"Tracking is limited due to: initializing"},{"content":{"id":"3F39F93D-AB52-4382-80AA-E0ED5264C1F0","name":"Test Room"},"timestamp":1742674741.8391871,"label":"Room Update"},{"timestamp":1742674741.8392391,"label":"Downloading WorldMap","content":{"id":"3F39F93D-AB52-4382-80AA-E0ED5264C1F0","name":"Test Room"}},{"timestamp":1742674742.443341,"content":{"name":"Test Room","id":"3F39F93D-AB52-4382-80AA-E0ED5264C1F0"},"label":"Finished Downloading WorldMap"},{"content":"Tracking is limited due to: initializing","label":"Tracking Limited","timestamp":1742674742.607748},{"label":"Tracking Limited","timestamp":1742674743.7071,"content":"Tracking is limited due to: relocalizing"},{"content":{"transform":{"columns":[[0.99652475,-0.0011311637,-0.08328969,0],[0.0012247307,0.99999833,0.0010723146,0],[0.08328837,-0.0011705958,0.9965247,0],[-0.034224045,-0.6027027,-0.3153559,1]]},"name":"bunny","identifier":"B08E24AE-6649-4FDC-AC88-299C0F4ABC29"},"timestamp":1742674745.7476192,"label":"Bunny didAdd"},{"content":{"transform":{"columns":[[0.99652475,-0.0011311637,-0.08328969,0],[0.0012247305,0.99999815,0.0010723145,0],[0.08328838,-0.0011705958,0.99652475,0],[-0.034224045,-0.6027027,-0.3153559,1]]},"identifier":"B08E24AE-6649-4FDC-AC88-299C0F4ABC29","name":"bunny"},"label":"Bunny didUpdate","timestamp":1742674745.767062},{"label":"Tracking Available","timestamp":1742674745.7671409,"content":{"center":[0.017977595,-3.4131691,0.45404088],"extent":[2.897366,6.354778,2.8408394]}},{"timestamp":1742674748.084791,"label":"ARImageAnchor didAdd","content":{"name":"Car","identifier":"FF85DBE1-76D3-E459-2D24-8EDCEE263300","transform":{"columns":[[0.9766743,0.008764801,-0.21454704,0],[0.2145547,5.903279e-05,0.97671187,0],[0.008573335,-0.99996156,-0.001822849,0],[-0.2725547,-0.64821523,0.051427573,1]]}}},{"timestamp":1742674748.092929,"label":"ARImageAnchor didUpdate","content":{"transform":{"columns":[[0.9766743,0.008764801,-0.21454704,0],[0.2145547,5.903279e-05,0.97671187,0],[0.008573335,-0.99996156,-0.001822849,0],[-0.2725547,-0.64821523,0.051427573,1]]},"name":"Car","identifier":"FF85DBE1-76D3-E459-2D24-8EDCEE263300"}},{"label":"ARImageAnchor didAdd","content":{"name":"Earth","identifier":"088EF783-5990-B052-BE99-B8AA15BA6C68","transform":{"columns":[[0.96584743,0.0025939536,-0.25909805,0],[0.25878462,0.04051595,0.9650848,0],[0.013000994,-0.9991754,0.03846095,0],[-1.3894082,0.60319877,-0.2161263,1]]}},"timestamp":1742674752.2681909},{"timestamp":1742674752.285989,"label":"ARImageAnchor didUpdate","content":{"transform":{"columns":[[0.96584743,0.0025939536,-0.25909805,0],[0.25878462,0.04051595,0.9650848,0],[0.013000994,-0.9991754,0.03846095,0],[-1.3894082,0.60319877,-0.2161263,1]]},"identifier":"088EF783-5990-B052-BE99-B8AA15BA6C68","name":"Earth"}},{"label":"ARImageAnchor didAdd","content":{"transform":{"columns":[[-0.24227914,-0.037668772,-0.9694749,0],[0.9699522,-0.03227674,-0.24114431,0],[-0.022207895,-0.9987688,0.04435688,0],[0.41080603,-0.66468215,-0.20406502,1]]},"name":"Lenna","identifier":"6BAD7D5D-D14A-EF93-1C8B-F6BEC80B8329"},"timestamp":1742674756.534679},{"content":{"transform":{"columns":[[-0.24227914,-0.037668772,-0.9694749,0],[0.9699522,-0.03227674,-0.24114431,0],[-0.022207895,-0.9987688,0.04435688,0],[0.41080603,-0.66468215,-0.20406502,1]]},"name":"Lenna","identifier":"6BAD7D5D-D14A-EF93-1C8B-F6BEC80B8329"},"timestamp":1742674756.5537539,"label":"ARImageAnchor didUpdate"},{"timestamp":1742674759.1513,"content":{"identifier":"C35EAC54-3E90-1B97-807B-5E3B8F238DB7","transform":{"columns":[[0.9661955,-0.0010555319,-0.25780752,0],[0.25780958,0.0031145364,0.9661906,0],[-0.00021689423,-0.99999446,0.0032813775,0],[0.41489643,0.77152586,-0.7094034,1]]},"name":"Sailboat"},"label":"ARImageAnchor didAdd"},{"timestamp":1742674759.1772652,"label":"ARImageAnchor didUpdate","content":{"identifier":"C35EAC54-3E90-1B97-807B-5E3B8F238DB7","name":"Sailboat","transform":{"columns":[[0.9661955,-0.0010555319,-0.25780752,0],[0.25780958,0.0031145364,0.9661906,0],[-0.00021689423,-0.99999446,0.0032813775,0],[0.41489643,0.77152586,-0.7094034,1]]}}},{"content":{"name":"Mandrill","transform":{"columns":[[0.2713909,-0.012392726,0.9623893,0],[-0.9618374,0.032727808,0.2716567,0],[-0.034863472,-0.9993874,-0.0030377535,0],[1.2680261,0.80013144,-0.35754463,1]]},"identifier":"A19C2489-597B-2BED-432C-244B551E75FD"},"timestamp":1742674760.751276,"label":"ARImageAnchor didAdd"},{"label":"ARImageAnchor didUpdate","content":{"transform":{"columns":[[0.2713909,-0.012392726,0.9623893,0],[-0.9618374,0.032727808,0.2716567,0],[-0.034863472,-0.9993874,-0.0030377535,0],[1.2680261,0.80013144,-0.35754463,1]]},"name":"Mandrill","identifier":"A19C2489-597B-2BED-432C-244B551E75FD"},"timestamp":1742674760.770114},{"timestamp":1742674761.276781,"content":{"name":"Mandrill","identifier":"A19C2489-597B-2BED-432C-244B551E75FD","transform":{"columns":[[0.268484,-0.011368211,0.9632169,0],[-0.9617686,0.052901678,0.26870468,0],[-0.054010488,-0.9985349,0.0032696722,0],[1.2601256,0.80138254,-0.3609116,1]]}},"label":"ARImageAnchor didUpdate"},{"content":{"transform":{"columns":[[0.268484,-0.011368211,0.9632169,0],[-0.9617686,0.052901678,0.26870468,0],[-0.054010488,-0.9985349,0.0032696722,0],[1.2601256,0.80138254,-0.3609116,1]]},"name":"Mandrill","identifier":"A19C2489-597B-2BED-432C-244B551E75FD"},"label":"ARImageAnchor didUpdate","timestamp":1742674761.303433},{"content":{"transform":{"columns":[[0.24898593,-0.0040360237,0.96849865,0],[-0.968144,-0.028409788,0.24877638,0],[0.026510771,-0.99958813,-0.010981087,0],[1.5239776,0.18085098,0.33284733,1]]},"identifier":"61BB3DDD-C96C-6E82-3432-BD712CCBCB28","name":"Peppers"},"timestamp":1742674762.888713,"label":"ARImageAnchor didAdd"},{"timestamp":1742674762.8924298,"label":"ARImageAnchor didUpdate","content":{"identifier":"61BB3DDD-C96C-6E82-3432-BD712CCBCB28","transform":{"columns":[[0.24898593,-0.0040360237,0.96849865,0],[-0.968144,-0.028409788,0.24877638,0],[0.026510771,-0.99958813,-0.010981087,0],[1.5239776,0.18085098,0.33284733,1]]},"name":"Peppers"}},{"label":"ARImageAnchor didUpdate","content":{"identifier":"61BB3DDD-C96C-6E82-3432-BD712CCBCB28","transform":{"columns":[[0.24885698,-0.0050492836,0.9685269,0],[-0.96845657,-0.014424255,0.24876364,0],[0.012714192,-0.9998832,-0.008479583,0],[1.5245794,0.18329786,0.32834703,1]]},"name":"Peppers"},"timestamp":1742674763.408708},{"timestamp":1742674763.4260821,"content":{"name":"Peppers","identifier":"61BB3DDD-C96C-6E82-3432-BD712CCBCB28","transform":{"columns":[[0.24885698,-0.0050492836,0.9685269,0],[-0.96845657,-0.014424255,0.24876364,0],[0.012714192,-0.9998832,-0.008479583,0],[1.5245794,0.18329786,0.32834703,1]]}},"label":"ARImageAnchor didUpdate"},{"timestamp":1742674769.253461,"label":"ARImageAnchor didUpdate","content":{"identifier":"FF85DBE1-76D3-E459-2D24-8EDCEE263300","transform":{"columns":[[0.9770945,0.012464072,-0.21243985,0],[0.21243812,0.0014796205,0.9771733,0],[0.012493877,-0.9999211,-0.0012021553,0],[-0.2689075,-0.6610531,0.032932684,1]]},"name":"Car"}},{"timestamp":1742674769.260526,"label":"ARImageAnchor didUpdate","content":{"name":"Car","identifier":"FF85DBE1-76D3-E459-2D24-8EDCEE263300","transform":{"columns":[[0.9770945,0.012464072,-0.21243985,0],[0.21243812,0.0014796205,0.9771733,0],[0.012493877,-0.9999211,-0.0012021553,0],[-0.2689075,-0.6610531,0.032932684,1]]}}},{"label":"ARImageAnchor didUpdate","timestamp":1742674771.886023,"content":{"name":"Earth","identifier":"088EF783-5990-B052-BE99-B8AA15BA6C68","transform":{"columns":[[0.9567948,-0.00019259425,-0.29076305,0],[0.29072154,-0.01627394,0.956669,0],[-0.0049161115,-0.99986744,-0.015514834,0],[-1.3877687,0.5925099,-0.24913567,1]]}}},{"content":{"transform":{"columns":[[0.9567948,-0.00019259425,-0.29076305,0],[0.29072154,-0.01627394,0.956669,0],[-0.0049161115,-0.99986744,-0.015514834,0],[-1.3877687,0.5925099,-0.24913567,1]]},"identifier":"088EF783-5990-B052-BE99-B8AA15BA6C68","name":"Earth"},"label":"ARImageAnchor didUpdate","timestamp":1742674771.89029}]