[{"timestamp":1742664782.910685,"label":"Application launched"},{"timestamp":1742664782.9107509,"label":"Initialize ARViewModel"},{"timestamp":1742664782.911306,"label":"Finished Initialize ARViewModel"},{"label":"Initialize RoomManager","timestamp":1742664782.911314},{"timestamp":1742664782.9113178,"label":"Initialize BeaconManager"},{"label":"Fininshed Initialize BeaconManager","timestamp":1742664782.911334},{"label":"Fininshed Initialize RoomManager","timestamp":1742664782.911339},{"label":"ContentView Initialize","timestamp":1742664782.911343},{"label":"Initialize ARWorldMapManager","timestamp":1742664782.911701},{"label":"Fininshed Initialize ARWorldMapManager","timestamp":1742664782.9117079},{"label":"Tracking Not Available","timestamp":1742664783.288169},{"label":"Tracking Limited","content":"Tracking is limited due to: initializing","timestamp":1742664783.304452},{"content":{"id":"3F39F93D-AB52-4382-80AA-E0ED5264C1F0","name":"Test Room"},"timestamp":1742664784.253886,"label":"Room Update"},{"label":"Downloading WorldMap","content":{"id":"3F39F93D-AB52-4382-80AA-E0ED5264C1F0","name":"Test Room"},"timestamp":1742664784.253931},{"label":"Finished Downloading WorldMap","content":{"name":"Test Room","id":"3F39F93D-AB52-4382-80AA-E0ED5264C1F0"},"timestamp":1742664784.643116},{"label":"Tracking Limited","content":"Tracking is limited due to: initializing","timestamp":1742664784.804922},{"timestamp":1742664785.838114,"content":"Tracking is limited due to: relocalizing","label":"Tracking Limited"},{"timestamp":1742664808.462656,"label":"Bunny didAdd","content":{"transform":{"columns":[[0.99652475,-0.0011311637,-0.08328969,0],[0.0012247307,0.99999833,0.0010723146,0],[0.08328837,-0.0011705958,0.9965247,0],[-0.034224045,-0.6027027,-0.3153559,1]]},"identifier":"B08E24AE-6649-4FDC-AC88-299C0F4ABC29","name":"bunny"}},{"timestamp":1742664808.530748,"label":"Tracking Available","content":{"extent":[2.9625354,6.354778,3.398371],"center":[-0.014607072,-3.4131691,0.17527497]}},{"label":"Bunny didUpdate","content":{"identifier":"B08E24AE-6649-4FDC-AC88-299C0F4ABC29","transform":{"columns":[[0.99652475,-0.0011311637,-0.08328969,0],[0.0012247305,0.99999815,0.0010723145,0],[0.08328838,-0.0011705958,0.99652475,0],[-0.034224045,-0.6027027,-0.3153559,1]]},"name":"bunny"},"timestamp":1742664808.530789},{"timestamp":1742664810.613265,"label":"ARImageAnchor didAdd","content":{"transform":{"columns":[[0.97355974,0.012965108,-0.22806367,0],[0.22811612,-0.002702667,0.97363,0],[0.012006849,-0.9999122,-0.005588755,0],[-0.2798517,-0.6600877,0.046754494,1]]},"name":"Car","identifier":"FF85DBE1-76D3-E459-2D24-8EDCEE263300"}},{"label":"ARImageAnchor didUpdate","timestamp":1742664810.625976,"content":{"identifier":"FF85DBE1-76D3-E459-2D24-8EDCEE263300","transform":{"columns":[[0.97355974,0.012965108,-0.22806367,0],[0.22811612,-0.002702667,0.97363,0],[0.012006849,-0.9999122,-0.005588755,0],[-0.2798517,-0.6600877,0.046754494,1]]},"name":"Car"}},{"content":{"name":"Car","identifier":"FF85DBE1-76D3-E459-2D24-8EDCEE263300","transform":{"columns":[[0.9754893,0.018386137,-0.21927655,0],[0.21930546,0.00045364653,0.975656,0],[0.018038034,-0.99983084,-0.0035895978,0],[-0.2794106,-0.6556586,0.044951454,1]]}},"label":"ARImageAnchor didUpdate","timestamp":1742664811.140816},{"label":"ARImageAnchor didUpdate","timestamp":1742664811.157217,"content":{"identifier":"FF85DBE1-76D3-E459-2D24-8EDCEE263300","transform":{"columns":[[0.9754893,0.018386137,-0.21927655,0],[0.21930546,0.00045364653,0.975656,0],[0.018038034,-0.99983084,-0.0035895978,0],[-0.2794106,-0.6556586,0.044951454,1]]},"name":"Car"}},{"content":{"name":"Earth","identifier":"088EF783-5990-B052-BE99-B8AA15BA6C68","transform":{"columns":[[0.9620995,0.0019466676,-0.27269134,0],[0.27263853,-0.027800463,0.96171457,0],[-0.005708809,-0.9996115,-0.027277546,0],[-1.3864658,0.5921799,-0.23166132,0.99999994]]}},"timestamp":1742664813.747707,"label":"ARImageAnchor didAdd"},{"timestamp":1742664813.753461,"label":"ARImageAnchor didUpdate","content":{"identifier":"088EF783-5990-B052-BE99-B8AA15BA6C68","name":"Earth","transform":{"columns":[[0.9620995,0.0019466676,-0.27269134,0],[0.27263853,-0.027800463,0.96171457,0],[-0.005708809,-0.9996115,-0.027277546,0],[-1.3864658,0.5921799,-0.23166132,0.99999994]]}}},{"label":"ARImageAnchor didUpdate","content":{"identifier":"088EF783-5990-B052-BE99-B8AA15BA6C68","name":"Earth","transform":{"columns":[[0.9655634,0.0011029575,-0.2601647,0],[0.26009548,-0.027550956,0.96518964,0],[-0.006103227,-0.99961966,-0.026889082,0],[-1.3919821,0.5958944,-0.22943948,1]]}},"timestamp":1742664814.280885},{"label":"ARImageAnchor didUpdate","timestamp":1742664814.288068,"content":{"transform":{"columns":[[0.9655634,0.0011029575,-0.2601647,0],[0.26009548,-0.027550956,0.96518964,0],[-0.006103227,-0.99961966,-0.026889082,0],[-1.3919821,0.5958944,-0.22943948,1]]},"name":"Earth","identifier":"088EF783-5990-B052-BE99-B8AA15BA6C68"}},{"content":{"identifier":"6BAD7D5D-D14A-EF93-1C8B-F6BEC80B8329","name":"Lenna","transform":{"columns":[[-0.22161703,-0.034854267,-0.9745105,0],[0.9750574,-0.020415481,-0.22101124,0],[-0.0121919215,-0.9991837,0.03850935,0],[0.37995028,-0.6684969,-0.2136985,1]]}},"timestamp":1742664819.546258,"label":"ARImageAnchor didAdd"},{"timestamp":1742664819.555522,"label":"ARImageAnchor didUpdate","content":{"name":"Lenna","identifier":"6BAD7D5D-D14A-EF93-1C8B-F6BEC80B8329","transform":{"columns":[[-0.22161703,-0.034854267,-0.9745105,0],[0.9750574,-0.020415481,-0.22101124,0],[-0.0121919215,-0.9991837,0.03850935,0],[0.37995028,-0.6684969,-0.2136985,1]]}}},{"content":{"name":"Sailboat","identifier":"C35EAC54-3E90-1B97-807B-5E3B8F238DB7","transform":{"columns":[[0.96524364,0.0034653735,-0.2613282,0],[0.26120377,0.020791447,0.96505964,0],[0.008777684,-0.9997777,0.019163646,0],[0.39432967,0.75281113,-0.71043104,1]]}},"timestamp":1742664823.212675,"label":"ARImageAnchor didAdd"},{"label":"ARImageAnchor didUpdate","timestamp":1742664823.220458,"content":{"transform":{"columns":[[0.96524364,0.0034653735,-0.2613282,0],[0.26120377,0.020791447,0.96505964,0],[0.008777684,-0.9997777,0.019163646,0],[0.39432967,0.75281113,-0.71043104,1]]},"identifier":"C35EAC54-3E90-1B97-807B-5E3B8F238DB7","name":"Sailboat"}},{"label":"ARImageAnchor didAdd","timestamp":1742664825.34584,"content":{"identifier":"A19C2489-597B-2BED-432C-244B551E75FD","transform":{"columns":[[0.2564316,-0.01498533,0.9664461,0],[-0.96564156,0.0396604,0.25683308,0],[-0.04217837,-0.9991007,-0.004300278,0],[1.2289244,0.78078175,-0.36020896,1]]},"name":"Mandrill"}},{"timestamp":1742664825.352992,"label":"ARImageAnchor didUpdate","content":{"identifier":"A19C2489-597B-2BED-432C-244B551E75FD","name":"Mandrill","transform":{"columns":[[0.2564316,-0.01498533,0.9664461,0],[-0.96564156,0.0396604,0.25683308,0],[-0.04217837,-0.9991007,-0.004300278,0],[1.2289244,0.78078175,-0.36020896,1]]}}},{"content":{"name":"Peppers","transform":{"columns":[[0.26286408,-0.0041014194,0.9648241,0],[-0.96482235,0.0035333098,0.26287857,0],[-0.0044871923,-0.9999852,-0.0030283623,0],[1.486114,0.16576591,0.33050346,1]]},"identifier":"61BB3DDD-C96C-6E82-3432-BD712CCBCB28"},"timestamp":1742664827.9790812,"label":"ARImageAnchor didAdd"},{"label":"ARImageAnchor didUpdate","content":{"name":"Peppers","identifier":"61BB3DDD-C96C-6E82-3432-BD712CCBCB28","transform":{"columns":[[0.26286408,-0.0041014194,0.9648241,0],[-0.96482235,0.0035333098,0.26287857,0],[-0.0044871923,-0.9999852,-0.0030283623,0],[1.486114,0.16576591,0.33050346,1]]}},"timestamp":1742664827.989005}]