[{"timestamp":1742656893.3863049,"label":"Application launched"},{"label":"Initialize ARViewModel","timestamp":1742656893.38642},{"timestamp":1742656893.38813,"label":"Finished Initialize ARViewModel"},{"label":"Initialize RoomManager","timestamp":1742656893.3881469},{"timestamp":1742656893.3881512,"label":"Initialize BeaconManager"},{"timestamp":1742656893.388164,"label":"Fininshed Initialize BeaconManager"},{"label":"Fininshed Initialize RoomManager","timestamp":1742656893.388169},{"label":"ContentView Initialize","timestamp":1742656893.388173},{"timestamp":1742656893.392322,"label":"Initialize ARWorldMapManager"},{"label":"Fininshed Initialize ARWorldMapManager","timestamp":1742656893.392354},{"timestamp":1742656893.418165,"label":"Tracking Limited","content":"Tracking is limited due to: initializing"},{"label":"Tracking Not Available","timestamp":1742656893.41889},{"label":"Tracking Limited","content":"Tracking is limited due to: initializing","timestamp":1742656893.4331079},{"timestamp":1742656894.73828,"content":{"name":"Test Room","id":"3F39F93D-AB52-4382-80AA-E0ED5264C1F0"},"label":"Room Update"},{"timestamp":1742656894.738323,"label":"Downloading WorldMap","content":{"id":"3F39F93D-AB52-4382-80AA-E0ED5264C1F0","name":"Test Room"}},{"timestamp":1742656895.296331,"content":{"id":"3F39F93D-AB52-4382-80AA-E0ED5264C1F0","name":"Test Room"},"label":"Finished Downloading WorldMap"},{"label":"Tracking Limited","timestamp":1742656895.4517589,"content":"Tracking is limited due to: initializing"},{"timestamp":1742656896.632798,"label":"Tracking Limited","content":"Tracking is limited due to: relocalizing"},{"content":{"transform":{"columns":[[0.99652475,-0.0011311637,-0.08328969,0],[0.0012247307,0.99999833,0.0010723146,0],[0.08328837,-0.0011705958,0.9965247,0],[-0.034224045,-0.6027027,-0.3153559,1]]},"name":"bunny","identifier":"B08E24AE-6649-4FDC-AC88-299C0F4ABC29"},"timestamp":1742656897.96124,"label":"Bunny didAdd"},{"content":{"center":[0.017977595,-3.4131691,0.45404088],"extent":[2.897366,6.354778,2.8408394]},"timestamp":1742656898.032049,"label":"Tracking Available"},{"timestamp":1742656898.032114,"label":"Bunny didUpdate","content":{"transform":{"columns":[[0.99652475,-0.0011311637,-0.08328969,0],[0.0012247305,0.99999815,0.0010723145,0],[0.08328838,-0.0011705958,0.99652475,0],[-0.034224045,-0.6027027,-0.3153559,1]]},"name":"bunny","identifier":"B08E24AE-6649-4FDC-AC88-299C0F4ABC29"}},{"content":{"identifier":"FF85DBE1-76D3-E459-2D24-8EDCEE263300","name":"Car","transform":{"columns":[[0.9733258,0.00537606,-0.22936381,0],[0.22930124,0.010274695,0.97330105,0],[0.0075891605,-0.99993265,0.008767876,0],[-0.27759278,-0.64338124,0.050173774,1]]}},"timestamp":1742656900.676672,"label":"ARImageAnchor didAdd"},{"timestamp":1742656900.689533,"content":{"identifier":"FF85DBE1-76D3-E459-2D24-8EDCEE263300","name":"Car","transform":{"columns":[[0.9733258,0.00537606,-0.22936381,0],[0.22930124,0.010274695,0.97330105,0],[0.0075891605,-0.99993265,0.008767876,0],[-0.27759278,-0.64338124,0.050173774,1]]}},"label":"ARImageAnchor didUpdate"},{"label":"ARImageAnchor didUpdate","content":{"identifier":"FF85DBE1-76D3-E459-2D24-8EDCEE263300","name":"Car","transform":{"columns":[[0.97526187,0.006182161,-0.22096512,0],[0.22086413,0.013904914,0.97520524,0],[0.00910138,-0.999884,0.01219552,0],[-0.28009653,-0.63711596,0.04861118,0.9999999]]}},"timestamp":1742656901.203872},{"label":"ARImageAnchor didUpdate","content":{"name":"Car","identifier":"FF85DBE1-76D3-E459-2D24-8EDCEE263300","transform":{"columns":[[0.97526187,0.006182161,-0.22096512,0],[0.22086413,0.013904914,0.97520524,0],[0.00910138,-0.999884,0.01219552,0],[-0.28009653,-0.63711596,0.04861118,0.9999999]]}},"timestamp":1742656901.220612},{"label":"ARImageAnchor didAdd","content":{"identifier":"088EF783-5990-B052-BE99-B8AA15BA6C68","transform":{"columns":[[0.96158147,-0.0049188123,-0.27447549,0],[0.2744768,0.034879845,0.9609608,0],[0.004846877,-0.99937934,0.034889907,0],[-1.3778673,0.60406333,-0.24875681,1]]},"name":"Earth"},"timestamp":1742656903.296386},{"content":{"name":"Earth","transform":{"columns":[[0.96158147,-0.0049188123,-0.27447549,0],[0.2744768,0.034879845,0.9609608,0],[0.004846877,-0.99937934,0.034889907,0],[-1.3778673,0.60406333,-0.24875681,1]]},"identifier":"088EF783-5990-B052-BE99-B8AA15BA6C68"},"timestamp":1742656903.301218,"label":"ARImageAnchor didUpdate"},{"label":"ARImageAnchor didUpdate","content":{"identifier":"088EF783-5990-B052-BE99-B8AA15BA6C68","name":"Earth","transform":{"columns":[[0.96408165,-0.0052626776,-0.26555315,0],[0.26560515,0.018061882,0.9639124,0],[-0.0002763724,-0.999823,0.018810919,0],[-1.3884801,0.6142398,-0.24721277,0.99999994]]}},"timestamp":1742656903.818367},{"content":{"identifier":"088EF783-5990-B052-BE99-B8AA15BA6C68","transform":{"columns":[[0.96408165,-0.0052626776,-0.26555315,0],[0.26560515,0.018061882,0.9639124,0],[-0.0002763724,-0.999823,0.018810919,0],[-1.3884801,0.6142398,-0.24721277,0.99999994]]},"name":"Earth"},"timestamp":1742656903.8331761,"label":"ARImageAnchor didUpdate"},{"timestamp":1742656907.49306,"label":"ARImageAnchor didAdd","content":{"name":"Lenna","identifier":"6BAD7D5D-D14A-EF93-1C8B-F6BEC80B8329","transform":{"columns":[[-0.2498017,-0.04140017,-0.96741146,0],[0.96827585,-0.01726522,-0.249286,0],[-0.0063821007,-0.9989934,0.044399664,0],[0.39626196,-0.6590713,-0.20393974,1]]}}},{"timestamp":1742656907.504075,"label":"ARImageAnchor didUpdate","content":{"transform":{"columns":[[-0.2498017,-0.04140017,-0.96741146,0],[0.96827585,-0.01726522,-0.249286,0],[-0.0063821007,-0.9989934,0.044399664,0],[0.39626196,-0.6590713,-0.20393974,1]]},"name":"Lenna","identifier":"6BAD7D5D-D14A-EF93-1C8B-F6BEC80B8329"}},{"timestamp":1742656908.017991,"label":"ARImageAnchor didUpdate","content":{"identifier":"6BAD7D5D-D14A-EF93-1C8B-F6BEC80B8329","name":"Lenna","transform":{"columns":[[-0.22900154,-0.039169963,-0.9726375,0],[0.97318286,0.013114854,-0.22965805,0],[0.0217517,-0.99914646,0.0351162,0],[0.39593977,-0.6540673,-0.1991052,0.99999994]]}}},{"label":"ARImageAnchor didUpdate","content":{"transform":{"columns":[[-0.22900154,-0.039169963,-0.9726375,0],[0.97318286,0.013114854,-0.22965805,0],[0.0217517,-0.99914646,0.0351162,0],[0.39593977,-0.6540673,-0.1991052,0.99999994]]},"identifier":"6BAD7D5D-D14A-EF93-1C8B-F6BEC80B8329","name":"Lenna"},"timestamp":1742656908.044886},{"content":{"identifier":"B08E24AE-6649-4FDC-AC88-299C0F4ABC29","name":"bunny","transform":{"columns":[[0.99652475,-0.0011311637,-0.08328969,0],[0.0012247302,0.999998,0.0010723142,0],[0.08328838,-0.0011705959,0.9965248,0],[-0.034224045,-0.6027027,-0.3153559,1]]}},"timestamp":1742656910.7858372,"label":"Bunny didUpdate"},{"content":{"transform":{"columns":[[0.9616191,0.0010123423,-0.27438557,0],[0.2743227,0.018182145,0.9614656,0],[0.0059622508,-0.9998341,0.01720659,0],[0.40837032,0.77055097,-0.70693815,1]]},"name":"Sailboat","identifier":"C35EAC54-3E90-1B97-807B-5E3B8F238DB7"},"timestamp":1742656911.1634889,"label":"ARImageAnchor didAdd"},{"label":"ARImageAnchor didUpdate","timestamp":1742656911.167871,"content":{"name":"Sailboat","identifier":"C35EAC54-3E90-1B97-807B-5E3B8F238DB7","transform":{"columns":[[0.9616191,0.0010123423,-0.27438557,0],[0.2743227,0.018182145,0.9614656,0],[0.0059622508,-0.9998341,0.01720659,0],[0.40837032,0.77055097,-0.70693815,1]]}}},{"content":{"identifier":"A19C2489-597B-2BED-432C-244B551E75FD","transform":{"columns":[[0.2558043,-0.014655013,0.9666174,0],[-0.9655299,0.045901414,0.2562124,0],[-0.0481239,-0.9988384,-0.0024080714,0],[1.24985,0.7965748,-0.345965,1]]},"name":"Mandrill"},"label":"ARImageAnchor didAdd","timestamp":1742656912.759307},{"content":{"name":"Mandrill","transform":{"columns":[[0.2558043,-0.014655013,0.9666174,0],[-0.9655299,0.045901414,0.2562124,0],[-0.0481239,-0.9988384,-0.0024080714,0],[1.24985,0.7965748,-0.345965,1]]},"identifier":"A19C2489-597B-2BED-432C-244B551E75FD"},"label":"ARImageAnchor didUpdate","timestamp":1742656912.768563},{"timestamp":1742656914.3258262,"content":{"name":"Peppers","transform":{"columns":[[0.25522044,-0.009819304,0.9668329,0],[-0.9668819,-0.0012557348,0.25522065,0],[-0.0012920233,-0.99995095,-0.009814593,0],[1.5027988,0.17494726,0.3454963,1]]},"identifier":"61BB3DDD-C96C-6E82-3432-BD712CCBCB28"},"label":"ARImageAnchor didAdd"},{"timestamp":1742656914.333681,"label":"ARImageAnchor didUpdate","content":{"transform":{"columns":[[0.25522044,-0.009819304,0.9668329,0],[-0.9668819,-0.0012557348,0.25522065,0],[-0.0012920233,-0.99995095,-0.009814593,0],[1.5027988,0.17494726,0.3454963,1]]},"identifier":"61BB3DDD-C96C-6E82-3432-BD712CCBCB28","name":"Peppers"}},{"timestamp":1742656914.851325,"label":"ARImageAnchor didUpdate","content":{"transform":{"columns":[[0.25459734,-0.009309264,0.9670022,0],[-0.9670433,0.00035510072,0.25461155,0],[-0.002713643,-0.99995655,-0.008912046,0],[1.5012555,0.1769667,0.3405616,1]]},"name":"Peppers","identifier":"61BB3DDD-C96C-6E82-3432-BD712CCBCB28"}},{"content":{"identifier":"61BB3DDD-C96C-6E82-3432-BD712CCBCB28","name":"Peppers","transform":{"columns":[[0.25459734,-0.009309264,0.9670022,0],[-0.9670433,0.00035510072,0.25461155,0],[-0.002713643,-0.99995655,-0.008912046,0],[1.5012555,0.1769667,0.3405616,1]]}},"timestamp":1742656914.877767,"label":"ARImageAnchor didUpdate"}]