[{"label":"Application launched","timestamp":1742634289.939851},{"timestamp":1742634289.9400702,"label":"Initialize ARViewModel"},{"label":"Finished Initialize ARViewModel","timestamp":1742634289.942945},{"label":"Initialize RoomManager","timestamp":1742634289.943022},{"label":"Initialize BeaconManager","timestamp":1742634289.943042},{"timestamp":1742634289.943111,"label":"Fininshed Initialize BeaconManager"},{"timestamp":1742634289.943128,"label":"Fininshed Initialize RoomManager"},{"label":"ContentView Initialize","timestamp":1742634289.9431438},{"timestamp":1742634289.946141,"label":"Initialize ARWorldMapManager"},{"timestamp":1742634289.9462361,"label":"Fininshed Initialize ARWorldMapManager"},{"label":"Tracking Limited","timestamp":1742634289.9581861,"content":"Tracking is limited due to: initializing"},{"timestamp":1742634290.961772,"label":"Tracking Limited","content":"Tracking is limited due to: excessiveMotion"},{"content":{"name":"Test Room","id":"3F39F93D-AB52-4382-80AA-E0ED5264C1F0"},"timestamp":1742634291.2502608,"label":"Room Update"},{"timestamp":1742634291.2502918,"label":"Downloading WorldMap","content":{"name":"Test Room","id":"3F39F93D-AB52-4382-80AA-E0ED5264C1F0"}},{"timestamp":1742634291.665094,"content":{"id":"3F39F93D-AB52-4382-80AA-E0ED5264C1F0","name":"Test Room"},"label":"Finished Downloading WorldMap"},{"label":"Tracking Limited","content":"Tracking is limited due to: initializing","timestamp":1742634291.811094},{"timestamp":1742634293.027433,"content":"Tracking is limited due to: relocalizing","label":"Tracking Limited"},{"label":"Bunny didAdd","timestamp":1742634294.9577599,"content":{"identifier":"B08E24AE-6649-4FDC-AC88-299C0F4ABC29","transform":{"columns":[[0.996533,-0.0012840496,-0.083188996,0],[0.0013539256,0.9999986,0.000783564,0],[0.08318789,-0.0008934792,0.99653333,0],[-0.034270495,-0.60270274,-0.31525213,1.0000001]]},"name":"bunny"}},{"content":{"extent":[2.7465603,5.980116,2.8250825],"center":[-0.05742526,-3.2258382,0.4619192]},"timestamp":1742634294.992114,"label":"Tracking Available"},{"timestamp":1742634294.992161,"content":{"identifier":"B08E24AE-6649-4FDC-AC88-299C0F4ABC29","transform":{"columns":[[0.99652475,-0.0011311637,-0.08328969,0],[0.0012247307,0.99999833,0.0010723146,0],[0.08328837,-0.0011705958,0.9965247,0],[-0.034224045,-0.6027027,-0.3153559,1]]},"name":"bunny"},"label":"Bunny didUpdate"},{"timestamp":1742634297.6212869,"content":{"name":"Car","identifier":"FF85DBE1-76D3-E459-2D24-8EDCEE263300","transform":{"columns":[[0.97350013,0.006053165,-0.22860582,0],[0.22852482,0.01176713,0.97346675,0],[0.008582563,-0.9999124,0.0100720115,0],[-0.27243602,-0.66159725,0.048612148,0.99999994]]}},"label":"ARImageAnchor didAdd"},{"label":"ARImageAnchor didUpdate","content":{"name":"Car","transform":{"columns":[[0.97350013,0.006053165,-0.22860582,0],[0.22852482,0.01176713,0.97346675,0],[0.008582563,-0.9999124,0.0100720115,0],[-0.27243602,-0.66159725,0.048612148,0.99999994]]},"identifier":"FF85DBE1-76D3-E459-2D24-8EDCEE263300"},"timestamp":1742634297.646395},{"label":"ARImageAnchor didAdd","content":{"transform":{"columns":[[0.9646911,-0.008249149,-0.2632543,0],[0.2632301,-0.003916852,0.964725,0],[-0.00898929,-0.9999583,-0.0016071264,0],[-1.3636286,0.5987821,-0.20666939,1.0000001]]},"name":"Earth","identifier":"088EF783-5990-B052-BE99-B8AA15BA6C68"},"timestamp":1742634300.238968},{"label":"ARImageAnchor didUpdate","content":{"transform":{"columns":[[0.9646911,-0.008249149,-0.2632543,0],[0.2632301,-0.003916852,0.964725,0],[-0.00898929,-0.9999583,-0.0016071264,0],[-1.3636286,0.5987821,-0.20666939,1.0000001]]},"identifier":"088EF783-5990-B052-BE99-B8AA15BA6C68","name":"Earth"},"timestamp":1742634300.272645},{"label":"ARImageAnchor didUpdate","content":{"identifier":"088EF783-5990-B052-BE99-B8AA15BA6C68","transform":{"columns":[[0.960757,-0.00844478,-0.27726248,0],[0.27708346,-0.017841278,0.96068,0],[-0.013059448,-0.9998051,-0.014801225,0],[-1.3731209,0.60187817,-0.2103014,1]]},"name":"Earth"},"timestamp":1742634300.7783852},{"label":"ARImageAnchor didUpdate","content":{"transform":{"columns":[[0.960757,-0.00844478,-0.27726248,0],[0.27708346,-0.017841278,0.96068,0],[-0.013059448,-0.9998051,-0.014801225,0],[-1.3731209,0.60187817,-0.2103014,1]]},"identifier":"088EF783-5990-B052-BE99-B8AA15BA6C68","name":"Earth"},"timestamp":1742634300.805917},{"timestamp":1742634304.7130718,"label":"Bunny didUpdate","content":{"name":"bunny","transform":{"columns":[[0.99652475,-0.0011311637,-0.08328969,0],[0.0012247305,0.99999815,0.0010723145,0],[0.08328838,-0.0011705958,0.99652475,0],[-0.034224045,-0.6027027,-0.3153559,1]]},"identifier":"B08E24AE-6649-4FDC-AC88-299C0F4ABC29"}},{"content":{"name":"Lenna","identifier":"6BAD7D5D-D14A-EF93-1C8B-F6BEC80B8329","transform":{"columns":[[-0.22685051,-0.03665209,-0.97323954,0],[0.97377044,-0.026592517,-0.22597279,0],[-0.017598528,-0.99897414,0.041723233,0],[0.40518594,-0.66275996,-0.20477086,1.0000001]]}},"label":"ARImageAnchor didAdd","timestamp":1742634304.9874659},{"timestamp":1742634304.998225,"content":{"transform":{"columns":[[-0.22685051,-0.03665209,-0.97323954,0],[0.97377044,-0.026592517,-0.22597279,0],[-0.017598528,-0.99897414,0.041723233,0],[0.40518594,-0.66275996,-0.20477086,1.0000001]]},"identifier":"6BAD7D5D-D14A-EF93-1C8B-F6BEC80B8329","name":"Lenna"},"label":"ARImageAnchor didUpdate"},{"timestamp":1742634307.620765,"label":"ARImageAnchor didAdd","content":{"transform":{"columns":[[0.9712215,-0.0036935213,-0.23814866,0],[0.23805857,-0.01650853,0.9711103,0],[-0.0075182896,-0.9998568,-0.015154147,0],[0.4065369,0.78510654,-0.7298998,1]]},"name":"Sailboat","identifier":"C35EAC54-3E90-1B97-807B-5E3B8F238DB7"}},{"timestamp":1742634307.629416,"content":{"name":"Sailboat","identifier":"C35EAC54-3E90-1B97-807B-5E3B8F238DB7","transform":{"columns":[[0.9712215,-0.0036935213,-0.23814866,0],[0.23805857,-0.01650853,0.9711103,0],[-0.0075182896,-0.9998568,-0.015154147,0],[0.4065369,0.78510654,-0.7298998,1]]}},"label":"ARImageAnchor didUpdate"},{"timestamp":1742634308.155436,"content":{"name":"Sailboat","transform":{"columns":[[0.9656488,-0.0013304641,-0.25984663,0],[0.25984976,0.0033250777,0.96564317,0],[-0.00042074354,-0.9999935,0.003556567,0],[0.4072147,0.78036165,-0.72380817,1]]},"identifier":"C35EAC54-3E90-1B97-807B-5E3B8F238DB7"},"label":"ARImageAnchor didUpdate"},{"timestamp":1742634308.1631908,"label":"ARImageAnchor didUpdate","content":{"identifier":"C35EAC54-3E90-1B97-807B-5E3B8F238DB7","transform":{"columns":[[0.9656488,-0.0013304641,-0.25984663,0],[0.25984976,0.0033250777,0.96564317,0],[-0.00042074354,-0.9999935,0.003556567,0],[0.4072147,0.78036165,-0.72380817,1]]},"name":"Sailboat"}},{"timestamp":1742634309.724887,"label":"ARImageAnchor didAdd","content":{"transform":{"columns":[[0.25481868,-0.0129709225,0.96690166,0],[-0.9656846,0.048498504,0.25514862,0],[-0.05020279,-0.99873894,-0.00016749257,0],[1.2557807,0.8042522,-0.36823815,0.9999999]]},"identifier":"A19C2489-597B-2BED-432C-244B551E75FD","name":"Mandrill"}},{"timestamp":1742634309.7282991,"label":"ARImageAnchor didUpdate","content":{"identifier":"A19C2489-597B-2BED-432C-244B551E75FD","transform":{"columns":[[0.25481868,-0.0129709225,0.96690166,0],[-0.9656846,0.048498504,0.25514862,0],[-0.05020279,-0.99873894,-0.00016749257,0],[1.2557807,0.8042522,-0.36823815,0.9999999]]},"name":"Mandrill"}},{"label":"ARImageAnchor didAdd","content":{"name":"Peppers","transform":{"columns":[[0.25697473,-0.006255849,0.96639776,0],[-0.96615267,0.021763202,0.25705048,0],[-0.022640012,-0.9997436,-0.00045150315,0],[1.5187113,0.18484816,0.32508826,1]]},"identifier":"61BB3DDD-C96C-6E82-3432-BD712CCBCB28"},"timestamp":1742634312.3204908},{"content":{"name":"Peppers","identifier":"61BB3DDD-C96C-6E82-3432-BD712CCBCB28","transform":{"columns":[[0.25697473,-0.006255849,0.96639776,0],[-0.96615267,0.021763202,0.25705048,0],[-0.022640012,-0.9997436,-0.00045150315,0],[1.5187113,0.18484816,0.32508826,1]]}},"timestamp":1742634312.328923,"label":"ARImageAnchor didUpdate"},{"timestamp":1742634320.413235,"label":"Bunny didUpdate","content":{"identifier":"B08E24AE-6649-4FDC-AC88-299C0F4ABC29","name":"bunny","transform":{"columns":[[0.99652475,-0.0011311637,-0.08328969,0],[0.0012247302,0.999998,0.0010723142,0],[0.08328838,-0.0011705959,0.9965248,0],[-0.034224045,-0.6027027,-0.3153559,1]]}}},{"label":"Bunny didUpdate","content":{"identifier":"B08E24AE-6649-4FDC-AC88-299C0F4ABC29","transform":{"columns":[[0.99652475,-0.0011311637,-0.08328969,0],[0.00122473,0.9999978,0.001072314,0],[0.08328838,-0.0011705959,0.9965248,0],[-0.034224045,-0.6027027,-0.3153559,1]]},"name":"bunny"},"timestamp":1742634321.712593},{"timestamp":1742634322.130214,"label":"Bunny didUpdate","content":{"identifier":"B08E24AE-6649-4FDC-AC88-299C0F4ABC29","name":"bunny","transform":{"columns":[[0.99652475,-0.0011311637,-0.08328969,0],[0.0012247298,0.9999976,0.0010723138,0],[0.08328838,-0.0011705959,0.9965248,0],[-0.034224045,-0.6027027,-0.3153559,1]]}}},{"label":"Bunny didUpdate","timestamp":1742634322.713564,"content":{"identifier":"B08E24AE-6649-4FDC-AC88-299C0F4ABC29","name":"bunny","transform":{"columns":[[0.99652475,-0.0011311636,-0.08328969,0],[0.0012247296,0.99999744,0.0010723136,0],[0.08328837,-0.001170596,0.9965248,0],[-0.03422404,-0.6027027,-0.3153559,1]]}}},{"timestamp":1742634329.143969,"label":"ARImageAnchor didUpdate","content":{"name":"Mandrill","identifier":"A19C2489-597B-2BED-432C-244B551E75FD","transform":{"columns":[[0.2671525,-0.014966603,0.9635378,0],[-0.9619935,0.05453192,0.26757136,0],[-0.056548215,-0.9983998,0.00017056103,0],[1.2625345,0.7996063,-0.37734705,0.99999994]]}}},{"label":"ARImageAnchor didUpdate","content":{"name":"Mandrill","transform":{"columns":[[0.2671525,-0.014966603,0.9635378,0],[-0.9619935,0.05453192,0.26757136,0],[-0.056548215,-0.9983998,0.00017056103,0],[1.2625345,0.7996063,-0.37734705,0.99999994]]},"identifier":"A19C2489-597B-2BED-432C-244B551E75FD"},"timestamp":1742634329.170308},{"label":"ARImageAnchor didUpdate","content":{"name":"Peppers","identifier":"61BB3DDD-C96C-6E82-3432-BD712CCBCB28","transform":{"columns":[[0.2720097,-0.009425212,0.9622482,0],[-0.9622163,-0.0153971575,0.27184984,0],[0.012253606,-0.99983704,-0.013257261,0],[1.5260315,0.17489524,0.3194015,1]]}},"timestamp":1742634330.745325},{"timestamp":1742634330.7706928,"content":{"name":"Peppers","transform":{"columns":[[0.2720097,-0.009425212,0.9622482,0],[-0.9622163,-0.0153971575,0.27184984,0],[0.012253606,-0.99983704,-0.013257261,0],[1.5260315,0.17489524,0.3194015,1]]},"identifier":"61BB3DDD-C96C-6E82-3432-BD712CCBCB28"},"label":"ARImageAnchor didUpdate"},{"label":"Bunny didUpdate","timestamp":1742634335.7093868,"content":{"identifier":"B08E24AE-6649-4FDC-AC88-299C0F4ABC29","transform":{"columns":[[0.99652475,-0.0011311637,-0.08328969,0],[0.0012247293,0.99999726,0.0010723134,0],[0.08328838,-0.0011705959,0.9965248,0],[-0.034224045,-0.6027027,-0.3153559,1]]},"name":"bunny"}}]