[{"timestamp":1742637912.8063169,"label":"Application launched"},{"label":"Initialize ARViewModel","timestamp":1742637912.806484},{"timestamp":1742637912.8092918,"label":"Finished Initialize ARViewModel"},{"timestamp":1742637912.8093228,"label":"Initialize RoomManager"},{"timestamp":1742637912.8093271,"label":"Initialize BeaconManager"},{"label":"Fininshed Initialize BeaconManager","timestamp":1742637912.809341},{"label":"Fininshed Initialize RoomManager","timestamp":1742637912.809346},{"timestamp":1742637912.80935,"label":"ContentView Initialize"},{"label":"Initialize ARWorldMapManager","timestamp":1742637912.809815},{"timestamp":1742637912.809822,"label":"Fininshed Initialize ARWorldMapManager"},{"timestamp":1742637913.164034,"label":"Tracking Limited","content":"Tracking is limited due to: initializing"},{"content":{"id":"3F39F93D-AB52-4382-80AA-E0ED5264C1F0","name":"Test Room"},"timestamp":1742637914.1107578,"label":"Room Update"},{"content":{"id":"3F39F93D-AB52-4382-80AA-E0ED5264C1F0","name":"Test Room"},"label":"Downloading WorldMap","timestamp":1742637914.1108189},{"content":{"id":"3F39F93D-AB52-4382-80AA-E0ED5264C1F0","name":"Test Room"},"timestamp":1742637914.5549932,"label":"Finished Downloading WorldMap"},{"content":"Tracking is limited due to: initializing","timestamp":1742637914.7120628,"label":"Tracking Limited"},{"label":"Tracking Limited","timestamp":1742637915.777533,"content":"Tracking is limited due to: relocalizing"},{"timestamp":1742637917.812216,"content":{"transform":{"columns":[[0.99652475,-0.0011311637,-0.08328969,0],[0.0012247307,0.99999833,0.0010723146,0],[0.08328837,-0.0011705958,0.9965247,0],[-0.034224045,-0.6027027,-0.3153559,1]]},"name":"bunny","identifier":"B08E24AE-6649-4FDC-AC88-299C0F4ABC29"},"label":"Bunny didAdd"},{"content":{"center":[0.017977595,-3.4131691,0.4619192],"extent":[2.897366,6.354778,2.8250825]},"label":"Tracking Available","timestamp":1742637917.837745},{"content":{"name":"bunny","transform":{"columns":[[0.99652475,-0.0011311637,-0.08328969,0],[0.0012247305,0.99999815,0.0010723145,0],[0.08328838,-0.0011705958,0.99652475,0],[-0.034224045,-0.6027027,-0.3153559,1]]},"identifier":"B08E24AE-6649-4FDC-AC88-299C0F4ABC29"},"timestamp":1742637917.837821,"label":"Bunny didUpdate"},{"timestamp":1742637918.747122,"label":"Bunny didUpdate","content":{"identifier":"B08E24AE-6649-4FDC-AC88-299C0F4ABC29","name":"bunny","transform":{"columns":[[0.99461466,-0.0011311637,-0.103635184,0],[0.001246386,0.9999979,0.0010470641,0],[0.10363387,-0.0011705959,0.9946148,0],[-0.032689627,-0.59437245,-0.30838493,1]]}}},{"label":"ARImageAnchor didAdd","timestamp":1742637919.144043,"content":{"transform":{"columns":[[0.97218716,0.00021873727,-0.23420452,0],[0.23417471,-0.016883038,0.9720477,0],[-0.0037414525,-0.9998574,-0.016464675,0],[-0.25820702,-0.65295684,0.09048675,0.99999994]]},"name":"Car","identifier":"FF85DBE1-76D3-E459-2D24-8EDCEE263300"}},{"label":"ARImageAnchor didUpdate","timestamp":1742637919.149322,"content":{"transform":{"columns":[[0.97218716,0.00021873727,-0.23420452,0],[0.23417471,-0.016883038,0.9720477,0],[-0.0037414525,-0.9998574,-0.016464675,0],[-0.25820702,-0.65295684,0.09048675,0.99999994]]},"name":"Car","identifier":"FF85DBE1-76D3-E459-2D24-8EDCEE263300"}},{"content":{"identifier":"088EF783-5990-B052-BE99-B8AA15BA6C68","transform":{"columns":[[0.960858,-0.0013160512,-0.27703786,0],[0.2770251,-0.0061493646,0.96084297,0],[-0.0029681257,-0.99998015,-0.00554407,0],[-1.3983817,0.6056676,-0.18737648,1]]},"name":"Earth"},"timestamp":1742637921.7583199,"label":"ARImageAnchor didAdd"},{"timestamp":1742637921.78949,"label":"ARImageAnchor didUpdate","content":{"transform":{"columns":[[0.960858,-0.0013160512,-0.27703786,0],[0.2770251,-0.0061493646,0.96084297,0],[-0.0029681257,-0.99998015,-0.00554407,0],[-1.3983817,0.6056676,-0.18737648,1]]},"name":"Earth","identifier":"088EF783-5990-B052-BE99-B8AA15BA6C68"}},{"timestamp":1742637924.9234838,"label":"ARImageAnchor didAdd","content":{"identifier":"C35EAC54-3E90-1B97-807B-5E3B8F238DB7","transform":{"columns":[[0.9626897,0.0019627693,-0.2706001,0],[0.27049524,0.021781912,0.96247464,0],[0.007783299,-0.9997607,0.020438304,0],[0.3854254,0.7924088,-0.70573896,0.99999994]]},"name":"Sailboat"}},{"label":"ARImageAnchor didUpdate","content":{"transform":{"columns":[[0.9626897,0.0019627693,-0.2706001,0],[0.27049524,0.021781912,0.96247464,0],[0.007783299,-0.9997607,0.020438304,0],[0.3854254,0.7924088,-0.70573896,0.99999994]]},"name":"Sailboat","identifier":"C35EAC54-3E90-1B97-807B-5E3B8F238DB7"},"timestamp":1742637924.929813},{"timestamp":1742637927.5555592,"label":"ARImageAnchor didAdd","content":{"transform":{"columns":[[-0.2337373,-0.03447746,-0.9716882,0],[0.97195876,0.01817611,-0.23444729,0],[0.02574466,-0.9992401,0.029262217,0],[0.392405,-0.64329374,-0.19822897,1]]},"name":"Lenna","identifier":"6BAD7D5D-D14A-EF93-1C8B-F6BEC80B8329"}},{"content":{"name":"Lenna","identifier":"6BAD7D5D-D14A-EF93-1C8B-F6BEC80B8329","transform":{"columns":[[-0.2337373,-0.03447746,-0.9716882,0],[0.97195876,0.01817611,-0.23444729,0],[0.02574466,-0.9992401,0.029262217,0],[0.392405,-0.64329374,-0.19822897,1]]}},"timestamp":1742637927.589439,"label":"ARImageAnchor didUpdate"},{"timestamp":1742637929.671636,"content":{"name":"Mandrill","identifier":"A19C2489-597B-2BED-432C-244B551E75FD","transform":{"columns":[[0.26700515,-0.016385533,0.96355563,0],[-0.9622493,0.05021197,0.2674969,0],[-0.0527651,-0.9986041,-0.0023601179,0],[1.2380229,0.80810964,-0.35354763,1]]}},"label":"ARImageAnchor didAdd"},{"label":"ARImageAnchor didUpdate","content":{"name":"Mandrill","transform":{"columns":[[0.26700515,-0.016385533,0.96355563,0],[-0.9622493,0.05021197,0.2674969,0],[-0.0527651,-0.9986041,-0.0023601179,0],[1.2380229,0.80810964,-0.35354763,1]]},"identifier":"A19C2489-597B-2BED-432C-244B551E75FD"},"timestamp":1742637929.680284},{"timestamp":1742637931.254785,"label":"ARImageAnchor didAdd","content":{"transform":{"columns":[[0.27486113,-0.00524844,0.96146953,0],[-0.96145165,-0.009673608,0.27480322,0],[0.007858593,-0.9999394,-0.0077050203,0],[1.5129232,0.1910408,0.32431972,1]]},"name":"Peppers","identifier":"61BB3DDD-C96C-6E82-3432-BD712CCBCB28"}},{"label":"ARImageAnchor didUpdate","timestamp":1742637931.272939,"content":{"name":"Peppers","identifier":"61BB3DDD-C96C-6E82-3432-BD712CCBCB28","transform":{"columns":[[0.27486113,-0.00524844,0.96146953,0],[-0.96145165,-0.009673608,0.27480322,0],[0.007858593,-0.9999394,-0.0077050203,0],[1.5129232,0.1910408,0.32431972,1]]}}}]