[{"timestamp":1742660782.379833,"label":"Application launched"},{"timestamp":1742660782.3800302,"label":"Initialize ARViewModel"},{"timestamp":1742660782.3813581,"label":"Finished Initialize ARViewModel"},{"label":"Initialize RoomManager","timestamp":1742660782.381381},{"timestamp":1742660782.3813848,"label":"Initialize BeaconManager"},{"timestamp":1742660782.381396,"label":"Fininshed Initialize BeaconManager"},{"timestamp":1742660782.381401,"label":"Fininshed Initialize RoomManager"},{"timestamp":1742660782.3814049,"label":"ContentView Initialize"},{"timestamp":1742660782.382948,"label":"Initialize ARWorldMapManager"},{"label":"Fininshed Initialize ARWorldMapManager","timestamp":1742660782.38301},{"content":"Tracking is limited due to: initializing","label":"Tracking Limited","timestamp":1742660782.711956},{"timestamp":1742660783.718714,"label":"Room Update","content":{"id":"3F39F93D-AB52-4382-80AA-E0ED5264C1F0","name":"Test Room"}},{"timestamp":1742660783.7187428,"label":"Downloading WorldMap","content":{"id":"3F39F93D-AB52-4382-80AA-E0ED5264C1F0","name":"Test Room"}},{"content":{"id":"3F39F93D-AB52-4382-80AA-E0ED5264C1F0","name":"Test Room"},"label":"Finished Downloading WorldMap","timestamp":1742660784.2829618},{"content":"Tracking is limited due to: initializing","timestamp":1742660784.472522,"label":"Tracking Limited"},{"content":"Tracking is limited due to: relocalizing","timestamp":1742660785.4783401,"label":"Tracking Limited"},{"label":"Bunny didAdd","timestamp":1742660800.097591,"content":{"identifier":"B08E24AE-6649-4FDC-AC88-299C0F4ABC29","name":"bunny","transform":{"columns":[[0.99652475,-0.0011311637,-0.08328969,0],[0.0012247307,0.99999833,0.0010723146,0],[0.08328837,-0.0011705958,0.9965247,0],[-0.034224045,-0.6027027,-0.3153559,1]]}}},{"timestamp":1742660800.151112,"label":"Bunny didUpdate","content":{"transform":{"columns":[[0.99652475,-0.0011311637,-0.08328969,0],[0.0012247305,0.99999815,0.0010723145,0],[0.08328838,-0.0011705958,0.99652475,0],[-0.034224045,-0.6027027,-0.3153559,1]]},"identifier":"B08E24AE-6649-4FDC-AC88-299C0F4ABC29","name":"bunny"}},{"content":{"extent":[2.897366,6.354778,2.8408394],"center":[0.017977595,-3.4131691,0.45404088]},"label":"Tracking Available","timestamp":1742660800.1511722},{"label":"ARImageAnchor didAdd","content":{"transform":{"columns":[[0.9733947,0.007188873,-0.22902128,0],[0.22906658,-0.0062704473,0.97339034,0],[0.005561517,-0.99995446,-0.0077503445,0],[-0.27686468,-0.66382277,0.05077319,0.9999999]]},"name":"Car","identifier":"FF85DBE1-76D3-E459-2D24-8EDCEE263300"},"timestamp":1742660802.119003},{"content":{"transform":{"columns":[[0.9733947,0.007188873,-0.22902128,0],[0.22906658,-0.0062704473,0.97339034,0],[0.005561517,-0.99995446,-0.0077503445,0],[-0.27686468,-0.66382277,0.05077319,0.9999999]]},"identifier":"FF85DBE1-76D3-E459-2D24-8EDCEE263300","name":"Car"},"label":"ARImageAnchor didUpdate","timestamp":1742660802.127049},{"label":"ARImageAnchor didUpdate","content":{"name":"Car","transform":{"columns":[[0.9742178,0.010462819,-0.22536622,0],[0.22544445,-0.0070063076,0.9742307,0],[0.0086142095,-0.99992067,-0.009184444,0],[-0.27639794,-0.65787554,0.049213156,1.0000001]]},"identifier":"FF85DBE1-76D3-E459-2D24-8EDCEE263300"},"timestamp":1742660802.645256},{"content":{"identifier":"FF85DBE1-76D3-E459-2D24-8EDCEE263300","transform":{"columns":[[0.9742178,0.010462819,-0.22536622,0],[0.22544445,-0.0070063076,0.9742307,0],[0.0086142095,-0.99992067,-0.009184444,0],[-0.27639794,-0.65787554,0.049213156,1.0000001]]},"name":"Car"},"timestamp":1742660802.6618428,"label":"ARImageAnchor didUpdate"},{"timestamp":1742660806.852009,"label":"ARImageAnchor didAdd","content":{"identifier":"088EF783-5990-B052-BE99-B8AA15BA6C68","name":"Earth","transform":{"columns":[[0.9602068,-0.0029813265,-0.2792738,0],[0.27908114,-0.028396418,0.9598475,0],[-0.0107919965,-0.9995923,-0.026434401,0],[-1.3661265,0.5964691,-0.19806078,1.0000001]]}}},{"timestamp":1742660806.869834,"label":"ARImageAnchor didUpdate","content":{"identifier":"088EF783-5990-B052-BE99-B8AA15BA6C68","transform":{"columns":[[0.9602068,-0.0029813265,-0.2792738,0],[0.27908114,-0.028396418,0.9598475,0],[-0.0107919965,-0.9995923,-0.026434401,0],[-1.3661265,0.5964691,-0.19806078,1.0000001]]},"name":"Earth"}},{"content":{"identifier":"C35EAC54-3E90-1B97-807B-5E3B8F238DB7","transform":{"columns":[[0.95600516,0.0061134445,-0.29328552,0],[0.29330823,-0.0032066482,0.95601237,0],[0.0049040634,-0.9999761,-0.004858697,0],[0.39702424,0.7831255,-0.686973,1]]},"name":"Sailboat"},"label":"ARImageAnchor didAdd","timestamp":1742660810.538513},{"timestamp":1742660810.5416322,"content":{"identifier":"C35EAC54-3E90-1B97-807B-5E3B8F238DB7","name":"Sailboat","transform":{"columns":[[0.95600516,0.0061134445,-0.29328552,0],[0.29330823,-0.0032066482,0.95601237,0],[0.0049040634,-0.9999761,-0.004858697,0],[0.39702424,0.7831255,-0.686973,1]]}},"label":"ARImageAnchor didUpdate"},{"content":{"name":"bunny","identifier":"B08E24AE-6649-4FDC-AC88-299C0F4ABC29","transform":{"columns":[[0.99652475,-0.0011311637,-0.08328969,0],[0.0012247302,0.999998,0.0010723142,0],[0.08328838,-0.0011705959,0.9965248,0],[-0.034224045,-0.6027027,-0.3153559,1]]}},"timestamp":1742660813.047195,"label":"Bunny didUpdate"},{"content":{"identifier":"6BAD7D5D-D14A-EF93-1C8B-F6BEC80B8329","transform":{"columns":[[-0.2351147,-0.038730524,-0.9711955,0],[0.97176003,-0.03000823,-0.23405464,0],[-0.02007877,-0.9987989,0.04469216,0],[0.3967159,-0.65865767,-0.20310114,1]]},"name":"Lenna"},"label":"ARImageAnchor didAdd","timestamp":1742660813.201699},{"content":{"transform":{"columns":[[-0.2351147,-0.038730524,-0.9711955,0],[0.97176003,-0.03000823,-0.23405464,0],[-0.02007877,-0.9987989,0.04469216,0],[0.3967159,-0.65865767,-0.20310114,1]]},"name":"Lenna","identifier":"6BAD7D5D-D14A-EF93-1C8B-F6BEC80B8329"},"timestamp":1742660813.212309,"label":"ARImageAnchor didUpdate"},{"content":{"identifier":"6BAD7D5D-D14A-EF93-1C8B-F6BEC80B8329","name":"Lenna","transform":{"columns":[[-0.23599103,-0.03907873,-0.97096896,0],[0.97134453,-0.038529344,-0.23453158,0],[-0.02824562,-0.998493,0.04705149,0],[0.40198398,-0.6513739,-0.20151947,1]]}},"timestamp":1742660813.7262402,"label":"ARImageAnchor didUpdate"},{"timestamp":1742660813.744519,"content":{"name":"Lenna","identifier":"6BAD7D5D-D14A-EF93-1C8B-F6BEC80B8329","transform":{"columns":[[-0.23599103,-0.03907873,-0.97096896,0],[0.97134453,-0.038529344,-0.23453158,0],[-0.02824562,-0.998493,0.04705149,0],[0.40198398,-0.6513739,-0.20151947,1]]}},"label":"ARImageAnchor didUpdate"},{"label":"ARImageAnchor didAdd","timestamp":1742660815.8382092,"content":{"name":"Mandrill","transform":{"columns":[[0.26431426,-0.01657236,0.9642941,0],[-0.9637432,0.033366237,0.26473668,0],[-0.03656217,-0.9993058,-0.0071523306,0],[1.2514921,0.7987121,-0.3566479,1]]},"identifier":"A19C2489-597B-2BED-432C-244B551E75FD"}},{"timestamp":1742660815.844564,"label":"ARImageAnchor didUpdate","content":{"identifier":"A19C2489-597B-2BED-432C-244B551E75FD","name":"Mandrill","transform":{"columns":[[0.26431426,-0.01657236,0.9642941,0],[-0.9637432,0.033366237,0.26473668,0],[-0.03656217,-0.9993058,-0.0071523306,0],[1.2514921,0.7987121,-0.3566479,1]]}}},{"timestamp":1742660816.369482,"content":{"name":"Mandrill","identifier":"A19C2489-597B-2BED-432C-244B551E75FD","transform":{"columns":[[0.2639219,-0.016531637,0.9644022,0],[-0.96312046,0.04978399,0.26442447,0],[-0.052383166,-0.9986231,-0.0027828657,0],[1.2549716,0.8027009,-0.34536216,1]]}},"label":"ARImageAnchor didUpdate"},{"timestamp":1742660816.375784,"content":{"identifier":"A19C2489-597B-2BED-432C-244B551E75FD","name":"Mandrill","transform":{"columns":[[0.2639219,-0.016531637,0.9644022,0],[-0.96312046,0.04978399,0.26442447,0],[-0.052383166,-0.9986231,-0.0027828657,0],[1.2549716,0.8027009,-0.34536216,1]]}},"label":"ARImageAnchor didUpdate"},{"timestamp":1742660817.936487,"label":"ARImageAnchor didAdd","content":{"transform":{"columns":[[0.261096,-0.008438171,0.9652759,0],[-0.9652106,-0.016819177,0.26093134,0],[0.014033342,-0.9998229,-0.01253603,0],[1.5158763,0.18305354,0.340765,1]]},"identifier":"61BB3DDD-C96C-6E82-3432-BD712CCBCB28","name":"Peppers"}},{"label":"ARImageAnchor didUpdate","content":{"identifier":"61BB3DDD-C96C-6E82-3432-BD712CCBCB28","transform":{"columns":[[0.261096,-0.008438171,0.9652759,0],[-0.9652106,-0.016819177,0.26093134,0],[0.014033342,-0.9998229,-0.01253603,0],[1.5158763,0.18305354,0.340765,1]]},"name":"Peppers"},"timestamp":1742660817.942893}]