[{"label":"Application launched","timestamp":1742634353.2343822},{"label":"Initialize ARViewModel","timestamp":1742634353.2346358},{"timestamp":1742634353.2354589,"label":"Finished Initialize ARViewModel"},{"timestamp":1742634353.235471,"label":"Initialize RoomManager"},{"label":"Initialize BeaconManager","timestamp":1742634353.235475},{"timestamp":1742634353.235487,"label":"Fininshed Initialize BeaconManager"},{"timestamp":1742634353.235492,"label":"Fininshed Initialize RoomManager"},{"timestamp":1742634353.235495,"label":"ContentView Initialize"},{"label":"Initialize ARWorldMapManager","timestamp":1742634353.235862},{"label":"Fininshed Initialize ARWorldMapManager","timestamp":1742634353.235869},{"content":"Tracking is limited due to: initializing","label":"Tracking Limited","timestamp":1742634353.608293},{"timestamp":1742634354.700121,"label":"Room Update","content":{"id":"3F39F93D-AB52-4382-80AA-E0ED5264C1F0","name":"Test Room"}},{"timestamp":1742634354.700144,"label":"Downloading WorldMap","content":{"name":"Test Room","id":"3F39F93D-AB52-4382-80AA-E0ED5264C1F0"}},{"label":"Finished Downloading WorldMap","timestamp":1742634355.5829191,"content":{"name":"Test Room","id":"3F39F93D-AB52-4382-80AA-E0ED5264C1F0"}},{"timestamp":1742634355.707164,"label":"Tracking Limited","content":"Tracking is limited due to: initializing"},{"content":"Tracking is limited due to: relocalizing","timestamp":1742634356.75909,"label":"Tracking Limited"},{"content":{"transform":{"columns":[[0.996533,-0.0012840496,-0.083188996,0],[0.0013539256,0.9999986,0.000783564,0],[0.08318789,-0.0008934792,0.99653333,0],[-0.034270495,-0.60270274,-0.31525213,1.0000001]]},"identifier":"B08E24AE-6649-4FDC-AC88-299C0F4ABC29","name":"bunny"},"timestamp":1742634359.589243,"label":"Bunny didAdd"},{"content":{"extent":[2.74614,5.980116,2.8408394],"center":[-0.057635427,-3.2258382,0.45404088]},"timestamp":1742634359.624361,"label":"Tracking Available"},{"timestamp":1742634359.624398,"label":"Bunny didUpdate","content":{"name":"bunny","transform":{"columns":[[0.99652475,-0.0011311637,-0.08328969,0],[0.0012247307,0.99999833,0.0010723146,0],[0.08328837,-0.0011705958,0.9965247,0],[-0.034224045,-0.6027027,-0.3153559,1]]},"identifier":"B08E24AE-6649-4FDC-AC88-299C0F4ABC29"}},{"content":{"name":"Car","identifier":"FF85DBE1-76D3-E459-2D24-8EDCEE263300","transform":{"columns":[[0.9690487,0.007472097,-0.24675609,0],[0.24686918,-0.029480537,0.96860003,0],[-3.7033235e-05,-0.9995373,-0.030412689,0],[-0.27427354,-0.6621512,0.054450154,0.99999994]]}},"timestamp":1742634362.22188,"label":"ARImageAnchor didAdd"},{"content":{"transform":{"columns":[[0.9690487,0.007472097,-0.24675609,0],[0.24686918,-0.029480537,0.96860003,0],[-3.7033235e-05,-0.9995373,-0.030412689,0],[-0.27427354,-0.6621512,0.054450154,0.99999994]]},"identifier":"FF85DBE1-76D3-E459-2D24-8EDCEE263300","name":"Car"},"label":"ARImageAnchor didUpdate","timestamp":1742634362.226698},{"content":{"identifier":"088EF783-5990-B052-BE99-B8AA15BA6C68","transform":{"columns":[[0.9591316,-0.0062014484,-0.28289226,0],[0.2827822,-0.014446116,0.9590753,0],[-0.01003435,-0.99987644,-0.012102055,0],[-1.3939216,0.5987091,-0.21644616,0.99999994]]},"name":"Earth"},"timestamp":1742634364.867113,"label":"ARImageAnchor didAdd"},{"content":{"identifier":"088EF783-5990-B052-BE99-B8AA15BA6C68","transform":{"columns":[[0.9591316,-0.0062014484,-0.28289226,0],[0.2827822,-0.014446116,0.9590753,0],[-0.01003435,-0.99987644,-0.012102055,0],[-1.3939216,0.5987091,-0.21644616,0.99999994]]},"name":"Earth"},"timestamp":1742634364.8757691,"label":"ARImageAnchor didUpdate"},{"timestamp":1742634368.566864,"content":{"identifier":"C35EAC54-3E90-1B97-807B-5E3B8F238DB7","name":"Sailboat","transform":{"columns":[[0.9636068,0.0037186143,-0.2672974,0],[0.26704782,0.031979673,0.96315235,0],[0.01212968,-0.9994816,0.02982278,0],[0.3821743,0.77670884,-0.71901417,0.99999994]]}},"label":"ARImageAnchor didAdd"},{"timestamp":1742634368.576518,"label":"ARImageAnchor didUpdate","content":{"transform":{"columns":[[0.9636068,0.0037186143,-0.2672974,0],[0.26704782,0.031979673,0.96315235,0],[0.01212968,-0.9994816,0.02982278,0],[0.3821743,0.77670884,-0.71901417,0.99999994]]},"identifier":"C35EAC54-3E90-1B97-807B-5E3B8F238DB7","name":"Sailboat"}},{"timestamp":1742634370.683292,"content":{"transform":{"columns":[[0.26845655,-0.015884437,0.96316075,0],[-0.96232253,0.04041632,0.26888937,0],[-0.04319858,-0.99905664,-0.004435924,0],[1.2283449,0.7990797,-0.37900412,1.0000001]]},"identifier":"A19C2489-597B-2BED-432C-244B551E75FD","name":"Mandrill"},"label":"ARImageAnchor didAdd"},{"label":"ARImageAnchor didUpdate","content":{"transform":{"columns":[[0.26845655,-0.015884437,0.96316075,0],[-0.96232253,0.04041632,0.26888937,0],[-0.04319858,-0.99905664,-0.004435924,0],[1.2283449,0.7990797,-0.37900412,1.0000001]]},"name":"Mandrill","identifier":"A19C2489-597B-2BED-432C-244B551E75FD"},"timestamp":1742634370.692523},{"timestamp":1742634372.249919,"content":{"transform":{"columns":[[0.30360764,-0.007367109,0.9527685,0],[-0.9526875,0.012809119,0.30368087,0],[-0.0144413775,-0.99989074,-0.0031296103,0],[1.5069623,0.17877805,0.31232443,0.99999994]]},"identifier":"61BB3DDD-C96C-6E82-3432-BD712CCBCB28","name":"Peppers"},"label":"ARImageAnchor didAdd"},{"timestamp":1742634372.2582011,"content":{"identifier":"61BB3DDD-C96C-6E82-3432-BD712CCBCB28","transform":{"columns":[[0.30360764,-0.007367109,0.9527685,0],[-0.9526875,0.012809119,0.30368087,0],[-0.0144413775,-0.99989074,-0.0031296103,0],[1.5069623,0.17877805,0.31232443,0.99999994]]},"name":"Peppers"},"label":"ARImageAnchor didUpdate"},{"timestamp":1742634372.784323,"content":{"transform":{"columns":[[0.27659643,-0.006809664,0.9609619,0],[-0.9608952,-0.015706355,0.2764659,0],[0.013210513,-0.9998534,-0.01088767,0],[1.5043213,0.18095228,0.30784363,1]]},"name":"Peppers","identifier":"61BB3DDD-C96C-6E82-3432-BD712CCBCB28"},"label":"ARImageAnchor didUpdate"},{"label":"ARImageAnchor didUpdate","timestamp":1742634372.790611,"content":{"identifier":"61BB3DDD-C96C-6E82-3432-BD712CCBCB28","name":"Peppers","transform":{"columns":[[0.27659643,-0.006809664,0.9609619,0],[-0.9608952,-0.015706355,0.2764659,0],[0.013210513,-0.9998534,-0.01088767,0],[1.5043213,0.18095228,0.30784363,1]]}}},{"label":"ARImageAnchor didAdd","content":{"name":"Lenna","transform":{"columns":[[-0.23099014,-0.039682437,-0.9721464,0],[0.9725751,-0.03737415,-0.22956634,0],[-0.027223416,-0.99851304,0.0472272,0],[0.36602405,-0.6698774,-0.23777828,1]]},"identifier":"6BAD7D5D-D14A-EF93-1C8B-F6BEC80B8329"},"timestamp":1742634375.435083},{"label":"ARImageAnchor didUpdate","content":{"transform":{"columns":[[-0.23099014,-0.039682437,-0.9721464,0],[0.9725751,-0.03737415,-0.22956634,0],[-0.027223416,-0.99851304,0.0472272,0],[0.36602405,-0.6698774,-0.23777828,1]]},"identifier":"6BAD7D5D-D14A-EF93-1C8B-F6BEC80B8329","name":"Lenna"},"timestamp":1742634375.443418},{"label":"ARImageAnchor didUpdate","content":{"identifier":"6BAD7D5D-D14A-EF93-1C8B-F6BEC80B8329","transform":{"columns":[[-0.24879652,-0.04020962,-0.9677207,0],[0.96820015,-0.03739563,-0.24736594,0],[-0.02624203,-0.99849117,0.04823486,0],[0.371489,-0.663752,-0.23207238,0.99999994]]},"name":"Lenna"},"timestamp":1742634375.967951},{"label":"ARImageAnchor didUpdate","timestamp":1742634375.975208,"content":{"transform":{"columns":[[-0.24879652,-0.04020962,-0.9677207,0],[0.96820015,-0.03739563,-0.24736594,0],[-0.02624203,-0.99849117,0.04823486,0],[0.371489,-0.663752,-0.23207238,0.99999994]]},"name":"Lenna","identifier":"6BAD7D5D-D14A-EF93-1C8B-F6BEC80B8329"}},{"label":"ARImageAnchor didUpdate","timestamp":1742634381.175899,"content":{"name":"Car","transform":{"columns":[[0.97685146,0.00059720245,-0.21391697,0],[0.21388176,-0.021064479,0.97663224,0],[-0.003922757,-0.999778,-0.020704556,0],[-0.26785433,-0.66540074,0.04620722,1]]},"identifier":"FF85DBE1-76D3-E459-2D24-8EDCEE263300"}},{"timestamp":1742634381.201264,"label":"ARImageAnchor didUpdate","content":{"name":"Car","identifier":"FF85DBE1-76D3-E459-2D24-8EDCEE263300","transform":{"columns":[[0.97685146,0.00059720245,-0.21391697,0],[0.21388176,-0.021064479,0.97663224,0],[-0.003922757,-0.999778,-0.020704556,0],[-0.26785433,-0.66540074,0.04620722,1]]}}},{"content":{"transform":{"columns":[[0.96216667,-0.0053164363,-0.2724093,0],[0.27192795,-0.043783855,0.96132094,0],[-0.017037932,-0.9990269,-0.040681675,0],[-1.3841318,0.5994469,-0.22716051,1]]},"identifier":"088EF783-5990-B052-BE99-B8AA15BA6C68","name":"Earth"},"timestamp":1742634386.433903,"label":"ARImageAnchor didUpdate"},{"label":"ARImageAnchor didUpdate","timestamp":1742634386.440086,"content":{"name":"Earth","identifier":"088EF783-5990-B052-BE99-B8AA15BA6C68","transform":{"columns":[[0.96216667,-0.0053164363,-0.2724093,0],[0.27192795,-0.043783855,0.96132094,0],[-0.017037932,-0.9990269,-0.040681675,0],[-1.3841318,0.5994469,-0.22716051,1]]}}},{"timestamp":1742634391.7584028,"label":"ARImageAnchor didUpdate","content":{"transform":{"columns":[[0.2571745,-0.015699623,0.9662373,0],[-0.96453696,0.057298467,0.25765297,0],[-0.05940897,-0.9982336,-0.000407159,0],[1.2114404,0.80275667,-0.34038004,1]]},"name":"Mandrill","identifier":"A19C2489-597B-2BED-432C-244B551E75FD"}},{"timestamp":1742634391.78379,"label":"ARImageAnchor didUpdate","content":{"name":"Mandrill","identifier":"A19C2489-597B-2BED-432C-244B551E75FD","transform":{"columns":[[0.2571745,-0.015699623,0.9662373,0],[-0.96453696,0.057298467,0.25765297,0],[-0.05940897,-0.9982336,-0.000407159,0],[1.2114404,0.80275667,-0.34038004,1]]}}},{"content":{"identifier":"61BB3DDD-C96C-6E82-3432-BD712CCBCB28","name":"Peppers","transform":{"columns":[[0.27452037,-0.007321272,0.96155334,0],[-0.96152484,-0.012909422,0.27441394,0],[0.0104040215,-0.99988985,-0.010583481,0],[1.4803821,0.18311304,0.3371547,1]]}},"timestamp":1742634393.325107,"label":"ARImageAnchor didUpdate"},{"timestamp":1742634393.34172,"label":"ARImageAnchor didUpdate","content":{"name":"Peppers","identifier":"61BB3DDD-C96C-6E82-3432-BD712CCBCB28","transform":{"columns":[[0.27452037,-0.007321272,0.96155334,0],[-0.96152484,-0.012909422,0.27441394,0],[0.0104040215,-0.99988985,-0.010583481,0],[1.4803821,0.18311304,0.3371547,1]]}}}]