[{"timestamp":1742666039.0102081,"label":"Application launched"},{"timestamp":1742666039.010316,"label":"Initialize ARViewModel"},{"label":"Finished Initialize ARViewModel","timestamp":1742666039.011726},{"timestamp":1742666039.01175,"label":"Initialize RoomManager"},{"timestamp":1742666039.011755,"label":"Initialize BeaconManager"},{"timestamp":1742666039.011773,"label":"Fininshed Initialize BeaconManager"},{"timestamp":1742666039.0117779,"label":"Fininshed Initialize RoomManager"},{"label":"ContentView Initialize","timestamp":1742666039.0117822},{"timestamp":1742666039.015644,"label":"Initialize ARWorldMapManager"},{"timestamp":1742666039.015677,"label":"Fininshed Initialize ARWorldMapManager"},{"timestamp":1742666039.050323,"content":"Tracking is limited due to: initializing","label":"Tracking Limited"},{"timestamp":1742666039.242169,"label":"Tracking Limited","content":"Tracking is limited due to: initializing"},{"label":"Room Update","timestamp":1742666040.3184872,"content":{"id":"3F39F93D-AB52-4382-80AA-E0ED5264C1F0","name":"Test Room"}},{"timestamp":1742666040.318513,"label":"Downloading WorldMap","content":{"name":"Test Room","id":"3F39F93D-AB52-4382-80AA-E0ED5264C1F0"}},{"content":{"name":"Test Room","id":"3F39F93D-AB52-4382-80AA-E0ED5264C1F0"},"label":"Finished Downloading WorldMap","timestamp":1742666040.924749},{"timestamp":1742666041.077715,"content":"Tracking is limited due to: initializing","label":"Tracking Limited"},{"timestamp":1742666042.211384,"label":"Tracking Limited","content":"Tracking is limited due to: relocalizing"},{"timestamp":1742666085.30177,"label":"Bunny didAdd","content":{"identifier":"B08E24AE-6649-4FDC-AC88-299C0F4ABC29","name":"bunny","transform":{"columns":[[0.99652475,-0.0011311637,-0.08328969,0],[0.0012247307,0.99999833,0.0010723146,0],[0.08328837,-0.0011705958,0.9965247,0],[-0.034224045,-0.6027027,-0.3153559,1]]}}},{"label":"Tracking Available","content":{"extent":[7.173063,7.351404,3.7472157],"center":[-1.2815778,-2.914856,0.4389603]},"timestamp":1742666085.7956119},{"label":"Bunny didUpdate","timestamp":1742666085.795655,"content":{"name":"bunny","identifier":"B08E24AE-6649-4FDC-AC88-299C0F4ABC29","transform":{"columns":[[0.99652475,-0.0011311637,-0.08328969,0],[0.0012247305,0.99999815,0.0010723145,0],[0.08328838,-0.0011705958,0.99652475,0],[-0.034224045,-0.6027027,-0.3153559,1]]}}},{"label":"ARImageAnchor didAdd","content":{"transform":{"columns":[[0.9678311,0.009502683,-0.25142074,0],[0.2515502,-0.016613452,0.9677015,0],[0.00501879,-0.9998167,-0.018469457,0],[-0.26467177,-0.6595504,0.0666901,0.9999999]]},"identifier":"FF85DBE1-76D3-E459-2D24-8EDCEE263300","name":"Car"},"timestamp":1742666088.334674},{"timestamp":1742666088.346056,"label":"Bunny didUpdate","content":{"identifier":"B08E24AE-6649-4FDC-AC88-299C0F4ABC29","transform":{"columns":[[0.99652475,-0.0011311637,-0.08328969,0],[0.0012247302,0.999998,0.0010723142,0],[0.08328838,-0.0011705959,0.9965248,0],[-0.034224045,-0.6027027,-0.3153559,1]]},"name":"bunny"}},{"content":{"identifier":"FF85DBE1-76D3-E459-2D24-8EDCEE263300","transform":{"columns":[[0.9678311,0.009502683,-0.25142074,0],[0.2515502,-0.016613452,0.9677015,0],[0.00501879,-0.9998167,-0.018469457,0],[-0.26467177,-0.6595504,0.0666901,0.9999999]]},"name":"Car"},"timestamp":1742666088.3460798,"label":"ARImageAnchor didUpdate"},{"timestamp":1742666088.8440819,"label":"ARImageAnchor didUpdate","content":{"name":"Car","transform":{"columns":[[0.9660368,0.0077044345,-0.25828928,0],[0.25822964,0.0079474775,0.9660507,0],[0.009495662,-0.99993867,0.005688046,0],[-0.26559088,-0.6565633,0.057897434,1]]},"identifier":"FF85DBE1-76D3-E459-2D24-8EDCEE263300"}},{"label":"ARImageAnchor didUpdate","timestamp":1742666088.875832,"content":{"identifier":"FF85DBE1-76D3-E459-2D24-8EDCEE263300","name":"Car","transform":{"columns":[[0.9660368,0.0077044345,-0.25828928,0],[0.25822964,0.0079474775,0.9660507,0],[0.009495662,-0.99993867,0.005688046,0],[-0.26559088,-0.6565633,0.057897434,1]]}}},{"timestamp":1742666091.0014138,"label":"ARImageAnchor didAdd","content":{"name":"Earth","identifier":"088EF783-5990-B052-BE99-B8AA15BA6C68","transform":{"columns":[[0.9571886,-0.0101753,-0.28928575,0],[0.2880579,-0.064921856,0.9554095,0],[-0.028502548,-0.9978384,-0.05921139,0],[-1.371645,0.60140145,-0.17922941,1.0000001]]}}},{"label":"ARImageAnchor didUpdate","timestamp":1742666091.00908,"content":{"identifier":"088EF783-5990-B052-BE99-B8AA15BA6C68","transform":{"columns":[[0.9571886,-0.0101753,-0.28928575,0],[0.2880579,-0.064921856,0.9554095,0],[-0.028502548,-0.9978384,-0.05921139,0],[-1.371645,0.60140145,-0.17922941,1.0000001]]},"name":"Earth"}},{"label":"ARImageAnchor didUpdate","content":{"transform":{"columns":[[0.95678306,-0.0041197324,-0.29077277,0],[0.29074213,-0.0067253085,0.9567777,0],[-0.005897208,-0.99996877,-0.005236869,0],[-1.3796724,0.608047,-0.1805905,1]]},"identifier":"088EF783-5990-B052-BE99-B8AA15BA6C68","name":"Earth"},"timestamp":1742666091.5071878},{"content":{"transform":{"columns":[[0.95678306,-0.0041197324,-0.29077277,0],[0.29074213,-0.0067253085,0.9567777,0],[-0.005897208,-0.99996877,-0.005236869,0],[-1.3796724,0.608047,-0.1805905,1]]},"name":"Earth","identifier":"088EF783-5990-B052-BE99-B8AA15BA6C68"},"label":"ARImageAnchor didUpdate","timestamp":1742666091.542975},{"label":"Bunny didUpdate","content":{"name":"bunny","transform":{"columns":[[0.99652845,-0.0011311636,-0.083244056,0],[0.0012246809,0.9999978,0.0010723701,0],[0.08324274,-0.0011705959,0.99652857,0],[-0.034122813,-0.60301185,-0.31556565,1]]},"identifier":"B08E24AE-6649-4FDC-AC88-299C0F4ABC29"},"timestamp":1742666094.780799},{"label":"ARImageAnchor didAdd","content":{"name":"Lenna","identifier":"6BAD7D5D-D14A-EF93-1C8B-F6BEC80B8329","transform":{"columns":[[-0.2651299,-0.03263557,-0.9636601,0],[0.9638008,-0.03817451,-0.26387578,0],[-0.028175522,-0.9987379,0.041575387,0],[0.39304528,-0.6601617,-0.20377311,1]]}},"timestamp":1742666096.3345861},{"label":"ARImageAnchor didUpdate","content":{"transform":{"columns":[[-0.2651299,-0.03263557,-0.9636601,0],[0.9638008,-0.03817451,-0.26387578,0],[-0.028175522,-0.9987379,0.041575387,0],[0.39304528,-0.6601617,-0.20377311,1]]},"name":"Lenna","identifier":"6BAD7D5D-D14A-EF93-1C8B-F6BEC80B8329"},"timestamp":1742666096.34181},{"content":{"identifier":"C35EAC54-3E90-1B97-807B-5E3B8F238DB7","name":"Sailboat","transform":{"columns":[[0.96125793,-0.005477596,-0.27559525,0],[0.27564836,0.022300757,0.9609997,0],[0.0008820128,-0.9997362,0.022946663,0],[0.38655943,0.77658534,-0.72006774,0.99999994]]}},"timestamp":1742666099.00108,"label":"ARImageAnchor didAdd"},{"timestamp":1742666099.006927,"label":"ARImageAnchor didUpdate","content":{"identifier":"C35EAC54-3E90-1B97-807B-5E3B8F238DB7","name":"Sailboat","transform":{"columns":[[0.96125793,-0.005477596,-0.27559525,0],[0.27564836,0.022300757,0.9609997,0],[0.0008820128,-0.9997362,0.022946663,0],[0.38655943,0.77658534,-0.72006774,0.99999994]]}}},{"content":{"identifier":"A19C2489-597B-2BED-432C-244B551E75FD","transform":{"columns":[[0.29090005,-0.017326951,0.9565963,0],[-0.95495546,0.056005877,0.29141548,0],[-0.058624335,-0.9982799,-0.00025437813,0],[1.2413872,0.8031065,-0.37484652,0.99999994]]},"name":"Mandrill"},"timestamp":1742666101.134294,"label":"ARImageAnchor didAdd"},{"content":{"identifier":"A19C2489-597B-2BED-432C-244B551E75FD","transform":{"columns":[[0.29090005,-0.017326951,0.9565963,0],[-0.95495546,0.056005877,0.29141548,0],[-0.058624335,-0.9982799,-0.00025437813,0],[1.2413872,0.8031065,-0.37484652,0.99999994]]},"name":"Mandrill"},"timestamp":1742666101.143903,"label":"ARImageAnchor didUpdate"},{"timestamp":1742666102.734235,"label":"ARImageAnchor didAdd","content":{"name":"Peppers","identifier":"61BB3DDD-C96C-6E82-3432-BD712CCBCB28","transform":{"columns":[[0.2856882,-0.011828689,0.95824933,0],[-0.95831865,-0.0063144574,0.2856309,0],[0.0026721817,-0.99990994,-0.0131396195,0],[1.5241758,0.18029737,0.3111214,1]]}}},{"timestamp":1742666102.741245,"label":"ARImageAnchor didUpdate","content":{"name":"Peppers","identifier":"61BB3DDD-C96C-6E82-3432-BD712CCBCB28","transform":{"columns":[[0.2856882,-0.011828689,0.95824933,0],[-0.95831865,-0.0063144574,0.2856309,0],[0.0026721817,-0.99990994,-0.0131396195,0],[1.5241758,0.18029737,0.3111214,1]]}}},{"timestamp":1742666103.243639,"label":"ARImageAnchor didUpdate","content":{"name":"Peppers","identifier":"61BB3DDD-C96C-6E82-3432-BD712CCBCB28","transform":{"columns":[[0.27286556,-0.0107114585,0.9619923,0],[-0.9620027,-0.013164315,0.27272192,0],[0.009742708,-0.99985594,-0.013896539,0],[1.5203851,0.1834852,0.30521095,1]]}}},{"timestamp":1742666103.2777119,"label":"ARImageAnchor didUpdate","content":{"name":"Peppers","transform":{"columns":[[0.27286556,-0.0107114585,0.9619923,0],[-0.9620027,-0.013164315,0.27272192,0],[0.009742708,-0.99985594,-0.013896539,0],[1.5203851,0.1834852,0.30521095,1]]},"identifier":"61BB3DDD-C96C-6E82-3432-BD712CCBCB28"}},{"content":{"identifier":"C35EAC54-3E90-1B97-807B-5E3B8F238DB7","name":"Sailboat","transform":{"columns":[[0.96018964,-0.0041196477,-0.2793182,0],[0.2793419,0.021108955,0.95995957,0],[0.0019414405,-0.99976856,0.021419447,0],[0.37300807,0.7862555,-0.71786606,1]]}},"timestamp":1742666106.975038,"label":"ARImageAnchor didUpdate"},{"content":{"transform":{"columns":[[0.96018964,-0.0041196477,-0.2793182,0],[0.2793419,0.021108955,0.95995957,0],[0.0019414405,-0.99976856,0.021419447,0],[0.37300807,0.7862555,-0.71786606,1]]},"name":"Sailboat","identifier":"C35EAC54-3E90-1B97-807B-5E3B8F238DB7"},"timestamp":1742666107.008296,"label":"ARImageAnchor didUpdate"},{"label":"ARImageAnchor didUpdate","content":{"name":"Lenna","identifier":"6BAD7D5D-D14A-EF93-1C8B-F6BEC80B8329","transform":{"columns":[[-0.25867027,-0.040217172,-0.965128,0],[0.9659438,-0.0040748394,-0.25871915,0],[0.0064722286,-0.9991825,0.03990154,0],[0.3945173,-0.6524018,-0.20498726,1]]}},"timestamp":1742666109.1103659},{"content":{"identifier":"6BAD7D5D-D14A-EF93-1C8B-F6BEC80B8329","name":"Lenna","transform":{"columns":[[-0.25867027,-0.040217172,-0.965128,0],[0.9659438,-0.0040748394,-0.25871915,0],[0.0064722286,-0.9991825,0.03990154,0],[0.3945173,-0.6524018,-0.20498726,1]]}},"label":"ARImageAnchor didUpdate","timestamp":1742666109.1443372},{"timestamp":1742666111.175815,"content":{"transform":{"columns":[[0.996529,-0.0011311634,-0.08323746,0],[0.0012246736,0.9999976,0.0010723779,0],[0.08323616,-0.001170596,0.9965291,0],[-0.034106836,-0.60299546,-0.3155546,1]]},"identifier":"B08E24AE-6649-4FDC-AC88-299C0F4ABC29","name":"bunny"},"label":"Bunny didUpdate"},{"label":"Bunny didUpdate","timestamp":1742666111.579565,"content":{"identifier":"B08E24AE-6649-4FDC-AC88-299C0F4ABC29","name":"bunny","transform":{"columns":[[0.9965289,-0.0011311634,-0.08323734,0],[0.0012246732,0.99999744,0.0010723779,0],[0.083236046,-0.0011705959,0.9965291,0],[-0.03410677,-0.6029954,-0.31555462,1]]}}},{"label":"Bunny didUpdate","content":{"identifier":"B08E24AE-6649-4FDC-AC88-299C0F4ABC29","transform":{"columns":[[0.99652886,-0.0011311633,-0.08323733,0],[0.001224673,0.99999726,0.0010723777,0],[0.08323603,-0.0011705958,0.99652904,0],[-0.03410677,-0.6029954,-0.31555462,1]]},"name":"bunny"},"timestamp":1742666112.478744},{"timestamp":1742666112.978695,"content":{"name":"bunny","identifier":"B08E24AE-6649-4FDC-AC88-299C0F4ABC29","transform":{"columns":[[0.9965288,-0.0011311633,-0.08323733,0],[0.0012246728,0.9999971,0.0010723775,0],[0.083236024,-0.0011705958,0.996529,0],[-0.03410677,-0.6029954,-0.31555462,1]]}},"label":"Bunny didUpdate"},{"timestamp":1742666114.4429011,"label":"ARImageAnchor didUpdate","content":{"transform":{"columns":[[0.95611745,-0.008701605,-0.29285413,0],[0.29262793,-0.020865928,0.95599866,0],[-0.014429396,-0.9997443,-0.017403942,0],[-1.3724,0.6016546,-0.20239855,1]]},"identifier":"088EF783-5990-B052-BE99-B8AA15BA6C68","name":"Earth"}},{"label":"ARImageAnchor didUpdate","timestamp":1742666114.4756432,"content":{"identifier":"088EF783-5990-B052-BE99-B8AA15BA6C68","transform":{"columns":[[0.95611745,-0.008701605,-0.29285413,0],[0.29262793,-0.020865928,0.95599866,0],[-0.014429396,-0.9997443,-0.017403942,0],[-1.3724,0.6016546,-0.20239855,1]]},"name":"Earth"}},{"label":"ARImageAnchor didUpdate","content":{"transform":{"columns":[[0.9529623,-0.0064712036,-0.30301955,0],[0.30281782,-0.02192841,0.95279604,0],[-0.012810482,-0.99973863,-0.018937351,0],[-1.3800505,0.6048642,-0.20470074,1]]},"name":"Earth","identifier":"088EF783-5990-B052-BE99-B8AA15BA6C68"},"timestamp":1742666114.974207},{"label":"ARImageAnchor didUpdate","content":{"transform":{"columns":[[0.9529623,-0.0064712036,-0.30301955,0],[0.30281782,-0.02192841,0.95279604,0],[-0.012810482,-0.99973863,-0.018937351,0],[-1.3800505,0.6048642,-0.20470074,1]]},"name":"Earth","identifier":"088EF783-5990-B052-BE99-B8AA15BA6C68"},"timestamp":1742666115.008136},{"timestamp":1742666117.8754148,"label":"Bunny didUpdate","content":{"identifier":"B08E24AE-6649-4FDC-AC88-299C0F4ABC29","transform":{"columns":[[0.99652874,-0.0011311632,-0.08323736,0],[0.0012246725,0.9999969,0.0010723773,0],[0.083236046,-0.0011705958,0.9965289,0],[-0.034106854,-0.6029954,-0.3155542,1]]},"name":"bunny"}},{"content":{"identifier":"A19C2489-597B-2BED-432C-244B551E75FD","transform":{"columns":[[0.29327863,-0.01619016,0.95588964,0],[-0.9538067,0.06314668,0.29370913,0],[-0.065116435,-0.9978728,0.0030772784,0],[1.2377348,0.80271333,-0.39209503,1]]},"name":"Mandrill"},"label":"ARImageAnchor didUpdate","timestamp":1742666122.97682},{"label":"ARImageAnchor didUpdate","content":{"name":"Mandrill","identifier":"A19C2489-597B-2BED-432C-244B551E75FD","transform":{"columns":[[0.29327863,-0.01619016,0.95588964,0],[-0.9538067,0.06314668,0.29370913,0],[-0.065116435,-0.9978728,0.0030772784,0],[1.2377348,0.80271333,-0.39209503,1]]}},"timestamp":1742666123.01026},{"timestamp":1742666126.778592,"label":"Bunny didUpdate","content":{"name":"bunny","identifier":"B08E24AE-6649-4FDC-AC88-299C0F4ABC29","transform":{"columns":[[0.9965286,-0.0011311632,-0.08323836,0],[0.0012246734,0.9999967,0.0010723758,0],[0.08323706,-0.0011705956,0.99652874,0],[-0.03410745,-0.60299474,-0.31555405,1]]}}},{"label":"Bunny didUpdate","content":{"name":"bunny","identifier":"B08E24AE-6649-4FDC-AC88-299C0F4ABC29","transform":{"columns":[[0.9965282,-0.0011311632,-0.08324372,0],[0.0012246789,0.99999654,0.001072369,0],[0.08324242,-0.0011705955,0.99652827,0],[-0.034113176,-0.6030013,-0.3155621,1]]}},"timestamp":1742666127.078685},{"content":{"name":"bunny","identifier":"B08E24AE-6649-4FDC-AC88-299C0F4ABC29","transform":{"columns":[[0.9965279,-0.0011311633,-0.08324806,0],[0.0012246836,0.9999964,0.0010723637,0],[0.08324674,-0.0011705954,0.9965279,0],[-0.034116164,-0.6030015,-0.315569,1]]}},"label":"Bunny didUpdate","timestamp":1742666129.4793181},{"content":{"name":"Car","transform":{"columns":[[0.96840745,0.00614678,-0.24929689,0],[0.2492767,0.0038653675,0.96842444,0],[0.0069163083,-0.9999735,0.0022109954,0],[-0.27144158,-0.6533494,0.05247231,1]]},"identifier":"FF85DBE1-76D3-E459-2D24-8EDCEE263300"},"timestamp":1742666130.443141,"label":"ARImageAnchor didUpdate"},{"label":"ARImageAnchor didUpdate","content":{"transform":{"columns":[[0.96840745,0.00614678,-0.24929689,0],[0.2492767,0.0038653675,0.96842444,0],[0.0069163083,-0.9999735,0.0022109954,0],[-0.27144158,-0.6533494,0.05247231,1]]},"identifier":"FF85DBE1-76D3-E459-2D24-8EDCEE263300","name":"Car"},"timestamp":1742666130.476416},{"label":"ARImageAnchor didUpdate","content":{"name":"Earth","identifier":"088EF783-5990-B052-BE99-B8AA15BA6C68","transform":{"columns":[[0.95206654,-0.0016788822,-0.30588588,0],[0.3058069,-0.018146835,0.9519204,0],[-0.0071490174,-0.9998339,-0.016763568,0],[-1.3829645,0.6090908,-0.1986815,1]]}},"timestamp":1742666135.774331},{"content":{"name":"Earth","identifier":"088EF783-5990-B052-BE99-B8AA15BA6C68","transform":{"columns":[[0.95206654,-0.0016788822,-0.30588588,0],[0.3058069,-0.018146835,0.9519204,0],[-0.0071490174,-0.9998339,-0.016763568,0],[-1.3829645,0.6090908,-0.1986815,1]]}},"timestamp":1742666135.8078442,"label":"ARImageAnchor didUpdate"},{"label":"ARImageAnchor didUpdate","timestamp":1742666141.107852,"content":{"identifier":"C35EAC54-3E90-1B97-807B-5E3B8F238DB7","transform":{"columns":[[0.95747364,-0.00021447238,-0.28852034,0],[0.2885068,0.010428663,0.9574209,0],[0.0028035317,-0.9999455,0.010047047,0],[0.38232696,0.77802396,-0.7009615,1]]},"name":"Sailboat"}},{"content":{"name":"Sailboat","transform":{"columns":[[0.95747364,-0.00021447238,-0.28852034,0],[0.2885068,0.010428663,0.9574209,0],[0.0028035317,-0.9999455,0.010047047,0],[0.38232696,0.77802396,-0.7009615,1]]},"identifier":"C35EAC54-3E90-1B97-807B-5E3B8F238DB7"},"timestamp":1742666141.1415792,"label":"ARImageAnchor didUpdate"},{"timestamp":1742666142.708852,"content":{"name":"Mandrill","identifier":"A19C2489-597B-2BED-432C-244B551E75FD","transform":{"columns":[[0.29723603,-0.019427836,0.95460624,0],[-0.9538745,0.038060136,0.29778275,0],[-0.04211771,-0.9990865,-0.0072188773,0],[1.2446328,0.80217296,-0.3727468,0.99999994]]}},"label":"ARImageAnchor didUpdate"},{"timestamp":1742666142.742138,"content":{"transform":{"columns":[[0.29723603,-0.019427836,0.95460624,0],[-0.9538745,0.038060136,0.29778275,0],[-0.04211771,-0.9990865,-0.0072188773,0],[1.2446328,0.80217296,-0.3727468,0.99999994]]},"name":"Mandrill","identifier":"A19C2489-597B-2BED-432C-244B551E75FD"},"label":"ARImageAnchor didUpdate"},{"content":{"name":"Peppers","transform":{"columns":[[0.2758602,-0.005833575,0.9611799,0],[-0.96098006,-0.022949366,0.27566352,0],[0.020450348,-0.9997195,-0.011936764,0],[1.5292133,0.17970538,0.31154174,1]]},"identifier":"61BB3DDD-C96C-6E82-3432-BD712CCBCB28"},"timestamp":1742666144.3080869,"label":"ARImageAnchor didUpdate"},{"content":{"transform":{"columns":[[0.2758602,-0.005833575,0.9611799,0],[-0.96098006,-0.022949366,0.27566352,0],[0.020450348,-0.9997195,-0.011936764,0],[1.5292133,0.17970538,0.31154174,1]]},"name":"Peppers","identifier":"61BB3DDD-C96C-6E82-3432-BD712CCBCB28"},"timestamp":1742666144.342857,"label":"ARImageAnchor didUpdate"},{"timestamp":1742666144.841279,"label":"ARImageAnchor didUpdate","content":{"identifier":"61BB3DDD-C96C-6E82-3432-BD712CCBCB28","name":"Peppers","transform":{"columns":[[0.29492834,-0.009541956,0.9554716,0],[-0.95550364,-0.008652464,0.29485184,0],[0.0054537077,-0.99991703,-0.011669228,0],[1.5279696,0.18143211,0.30443147,1]]}}},{"timestamp":1742666144.87463,"content":{"name":"Peppers","transform":{"columns":[[0.29492834,-0.009541956,0.9554716,0],[-0.95550364,-0.008652464,0.29485184,0],[0.0054537077,-0.99991703,-0.011669228,0],[1.5279696,0.18143211,0.30443147,1]]},"identifier":"61BB3DDD-C96C-6E82-3432-BD712CCBCB28"},"label":"ARImageAnchor didUpdate"},{"label":"Bunny didUpdate","timestamp":1742666147.876258,"content":{"identifier":"B08E24AE-6649-4FDC-AC88-299C0F4ABC29","name":"bunny","transform":{"columns":[[0.99652845,-0.0011311632,-0.08324048,0],[0.0012246752,0.9999962,0.0010723725,0],[0.08323916,-0.0011705955,0.99652845,0],[-0.034113403,-0.6029969,-0.31555638,0.9999999]]}}}]