[{"label":"Application launched","timestamp":1742643572.11074},{"label":"Initialize ARViewModel","timestamp":1742643572.110944},{"timestamp":1742643572.1121402,"label":"Finished Initialize ARViewModel"},{"timestamp":1742643572.11216,"label":"Initialize RoomManager"},{"label":"Initialize BeaconManager","timestamp":1742643572.112164},{"label":"Fininshed Initialize BeaconManager","timestamp":1742643572.112176},{"timestamp":1742643572.11218,"label":"Fininshed Initialize RoomManager"},{"timestamp":1742643572.112184,"label":"ContentView Initialize"},{"label":"Initialize ARWorldMapManager","timestamp":1742643572.1130772},{"label":"Fininshed Initialize ARWorldMapManager","timestamp":1742643572.113086},{"timestamp":1742643572.575521,"label":"Tracking Limited","content":"Tracking is limited due to: initializing"},{"timestamp":1742643573.546894,"label":"Room Update","content":{"id":"3F39F93D-AB52-4382-80AA-E0ED5264C1F0","name":"Test Room"}},{"label":"Downloading WorldMap","timestamp":1742643573.546931,"content":{"id":"3F39F93D-AB52-4382-80AA-E0ED5264C1F0","name":"Test Room"}},{"timestamp":1742643574.083346,"label":"Finished Downloading WorldMap","content":{"id":"3F39F93D-AB52-4382-80AA-E0ED5264C1F0","name":"Test Room"}},{"label":"Tracking Limited","content":"Tracking is limited due to: initializing","timestamp":1742643574.241569},{"timestamp":1742643575.325896,"label":"Tracking Limited","content":"Tracking is limited due to: relocalizing"},{"label":"Bunny didAdd","content":{"transform":{"columns":[[0.99652475,-0.0011311637,-0.08328969,0],[0.0012247307,0.99999833,0.0010723146,0],[0.08328837,-0.0011705958,0.9965247,0],[-0.034224045,-0.6027027,-0.3153559,1]]},"identifier":"B08E24AE-6649-4FDC-AC88-299C0F4ABC29","name":"bunny"},"timestamp":1742643577.2428288},{"content":{"center":[0.017977595,-3.4131691,0.45404088],"extent":[2.897366,6.354778,2.8408394]},"timestamp":1742643577.299164,"label":"Tracking Available"},{"content":{"name":"bunny","transform":{"columns":[[0.99652475,-0.0011311637,-0.08328969,0],[0.0012247305,0.99999815,0.0010723145,0],[0.08328838,-0.0011705958,0.99652475,0],[-0.034224045,-0.6027027,-0.3153559,1]]},"identifier":"B08E24AE-6649-4FDC-AC88-299C0F4ABC29"},"label":"Bunny didUpdate","timestamp":1742643577.299236},{"content":{"identifier":"FF85DBE1-76D3-E459-2D24-8EDCEE263300","transform":{"columns":[[0.9710361,0.002250748,-0.23892185,0],[0.2387454,0.030417858,0.97060555,0],[0.009452087,-0.99953467,0.028999506,0],[-0.26905707,-0.6575252,0.053289354,1]]},"name":"Car"},"label":"ARImageAnchor didAdd","timestamp":1742643579.2009},{"timestamp":1742643579.211895,"label":"ARImageAnchor didUpdate","content":{"transform":{"columns":[[0.9710361,0.002250748,-0.23892185,0],[0.2387454,0.030417858,0.97060555,0],[0.009452087,-0.99953467,0.028999506,0],[-0.26905707,-0.6575252,0.053289354,1]]},"name":"Car","identifier":"FF85DBE1-76D3-E459-2D24-8EDCEE263300"}},{"timestamp":1742643581.304019,"label":"ARImageAnchor didAdd","content":{"transform":{"columns":[[0.9561725,-0.010080655,-0.29262963,0],[0.29234686,-0.022910604,0.95603776,0],[-0.016341805,-0.9996866,-0.018959444,0],[-1.3760238,0.61247826,-0.21884224,1]]},"identifier":"088EF783-5990-B052-BE99-B8AA15BA6C68","name":"Earth"}},{"content":{"transform":{"columns":[[0.9561725,-0.010080655,-0.29262963,0],[0.29234686,-0.022910604,0.95603776,0],[-0.016341805,-0.9996866,-0.018959444,0],[-1.3760238,0.61247826,-0.21884224,1]]},"identifier":"088EF783-5990-B052-BE99-B8AA15BA6C68","name":"Earth"},"label":"ARImageAnchor didUpdate","timestamp":1742643581.307695},{"content":{"transform":{"columns":[[0.9582486,-0.001200684,-0.285933,0],[0.2858688,0.02562195,0.957926,0],[0.006176005,-0.99967086,0.024895461,0],[0.3970692,0.78257674,-0.71713805,0.99999994]]},"name":"Sailboat","identifier":"C35EAC54-3E90-1B97-807B-5E3B8F238DB7"},"timestamp":1742643585.033922,"label":"ARImageAnchor didAdd"},{"content":{"name":"Sailboat","transform":{"columns":[[0.9582486,-0.001200684,-0.285933,0],[0.2858688,0.02562195,0.957926,0],[0.006176005,-0.99967086,0.024895461,0],[0.3970692,0.78257674,-0.71713805,0.99999994]]},"identifier":"C35EAC54-3E90-1B97-807B-5E3B8F238DB7"},"timestamp":1742643585.040782,"label":"ARImageAnchor didUpdate"},{"timestamp":1742643587.167048,"label":"ARImageAnchor didAdd","content":{"name":"Lenna","identifier":"6BAD7D5D-D14A-EF93-1C8B-F6BEC80B8329","transform":{"columns":[[-0.2508176,-0.04476167,-0.96699876,0],[0.9680207,-0.006330081,-0.25078967,0],[0.005104618,-0.99897754,0.044917922,0],[0.3748253,-0.65958774,-0.20814371,1]]}}},{"timestamp":1742643587.175467,"content":{"identifier":"6BAD7D5D-D14A-EF93-1C8B-F6BEC80B8329","name":"Lenna","transform":{"columns":[[-0.2508176,-0.04476167,-0.96699876,0],[0.9680207,-0.006330081,-0.25078967,0],[0.005104618,-0.99897754,0.044917922,0],[0.3748253,-0.65958774,-0.20814371,1]]}},"label":"ARImageAnchor didUpdate"},{"label":"ARImageAnchor didUpdate","timestamp":1742643587.70278,"content":{"name":"Lenna","identifier":"6BAD7D5D-D14A-EF93-1C8B-F6BEC80B8329","transform":{"columns":[[-0.24939719,-0.04233149,-0.96747553,0],[0.96840113,-0.011165472,-0.24914725,0],[-0.00025555582,-0.99904114,0.043778457,0],[0.38345096,-0.6516309,-0.20397903,1]]}}},{"content":{"name":"Lenna","transform":{"columns":[[-0.24939719,-0.04233149,-0.96747553,0],[0.96840113,-0.011165472,-0.24914725,0],[-0.00025555582,-0.99904114,0.043778457,0],[0.38345096,-0.6516309,-0.20397903,1]]},"identifier":"6BAD7D5D-D14A-EF93-1C8B-F6BEC80B8329"},"timestamp":1742643587.709976,"label":"ARImageAnchor didUpdate"},{"content":{"identifier":"A19C2489-597B-2BED-432C-244B551E75FD","transform":{"columns":[[0.26123884,-0.019389361,0.9650794,0],[-0.96374,0.051105447,0.26190302,0],[-0.054398958,-0.99850494,-0.005335573,0],[1.2294087,0.7930553,-0.3923344,1]]},"name":"Mandrill"},"label":"ARImageAnchor didAdd","timestamp":1742643589.803647},{"content":{"transform":{"columns":[[0.26123884,-0.019389361,0.9650794,0],[-0.96374,0.051105447,0.26190302,0],[-0.054398958,-0.99850494,-0.005335573,0],[1.2294087,0.7930553,-0.3923344,1]]},"name":"Mandrill","identifier":"A19C2489-597B-2BED-432C-244B551E75FD"},"label":"ARImageAnchor didUpdate","timestamp":1742643589.8081431},{"label":"ARImageAnchor didUpdate","content":{"identifier":"A19C2489-597B-2BED-432C-244B551E75FD","name":"Mandrill","transform":{"columns":[[0.27051753,-0.01938006,0.9625198,0],[-0.9607473,0.058453947,0.2711963,0],[-0.06151887,-0.9981019,-0.0028065254,0],[1.2359409,0.8027265,-0.38082033,0.99999994]]}},"timestamp":1742643590.335743},{"timestamp":1742643590.342315,"content":{"name":"Mandrill","identifier":"A19C2489-597B-2BED-432C-244B551E75FD","transform":{"columns":[[0.27051753,-0.01938006,0.9625198,0],[-0.9607473,0.058453947,0.2711963,0],[-0.06151887,-0.9981019,-0.0028065254,0],[1.2359409,0.8027265,-0.38082033,0.99999994]]}},"label":"ARImageAnchor didUpdate"},{"content":{"name":"Peppers","identifier":"61BB3DDD-C96C-6E82-3432-BD712CCBCB28","transform":{"columns":[[0.2632418,-0.013622747,0.9646334,0],[-0.9647296,-0.0039057783,0.2632129,0],[0.00018194826,-0.99989945,-0.01417043,0],[1.4976004,0.18465537,0.3099619,0.9999999]]}},"timestamp":1742643591.383524,"label":"ARImageAnchor didAdd"},{"timestamp":1742643591.402343,"label":"ARImageAnchor didUpdate","content":{"name":"Peppers","identifier":"61BB3DDD-C96C-6E82-3432-BD712CCBCB28","transform":{"columns":[[0.2632418,-0.013622747,0.9646334,0],[-0.9647296,-0.0039057783,0.2632129,0],[0.00018194826,-0.99989945,-0.01417043,0],[1.4976004,0.18465537,0.3099619,0.9999999]]}}}]