[{"timestamp":1742655274.385971,"label":"Application launched"},{"timestamp":1742655274.386056,"label":"Initialize ARViewModel"},{"timestamp":1742655274.3882961,"label":"Finished Initialize ARViewModel"},{"label":"Initialize RoomManager","timestamp":1742655274.388317},{"timestamp":1742655274.388321,"label":"Initialize BeaconManager"},{"timestamp":1742655274.3883328,"label":"Fininshed Initialize BeaconManager"},{"timestamp":1742655274.388338,"label":"Fininshed Initialize RoomManager"},{"timestamp":1742655274.388342,"label":"ContentView Initialize"},{"timestamp":1742655274.3886929,"label":"Initialize ARWorldMapManager"},{"label":"Fininshed Initialize ARWorldMapManager","timestamp":1742655274.388702},{"content":"Tracking is limited due to: initializing","timestamp":1742655274.8511472,"label":"Tracking Limited"},{"content":{"name":"Test Room","id":"3F39F93D-AB52-4382-80AA-E0ED5264C1F0"},"label":"Room Update","timestamp":1742655275.661356},{"content":{"name":"Test Room","id":"3F39F93D-AB52-4382-80AA-E0ED5264C1F0"},"label":"Downloading WorldMap","timestamp":1742655275.6614041},{"timestamp":1742655276.1773171,"content":{"id":"3F39F93D-AB52-4382-80AA-E0ED5264C1F0","name":"Test Room"},"label":"Finished Downloading WorldMap"},{"label":"Tracking Limited","timestamp":1742655276.349473,"content":"Tracking is limited due to: initializing"},{"label":"Tracking Limited","timestamp":1742655277.397074,"content":"Tracking is limited due to: relocalizing"},{"timestamp":1742655281.71411,"label":"Bunny didAdd","content":{"identifier":"B08E24AE-6649-4FDC-AC88-299C0F4ABC29","name":"bunny","transform":{"columns":[[0.99652475,-0.0011311637,-0.08328969,0],[0.0012247307,0.99999833,0.0010723146,0],[0.08328837,-0.0011705958,0.9965247,0],[-0.034224045,-0.6027027,-0.3153559,1]]}}},{"label":"Tracking Available","timestamp":1742655281.7528381,"content":{"center":[-1.2397361,-3.4131691,0.45404088],"extent":[5.4127936,6.354778,2.8408394]}},{"label":"Bunny didUpdate","content":{"name":"bunny","transform":{"columns":[[0.99652475,-0.0011311637,-0.08328969,0],[0.0012247305,0.99999815,0.0010723145,0],[0.08328838,-0.0011705958,0.99652475,0],[-0.034224045,-0.6027027,-0.3153559,1]]},"identifier":"B08E24AE-6649-4FDC-AC88-299C0F4ABC29"},"timestamp":1742655281.752897},{"content":{"transform":{"columns":[[0.98375434,0.0065176114,-0.17940068,0],[0.17941423,-0.0015504261,0.9837723,0],[0.0061336975,-0.9999775,-0.002694623,0],[-0.308496,-0.6640881,0.013734624,1]]},"name":"Car","identifier":"FF85DBE1-76D3-E459-2D24-8EDCEE263300"},"label":"ARImageAnchor didAdd","timestamp":1742655283.97381},{"content":{"transform":{"columns":[[0.98375434,0.0065176114,-0.17940068,0],[0.17941423,-0.0015504261,0.9837723,0],[0.0061336975,-0.9999775,-0.002694623,0],[-0.308496,-0.6640881,0.013734624,1]]},"identifier":"FF85DBE1-76D3-E459-2D24-8EDCEE263300","name":"Car"},"label":"ARImageAnchor didUpdate","timestamp":1742655283.98617},{"timestamp":1742655284.501415,"content":{"name":"Car","identifier":"FF85DBE1-76D3-E459-2D24-8EDCEE263300","transform":{"columns":[[0.9840342,0.008830537,-0.17775942,0],[0.17771356,0.005739583,0.98406535,0],[0.009710087,-0.9999445,0.004078643,0],[-0.30876142,-0.6594324,0.009715721,1]]}},"label":"ARImageAnchor didUpdate"},{"timestamp":1742655284.517844,"label":"ARImageAnchor didUpdate","content":{"identifier":"FF85DBE1-76D3-E459-2D24-8EDCEE263300","transform":{"columns":[[0.9840342,0.008830537,-0.17775942,0],[0.17771356,0.005739583,0.98406535,0],[0.009710087,-0.9999445,0.004078643,0],[-0.30876142,-0.6594324,0.009715721,1]]},"name":"Car"}},{"label":"ARImageAnchor didAdd","content":{"transform":{"columns":[[0.9745919,-0.0054166284,-0.22392242,0],[0.223938,0.002460783,0.9746002,0],[-0.0047280183,-0.99998224,0.0036112466,0],[-1.3963068,0.5892868,-0.30791408,1]]},"name":"Earth","identifier":"088EF783-5990-B052-BE99-B8AA15BA6C68"},"timestamp":1742655287.124769},{"content":{"name":"Earth","transform":{"columns":[[0.9745919,-0.0054166284,-0.22392242,0],[0.223938,0.002460783,0.9746002,0],[-0.0047280183,-0.99998224,0.0036112466,0],[-1.3963068,0.5892868,-0.30791408,1]]},"identifier":"088EF783-5990-B052-BE99-B8AA15BA6C68"},"timestamp":1742655287.130419,"label":"ARImageAnchor didUpdate"},{"label":"ARImageAnchor didUpdate","timestamp":1742655287.657764,"content":{"name":"Earth","identifier":"088EF783-5990-B052-BE99-B8AA15BA6C68","transform":{"columns":[[0.9742791,-0.0059752213,-0.2252647,0],[0.22524045,-0.004462759,0.97429276,0],[-0.0068269167,-0.9999721,-0.0030021118,0],[-1.4027218,0.59275407,-0.31142566,1]]}}},{"label":"ARImageAnchor didUpdate","content":{"name":"Earth","identifier":"088EF783-5990-B052-BE99-B8AA15BA6C68","transform":{"columns":[[0.9742791,-0.0059752213,-0.2252647,0],[0.22524045,-0.004462759,0.97429276,0],[-0.0068269167,-0.9999721,-0.0030021118,0],[-1.4027218,0.59275407,-0.31142566,1]]}},"timestamp":1742655287.663403},{"label":"ARImageAnchor didAdd","content":{"name":"Sailboat","identifier":"C35EAC54-3E90-1B97-807B-5E3B8F238DB7","transform":{"columns":[[0.97500503,0.0028089096,-0.22216487,0],[0.22215955,0.0020867947,0.97500783,0],[0.0032023233,-0.9999938,0.0014105963,0],[0.39391866,0.7652943,-0.69743836,0.9999999]]}},"timestamp":1742655290.3246732},{"label":"ARImageAnchor didUpdate","content":{"name":"Sailboat","transform":{"columns":[[0.97500503,0.0028089096,-0.22216487,0],[0.22215955,0.0020867947,0.97500783,0],[0.0032023233,-0.9999938,0.0014105963,0],[0.39391866,0.7652943,-0.69743836,0.9999999]]},"identifier":"C35EAC54-3E90-1B97-807B-5E3B8F238DB7"},"timestamp":1742655290.328789},{"timestamp":1742655292.439883,"label":"ARImageAnchor didAdd","content":{"transform":{"columns":[[-0.1913704,-0.037122976,-0.9808155,0],[0.9814999,-0.01324567,-0.1910026,0],[-0.0059009795,-0.9992229,0.038971025,0],[0.3530116,-0.66199654,-0.19263928,0.99999994]]},"name":"Lenna","identifier":"6BAD7D5D-D14A-EF93-1C8B-F6BEC80B8329"}},{"content":{"identifier":"6BAD7D5D-D14A-EF93-1C8B-F6BEC80B8329","name":"Lenna","transform":{"columns":[[-0.1913704,-0.037122976,-0.9808155,0],[0.9814999,-0.01324567,-0.1910026,0],[-0.0059009795,-0.9992229,0.038971025,0],[0.3530116,-0.66199654,-0.19263928,0.99999994]]}},"timestamp":1742655292.450212,"label":"ARImageAnchor didUpdate"},{"content":{"transform":{"columns":[[0.20379749,-0.015256606,0.978894,0],[-0.9772487,0.056828726,0.20434064,0],[-0.05874685,-0.9982673,-0.0033279497,0],[1.2186409,0.79160863,-0.29514867,1]]},"name":"Mandrill","identifier":"A19C2489-597B-2BED-432C-244B551E75FD"},"timestamp":1742655294.575986,"label":"ARImageAnchor didAdd"},{"content":{"transform":{"columns":[[0.20379749,-0.015256606,0.978894,0],[-0.9772487,0.056828726,0.20434064,0],[-0.05874685,-0.9982673,-0.0033279497,0],[1.2186409,0.79160863,-0.29514867,1]]},"name":"Mandrill","identifier":"A19C2489-597B-2BED-432C-244B551E75FD"},"timestamp":1742655294.580477,"label":"ARImageAnchor didUpdate"},{"content":{"transform":{"columns":[[0.21154776,-0.016978147,0.97722006,0],[-0.9756448,0.05566935,0.21217394,0],[-0.05800352,-0.99830484,-0.0047879186,0],[1.2172649,0.7974967,-0.29072407,1]]},"name":"Mandrill","identifier":"A19C2489-597B-2BED-432C-244B551E75FD"},"timestamp":1742655295.098777,"label":"ARImageAnchor didUpdate"},{"timestamp":1742655295.115494,"label":"ARImageAnchor didUpdate","content":{"name":"Mandrill","identifier":"A19C2489-597B-2BED-432C-244B551E75FD","transform":{"columns":[[0.21154776,-0.016978147,0.97722006,0],[-0.9756448,0.05566935,0.21217394,0],[-0.05800352,-0.99830484,-0.0047879186,0],[1.2172649,0.7974967,-0.29072407,1]]}}},{"content":{"identifier":"61BB3DDD-C96C-6E82-3432-BD712CCBCB28","name":"Peppers","transform":{"columns":[[0.21264304,-0.010490679,0.9770735,0],[-0.9770813,0.0076753898,0.21272714,0],[-0.009731063,-0.9999154,-0.008618131,0],[1.4406915,0.17457072,0.41072285,1]]}},"timestamp":1742655296.656207,"label":"ARImageAnchor didAdd"},{"content":{"identifier":"61BB3DDD-C96C-6E82-3432-BD712CCBCB28","name":"Peppers","transform":{"columns":[[0.21264304,-0.010490679,0.9770735,0],[-0.9770813,0.0076753898,0.21272714,0],[-0.009731063,-0.9999154,-0.008618131,0],[1.4406915,0.17457072,0.41072285,1]]}},"label":"ARImageAnchor didUpdate","timestamp":1742655296.666033},{"content":{"identifier":"61BB3DDD-C96C-6E82-3432-BD712CCBCB28","name":"Peppers","transform":{"columns":[[0.18922871,-0.008833166,0.9818932,0],[-0.98193026,0.00062353513,0.18924144,0],[-0.0022838346,-0.99996066,-0.008555565,0],[1.4392004,0.1773088,0.40410584,1]]}},"timestamp":1742655297.190984,"label":"ARImageAnchor didUpdate"},{"timestamp":1742655297.1987991,"label":"ARImageAnchor didUpdate","content":{"transform":{"columns":[[0.18922871,-0.008833166,0.9818932,0],[-0.98193026,0.00062353513,0.18924144,0],[-0.0022838346,-0.99996066,-0.008555565,0],[1.4392004,0.1773088,0.40410584,1]]},"identifier":"61BB3DDD-C96C-6E82-3432-BD712CCBCB28","name":"Peppers"}}]