[{"label":"Application launched","timestamp":1742637883.650281},{"label":"Initialize ARViewModel","timestamp":1742637883.650552},{"label":"Finished Initialize ARViewModel","timestamp":1742637883.652677},{"timestamp":1742637883.653142,"label":"Initialize RoomManager"},{"label":"Initialize BeaconManager","timestamp":1742637883.65315},{"timestamp":1742637883.653171,"label":"Fininshed Initialize BeaconManager"},{"label":"Fininshed Initialize RoomManager","timestamp":1742637883.653177},{"label":"ContentView Initialize","timestamp":1742637883.653181},{"label":"Initialize ARWorldMapManager","timestamp":1742637883.6544151},{"label":"Fininshed Initialize ARWorldMapManager","timestamp":1742637883.6544352},{"label":"Tracking Limited","timestamp":1742637884.0298119,"content":"Tracking is limited due to: initializing"},{"timestamp":1742637884.931199,"label":"Tracking Limited","content":"Tracking is limited due to: excessiveMotion"},{"timestamp":1742637885.019988,"label":"Room Update","content":{"id":"3F39F93D-AB52-4382-80AA-E0ED5264C1F0","name":"Test Room"}},{"timestamp":1742637885.02002,"content":{"name":"Test Room","id":"3F39F93D-AB52-4382-80AA-E0ED5264C1F0"},"label":"Downloading WorldMap"},{"content":{"id":"3F39F93D-AB52-4382-80AA-E0ED5264C1F0","name":"Test Room"},"label":"Finished Downloading WorldMap","timestamp":1742637885.583447},{"timestamp":1742637885.746488,"label":"Tracking Limited","content":"Tracking is limited due to: initializing"},{"timestamp":1742637886.846062,"label":"Tracking Limited","content":"Tracking is limited due to: relocalizing"},{"label":"Bunny didAdd","content":{"identifier":"B08E24AE-6649-4FDC-AC88-299C0F4ABC29","transform":{"columns":[[0.99652475,-0.0011311637,-0.08328969,0],[0.0012247307,0.99999833,0.0010723146,0],[0.08328837,-0.0011705958,0.9965247,0],[-0.034224045,-0.6027027,-0.3153559,1]]},"name":"bunny"},"timestamp":1742637888.579077},{"content":{"extent":[2.897366,6.3549504,2.8250825],"center":[0.017977595,-3.4130828,0.4619192]},"label":"Tracking Available","timestamp":1742637888.613853},{"content":{"transform":{"columns":[[0.99652475,-0.0011311637,-0.08328969,0],[0.0012247305,0.99999815,0.0010723145,0],[0.08328838,-0.0011705958,0.99652475,0],[-0.034224045,-0.6027027,-0.3153559,1]]},"identifier":"B08E24AE-6649-4FDC-AC88-299C0F4ABC29","name":"bunny"},"label":"Bunny didUpdate","timestamp":1742637888.6139011},{"timestamp":1742637890.190113,"content":{"transform":{"columns":[[0.9755425,0.005829282,-0.21973327,0],[0.21971147,0.0041544167,0.9755559,0],[0.006599653,-0.99997437,0.0027720565,0],[-0.2763614,-0.65062904,0.060931176,1]]},"name":"Car","identifier":"FF85DBE1-76D3-E459-2D24-8EDCEE263300"},"label":"ARImageAnchor didAdd"},{"content":{"identifier":"FF85DBE1-76D3-E459-2D24-8EDCEE263300","name":"Car","transform":{"columns":[[0.9755425,0.005829282,-0.21973327,0],[0.21971147,0.0041544167,0.9755559,0],[0.006599653,-0.99997437,0.0027720565,0],[-0.2763614,-0.65062904,0.060931176,1]]}},"timestamp":1742637890.2004251,"label":"ARImageAnchor didUpdate"},{"label":"ARImageAnchor didAdd","timestamp":1742637892.793119,"content":{"identifier":"088EF783-5990-B052-BE99-B8AA15BA6C68","transform":{"columns":[[0.96323156,-0.0020449809,-0.2686641,0],[0.2686634,0.015281943,0.9631127,0],[0.002136163,-0.99988097,0.015269463,0],[-1.3922136,0.60632324,-0.23269889,0.9999999]]},"name":"Earth"}},{"timestamp":1742637892.824642,"content":{"transform":{"columns":[[0.96323156,-0.0020449809,-0.2686641,0],[0.2686634,0.015281943,0.9631127,0],[0.002136163,-0.99988097,0.015269463,0],[-1.3922136,0.60632324,-0.23269889,0.9999999]]},"identifier":"088EF783-5990-B052-BE99-B8AA15BA6C68","name":"Earth"},"label":"ARImageAnchor didUpdate"},{"label":"ARImageAnchor didAdd","content":{"name":"Sailboat","transform":{"columns":[[0.9618708,0.0019892815,-0.27349645,0],[0.27343285,0.01576229,0.9617617,0],[0.0062241475,-0.99987376,0.014617358,0],[0.37706977,0.78114927,-0.72455996,1]]},"identifier":"C35EAC54-3E90-1B97-807B-5E3B8F238DB7"},"timestamp":1742637895.4233232},{"label":"ARImageAnchor didUpdate","timestamp":1742637895.441165,"content":{"identifier":"C35EAC54-3E90-1B97-807B-5E3B8F238DB7","name":"Sailboat","transform":{"columns":[[0.9618708,0.0019892815,-0.27349645,0],[0.27343285,0.01576229,0.9617617,0],[0.0062241475,-0.99987376,0.014617358,0],[0.37706977,0.78114927,-0.72455996,1]]}}},{"label":"ARImageAnchor didAdd","timestamp":1742637897.556705,"content":{"transform":{"columns":[[-0.24263175,-0.039485723,-0.96931434,0],[0.9700639,0.0007003164,-0.2428479,0],[0.010267863,-0.99921983,0.038133744,0],[0.36515677,-0.6579929,-0.1948446,0.9999999]]},"name":"Lenna","identifier":"6BAD7D5D-D14A-EF93-1C8B-F6BEC80B8329"}},{"label":"ARImageAnchor didUpdate","timestamp":1742637897.56656,"content":{"identifier":"6BAD7D5D-D14A-EF93-1C8B-F6BEC80B8329","name":"Lenna","transform":{"columns":[[-0.24263175,-0.039485723,-0.96931434,0],[0.9700639,0.0007003164,-0.2428479,0],[0.010267863,-0.99921983,0.038133744,0],[0.36515677,-0.6579929,-0.1948446,0.9999999]]}}},{"timestamp":1742637899.158309,"content":{"name":"Mandrill","identifier":"A19C2489-597B-2BED-432C-244B551E75FD","transform":{"columns":[[0.2710251,-0.009154837,0.9625287,0],[-0.9611035,0.05264519,0.27112448,0],[-0.05315461,-0.9985713,0.0054694284,0],[1.1995462,0.8012275,-0.37178484,1.0000001]]}},"label":"ARImageAnchor didAdd"},{"label":"ARImageAnchor didUpdate","content":{"identifier":"A19C2489-597B-2BED-432C-244B551E75FD","transform":{"columns":[[0.2710251,-0.009154837,0.9625287,0],[-0.9611035,0.05264519,0.27112448,0],[-0.05315461,-0.9985713,0.0054694284,0],[1.1995462,0.8012275,-0.37178484,1.0000001]]},"name":"Mandrill"},"timestamp":1742637899.165267},{"content":{"name":"Mandrill","transform":{"columns":[[0.27330512,-0.0155810295,0.9618011,0],[-0.9604394,0.051171374,0.27374712,0],[-0.053481955,-0.99856824,-0.000979232,0],[1.2157935,0.80289054,-0.34923732,1]]},"identifier":"A19C2489-597B-2BED-432C-244B551E75FD"},"timestamp":1742637899.679513,"label":"ARImageAnchor didUpdate"},{"timestamp":1742637899.707302,"label":"ARImageAnchor didUpdate","content":{"identifier":"A19C2489-597B-2BED-432C-244B551E75FD","name":"Mandrill","transform":{"columns":[[0.27330512,-0.0155810295,0.9618011,0],[-0.9604394,0.051171374,0.27374712,0],[-0.053481955,-0.99856824,-0.000979232,0],[1.2157935,0.80289054,-0.34923732,1]]}}},{"label":"ARImageAnchor didAdd","content":{"identifier":"61BB3DDD-C96C-6E82-3432-BD712CCBCB28","transform":{"columns":[[0.26570573,-0.008484452,0.96401674,0],[-0.9640383,-0.008034489,0.26564097,0],[0.0054915603,-0.99993163,-0.010314147,0],[1.4890363,0.17696287,0.3454785,1]]},"name":"Peppers"},"timestamp":1742637900.757957},{"label":"ARImageAnchor didUpdate","timestamp":1742637900.76582,"content":{"name":"Peppers","identifier":"61BB3DDD-C96C-6E82-3432-BD712CCBCB28","transform":{"columns":[[0.26570573,-0.008484452,0.96401674,0],[-0.9640383,-0.008034489,0.26564097,0],[0.0054915603,-0.99993163,-0.010314147,0],[1.4890363,0.17696287,0.3454785,1]]}}}]