[{"timestamp":1742643679.714799,"label":"Application launched"},{"timestamp":1742643679.715013,"label":"Initialize ARViewModel"},{"timestamp":1742643679.717468,"label":"Finished Initialize ARViewModel"},{"label":"Initialize RoomManager","timestamp":1742643679.717808},{"timestamp":1742643679.7178369,"label":"Initialize BeaconManager"},{"timestamp":1742643679.7178988,"label":"Fininshed Initialize BeaconManager"},{"timestamp":1742643679.717917,"label":"Fininshed Initialize RoomManager"},{"timestamp":1742643679.717936,"label":"ContentView Initialize"},{"label":"Initialize ARWorldMapManager","timestamp":1742643679.719322},{"timestamp":1742643679.719393,"label":"Fininshed Initialize ARWorldMapManager"},{"label":"Tracking Limited","content":"Tracking is limited due to: initializing","timestamp":1742643680.101918},{"label":"Room Update","timestamp":1742643681.010007,"content":{"id":"3F39F93D-AB52-4382-80AA-E0ED5264C1F0","name":"Test Room"}},{"content":{"id":"3F39F93D-AB52-4382-80AA-E0ED5264C1F0","name":"Test Room"},"label":"Downloading WorldMap","timestamp":1742643681.010065},{"timestamp":1742643681.599349,"content":{"id":"3F39F93D-AB52-4382-80AA-E0ED5264C1F0","name":"Test Room"},"label":"Finished Downloading WorldMap"},{"label":"Tracking Limited","timestamp":1742643681.767476,"content":"Tracking is limited due to: initializing"},{"content":"Tracking is limited due to: relocalizing","timestamp":1742643682.817212,"label":"Tracking Limited"},{"label":"Bunny didAdd","content":{"identifier":"B08E24AE-6649-4FDC-AC88-299C0F4ABC29","transform":{"columns":[[0.99652475,-0.0011311637,-0.08328969,0],[0.0012247307,0.99999833,0.0010723146,0],[0.08328837,-0.0011705958,0.9965247,0],[-0.034224045,-0.6027027,-0.3153559,1]]},"name":"bunny"},"timestamp":1742643684.4495301},{"timestamp":1742643684.481674,"content":{"center":[0.017977595,-3.4131691,0.45404088],"extent":[2.897366,6.354778,2.8408394]},"label":"Tracking Available"},{"label":"Bunny didUpdate","content":{"transform":{"columns":[[0.99652475,-0.0011311637,-0.08328969,0],[0.0012247305,0.99999815,0.0010723145,0],[0.08328838,-0.0011705958,0.99652475,0],[-0.034224045,-0.6027027,-0.3153559,1]]},"name":"bunny","identifier":"B08E24AE-6649-4FDC-AC88-299C0F4ABC29"},"timestamp":1742643684.481711},{"content":{"identifier":"FF85DBE1-76D3-E459-2D24-8EDCEE263300","transform":{"columns":[[0.97421384,0.00974697,-0.22541513,0],[0.22530478,0.011247135,0.97422326,0],[0.012030987,-0.9998891,0.008761081,0],[-0.27458403,-0.6556193,0.056466937,1]]},"name":"Car"},"label":"ARImageAnchor didAdd","timestamp":1742643686.6942291},{"content":{"identifier":"FF85DBE1-76D3-E459-2D24-8EDCEE263300","name":"Car","transform":{"columns":[[0.97421384,0.00974697,-0.22541513,0],[0.22530478,0.011247135,0.97422326,0],[0.012030987,-0.9998891,0.008761081,0],[-0.27458403,-0.6556193,0.056466937,1]]}},"label":"ARImageAnchor didUpdate","timestamp":1742643686.704916},{"timestamp":1742643689.84708,"label":"ARImageAnchor didAdd","content":{"transform":{"columns":[[0.95693934,-0.00096187956,-0.29028606,0],[0.29012454,-0.030346906,0.9565075,0],[-0.00972933,-0.99953896,-0.02876108,0],[-1.3913062,0.60081315,-0.21401846,1]]},"name":"Earth","identifier":"088EF783-5990-B052-BE99-B8AA15BA6C68"}},{"label":"ARImageAnchor didUpdate","content":{"name":"Earth","transform":{"columns":[[0.95693934,-0.00096187956,-0.29028606,0],[0.29012454,-0.030346906,0.9565075,0],[-0.00972933,-0.99953896,-0.02876108,0],[-1.3913062,0.60081315,-0.21401846,1]]},"identifier":"088EF783-5990-B052-BE99-B8AA15BA6C68"},"timestamp":1742643689.850792},{"timestamp":1742643693.990067,"label":"Bunny didUpdate","content":{"name":"bunny","transform":{"columns":[[0.99652475,-0.0011311637,-0.08328969,0],[0.0012247302,0.999998,0.0010723142,0],[0.08328838,-0.0011705959,0.9965248,0],[-0.034224045,-0.6027027,-0.3153559,1]]},"identifier":"B08E24AE-6649-4FDC-AC88-299C0F4ABC29"}},{"timestamp":1742643694.289085,"label":"Bunny didUpdate","content":{"transform":{"columns":[[0.99652475,-0.0011311637,-0.08328969,0],[0.00122473,0.9999978,0.001072314,0],[0.08328838,-0.0011705959,0.9965248,0],[-0.034224045,-0.6027027,-0.3153559,1]]},"name":"bunny","identifier":"B08E24AE-6649-4FDC-AC88-299C0F4ABC29"}},{"timestamp":1742643694.5603929,"label":"ARImageAnchor didAdd","content":{"transform":{"columns":[[-0.25848007,-0.03509298,-0.9653788,0],[0.9656673,-0.036250006,-0.25723958,0],[-0.025967635,-0.99872637,0.04325805,0],[0.4034525,-0.65482986,-0.20519644,1]]},"name":"Lenna","identifier":"6BAD7D5D-D14A-EF93-1C8B-F6BEC80B8329"}},{"timestamp":1742643694.571939,"label":"ARImageAnchor didUpdate","content":{"identifier":"6BAD7D5D-D14A-EF93-1C8B-F6BEC80B8329","transform":{"columns":[[-0.25848007,-0.03509298,-0.9653788,0],[0.9656673,-0.036250006,-0.25723958,0],[-0.025967635,-0.99872637,0.04325805,0],[0.4034525,-0.65482986,-0.20519644,1]]},"name":"Lenna"}},{"timestamp":1742643698.243439,"label":"ARImageAnchor didAdd","content":{"identifier":"C35EAC54-3E90-1B97-807B-5E3B8F238DB7","name":"Sailboat","transform":{"columns":[[0.96016496,0.003916979,-0.27940604,0],[0.2794157,-0.0021717765,0.9601676,0],[0.00315415,-0.99998987,-0.0031797253,0],[0.40458706,0.7649855,-0.689919,1]]}}},{"timestamp":1742643698.268777,"label":"ARImageAnchor didUpdate","content":{"transform":{"columns":[[0.96016496,0.003916979,-0.27940604,0],[0.2794157,-0.0021717765,0.9601676,0],[0.00315415,-0.99998987,-0.0031797253,0],[0.40458706,0.7649855,-0.689919,1]]},"identifier":"C35EAC54-3E90-1B97-807B-5E3B8F238DB7","name":"Sailboat"}},{"timestamp":1742643699.810097,"label":"ARImageAnchor didAdd","content":{"name":"Mandrill","identifier":"A19C2489-597B-2BED-432C-244B551E75FD","transform":{"columns":[[0.23071133,-0.018871343,0.97283906,0],[-0.9701213,0.07268265,0.23147672,0],[-0.0750768,-0.9971764,-0.0015387835,0],[1.2468547,0.7975101,-0.3471501,0.99999994]]}}},{"timestamp":1742643699.845972,"content":{"identifier":"A19C2489-597B-2BED-432C-244B551E75FD","name":"Mandrill","transform":{"columns":[[0.23071133,-0.018871343,0.97283906,0],[-0.9701213,0.07268265,0.23147672,0],[-0.0750768,-0.9971764,-0.0015387835,0],[1.2468547,0.7975101,-0.3471501,0.99999994]]}},"label":"ARImageAnchor didUpdate"},{"label":"ARImageAnchor didUpdate","content":{"transform":{"columns":[[0.26549777,-0.012937792,0.96402454,0],[-0.96254206,0.05347156,0.2658071,0],[-0.0549869,-0.99848545,0.001743422,0],[1.2410161,0.7981959,-0.35160255,1]]},"identifier":"A19C2489-597B-2BED-432C-244B551E75FD","name":"Mandrill"},"timestamp":1742643700.336163},{"timestamp":1742643700.369643,"content":{"name":"Mandrill","identifier":"A19C2489-597B-2BED-432C-244B551E75FD","transform":{"columns":[[0.26549777,-0.012937792,0.96402454,0],[-0.96254206,0.05347156,0.2658071,0],[-0.0549869,-0.99848545,0.001743422,0],[1.2410161,0.7981959,-0.35160255,1]]}},"label":"ARImageAnchor didUpdate"},{"content":{"transform":{"columns":[[0.26160163,-0.0051240874,0.9651621,0],[-0.9651725,-0.0039409027,0.26158354,0],[0.002463203,-0.999979,-0.005976579,0],[1.51685,0.18345347,0.3351828,0.99999994]]},"identifier":"61BB3DDD-C96C-6E82-3432-BD712CCBCB28","name":"Peppers"},"label":"ARImageAnchor didAdd","timestamp":1742643702.462538},{"timestamp":1742643702.470286,"label":"ARImageAnchor didUpdate","content":{"transform":{"columns":[[0.26160163,-0.0051240874,0.9651621,0],[-0.9651725,-0.0039409027,0.26158354,0],[0.002463203,-0.999979,-0.005976579,0],[1.51685,0.18345347,0.3351828,0.99999994]]},"identifier":"61BB3DDD-C96C-6E82-3432-BD712CCBCB28","name":"Peppers"}},{"label":"Bunny didUpdate","timestamp":1742643709.087506,"content":{"name":"bunny","transform":{"columns":[[0.99652475,-0.0011311637,-0.08328969,0],[0.0012247298,0.9999976,0.0010723138,0],[0.08328838,-0.0011705959,0.9965248,0],[-0.034224045,-0.6027027,-0.3153559,1]]},"identifier":"B08E24AE-6649-4FDC-AC88-299C0F4ABC29"}},{"timestamp":1742643709.395204,"label":"Bunny didUpdate","content":{"name":"bunny","identifier":"B08E24AE-6649-4FDC-AC88-299C0F4ABC29","transform":{"columns":[[0.99652475,-0.0011311637,-0.08328969,0],[0.0012247296,0.99999744,0.0010723136,0],[0.08328838,-0.0011705959,0.9965248,0],[-0.034224045,-0.6027027,-0.3153559,1]]}}},{"timestamp":1742643709.887008,"label":"Bunny didUpdate","content":{"identifier":"B08E24AE-6649-4FDC-AC88-299C0F4ABC29","transform":{"columns":[[0.99652475,-0.0011311637,-0.08328969,0],[0.0012247293,0.99999726,0.0010723134,0],[0.08328838,-0.0011705959,0.9965248,0],[-0.034224045,-0.6027027,-0.3153559,1]]},"name":"bunny"}},{"timestamp":1742643710.195081,"content":{"name":"bunny","identifier":"B08E24AE-6649-4FDC-AC88-299C0F4ABC29","transform":{"columns":[[0.99652475,-0.0011311637,-0.08328969,0],[0.0012247292,0.9999971,0.0010723132,0],[0.08328838,-0.0011705959,0.9965248,0],[-0.034224045,-0.6027027,-0.3153559,1]]}},"label":"Bunny didUpdate"},{"timestamp":1742643718.134543,"content":{"name":"Peppers","transform":{"columns":[[0.27603015,-0.010615734,0.96109027,0],[-0.9611236,-0.010282371,0.27592614,0],[0.006953116,-0.99989074,-0.013041285,0],[1.4937723,0.18388891,0.35443157,1]]},"identifier":"61BB3DDD-C96C-6E82-3432-BD712CCBCB28"},"label":"ARImageAnchor didUpdate"},{"content":{"identifier":"61BB3DDD-C96C-6E82-3432-BD712CCBCB28","name":"Peppers","transform":{"columns":[[0.27603015,-0.010615734,0.96109027,0],[-0.9611236,-0.010282371,0.27592614,0],[0.006953116,-0.99989074,-0.013041285,0],[1.4937723,0.18388891,0.35443157,1]]}},"timestamp":1742643718.160878,"label":"ARImageAnchor didUpdate"},{"timestamp":1742643720.733957,"label":"ARImageAnchor didUpdate","content":{"identifier":"A19C2489-597B-2BED-432C-244B551E75FD","transform":{"columns":[[0.26318842,-0.010652382,0.96468544,0],[-0.962855,0.059648097,0.26334774,0],[-0.060346954,-0.99816257,0.0054420372,0],[1.2345928,0.8046596,-0.33843577,1]]},"name":"Mandrill"}},{"timestamp":1742643720.760668,"label":"ARImageAnchor didUpdate","content":{"transform":{"columns":[[0.26318842,-0.010652382,0.96468544,0],[-0.962855,0.059648097,0.26334774,0],[-0.060346954,-0.99816257,0.0054420372,0],[1.2345928,0.8046596,-0.33843577,1]]},"name":"Mandrill","identifier":"A19C2489-597B-2BED-432C-244B551E75FD"}},{"timestamp":1742643722.310875,"label":"ARImageAnchor didUpdate","content":{"name":"Sailboat","identifier":"C35EAC54-3E90-1B97-807B-5E3B8F238DB7","transform":{"columns":[[0.96279305,0.0043615694,-0.27020383,0],[0.2701472,0.010529577,0.96276134,0],[0.0070442823,-0.999935,0.008959536,0],[0.38013834,0.7764163,-0.70717895,1.0000001]]}}},{"label":"ARImageAnchor didUpdate","content":{"identifier":"C35EAC54-3E90-1B97-807B-5E3B8F238DB7","name":"Sailboat","transform":{"columns":[[0.96279305,0.0043615694,-0.27020383,0],[0.2701472,0.010529577,0.96276134,0],[0.0070442823,-0.999935,0.008959536,0],[0.38013834,0.7764163,-0.70717895,1.0000001]]}},"timestamp":1742643722.3438668}]