[{"timestamp":1742646024.263931,"label":"Application launched"},{"label":"Initialize ARViewModel","timestamp":1742646024.2641358},{"label":"Finished Initialize ARViewModel","timestamp":1742646024.265933},{"timestamp":1742646024.265952,"label":"Initialize RoomManager"},{"timestamp":1742646024.2659569,"label":"Initialize BeaconManager"},{"label":"Fininshed Initialize BeaconManager","timestamp":1742646024.2659678},{"timestamp":1742646024.265973,"label":"Fininshed Initialize RoomManager"},{"timestamp":1742646024.265976,"label":"ContentView Initialize"},{"timestamp":1742646024.2663999,"label":"Initialize ARWorldMapManager"},{"timestamp":1742646024.266408,"label":"Fininshed Initialize ARWorldMapManager"},{"content":"Tracking is limited due to: initializing","label":"Tracking Limited","timestamp":1742646024.553597},{"content":{"name":"Test Room","id":"3F39F93D-AB52-4382-80AA-E0ED5264C1F0"},"label":"Room Update","timestamp":1742646025.613975},{"label":"Downloading WorldMap","content":{"name":"Test Room","id":"3F39F93D-AB52-4382-80AA-E0ED5264C1F0"},"timestamp":1742646025.6139941},{"content":{"name":"Test Room","id":"3F39F93D-AB52-4382-80AA-E0ED5264C1F0"},"timestamp":1742646026.1685848,"label":"Finished Downloading WorldMap"},{"label":"Tracking Limited","content":"Tracking is limited due to: initializing","timestamp":1742646026.321536},{"label":"Tracking Limited","timestamp":1742646027.373049,"content":"Tracking is limited due to: relocalizing"},{"label":"Bunny didAdd","content":{"identifier":"B08E24AE-6649-4FDC-AC88-299C0F4ABC29","transform":{"columns":[[0.99652475,-0.0011311637,-0.08328969,0],[0.0012247307,0.99999833,0.0010723146,0],[0.08328837,-0.0011705958,0.9965247,0],[-0.034224045,-0.6027027,-0.3153559,1]]},"name":"bunny"},"timestamp":1742646028.9062428},{"label":"Tracking Available","content":{"center":[0.017977595,-3.4131691,0.45404088],"extent":[2.897366,6.354778,2.8408394]},"timestamp":1742646028.950861},{"label":"Bunny didUpdate","content":{"identifier":"B08E24AE-6649-4FDC-AC88-299C0F4ABC29","name":"bunny","transform":{"columns":[[0.99652475,-0.0011311637,-0.08328969,0],[0.0012247305,0.99999815,0.0010723145,0],[0.08328838,-0.0011705958,0.99652475,0],[-0.034224045,-0.6027027,-0.3153559,1]]}},"timestamp":1742646028.950942},{"timestamp":1742646032.80058,"label":"ARImageAnchor didAdd","content":{"name":"Car","identifier":"FF85DBE1-76D3-E459-2D24-8EDCEE263300","transform":{"columns":[[0.9773145,0.012939866,-0.21139681,0],[0.21120626,0.0146689685,0.97733134,0],[0.015747508,-0.99980867,0.011603193,0],[-0.2756884,-0.6540122,0.04716912,1]]}}},{"label":"ARImageAnchor didUpdate","content":{"name":"Car","identifier":"FF85DBE1-76D3-E459-2D24-8EDCEE263300","transform":{"columns":[[0.9773145,0.012939866,-0.21139681,0],[0.21120626,0.0146689685,0.97733134,0],[0.015747508,-0.99980867,0.011603193,0],[-0.2756884,-0.6540122,0.04716912,1]]}},"timestamp":1742646032.8334332},{"timestamp":1742646035.4151669,"label":"ARImageAnchor didAdd","content":{"transform":{"columns":[[0.9587267,-0.002257669,-0.28431958,0],[0.2840711,-0.03493923,0.9581663,0],[-0.012097131,-0.9993868,-0.03285584,0],[-1.3803499,0.6058255,-0.22577173,1]]},"identifier":"088EF783-5990-B052-BE99-B8AA15BA6C68","name":"Earth"}},{"label":"ARImageAnchor didUpdate","timestamp":1742646035.438566,"content":{"transform":{"columns":[[0.9587267,-0.002257669,-0.28431958,0],[0.2840711,-0.03493923,0.9581663,0],[-0.012097131,-0.9993868,-0.03285584,0],[-1.3803499,0.6058255,-0.22577173,1]]},"name":"Earth","identifier":"088EF783-5990-B052-BE99-B8AA15BA6C68"}},{"label":"ARImageAnchor didAdd","content":{"identifier":"6BAD7D5D-D14A-EF93-1C8B-F6BEC80B8329","transform":{"columns":[[-0.24924389,-0.034402788,-0.96782935,0],[0.96815544,-0.033100735,-0.24815127,0],[-0.023498759,-0.9988597,0.041557405,0],[0.38824457,-0.6655537,-0.21778786,1]]},"name":"Lenna"},"timestamp":1742646039.065135},{"timestamp":1742646039.075214,"label":"ARImageAnchor didUpdate","content":{"name":"Lenna","transform":{"columns":[[-0.24924389,-0.034402788,-0.96782935,0],[0.96815544,-0.033100735,-0.24815127,0],[-0.023498759,-0.9988597,0.041557405,0],[0.38824457,-0.6655537,-0.21778786,1]]},"identifier":"6BAD7D5D-D14A-EF93-1C8B-F6BEC80B8329"}},{"timestamp":1742646039.60044,"content":{"name":"Lenna","identifier":"6BAD7D5D-D14A-EF93-1C8B-F6BEC80B8329","transform":{"columns":[[-0.2525769,-0.0356495,-0.9669198,0],[0.9674798,0.004835573,-0.25290146,0],[0.013691422,-0.99935263,0.033268824,0],[0.38838327,-0.6600955,-0.21249174,1.0000001]]}},"label":"ARImageAnchor didUpdate"},{"timestamp":1742646039.633548,"label":"ARImageAnchor didUpdate","content":{"transform":{"columns":[[-0.2525769,-0.0356495,-0.9669198,0],[0.9674798,0.004835573,-0.25290146,0],[0.013691422,-0.99935263,0.033268824,0],[0.38838327,-0.6600955,-0.21249174,1.0000001]]},"name":"Lenna","identifier":"6BAD7D5D-D14A-EF93-1C8B-F6BEC80B8329"}},{"label":"ARImageAnchor didAdd","content":{"identifier":"C35EAC54-3E90-1B97-807B-5E3B8F238DB7","transform":{"columns":[[0.96613634,-0.00030875194,-0.258031,0],[0.2580279,0.0062290127,0.9661172,0],[0.001308988,-0.9999805,0.0060977247,0],[0.39525953,0.7763703,-0.7220893,0.99999994]]},"name":"Sailboat"},"timestamp":1742646041.717015},{"label":"ARImageAnchor didUpdate","content":{"identifier":"C35EAC54-3E90-1B97-807B-5E3B8F238DB7","transform":{"columns":[[0.96613634,-0.00030875194,-0.258031,0],[0.2580279,0.0062290127,0.9661172,0],[0.001308988,-0.9999805,0.0060977247,0],[0.39525953,0.7763703,-0.7220893,0.99999994]]},"name":"Sailboat"},"timestamp":1742646041.750193},{"label":"ARImageAnchor didAdd","timestamp":1742646043.300375,"content":{"identifier":"A19C2489-597B-2BED-432C-244B551E75FD","transform":{"columns":[[0.2546948,-0.01604042,0.9668883,0],[-0.96538407,0.053940397,0.2551935,0],[-0.05624778,-0.99841523,-0.0017468028,0],[1.2409866,0.79844725,-0.3594593,1]]},"name":"Mandrill"}},{"timestamp":1742646043.3068829,"label":"ARImageAnchor didUpdate","content":{"identifier":"A19C2489-597B-2BED-432C-244B551E75FD","transform":{"columns":[[0.2546948,-0.01604042,0.9668883,0],[-0.96538407,0.053940397,0.2551935,0],[-0.05624778,-0.99841523,-0.0017468028,0],[1.2409866,0.79844725,-0.3594593,1]]},"name":"Mandrill"}},{"content":{"name":"Peppers","identifier":"61BB3DDD-C96C-6E82-3432-BD712CCBCB28","transform":{"columns":[[0.24383387,-0.005759309,0.9697997,0],[-0.96975404,0.009929749,0.24388136,0],[-0.011034459,-0.999934,-0.0031638986,0],[1.4999751,0.17888784,0.3275321,1]]}},"label":"ARImageAnchor didAdd","timestamp":1742646044.8982081},{"timestamp":1742646044.9048839,"content":{"identifier":"61BB3DDD-C96C-6E82-3432-BD712CCBCB28","name":"Peppers","transform":{"columns":[[0.24383387,-0.005759309,0.9697997,0],[-0.96975404,0.009929749,0.24388136,0],[-0.011034459,-0.999934,-0.0031638986,0],[1.4999751,0.17888784,0.3275321,1]]}},"label":"ARImageAnchor didUpdate"},{"timestamp":1742646053.89145,"label":"ARImageAnchor didUpdate","content":{"identifier":"6BAD7D5D-D14A-EF93-1C8B-F6BEC80B8329","transform":{"columns":[[-0.23606224,-0.034061708,-0.9711406,0],[0.97173506,-0.010652218,-0.23583311,0],[-0.0023119387,-0.9993629,0.035613533,0],[0.3775068,-0.6671756,-0.20369701,0.99999994]]},"name":"Lenna"}},{"content":{"identifier":"6BAD7D5D-D14A-EF93-1C8B-F6BEC80B8329","transform":{"columns":[[-0.23606224,-0.034061708,-0.9711406,0],[0.97173506,-0.010652218,-0.23583311,0],[-0.0023119387,-0.9993629,0.035613533,0],[0.3775068,-0.6671756,-0.20369701,0.99999994]]},"name":"Lenna"},"timestamp":1742646053.91744,"label":"ARImageAnchor didUpdate"},{"timestamp":1742646054.458373,"label":"Bunny didUpdate","content":{"identifier":"B08E24AE-6649-4FDC-AC88-299C0F4ABC29","name":"bunny","transform":{"columns":[[0.99652475,-0.0011311637,-0.08328969,0],[0.0012247302,0.999998,0.0010723142,0],[0.08328838,-0.0011705959,0.9965248,0],[-0.034224045,-0.6027027,-0.3153559,1]]}}},{"timestamp":1742646055.266666,"label":"Bunny didUpdate","content":{"identifier":"B08E24AE-6649-4FDC-AC88-299C0F4ABC29","transform":{"columns":[[0.99652475,-0.0011311637,-0.08328969,0],[0.00122473,0.9999978,0.001072314,0],[0.08328838,-0.0011705959,0.9965248,0],[-0.034224045,-0.6027027,-0.3153559,1]]},"name":"bunny"}}]