[{"label":"Application launched","timestamp":1742664735.18886},{"timestamp":1742664735.189024,"label":"Initialize ARViewModel"},{"timestamp":1742664735.200964,"label":"Finished Initialize ARViewModel"},{"label":"Initialize RoomManager","timestamp":1742664735.201004},{"label":"Initialize BeaconManager","timestamp":1742664735.2010078},{"timestamp":1742664735.20103,"label":"Fininshed Initialize BeaconManager"},{"timestamp":1742664735.201036,"label":"Fininshed Initialize RoomManager"},{"label":"ContentView Initialize","timestamp":1742664735.2010388},{"timestamp":1742664735.20854,"label":"Initialize ARWorldMapManager"},{"label":"Fininshed Initialize ARWorldMapManager","timestamp":1742664735.208606},{"timestamp":1742664735.257382,"content":"Tracking is limited due to: initializing","label":"Tracking Limited"},{"label":"Tracking Limited","content":"Tracking is limited due to: excessiveMotion","timestamp":1742664736.288861},{"label":"Room Update","content":{"name":"Test Room","id":"3F39F93D-AB52-4382-80AA-E0ED5264C1F0"},"timestamp":1742664736.4870129},{"content":{"name":"Test Room","id":"3F39F93D-AB52-4382-80AA-E0ED5264C1F0"},"timestamp":1742664736.487083,"label":"Downloading WorldMap"},{"timestamp":1742664737.118129,"label":"Finished Downloading WorldMap","content":{"id":"3F39F93D-AB52-4382-80AA-E0ED5264C1F0","name":"Test Room"}},{"timestamp":1742664737.293406,"label":"Tracking Limited","content":"Tracking is limited due to: initializing"},{"label":"Tracking Limited","content":"Tracking is limited due to: relocalizing","timestamp":1742664738.3726358},{"content":{"name":"bunny","transform":{"columns":[[0.99652475,-0.0011311637,-0.08328969,0],[0.0012247307,0.99999833,0.0010723146,0],[0.08328837,-0.0011705958,0.9965247,0],[-0.034224045,-0.6027027,-0.3153559,1]]},"identifier":"B08E24AE-6649-4FDC-AC88-299C0F4ABC29"},"timestamp":1742664752.092782,"label":"Bunny didAdd"},{"content":{"center":[0.067815185,-3.4131691,0.45404088],"extent":[2.9970412,6.354778,2.8408394]},"timestamp":1742664752.1550741,"label":"Tracking Available"},{"content":{"identifier":"B08E24AE-6649-4FDC-AC88-299C0F4ABC29","transform":{"columns":[[0.99652475,-0.0011311637,-0.08328969,0],[0.0012247305,0.99999815,0.0010723145,0],[0.08328838,-0.0011705958,0.99652475,0],[-0.034224045,-0.6027027,-0.3153559,1]]},"name":"bunny"},"label":"Bunny didUpdate","timestamp":1742664752.1551309},{"timestamp":1742664754.8823252,"label":"ARImageAnchor didAdd","content":{"identifier":"FF85DBE1-76D3-E459-2D24-8EDCEE263300","transform":{"columns":[[0.97529954,0.010087188,-0.22065537,0],[0.22062868,0.0036958088,0.9753507,0],[0.010654041,-0.9999421,0.0013790283,0],[-0.27930453,-0.65254366,0.047775164,1]]},"name":"Car"}},{"timestamp":1742664754.8944612,"label":"ARImageAnchor didUpdate","content":{"transform":{"columns":[[0.97529954,0.010087188,-0.22065537,0],[0.22062868,0.0036958088,0.9753507,0],[0.010654041,-0.9999421,0.0013790283,0],[-0.27930453,-0.65254366,0.047775164,1]]},"identifier":"FF85DBE1-76D3-E459-2D24-8EDCEE263300","name":"Car"}},{"label":"ARImageAnchor didUpdate","content":{"identifier":"FF85DBE1-76D3-E459-2D24-8EDCEE263300","name":"Car","transform":{"columns":[[0.9721894,0.010476642,-0.23396124,0],[0.23391803,0.0051854183,0.9722423,0],[0.011399015,-0.99993163,0.0025905804,0],[-0.2805412,-0.6488271,0.04288891,1]]}},"timestamp":1742664755.409491},{"timestamp":1742664755.4265308,"content":{"identifier":"FF85DBE1-76D3-E459-2D24-8EDCEE263300","name":"Car","transform":{"columns":[[0.9721894,0.010476642,-0.23396124,0],[0.23391803,0.0051854183,0.9722423,0],[0.011399015,-0.99993163,0.0025905804,0],[-0.2805412,-0.6488271,0.04288891,1]]}},"label":"ARImageAnchor didUpdate"},{"timestamp":1742664758.0350351,"label":"ARImageAnchor didAdd","content":{"identifier":"088EF783-5990-B052-BE99-B8AA15BA6C68","transform":{"columns":[[0.9603375,0.007783356,-0.2787312,0],[0.2787032,0.004495429,0.9603666,0],[0.008727894,-0.99995965,0.002147885,0],[-1.368975,0.58576995,-0.23515353,0.99999994]]},"name":"Earth"}},{"timestamp":1742664758.039592,"label":"ARImageAnchor didUpdate","content":{"identifier":"088EF783-5990-B052-BE99-B8AA15BA6C68","transform":{"columns":[[0.9603375,0.007783356,-0.2787312,0],[0.2787032,0.004495429,0.9603666,0],[0.008727894,-0.99995965,0.002147885,0],[-1.368975,0.58576995,-0.23515353,0.99999994]]},"name":"Earth"}},{"timestamp":1742664758.5556831,"label":"ARImageAnchor didUpdate","content":{"identifier":"088EF783-5990-B052-BE99-B8AA15BA6C68","transform":{"columns":[[0.9647298,-0.00014105764,-0.26324156,0],[0.2632298,-0.008977436,0.9646913,0],[-0.0024993094,-0.99995965,-0.008623669,0],[-1.3818119,0.59487903,-0.22859159,1]]},"name":"Earth"}},{"label":"ARImageAnchor didUpdate","content":{"identifier":"088EF783-5990-B052-BE99-B8AA15BA6C68","name":"Earth","transform":{"columns":[[0.9647298,-0.00014105764,-0.26324156,0],[0.2632298,-0.008977436,0.9646913,0],[-0.0024993094,-0.99995965,-0.008623669,0],[-1.3818119,0.59487903,-0.22859159,1]]}},"timestamp":1742664758.5834851},{"label":"Bunny didUpdate","timestamp":1742664761.829329,"content":{"transform":{"columns":[[0.99652475,-0.0011311637,-0.08328969,0],[0.0012247302,0.999998,0.0010723142,0],[0.08328838,-0.0011705959,0.9965248,0],[-0.034224045,-0.6027027,-0.3153559,1]]},"name":"bunny","identifier":"B08E24AE-6649-4FDC-AC88-299C0F4ABC29"}},{"timestamp":1742664762.282045,"label":"ARImageAnchor didAdd","content":{"identifier":"6BAD7D5D-D14A-EF93-1C8B-F6BEC80B8329","transform":{"columns":[[-0.2342987,-0.03514519,-0.971529,0],[0.9721339,-0.00053765235,-0.23442508,0],[0.0077166483,-0.999382,0.0342918,0],[0.37892815,-0.6470679,-0.19594306,1]]},"name":"Lenna"}},{"timestamp":1742664762.2939858,"label":"ARImageAnchor didUpdate","content":{"name":"Lenna","identifier":"6BAD7D5D-D14A-EF93-1C8B-F6BEC80B8329","transform":{"columns":[[-0.2342987,-0.03514519,-0.971529,0],[0.9721339,-0.00053765235,-0.23442508,0],[0.0077166483,-0.999382,0.0342918,0],[0.37892815,-0.6470679,-0.19594306,1]]}}},{"timestamp":1742664762.808492,"label":"ARImageAnchor didUpdate","content":{"name":"Lenna","identifier":"6BAD7D5D-D14A-EF93-1C8B-F6BEC80B8329","transform":{"columns":[[-0.23505963,-0.035986178,-0.97131443,0],[0.97188586,-0.022667555,-0.23435807,0],[-0.013583673,-0.9990951,0.040302683,0],[0.38526094,-0.64008415,-0.19509804,1]]}}},{"label":"ARImageAnchor didUpdate","timestamp":1742664762.82528,"content":{"transform":{"columns":[[-0.23505963,-0.035986178,-0.97131443,0],[0.97188586,-0.022667555,-0.23435807,0],[-0.013583673,-0.9990951,0.040302683,0],[0.38526094,-0.64008415,-0.19509804,1]]},"name":"Lenna","identifier":"6BAD7D5D-D14A-EF93-1C8B-F6BEC80B8329"}},{"timestamp":1742664765.425754,"label":"Bunny didUpdate","content":{"transform":{"columns":[[0.99652475,-0.0011311637,-0.08328969,0],[0.00122473,0.9999978,0.001072314,0],[0.08328838,-0.0011705959,0.9965248,0],[-0.034224045,-0.6027027,-0.3153559,1]]},"identifier":"B08E24AE-6649-4FDC-AC88-299C0F4ABC29","name":"bunny"}},{"timestamp":1742664765.948505,"content":{"identifier":"C35EAC54-3E90-1B97-807B-5E3B8F238DB7","transform":{"columns":[[0.95974886,0.003737591,-0.28083402,0],[0.28052577,0.03593129,0.9591735,0],[0.01367573,-0.9993472,0.03343652,0],[0.38960698,0.7640597,-0.69430375,1]]},"name":"Sailboat"},"label":"ARImageAnchor didAdd"},{"timestamp":1742664765.956849,"label":"ARImageAnchor didUpdate","content":{"identifier":"C35EAC54-3E90-1B97-807B-5E3B8F238DB7","name":"Sailboat","transform":{"columns":[[0.95974886,0.003737591,-0.28083402,0],[0.28052577,0.03593129,0.9591735,0],[0.01367573,-0.9993472,0.03343652,0],[0.38960698,0.7640597,-0.69430375,1]]}}},{"content":{"transform":{"columns":[[0.9632636,0.0017672706,-0.26855132,0],[0.26792836,0.062064495,0.9614374,0],[0.018366626,-0.9980705,0.05931096,0],[0.38894156,0.7723129,-0.7008673,0.99999994]]},"name":"Sailboat","identifier":"C35EAC54-3E90-1B97-807B-5E3B8F238DB7"},"label":"ARImageAnchor didUpdate","timestamp":1742664766.4903522},{"timestamp":1742664766.51651,"label":"ARImageAnchor didUpdate","content":{"transform":{"columns":[[0.9632636,0.0017672706,-0.26855132,0],[0.26792836,0.062064495,0.9614374,0],[0.018366626,-0.9980705,0.05931096,0],[0.38894156,0.7723129,-0.7008673,0.99999994]]},"name":"Sailboat","identifier":"C35EAC54-3E90-1B97-807B-5E3B8F238DB7"}},{"timestamp":1742664767.548465,"label":"ARImageAnchor didAdd","content":{"identifier":"A19C2489-597B-2BED-432C-244B551E75FD","transform":{"columns":[[0.27035835,-0.018050035,0.96259034,0],[-0.9622815,0.026434824,0.2707673,0],[-0.030333268,-0.99948734,-0.010222342,0],[1.235739,0.7966934,-0.34191477,0.9999999]]},"name":"Mandrill"}},{"label":"ARImageAnchor didUpdate","content":{"transform":{"columns":[[0.27035835,-0.018050035,0.96259034,0],[-0.9622815,0.026434824,0.2707673,0],[-0.030333268,-0.99948734,-0.010222342,0],[1.235739,0.7966934,-0.34191477,0.9999999]]},"identifier":"A19C2489-597B-2BED-432C-244B551E75FD","name":"Mandrill"},"timestamp":1742664767.555811},{"label":"ARImageAnchor didUpdate","content":{"transform":{"columns":[[0.2666326,-0.013001788,0.96371037,0],[-0.9630591,0.03555182,0.2669321,0],[-0.03773226,-0.99928313,-0.0030422194,0],[1.2250836,0.7977464,-0.3477543,0.99999994]]},"name":"Mandrill","identifier":"A19C2489-597B-2BED-432C-244B551E75FD"},"timestamp":1742664768.058206},{"timestamp":1742664768.073852,"label":"ARImageAnchor didUpdate","content":{"transform":{"columns":[[0.2666326,-0.013001788,0.96371037,0],[-0.9630591,0.03555182,0.2669321,0],[-0.03773226,-0.99928313,-0.0030422194,0],[1.2250836,0.7977464,-0.3477543,0.99999994]]},"identifier":"A19C2489-597B-2BED-432C-244B551E75FD","name":"Mandrill"}},{"timestamp":1742664769.648335,"content":{"identifier":"61BB3DDD-C96C-6E82-3432-BD712CCBCB28","transform":{"columns":[[0.24197102,-0.0044025807,0.97027344,0],[-0.9702832,-0.00072698086,0.2419702,0],[-0.0003599383,-0.99999,-0.004447654,0],[1.4892167,0.1773019,0.3477868,1]]},"name":"Peppers"},"label":"ARImageAnchor didAdd"},{"label":"ARImageAnchor didUpdate","timestamp":1742664769.658422,"content":{"name":"Peppers","transform":{"columns":[[0.24197102,-0.0044025807,0.97027344,0],[-0.9702832,-0.00072698086,0.2419702,0],[-0.0003599383,-0.99999,-0.004447654,0],[1.4892167,0.1773019,0.3477868,1]]},"identifier":"61BB3DDD-C96C-6E82-3432-BD712CCBCB28"}},{"timestamp":1742664770.157387,"label":"ARImageAnchor didUpdate","content":{"transform":{"columns":[[0.26821488,-0.0058194506,0.9633414,0],[-0.96332425,0.006870718,0.26825157,0],[-0.008179934,-0.9999594,-0.0037631767,0],[1.4874926,0.17981449,0.3411003,1]]},"name":"Peppers","identifier":"61BB3DDD-C96C-6E82-3432-BD712CCBCB28"}},{"timestamp":1742664770.171431,"label":"ARImageAnchor didUpdate","content":{"name":"Peppers","transform":{"columns":[[0.26821488,-0.0058194506,0.9633414,0],[-0.96332425,0.006870718,0.26825157,0],[-0.008179934,-0.9999594,-0.0037631767,0],[1.4874926,0.17981449,0.3411003,1]]},"identifier":"61BB3DDD-C96C-6E82-3432-BD712CCBCB28"}},{"label":"ARImageAnchor didUpdate","timestamp":1742664776.9324431,"content":{"identifier":"61BB3DDD-C96C-6E82-3432-BD712CCBCB28","name":"Peppers","transform":{"columns":[[0.25485462,-0.009349169,0.966934,0],[-0.96694195,-0.0112341875,0.2547482,0],[0.008481042,-0.9998932,-0.011903212,0],[1.4927227,0.18043414,0.35398975,1]]}}},{"timestamp":1742664776.93819,"label":"ARImageAnchor didUpdate","content":{"name":"Peppers","identifier":"61BB3DDD-C96C-6E82-3432-BD712CCBCB28","transform":{"columns":[[0.25485462,-0.009349169,0.966934,0],[-0.96694195,-0.0112341875,0.2547482,0],[0.008481042,-0.9998932,-0.011903212,0],[1.4927227,0.18043414,0.35398975,1]]}}}]