[{"label":"Application launched","timestamp":1742663209.701211},{"timestamp":1742663209.701313,"label":"Initialize ARViewModel"},{"label":"Finished Initialize ARViewModel","timestamp":1742663209.702641},{"timestamp":1742663209.7026582,"label":"Initialize RoomManager"},{"timestamp":1742663209.702662,"label":"Initialize BeaconManager"},{"timestamp":1742663209.702676,"label":"Fininshed Initialize BeaconManager"},{"label":"Fininshed Initialize RoomManager","timestamp":1742663209.702681},{"timestamp":1742663209.702684,"label":"ContentView Initialize"},{"label":"Initialize ARWorldMapManager","timestamp":1742663209.704289},{"timestamp":1742663209.704315,"label":"Fininshed Initialize ARWorldMapManager"},{"content":"Tracking is limited due to: initializing","timestamp":1742663209.7230859,"label":"Tracking Limited"},{"label":"Tracking Not Available","timestamp":1742663209.777103},{"timestamp":1742663209.7905312,"label":"Tracking Limited","content":"Tracking is limited due to: initializing"},{"content":{"name":"Test Room","id":"3F39F93D-AB52-4382-80AA-E0ED5264C1F0"},"timestamp":1742663210.9696841,"label":"Room Update"},{"content":{"name":"Test Room","id":"3F39F93D-AB52-4382-80AA-E0ED5264C1F0"},"label":"Downloading WorldMap","timestamp":1742663210.9697242},{"timestamp":1742663211.603506,"content":{"id":"3F39F93D-AB52-4382-80AA-E0ED5264C1F0","name":"Test Room"},"label":"Finished Downloading WorldMap"},{"timestamp":1742663211.777104,"label":"Tracking Limited","content":"Tracking is limited due to: initializing"},{"timestamp":1742663213.042932,"label":"Tracking Limited","content":"Tracking is limited due to: relocalizing"},{"content":{"name":"bunny","transform":{"columns":[[0.99652475,-0.0011311637,-0.08328969,0],[0.0012247307,0.99999833,0.0010723146,0],[0.08328837,-0.0011705958,0.9965247,0],[-0.034224045,-0.6027027,-0.3153559,1]]},"identifier":"B08E24AE-6649-4FDC-AC88-299C0F4ABC29"},"label":"Bunny didAdd","timestamp":1742663214.361212},{"label":"Tracking Available","content":{"extent":[2.897366,6.354778,2.8589058],"center":[0.017977595,-3.4131691,0.44500756]},"timestamp":1742663214.410186},{"timestamp":1742663214.41025,"label":"Bunny didUpdate","content":{"transform":{"columns":[[0.99652475,-0.0011311637,-0.08328969,0],[0.0012247305,0.99999815,0.0010723145,0],[0.08328838,-0.0011705958,0.99652475,0],[-0.034224045,-0.6027027,-0.3153559,1]]},"name":"bunny","identifier":"B08E24AE-6649-4FDC-AC88-299C0F4ABC29"}},{"content":{"name":"Car","transform":{"columns":[[0.97326386,0.012360207,-0.22935677,0],[0.22911663,0.018242989,0.9732279,0],[0.016213454,-0.9997572,0.014923295,0],[-0.27934813,-0.6522776,0.04807827,1]]},"identifier":"FF85DBE1-76D3-E459-2D24-8EDCEE263300"},"timestamp":1742663217.5852962,"label":"ARImageAnchor didAdd"},{"label":"ARImageAnchor didUpdate","timestamp":1742663217.5969238,"content":{"name":"Car","identifier":"FF85DBE1-76D3-E459-2D24-8EDCEE263300","transform":{"columns":[[0.97326386,0.012360207,-0.22935677,0],[0.22911663,0.018242989,0.9732279,0],[0.016213454,-0.9997572,0.014923295,0],[-0.27934813,-0.6522776,0.04807827,1]]}}},{"timestamp":1742663220.704883,"label":"ARImageAnchor didAdd","content":{"transform":{"columns":[[0.96033895,-0.0012595303,-0.27883157,0],[0.27880037,-0.01129028,0.9602825,0],[-0.0043575913,-0.9999354,-0.010491341,0],[-1.3797135,0.5951597,-0.22595172,0.99999994]]},"identifier":"088EF783-5990-B052-BE99-B8AA15BA6C68","name":"Earth"}},{"label":"ARImageAnchor didUpdate","timestamp":1742663220.735935,"content":{"name":"Earth","transform":{"columns":[[0.96033895,-0.0012595303,-0.27883157,0],[0.27880037,-0.01129028,0.9602825,0],[-0.0043575913,-0.9999354,-0.010491341,0],[-1.3797135,0.5951597,-0.22595172,0.99999994]]},"identifier":"088EF783-5990-B052-BE99-B8AA15BA6C68"}},{"label":"ARImageAnchor didUpdate","timestamp":1742663221.2429109,"content":{"transform":{"columns":[[0.96204394,-9.43964e-05,-0.27289382,0],[0.2728914,-0.003894685,0.9620368,0],[-0.0011536466,-0.9999923,-0.0037210977,0],[-1.3889606,0.60053533,-0.23462838,0.99999994]]},"name":"Earth","identifier":"088EF783-5990-B052-BE99-B8AA15BA6C68"}},{"timestamp":1742663221.2698379,"content":{"identifier":"088EF783-5990-B052-BE99-B8AA15BA6C68","transform":{"columns":[[0.96204394,-9.43964e-05,-0.27289382,0],[0.2728914,-0.003894685,0.9620368,0],[-0.0011536466,-0.9999923,-0.0037210977,0],[-1.3889606,0.60053533,-0.23462838,0.99999994]]},"name":"Earth"},"label":"ARImageAnchor didUpdate"},{"timestamp":1742663223.49803,"content":{"identifier":"B08E24AE-6649-4FDC-AC88-299C0F4ABC29","name":"bunny","transform":{"columns":[[0.99652475,-0.0011311637,-0.08328969,0],[0.0012247302,0.999998,0.0010723142,0],[0.08328838,-0.0011705959,0.9965248,0],[-0.034224045,-0.6027027,-0.3153559,1]]}},"label":"Bunny didUpdate"},{"timestamp":1742663226.521179,"label":"ARImageAnchor didAdd","content":{"identifier":"6BAD7D5D-D14A-EF93-1C8B-F6BEC80B8329","name":"Lenna","transform":{"columns":[[-0.23697299,-0.037892062,-0.9707768,0],[0.9714542,0.0020441806,-0.23721808,0],[0.01097312,-0.9992797,0.03632599,0],[0.39624634,-0.65080076,-0.2004112,1]]}}},{"label":"ARImageAnchor didUpdate","content":{"transform":{"columns":[[-0.23697299,-0.037892062,-0.9707768,0],[0.9714542,0.0020441806,-0.23721808,0],[0.01097312,-0.9992797,0.03632599,0],[0.39624634,-0.65080076,-0.2004112,1]]},"identifier":"6BAD7D5D-D14A-EF93-1C8B-F6BEC80B8329","name":"Lenna"},"timestamp":1742663226.543312},{"timestamp":1742663230.184752,"content":{"transform":{"columns":[[0.95763963,0.0022765065,-0.28795958,0],[0.28776565,0.029970853,0.95723164,0],[0.010809539,-0.9995481,0.028046193,0],[0.39964202,0.7732195,-0.7059834,1]]},"name":"Sailboat","identifier":"C35EAC54-3E90-1B97-807B-5E3B8F238DB7"},"label":"ARImageAnchor didAdd"},{"content":{"name":"Sailboat","transform":{"columns":[[0.95763963,0.0022765065,-0.28795958,0],[0.28776565,0.029970853,0.95723164,0],[0.010809539,-0.9995481,0.028046193,0],[0.39964202,0.7732195,-0.7059834,1]]},"identifier":"C35EAC54-3E90-1B97-807B-5E3B8F238DB7"},"timestamp":1742663230.203075,"label":"ARImageAnchor didUpdate"},{"label":"ARImageAnchor didAdd","timestamp":1742663232.303074,"content":{"name":"Mandrill","identifier":"A19C2489-597B-2BED-432C-244B551E75FD","transform":{"columns":[[0.22273852,-0.012057098,0.9748036,0],[-0.97260183,0.065543935,0.22304608,0],[-0.06658174,-0.9977768,0.0028723995,0],[1.2448548,0.80238736,-0.3519441,1.0000001]]}}},{"timestamp":1742663232.3086371,"label":"ARImageAnchor didUpdate","content":{"transform":{"columns":[[0.22273852,-0.012057098,0.9748036,0],[-0.97260183,0.065543935,0.22304608,0],[-0.06658174,-0.9977768,0.0028723995,0],[1.2448548,0.80238736,-0.3519441,1.0000001]]},"identifier":"A19C2489-597B-2BED-432C-244B551E75FD","name":"Mandrill"}},{"timestamp":1742663236.001248,"label":"ARImageAnchor didAdd","content":{"name":"Peppers","identifier":"61BB3DDD-C96C-6E82-3432-BD712CCBCB28","transform":{"columns":[[0.24629699,-0.0071813744,0.9691676,0],[-0.969162,-0.009981214,0.24622153,0],[0.007905252,-0.99992436,-0.009418245,0],[1.4977933,0.18456668,0.3400123,0.9999999]]}}},{"content":{"transform":{"columns":[[0.24629699,-0.0071813744,0.9691676,0],[-0.969162,-0.009981214,0.24622153,0],[0.007905252,-0.99992436,-0.009418245,0],[1.4977933,0.18456668,0.3400123,0.9999999]]},"name":"Peppers","identifier":"61BB3DDD-C96C-6E82-3432-BD712CCBCB28"},"timestamp":1742663236.008682,"label":"ARImageAnchor didUpdate"},{"timestamp":1742663239.910979,"label":"Bunny didUpdate","content":{"transform":{"columns":[[0.99652475,-0.0011311637,-0.08328969,0],[0.00122473,0.9999978,0.001072314,0],[0.08328838,-0.0011705959,0.9965248,0],[-0.034224045,-0.6027027,-0.3153559,1]]},"name":"bunny","identifier":"B08E24AE-6649-4FDC-AC88-299C0F4ABC29"}}]