[{"label":"Application launched","timestamp":1742640660.938407},{"label":"Initialize ARViewModel","timestamp":1742640660.938486},{"timestamp":1742640660.940398,"label":"Finished Initialize ARViewModel"},{"timestamp":1742640660.940419,"label":"Initialize RoomManager"},{"label":"Initialize BeaconManager","timestamp":1742640660.940423},{"label":"Fininshed Initialize BeaconManager","timestamp":1742640660.940436},{"timestamp":1742640660.9404411,"label":"Fininshed Initialize RoomManager"},{"label":"ContentView Initialize","timestamp":1742640660.940445},{"label":"Initialize ARWorldMapManager","timestamp":1742640660.9408178},{"label":"Fininshed Initialize ARWorldMapManager","timestamp":1742640660.940825},{"content":"Tracking is limited due to: initializing","timestamp":1742640661.309845,"label":"Tracking Limited"},{"label":"Room Update","content":{"name":"Test Room","id":"3F39F93D-AB52-4382-80AA-E0ED5264C1F0"},"timestamp":1742640662.429157},{"timestamp":1742640662.429196,"content":{"name":"Test Room","id":"3F39F93D-AB52-4382-80AA-E0ED5264C1F0"},"label":"Downloading WorldMap"},{"timestamp":1742640663.314083,"content":{"id":"3F39F93D-AB52-4382-80AA-E0ED5264C1F0","name":"Test Room"},"label":"Finished Downloading WorldMap"},{"content":"Tracking is limited due to: initializing","timestamp":1742640663.4612641,"label":"Tracking Limited"},{"content":"Tracking is limited due to: relocalizing","timestamp":1742640664.5280051,"label":"Tracking Limited"},{"timestamp":1742640666.168628,"content":{"name":"bunny","identifier":"B08E24AE-6649-4FDC-AC88-299C0F4ABC29","transform":{"columns":[[0.99652475,-0.0011311637,-0.08328969,0],[0.0012247307,0.99999833,0.0010723146,0],[0.08328837,-0.0011705958,0.9965247,0],[-0.034224045,-0.6027027,-0.3153559,1]]}},"label":"Bunny didAdd"},{"timestamp":1742640666.192168,"label":"Tracking Available","content":{"extent":[2.897366,6.354778,2.8250825],"center":[0.017977595,-3.4131691,0.4619192]}},{"content":{"transform":{"columns":[[0.99652475,-0.0011311637,-0.08328969,0],[0.0012247305,0.99999815,0.0010723145,0],[0.08328838,-0.0011705958,0.99652475,0],[-0.034224045,-0.6027027,-0.3153559,1]]},"name":"bunny","identifier":"B08E24AE-6649-4FDC-AC88-299C0F4ABC29"},"timestamp":1742640666.1922212,"label":"Bunny didUpdate"},{"label":"ARImageAnchor didAdd","content":{"name":"Car","identifier":"FF85DBE1-76D3-E459-2D24-8EDCEE263300","transform":{"columns":[[0.9768727,0.010383283,-0.2135687,0],[0.21354018,0.0037954114,0.9769267,0],[0.010954292,-0.9999389,0.001490399,0],[-0.27571192,-0.6512235,0.04366064,1]]}},"timestamp":1742640668.90486},{"label":"ARImageAnchor didUpdate","timestamp":1742640668.9102201,"content":{"identifier":"FF85DBE1-76D3-E459-2D24-8EDCEE263300","name":"Car","transform":{"columns":[[0.9768727,0.010383283,-0.2135687,0],[0.21354018,0.0037954114,0.9769267,0],[0.010954292,-0.9999389,0.001490399,0],[-0.27571192,-0.6512235,0.04366064,1]]}}},{"timestamp":1742640671.536874,"label":"ARImageAnchor didAdd","content":{"transform":{"columns":[[0.96526915,-0.0045914184,-0.26121658,0],[0.2612561,0.014408152,0.96516186,0],[-0.00066781434,-0.99988556,0.015107281,0],[-1.3944317,0.6052688,-0.23738696,1]]},"name":"Earth","identifier":"088EF783-5990-B052-BE99-B8AA15BA6C68"}},{"label":"ARImageAnchor didUpdate","timestamp":1742640671.5433888,"content":{"identifier":"088EF783-5990-B052-BE99-B8AA15BA6C68","name":"Earth","transform":{"columns":[[0.96526915,-0.0045914184,-0.26121658,0],[0.2612561,0.014408152,0.96516186,0],[-0.00066781434,-0.99988556,0.015107281,0],[-1.3944317,0.6052688,-0.23738696,1]]}}},{"timestamp":1742640674.17008,"label":"ARImageAnchor didAdd","content":{"name":"Sailboat","identifier":"C35EAC54-3E90-1B97-807B-5E3B8F238DB7","transform":{"columns":[[0.96393955,0.00056218274,-0.26612,0],[0.2661094,0.007144503,0.9639162,0],[0.0024431937,-0.9999742,0.006737268,0],[0.37312806,0.7737732,-0.717361,0.99999994]]}}},{"label":"ARImageAnchor didUpdate","content":{"name":"Sailboat","identifier":"C35EAC54-3E90-1B97-807B-5E3B8F238DB7","transform":{"columns":[[0.96393955,0.00056218274,-0.26612,0],[0.2661094,0.007144503,0.9639162,0],[0.0024431937,-0.9999742,0.006737268,0],[0.37312806,0.7737732,-0.717361,0.99999994]]}},"timestamp":1742640674.188048},{"content":{"identifier":"6BAD7D5D-D14A-EF93-1C8B-F6BEC80B8329","transform":{"columns":[[-0.2427158,-0.03599805,-0.9694292,0],[0.96901834,0.038119722,-0.2440285,0],[0.045738928,-0.9986245,0.025630504,0],[0.36045387,-0.66172284,-0.21639091,1]]},"name":"Lenna"},"label":"ARImageAnchor didAdd","timestamp":1742640675.76993},{"timestamp":1742640675.780367,"content":{"transform":{"columns":[[-0.2427158,-0.03599805,-0.9694292,0],[0.96901834,0.038119722,-0.2440285,0],[0.045738928,-0.9986245,0.025630504,0],[0.36045387,-0.66172284,-0.21639091,1]]},"name":"Lenna","identifier":"6BAD7D5D-D14A-EF93-1C8B-F6BEC80B8329"},"label":"ARImageAnchor didUpdate"},{"timestamp":1742640678.9552221,"content":{"identifier":"A19C2489-597B-2BED-432C-244B551E75FD","name":"Mandrill","transform":{"columns":[[0.27892432,-0.013060548,0.960224,0],[-0.9586283,0.055412915,0.2792146,0],[-0.0568555,-0.998378,0.0029358163,0],[1.2205096,0.80515563,-0.37609887,0.9999999]]}},"label":"ARImageAnchor didAdd"},{"timestamp":1742640678.988579,"content":{"identifier":"A19C2489-597B-2BED-432C-244B551E75FD","name":"Mandrill","transform":{"columns":[[0.27892432,-0.013060548,0.960224,0],[-0.9586283,0.055412915,0.2792146,0],[-0.0568555,-0.998378,0.0029358163,0],[1.2205096,0.80515563,-0.37609887,0.9999999]]}},"label":"ARImageAnchor didUpdate"},{"content":{"transform":{"columns":[[0.27561218,-0.006681543,0.96124554,0],[-0.9612651,-0.004686635,0.2755852,0],[0.0026636892,-0.9999666,-0.007714429,0],[1.4874773,0.18525302,0.30709943,0.99999994]]},"name":"Peppers","identifier":"61BB3DDD-C96C-6E82-3432-BD712CCBCB28"},"timestamp":1742640680.5697122,"label":"ARImageAnchor didAdd"},{"label":"ARImageAnchor didUpdate","content":{"identifier":"61BB3DDD-C96C-6E82-3432-BD712CCBCB28","name":"Peppers","transform":{"columns":[[0.27561218,-0.006681543,0.96124554,0],[-0.9612651,-0.004686635,0.2755852,0],[0.0026636892,-0.9999666,-0.007714429,0],[1.4874773,0.18525302,0.30709943,0.99999994]]}},"timestamp":1742640680.5883322}]