[{"timestamp":1742634495.4109,"label":"Application launched"},{"timestamp":1742634495.4109879,"label":"Initialize ARViewModel"},{"timestamp":1742634495.411869,"label":"Finished Initialize ARViewModel"},{"timestamp":1742634495.41188,"label":"Initialize RoomManager"},{"label":"Initialize BeaconManager","timestamp":1742634495.4118838},{"timestamp":1742634495.4118981,"label":"Fininshed Initialize BeaconManager"},{"timestamp":1742634495.411903,"label":"Fininshed Initialize RoomManager"},{"timestamp":1742634495.411907,"label":"ContentView Initialize"},{"label":"Initialize ARWorldMapManager","timestamp":1742634495.412274},{"label":"Fininshed Initialize ARWorldMapManager","timestamp":1742634495.412281},{"label":"Tracking Limited","content":"Tracking is limited due to: initializing","timestamp":1742634495.7326422},{"content":"Tracking is limited due to: excessiveMotion","timestamp":1742634496.631016,"label":"Tracking Limited"},{"timestamp":1742634496.686738,"label":"Room Update","content":{"name":"Test Room","id":"3F39F93D-AB52-4382-80AA-E0ED5264C1F0"}},{"content":{"id":"3F39F93D-AB52-4382-80AA-E0ED5264C1F0","name":"Test Room"},"label":"Downloading WorldMap","timestamp":1742634496.686765},{"timestamp":1742634496.9820971,"content":{"id":"3F39F93D-AB52-4382-80AA-E0ED5264C1F0","name":"Test Room"},"label":"Finished Downloading WorldMap"},{"timestamp":1742634497.1169438,"label":"Tracking Limited","content":"Tracking is limited due to: initializing"},{"timestamp":1742634498.147544,"label":"Tracking Limited","content":"Tracking is limited due to: relocalizing"},{"timestamp":1742634499.868161,"label":"Bunny didAdd","content":{"transform":{"columns":[[0.996533,-0.0012840496,-0.083188996,0],[0.0013539256,0.9999986,0.000783564,0],[0.08318789,-0.0008934792,0.99653333,0],[-0.034270495,-0.60270274,-0.31525213,1.0000001]]},"identifier":"B08E24AE-6649-4FDC-AC88-299C0F4ABC29","name":"bunny"}},{"timestamp":1742634499.891148,"content":{"extent":[2.7465603,5.980116,2.8250825],"center":[-0.05742526,-3.2258382,0.4619192]},"label":"Tracking Available"},{"timestamp":1742634499.891245,"label":"Bunny didUpdate","content":{"name":"bunny","identifier":"B08E24AE-6649-4FDC-AC88-299C0F4ABC29","transform":{"columns":[[0.99652475,-0.0011311637,-0.08328969,0],[0.0012247307,0.99999833,0.0010723146,0],[0.08328837,-0.0011705958,0.9965247,0],[-0.034224045,-0.6027027,-0.3153559,1]]}}},{"timestamp":1742634501.526856,"label":"ARImageAnchor didAdd","content":{"identifier":"FF85DBE1-76D3-E459-2D24-8EDCEE263300","name":"Car","transform":{"columns":[[0.97557473,0.007319032,-0.21954535,0],[0.2195008,0.00643081,0.9755909,0],[0.0085522495,-0.9999525,0.0046671988,0],[-0.27473414,-0.67129314,0.045419812,0.99999994]]}}},{"label":"ARImageAnchor didUpdate","timestamp":1742634501.534076,"content":{"name":"Car","identifier":"FF85DBE1-76D3-E459-2D24-8EDCEE263300","transform":{"columns":[[0.97557473,0.007319032,-0.21954535,0],[0.2195008,0.00643081,0.9755909,0],[0.0085522495,-0.9999525,0.0046671988,0],[-0.27473414,-0.67129314,0.045419812,0.99999994]]}}},{"timestamp":1742634502.048137,"content":{"identifier":"FF85DBE1-76D3-E459-2D24-8EDCEE263300","name":"Car","transform":{"columns":[[0.975199,0.0084643625,-0.2211671,0],[0.22112426,0.0057178508,0.9752287,0],[0.009519293,-0.99994767,0.003704355,0],[-0.27411962,-0.659272,0.04593247,0.99999994]]}},"label":"ARImageAnchor didUpdate"},{"content":{"name":"Car","transform":{"columns":[[0.975199,0.0084643625,-0.2211671,0],[0.22112426,0.0057178508,0.9752287,0],[0.009519293,-0.99994767,0.003704355,0],[-0.27411962,-0.659272,0.04593247,0.99999994]]},"identifier":"FF85DBE1-76D3-E459-2D24-8EDCEE263300"},"timestamp":1742634502.066481,"label":"ARImageAnchor didUpdate"},{"content":{"transform":{"columns":[[0.9627678,-0.007571536,-0.27022323,0],[0.27018592,-0.005604673,0.96279174,0],[-0.008804334,-0.9999555,-0.003350277,0],[-1.3816918,0.58159167,-0.2492502,0.99999994]]},"name":"Earth","identifier":"088EF783-5990-B052-BE99-B8AA15BA6C68"},"timestamp":1742634504.159277,"label":"ARImageAnchor didAdd"},{"timestamp":1742634504.1657171,"content":{"name":"Earth","transform":{"columns":[[0.9627678,-0.007571536,-0.27022323,0],[0.27018592,-0.005604673,0.96279174,0],[-0.008804334,-0.9999555,-0.003350277,0],[-1.3816918,0.58159167,-0.2492502,0.99999994]]},"identifier":"088EF783-5990-B052-BE99-B8AA15BA6C68"},"label":"ARImageAnchor didUpdate"},{"label":"ARImageAnchor didUpdate","content":{"name":"Earth","transform":{"columns":[[0.96230876,-0.0041910964,-0.27192634,0],[0.27194864,0.00623123,0.9622915,0],[-0.0023386253,-0.99997175,0.007136133,0],[-1.3877217,0.59007525,-0.242575,1.0000001]]},"identifier":"088EF783-5990-B052-BE99-B8AA15BA6C68"},"timestamp":1742634504.681886},{"timestamp":1742634504.709281,"label":"ARImageAnchor didUpdate","content":{"transform":{"columns":[[0.96230876,-0.0041910964,-0.27192634,0],[0.27194864,0.00623123,0.9622915,0],[-0.0023386253,-0.99997175,0.007136133,0],[-1.3877217,0.59007525,-0.242575,1.0000001]]},"name":"Earth","identifier":"088EF783-5990-B052-BE99-B8AA15BA6C68"}},{"timestamp":1742634507.857652,"content":{"identifier":"C35EAC54-3E90-1B97-807B-5E3B8F238DB7","transform":{"columns":[[0.9688533,0.00085354433,-0.24763364,0],[0.24762735,-0.011266019,0.96878964,0],[-0.0019629379,-0.99993604,-0.011126483,0],[0.39525762,0.7636316,-0.72605944,1.0000001]]},"name":"Sailboat"},"label":"ARImageAnchor didAdd"},{"label":"ARImageAnchor didUpdate","content":{"identifier":"C35EAC54-3E90-1B97-807B-5E3B8F238DB7","name":"Sailboat","transform":{"columns":[[0.9688533,0.00085354433,-0.24763364,0],[0.24762735,-0.011266019,0.96878964,0],[-0.0019629379,-0.99993604,-0.011126483,0],[0.39525762,0.7636316,-0.72605944,1.0000001]]}},"timestamp":1742634507.8760529},{"timestamp":1742634510.524112,"label":"ARImageAnchor didAdd","content":{"identifier":"A19C2489-597B-2BED-432C-244B551E75FD","name":"Mandrill","transform":{"columns":[[0.2638108,-0.017177327,0.9644213,0],[-0.96340376,0.04455034,0.2643258,0],[-0.04750573,-0.99885935,-0.004795842,0],[1.2434592,0.7863038,-0.37900713,0.99999994]]}}},{"label":"ARImageAnchor didUpdate","content":{"transform":{"columns":[[0.2638108,-0.017177327,0.9644213,0],[-0.96340376,0.04455034,0.2643258,0],[-0.04750573,-0.99885935,-0.004795842,0],[1.2434592,0.7863038,-0.37900713,0.99999994]]},"name":"Mandrill","identifier":"A19C2489-597B-2BED-432C-244B551E75FD"},"timestamp":1742634510.542948},{"content":{"identifier":"61BB3DDD-C96C-6E82-3432-BD712CCBCB28","name":"Peppers","transform":{"columns":[[0.2641405,-0.0128564155,0.9643983,0],[-0.96407044,0.02576116,0.26439407,0],[-0.028243175,-0.9995854,-0.005589924,0],[1.511816,0.16535231,0.3126596,1]]}},"timestamp":1742634512.123949,"label":"ARImageAnchor didAdd"},{"content":{"identifier":"61BB3DDD-C96C-6E82-3432-BD712CCBCB28","name":"Peppers","transform":{"columns":[[0.2641405,-0.0128564155,0.9643983,0],[-0.96407044,0.02576116,0.26439407,0],[-0.028243175,-0.9995854,-0.005589924,0],[1.511816,0.16535231,0.3126596,1]]}},"label":"ARImageAnchor didUpdate","timestamp":1742634512.133642},{"timestamp":1742634520.5926108,"label":"ARImageAnchor didAdd","content":{"transform":{"columns":[[-0.260716,-0.042543586,-0.96447754,0],[0.964762,0.02526991,-0.26190755,0],[0.035514746,-0.99877495,0.03445616,0],[0.37658563,-0.67110157,-0.21039787,1]]},"name":"Lenna","identifier":"6BAD7D5D-D14A-EF93-1C8B-F6BEC80B8329"}},{"content":{"name":"Lenna","identifier":"6BAD7D5D-D14A-EF93-1C8B-F6BEC80B8329","transform":{"columns":[[-0.260716,-0.042543586,-0.96447754,0],[0.964762,0.02526991,-0.26190755,0],[0.035514746,-0.99877495,0.03445616,0],[0.37658563,-0.67110157,-0.21039787,1]]}},"timestamp":1742634520.5994601,"label":"ARImageAnchor didUpdate"},{"content":{"name":"bunny","identifier":"B08E24AE-6649-4FDC-AC88-299C0F4ABC29","transform":{"columns":[[0.99652475,-0.0011311637,-0.08328969,0],[0.0012247305,0.99999815,0.0010723145,0],[0.08328838,-0.0011705958,0.99652475,0],[-0.034224045,-0.6027027,-0.3153559,1]]}},"label":"Bunny didUpdate","timestamp":1742634523.9311829},{"content":{"name":"Car","transform":{"columns":[[0.97653097,0.0023294932,-0.21536383,0],[0.21536845,-0.019171229,0.9763445,0],[-0.0018544235,-0.99981344,-0.019222982,0],[-0.28382835,-0.6764435,0.03794962,1]]},"identifier":"FF85DBE1-76D3-E459-2D24-8EDCEE263300"},"timestamp":1742634525.314254,"label":"ARImageAnchor didUpdate"},{"timestamp":1742634525.341689,"content":{"identifier":"FF85DBE1-76D3-E459-2D24-8EDCEE263300","transform":{"columns":[[0.97653097,0.0023294932,-0.21536383,0],[0.21536845,-0.019171229,0.9763445,0],[-0.0018544235,-0.99981344,-0.019222982,0],[-0.28382835,-0.6764435,0.03794962,1]]},"name":"Car"},"label":"ARImageAnchor didUpdate"},{"timestamp":1742634528.480929,"label":"ARImageAnchor didUpdate","content":{"identifier":"088EF783-5990-B052-BE99-B8AA15BA6C68","name":"Earth","transform":{"columns":[[0.9650535,-0.007005519,-0.26195854,0],[0.26190978,-0.007174833,0.9650655,0],[-0.008640297,-0.99994963,-0.0050892904,0],[-1.4126184,0.5773652,-0.26081127,0.99999994]]}}},{"label":"ARImageAnchor didUpdate","timestamp":1742634528.497737,"content":{"name":"Earth","transform":{"columns":[[0.9650535,-0.007005519,-0.26195854,0],[0.26190978,-0.007174833,0.9650655,0],[-0.008640297,-0.99994963,-0.0050892904,0],[-1.4126184,0.5773652,-0.26081127,0.99999994]]},"identifier":"088EF783-5990-B052-BE99-B8AA15BA6C68"}},{"label":"Bunny didUpdate","content":{"identifier":"B08E24AE-6649-4FDC-AC88-299C0F4ABC29","name":"bunny","transform":{"columns":[[0.99652475,-0.0011311637,-0.08328969,0],[0.0012247302,0.999998,0.0010723142,0],[0.08328838,-0.0011705959,0.9965248,0],[-0.034224045,-0.6027027,-0.3153559,1]]}},"timestamp":1742634534.731489}]