[{"label":"Application launched","timestamp":1742637830.229587},{"label":"Initialize ARViewModel","timestamp":1742637830.230437},{"timestamp":1742637830.23231,"label":"Finished Initialize ARViewModel"},{"timestamp":1742637830.2323918,"label":"Initialize RoomManager"},{"timestamp":1742637830.232409,"label":"Initialize BeaconManager"},{"timestamp":1742637830.23248,"label":"Fininshed Initialize BeaconManager"},{"label":"Fininshed Initialize RoomManager","timestamp":1742637830.232543},{"timestamp":1742637830.232625,"label":"ContentView Initialize"},{"timestamp":1742637830.233755,"label":"Initialize ARWorldMapManager"},{"timestamp":1742637830.2338219,"label":"Fininshed Initialize ARWorldMapManager"},{"content":"Tracking is limited due to: initializing","label":"Tracking Limited","timestamp":1742637830.616427},{"content":{"id":"3F39F93D-AB52-4382-80AA-E0ED5264C1F0","name":"Test Room"},"timestamp":1742637831.522016,"label":"Room Update"},{"content":{"name":"Test Room","id":"3F39F93D-AB52-4382-80AA-E0ED5264C1F0"},"timestamp":1742637831.522048,"label":"Downloading WorldMap"},{"timestamp":1742637832.32307,"label":"Finished Downloading WorldMap","content":{"name":"Test Room","id":"3F39F93D-AB52-4382-80AA-E0ED5264C1F0"}},{"timestamp":1742637832.467939,"label":"Tracking Limited","content":"Tracking is limited due to: initializing"},{"timestamp":1742637833.567766,"label":"Tracking Limited","content":"Tracking is limited due to: relocalizing"},{"content":{"identifier":"B08E24AE-6649-4FDC-AC88-299C0F4ABC29","name":"bunny","transform":{"columns":[[0.99652475,-0.0011311637,-0.08328969,0],[0.0012247307,0.99999833,0.0010723146,0],[0.08328837,-0.0011705958,0.9965247,0],[-0.034224045,-0.6027027,-0.3153559,1]]}},"label":"Bunny didAdd","timestamp":1742637835.680808},{"label":"Tracking Available","content":{"center":[-0.026136637,-3.4131691,0.45404088],"extent":[2.9855945,6.354778,2.8408394]},"timestamp":1742637835.718842},{"timestamp":1742637835.718884,"label":"Bunny didUpdate","content":{"name":"bunny","transform":{"columns":[[0.99652475,-0.0011311637,-0.08328969,0],[0.0012247305,0.99999815,0.0010723145,0],[0.08328838,-0.0011705958,0.99652475,0],[-0.034224045,-0.6027027,-0.3153559,1]]},"identifier":"B08E24AE-6649-4FDC-AC88-299C0F4ABC29"}},{"label":"ARImageAnchor didAdd","content":{"identifier":"FF85DBE1-76D3-E459-2D24-8EDCEE263300","transform":{"columns":[[0.97972834,0.008114065,-0.20016566,0],[0.20017654,-0.00053870917,0.9797595,0],[0.007842002,-0.99996686,-0.0021520178,0],[-0.25871357,-0.63295114,0.034911156,1]]},"name":"Car"},"timestamp":1742637838.459239},{"content":{"identifier":"FF85DBE1-76D3-E459-2D24-8EDCEE263300","name":"Car","transform":{"columns":[[0.97972834,0.008114065,-0.20016566,0],[0.20017654,-0.00053870917,0.9797595,0],[0.007842002,-0.99996686,-0.0021520178,0],[-0.25871357,-0.63295114,0.034911156,1]]}},"label":"ARImageAnchor didUpdate","timestamp":1742637838.467145},{"label":"ARImageAnchor didAdd","timestamp":1742637843.759012,"content":{"name":"Earth","identifier":"088EF783-5990-B052-BE99-B8AA15BA6C68","transform":{"columns":[[0.9612677,-0.0026536759,-0.2756031,0],[0.2755704,-0.008910214,0.96123946,0],[-0.0050064945,-0.9999567,-0.007833841,0],[-1.3749374,0.6209224,-0.24834222,1]]}}},{"label":"ARImageAnchor didUpdate","timestamp":1742637843.7773461,"content":{"identifier":"088EF783-5990-B052-BE99-B8AA15BA6C68","transform":{"columns":[[0.9612677,-0.0026536759,-0.2756031,0],[0.2755704,-0.008910214,0.96123946,0],[-0.0050064945,-0.9999567,-0.007833841,0],[-1.3749374,0.6209224,-0.24834222,1]]},"name":"Earth"}},{"label":"ARImageAnchor didAdd","content":{"identifier":"C35EAC54-3E90-1B97-807B-5E3B8F238DB7","name":"Sailboat","transform":{"columns":[[0.97452503,0.00411175,-0.22424036,0],[0.22415513,0.015244182,0.9744342,0],[0.0074249846,-0.99987537,0.013934194,0],[0.42475474,0.79807055,-0.61605656,1.0000001]]}},"timestamp":1742637846.960758},{"timestamp":1742637846.967238,"label":"ARImageAnchor didUpdate","content":{"transform":{"columns":[[0.97452503,0.00411175,-0.22424036,0],[0.22415513,0.015244182,0.9744342,0],[0.0074249846,-0.99987537,0.013934194,0],[0.42475474,0.79807055,-0.61605656,1.0000001]]},"identifier":"C35EAC54-3E90-1B97-807B-5E3B8F238DB7","name":"Sailboat"}},{"timestamp":1742637848.561933,"label":"ARImageAnchor didAdd","content":{"identifier":"A19C2489-597B-2BED-432C-244B551E75FD","transform":{"columns":[[0.22771479,-0.017936278,0.97356254,0],[-0.9727791,0.039932285,0.22826722,0],[-0.042970836,-0.9990414,-0.008354867,0],[1.248457,0.82470787,-0.21565211,1]]},"name":"Mandrill"}},{"timestamp":1742637848.566458,"label":"ARImageAnchor didUpdate","content":{"identifier":"A19C2489-597B-2BED-432C-244B551E75FD","transform":{"columns":[[0.22771479,-0.017936278,0.97356254,0],[-0.9727791,0.039932285,0.22826722,0],[-0.042970836,-0.9990414,-0.008354867,0],[1.248457,0.82470787,-0.21565211,1]]},"name":"Mandrill"}},{"timestamp":1742637850.142014,"content":{"transform":{"columns":[[0.22052805,-0.008956479,0.9753394,0],[-0.9753787,-0.00010486456,0.22053596,0],[-0.0018729824,-0.9999599,-0.008759082,0],[1.4673398,0.20952578,0.48162115,1]]},"identifier":"61BB3DDD-C96C-6E82-3432-BD712CCBCB28","name":"Peppers"},"label":"ARImageAnchor didAdd"},{"timestamp":1742637850.150244,"content":{"name":"Peppers","identifier":"61BB3DDD-C96C-6E82-3432-BD712CCBCB28","transform":{"columns":[[0.22052805,-0.008956479,0.9753394,0],[-0.9753787,-0.00010486456,0.22053596,0],[-0.0018729824,-0.9999599,-0.008759082,0],[1.4673398,0.20952578,0.48162115,1]]}},"label":"ARImageAnchor didUpdate"},{"label":"ARImageAnchor didAdd","timestamp":1742637852.2587109,"content":{"identifier":"6BAD7D5D-D14A-EF93-1C8B-F6BEC80B8329","transform":{"columns":[[-0.18180811,-0.034961678,-0.98271215,0],[0.9832163,-0.021914525,-0.18112174,0],[-0.015203397,-0.9991482,0.038359106,0],[0.38194218,-0.620569,-0.11368377,1]]},"name":"Lenna"}},{"timestamp":1742637852.278569,"label":"ARImageAnchor didUpdate","content":{"name":"Lenna","transform":{"columns":[[-0.18180811,-0.034961678,-0.98271215,0],[0.9832163,-0.021914525,-0.18112174,0],[-0.015203397,-0.9991482,0.038359106,0],[0.38194218,-0.620569,-0.11368377,1]]},"identifier":"6BAD7D5D-D14A-EF93-1C8B-F6BEC80B8329"}},{"label":"ARImageAnchor didUpdate","timestamp":1742637852.784298,"content":{"name":"Lenna","transform":{"columns":[[-0.20149359,-0.038921155,-0.97871614,0],[0.97948444,-0.0047542434,-0.2014627,0],[0.0031881086,-0.9992309,0.0390806,0],[0.3835881,-0.6230858,-0.11735606,1]]},"identifier":"6BAD7D5D-D14A-EF93-1C8B-F6BEC80B8329"}},{"label":"ARImageAnchor didUpdate","timestamp":1742637852.810532,"content":{"identifier":"6BAD7D5D-D14A-EF93-1C8B-F6BEC80B8329","transform":{"columns":[[-0.20149359,-0.038921155,-0.97871614,0],[0.97948444,-0.0047542434,-0.2014627,0],[0.0031881086,-0.9992309,0.0390806,0],[0.3835881,-0.6230858,-0.11735606,1]]},"name":"Lenna"}},{"content":{"identifier":"B08E24AE-6649-4FDC-AC88-299C0F4ABC29","transform":{"columns":[[0.99652475,-0.0011311636,-0.08328968,0],[0.0012247302,0.999998,0.0010723142,0],[0.083288364,-0.001170596,0.9965248,0],[-0.034224037,-0.6027026,-0.3153558,1]]},"name":"bunny"},"timestamp":1742637855.334708,"label":"Bunny didUpdate"},{"timestamp":1742637857.032812,"label":"Bunny didUpdate","content":{"name":"bunny","identifier":"B08E24AE-6649-4FDC-AC88-299C0F4ABC29","transform":{"columns":[[0.99652475,-0.0011311637,-0.08328969,0],[0.00122473,0.9999978,0.001072314,0],[0.08328838,-0.0011705959,0.9965248,0],[-0.034224045,-0.6027027,-0.3153559,1]]}}},{"label":"ARImageAnchor didUpdate","timestamp":1742637861.250471,"content":{"identifier":"61BB3DDD-C96C-6E82-3432-BD712CCBCB28","name":"Peppers","transform":{"columns":[[0.2632859,-0.0069158874,0.96469283,0],[-0.9647171,-0.002972567,0.26327118,0],[0.0010468564,-0.99997157,-0.0074545173,0],[1.519541,0.19740334,0.32880566,1]]}}},{"timestamp":1742637861.2666411,"label":"ARImageAnchor didUpdate","content":{"transform":{"columns":[[0.2632859,-0.0069158874,0.96469283,0],[-0.9647171,-0.002972567,0.26327118,0],[0.0010468564,-0.99997157,-0.0074545173,0],[1.519541,0.19740334,0.32880566,1]]},"identifier":"61BB3DDD-C96C-6E82-3432-BD712CCBCB28","name":"Peppers"}}]