[{"timestamp":1742632306.320605,"label":"Application launched"},{"timestamp":1742632306.3207011,"label":"Initialize ARViewModel"},{"timestamp":1742632306.321765,"label":"Finished Initialize ARViewModel"},{"label":"Initialize RoomManager","timestamp":1742632306.32178},{"label":"Initialize BeaconManager","timestamp":1742632306.321784},{"label":"Fininshed Initialize BeaconManager","timestamp":1742632306.321933},{"timestamp":1742632306.321955,"label":"Fininshed Initialize RoomManager"},{"label":"ContentView Initialize","timestamp":1742632306.321968},{"timestamp":1742632306.323176,"label":"Initialize ARWorldMapManager"},{"timestamp":1742632306.323244,"label":"Fininshed Initialize ARWorldMapManager"},{"label":"Tracking Limited","timestamp":1742632306.654623,"content":"Tracking is limited due to: initializing"},{"timestamp":1742632307.617941,"label":"Room Update","content":{"id":"3F39F93D-AB52-4382-80AA-E0ED5264C1F0","name":"Test Room"}},{"timestamp":1742632307.617978,"label":"Downloading WorldMap","content":{"name":"Test Room","id":"3F39F93D-AB52-4382-80AA-E0ED5264C1F0"}},{"label":"Finished Downloading WorldMap","content":{"id":"3F39F93D-AB52-4382-80AA-E0ED5264C1F0","name":"Test Room"},"timestamp":1742632307.985898},{"timestamp":1742632308.1205158,"content":"Tracking is limited due to: initializing","label":"Tracking Limited"},{"content":"Tracking is limited due to: relocalizing","timestamp":1742632309.2871761,"label":"Tracking Limited"},{"content":{"identifier":"B08E24AE-6649-4FDC-AC88-299C0F4ABC29","name":"bunny","transform":{"columns":[[0.996533,-0.0012840496,-0.083188996,0],[0.0013539256,0.9999986,0.000783564,0],[0.08318789,-0.0008934792,0.99653333,0],[-0.034270495,-0.60270274,-0.31525213,1.0000001]]}},"timestamp":1742632311.3329039,"label":"Bunny didAdd"},{"content":{"center":[-0.057635427,-3.163968,0.45404088],"extent":[2.74614,6.103856,2.8408394]},"label":"Tracking Available","timestamp":1742632311.35885},{"content":{"identifier":"B08E24AE-6649-4FDC-AC88-299C0F4ABC29","name":"bunny","transform":{"columns":[[0.99652475,-0.0011311637,-0.08328969,0],[0.0012247307,0.99999833,0.0010723146,0],[0.08328837,-0.0011705958,0.9965247,0],[-0.034224045,-0.6027027,-0.3153559,1]]}},"label":"Bunny didUpdate","timestamp":1742632311.3589082},{"label":"ARImageAnchor didAdd","timestamp":1742632314.615622,"content":{"name":"Car","identifier":"FF85DBE1-76D3-E459-2D24-8EDCEE263300","transform":{"columns":[[0.9787079,0.011544493,-0.20493196,0],[0.20473315,0.016373686,0.97868073,0],[0.01465386,-0.9997992,0.013661504,0],[-0.2887394,-0.6541931,0.05135405,1]]}}},{"timestamp":1742632314.620857,"label":"ARImageAnchor didUpdate","content":{"identifier":"FF85DBE1-76D3-E459-2D24-8EDCEE263300","name":"Car","transform":{"columns":[[0.9787079,0.011544493,-0.20493196,0],[0.20473315,0.016373686,0.97868073,0],[0.01465386,-0.9997992,0.013661504,0],[-0.2887394,-0.6541931,0.05135405,1]]}}},{"label":"ARImageAnchor didAdd","timestamp":1742632317.265551,"content":{"name":"Earth","identifier":"088EF783-5990-B052-BE99-B8AA15BA6C68","transform":{"columns":[[0.9675119,-0.0043876627,-0.25278723,0],[0.25268984,-0.015942195,0.96741587,0],[-0.008274677,-0.99986327,-0.014315544,0],[-1.4184852,0.6051423,-0.27557296,1]]}}},{"timestamp":1742632317.271449,"label":"ARImageAnchor didUpdate","content":{"transform":{"columns":[[0.9675119,-0.0043876627,-0.25278723,0],[0.25268984,-0.015942195,0.96741587,0],[-0.008274677,-0.99986327,-0.014315544,0],[-1.4184852,0.6051423,-0.27557296,1]]},"identifier":"088EF783-5990-B052-BE99-B8AA15BA6C68","name":"Earth"}},{"label":"Bunny didUpdate","timestamp":1742632319.874148,"content":{"identifier":"B08E24AE-6649-4FDC-AC88-299C0F4ABC29","transform":{"columns":[[0.9967963,-0.0011311636,-0.07997276,0],[0.0012211549,0.9999981,0.0010763843,0],[0.07997143,-0.0011705956,0.9967963,0],[-0.034557868,-0.6036574,-0.31663573,1]]},"name":"bunny"}},{"timestamp":1742632322.0157828,"label":"ARImageAnchor didAdd","content":{"identifier":"6BAD7D5D-D14A-EF93-1C8B-F6BEC80B8329","name":"Lenna","transform":{"columns":[[-0.23183896,-0.039176505,-0.97196484,0],[0.9725211,-0.03119445,-0.23071428,0],[-0.021281324,-0.99874514,0.045332078,0],[0.39866954,-0.6575879,-0.1926347,0.99999994]]}}},{"content":{"name":"Lenna","identifier":"6BAD7D5D-D14A-EF93-1C8B-F6BEC80B8329","transform":{"columns":[[-0.23183896,-0.039176505,-0.97196484,0],[0.9725211,-0.03119445,-0.23071428,0],[-0.021281324,-0.99874514,0.045332078,0],[0.39866954,-0.6575879,-0.1926347,0.99999994]]}},"timestamp":1742632322.0486832,"label":"ARImageAnchor didUpdate"},{"timestamp":1742632324.16331,"content":{"name":"Sailboat","transform":{"columns":[[0.97152835,-0.0019200388,-0.23691462,0],[0.23690128,0.021227872,0.9713017,0],[0.0031642672,-0.9997727,0.021078372,0],[0.38749763,0.7699684,-0.7075321,0.99999994]]},"identifier":"C35EAC54-3E90-1B97-807B-5E3B8F238DB7"},"label":"ARImageAnchor didAdd"},{"content":{"identifier":"C35EAC54-3E90-1B97-807B-5E3B8F238DB7","name":"Sailboat","transform":{"columns":[[0.97152835,-0.0019200388,-0.23691462,0],[0.23690128,0.021227872,0.9713017,0],[0.0031642672,-0.9997727,0.021078372,0],[0.38749763,0.7699684,-0.7075321,0.99999994]]}},"label":"ARImageAnchor didUpdate","timestamp":1742632324.181375},{"label":"ARImageAnchor didUpdate","content":{"name":"Sailboat","transform":{"columns":[[0.9674181,-0.00039752785,-0.25318354,0],[0.2531618,0.01472629,0.9673117,0],[0.0033439172,-0.99989146,0.014347145,0],[0.3988763,0.7779865,-0.7004538,0.99999994]]},"identifier":"C35EAC54-3E90-1B97-807B-5E3B8F238DB7"},"timestamp":1742632324.698199},{"label":"ARImageAnchor didUpdate","content":{"name":"Sailboat","identifier":"C35EAC54-3E90-1B97-807B-5E3B8F238DB7","transform":{"columns":[[0.9674181,-0.00039752785,-0.25318354,0],[0.2531618,0.01472629,0.9673117,0],[0.0033439172,-0.99989146,0.014347145,0],[0.3988763,0.7779865,-0.7004538,0.99999994]]}},"timestamp":1742632324.705466},{"timestamp":1742632327.3163118,"label":"ARImageAnchor didAdd","content":{"name":"Mandrill","transform":{"columns":[[0.24940124,-0.015044394,0.96828324,0],[-0.9668411,0.052843045,0.24985087,0],[-0.054925878,-0.9984894,-0.0013664012,0],[1.2392409,0.80357075,-0.33628207,1]]},"identifier":"A19C2489-597B-2BED-432C-244B551E75FD"}},{"label":"ARImageAnchor didUpdate","timestamp":1742632327.3195992,"content":{"identifier":"A19C2489-597B-2BED-432C-244B551E75FD","transform":{"columns":[[0.24940124,-0.015044394,0.96828324,0],[-0.9668411,0.052843045,0.24985087,0],[-0.054925878,-0.9984894,-0.0013664012,0],[1.2392409,0.80357075,-0.33628207,1]]},"name":"Mandrill"}},{"timestamp":1742632329.412915,"content":{"identifier":"61BB3DDD-C96C-6E82-3432-BD712CCBCB28","transform":{"columns":[[0.20263997,-0.004324483,0.9792435,0],[-0.9791541,0.0133222705,0.20268029,0],[-0.013922236,-0.9999018,-0.0015347131,0],[1.4871893,0.17971472,0.3638394,0.9999999]]},"name":"Peppers"},"label":"ARImageAnchor didAdd"},{"content":{"name":"Peppers","identifier":"61BB3DDD-C96C-6E82-3432-BD712CCBCB28","transform":{"columns":[[0.20263997,-0.004324483,0.9792435,0],[-0.9791541,0.0133222705,0.20268029,0],[-0.013922236,-0.9999018,-0.0015347131,0],[1.4871893,0.17971472,0.3638394,0.9999999]]}},"timestamp":1742632329.42349,"label":"ARImageAnchor didUpdate"},{"timestamp":1742632330.471833,"content":{"name":"Peppers","identifier":"61BB3DDD-C96C-6E82-3432-BD712CCBCB28","transform":{"columns":[[0.2365471,-0.009115993,0.97157705,0],[-0.9716055,-0.00766135,0.23648213,0],[0.0052878247,-0.99992895,-0.010669416,0],[1.4859872,0.18302855,0.35916787,1]]}},"label":"ARImageAnchor didUpdate"},{"content":{"identifier":"61BB3DDD-C96C-6E82-3432-BD712CCBCB28","name":"Peppers","transform":{"columns":[[0.2365471,-0.009115993,0.97157705,0],[-0.9716055,-0.00766135,0.23648213,0],[0.0052878247,-0.99992895,-0.010669416,0],[1.4859872,0.18302855,0.35916787,1]]}},"label":"ARImageAnchor didUpdate","timestamp":1742632330.497511},{"label":"Bunny didUpdate","content":{"identifier":"B08E24AE-6649-4FDC-AC88-299C0F4ABC29","transform":{"columns":[[0.9967853,-0.0011311634,-0.08010889,0],[0.0012213016,0.9999979,0.0010762173,0],[0.08010758,-0.0011705958,0.99678534,0],[-0.034545813,-0.603616,-0.31658047,1]]},"name":"bunny"},"timestamp":1742632336.872817},{"label":"ARImageAnchor didUpdate","content":{"identifier":"088EF783-5990-B052-BE99-B8AA15BA6C68","name":"Earth","transform":{"columns":[[0.97004986,-0.0055200337,-0.24284258,0],[0.24285698,0.0020883204,0.97005975,0],[-0.004847651,-0.9999825,0.0033663525,0],[-1.3626976,0.59157443,-0.22773455,1]]}},"timestamp":1742632339.404053},{"label":"ARImageAnchor didUpdate","content":{"name":"Earth","identifier":"088EF783-5990-B052-BE99-B8AA15BA6C68","transform":{"columns":[[0.97004986,-0.0055200337,-0.24284258,0],[0.24285698,0.0020883204,0.97005975,0],[-0.004847651,-0.9999825,0.0033663525,0],[-1.3626976,0.59157443,-0.22773455,1]]}},"timestamp":1742632339.4304519},{"label":"ARImageAnchor didUpdate","timestamp":1742632339.937904,"content":{"transform":{"columns":[[0.9681515,-0.0040132394,-0.2503329,0],[0.25027108,-0.0118676955,0.968103,0],[-0.006856113,-0.9999214,-0.01048531,0],[-1.3807201,0.5923278,-0.23378988,1.0000001]]},"name":"Earth","identifier":"088EF783-5990-B052-BE99-B8AA15BA6C68"}},{"content":{"name":"Earth","transform":{"columns":[[0.9681515,-0.0040132394,-0.2503329,0],[0.25027108,-0.0118676955,0.968103,0],[-0.006856113,-0.9999214,-0.01048531,0],[-1.3807201,0.5923278,-0.23378988,1.0000001]]},"identifier":"088EF783-5990-B052-BE99-B8AA15BA6C68"},"timestamp":1742632339.963955,"label":"ARImageAnchor didUpdate"},{"label":"Bunny didUpdate","content":{"name":"bunny","identifier":"B08E24AE-6649-4FDC-AC88-299C0F4ABC29","transform":{"columns":[[0.9967852,-0.0011311633,-0.08010905,0],[0.0012213016,0.99999774,0.001076217,0],[0.08010774,-0.0011705955,0.9967852,0],[-0.034545776,-0.60361594,-0.31658036,1]]}},"timestamp":1742632345.8883982},{"content":{"name":"bunny","identifier":"B08E24AE-6649-4FDC-AC88-299C0F4ABC29","transform":{"columns":[[0.99678516,-0.0011311633,-0.080109045,0],[0.0012213014,0.99999756,0.0010762168,0],[0.08010773,-0.0011705956,0.99678516,0],[-0.034545776,-0.60361594,-0.31658036,1]]}},"timestamp":1742632346.270481,"label":"Bunny didUpdate"}]