[{"timestamp":1742634447.7557049,"label":"Application launched"},{"label":"Initialize ARViewModel","timestamp":1742634447.7557921},{"timestamp":1742634447.7566109,"label":"Finished Initialize ARViewModel"},{"label":"Initialize RoomManager","timestamp":1742634447.756621},{"label":"Initialize BeaconManager","timestamp":1742634447.7566252},{"timestamp":1742634447.756638,"label":"Fininshed Initialize BeaconManager"},{"label":"Fininshed Initialize RoomManager","timestamp":1742634447.756643},{"timestamp":1742634447.756647,"label":"ContentView Initialize"},{"timestamp":1742634447.757005,"label":"Initialize ARWorldMapManager"},{"timestamp":1742634447.757012,"label":"Fininshed Initialize ARWorldMapManager"},{"timestamp":1742634448.134953,"content":"Tracking is limited due to: initializing","label":"Tracking Limited"},{"label":"Room Update","content":{"id":"3F39F93D-AB52-4382-80AA-E0ED5264C1F0","name":"Test Room"},"timestamp":1742634448.9384599},{"label":"Downloading WorldMap","content":{"id":"3F39F93D-AB52-4382-80AA-E0ED5264C1F0","name":"Test Room"},"timestamp":1742634448.9384909},{"timestamp":1742634449.317927,"label":"Finished Downloading WorldMap","content":{"id":"3F39F93D-AB52-4382-80AA-E0ED5264C1F0","name":"Test Room"}},{"content":"Tracking is limited due to: initializing","timestamp":1742634449.452672,"label":"Tracking Limited"},{"label":"Tracking Limited","content":"Tracking is limited due to: relocalizing","timestamp":1742634450.452735},{"timestamp":1742634452.08254,"label":"Bunny didAdd","content":{"transform":{"columns":[[0.996533,-0.0012840496,-0.083188996,0],[0.0013539256,0.9999986,0.000783564,0],[0.08318789,-0.0008934792,0.99653333,0],[-0.034270495,-0.60270274,-0.31525213,1.0000001]]},"name":"bunny","identifier":"B08E24AE-6649-4FDC-AC88-299C0F4ABC29"}},{"content":{"extent":[2.7465603,5.980116,2.8250825],"center":[-0.05742526,-3.2258382,0.4619192]},"timestamp":1742634452.1108441,"label":"Tracking Available"},{"label":"Bunny didUpdate","content":{"name":"bunny","transform":{"columns":[[0.99652475,-0.0011311637,-0.08328969,0],[0.0012247307,0.99999833,0.0010723146,0],[0.08328837,-0.0011705958,0.9965247,0],[-0.034224045,-0.6027027,-0.3153559,1]]},"identifier":"B08E24AE-6649-4FDC-AC88-299C0F4ABC29"},"timestamp":1742634452.110883},{"timestamp":1742634454.899242,"label":"ARImageAnchor didAdd","content":{"name":"Car","transform":{"columns":[[0.9732283,0.0059456634,-0.22976263,0],[0.22983469,-0.031640727,0.97271496,0],[-0.0014864206,-0.9994815,-0.032160178,0],[-0.24786961,-0.701871,0.23976505,0.9999999]]},"identifier":"FF85DBE1-76D3-E459-2D24-8EDCEE263300"}},{"label":"ARImageAnchor didUpdate","content":{"identifier":"FF85DBE1-76D3-E459-2D24-8EDCEE263300","transform":{"columns":[[0.9732283,0.0059456634,-0.22976263,0],[0.22983469,-0.031640727,0.97271496,0],[-0.0014864206,-0.9994815,-0.032160178,0],[-0.24786961,-0.701871,0.23976505,0.9999999]]},"name":"Car"},"timestamp":1742634454.902197},{"content":{"transform":{"columns":[[0.97545356,0.011423172,-0.21990821,0],[0.22001663,-0.009295623,0.97545165,0],[0.009098567,-0.9998914,-0.011580733,0],[-0.2728125,-0.67259383,0.1459523,0.9999999]]},"identifier":"FF85DBE1-76D3-E459-2D24-8EDCEE263300","name":"Car"},"label":"ARImageAnchor didUpdate","timestamp":1742634455.961838},{"content":{"name":"Car","identifier":"FF85DBE1-76D3-E459-2D24-8EDCEE263300","transform":{"columns":[[0.97545356,0.011423172,-0.21990821,0],[0.22001663,-0.009295623,0.97545165,0],[0.009098567,-0.9998914,-0.011580733,0],[-0.2728125,-0.67259383,0.1459523,0.9999999]]}},"label":"ARImageAnchor didUpdate","timestamp":1742634455.968221},{"label":"ARImageAnchor didAdd","content":{"transform":{"columns":[[0.9613353,-0.00082246587,-0.27537867,0],[0.27533326,-0.015537982,0.961223,0],[-0.0050694067,-0.9998788,-0.014710757,0],[-1.3905337,0.5761179,-0.15551749,1]]},"identifier":"088EF783-5990-B052-BE99-B8AA15BA6C68","name":"Earth"},"timestamp":1742634459.127634},{"content":{"name":"Earth","identifier":"088EF783-5990-B052-BE99-B8AA15BA6C68","transform":{"columns":[[0.9613353,-0.00082246587,-0.27537867,0],[0.27533326,-0.015537982,0.961223,0],[-0.0050694067,-0.9998788,-0.014710757,0],[-1.3905337,0.5761179,-0.15551749,1]]}},"label":"ARImageAnchor didUpdate","timestamp":1742634459.145111},{"content":{"name":"Sailboat","identifier":"C35EAC54-3E90-1B97-807B-5E3B8F238DB7","transform":{"columns":[[0.9667785,-0.0002748716,-0.2556147,0],[0.25561163,0.0060669803,0.9667603,0],[0.0012850815,-0.99998146,0.005935694,0],[0.3870933,0.77142954,-0.6004009,1]]}},"label":"ARImageAnchor didAdd","timestamp":1742634463.393961},{"content":{"identifier":"C35EAC54-3E90-1B97-807B-5E3B8F238DB7","name":"Sailboat","transform":{"columns":[[0.9667785,-0.0002748716,-0.2556147,0],[0.25561163,0.0060669803,0.9667603,0],[0.0012850815,-0.99998146,0.005935694,0],[0.3870933,0.77142954,-0.6004009,1]]}},"label":"ARImageAnchor didUpdate","timestamp":1742634463.412363},{"content":{"transform":{"columns":[[0.2621518,-0.014197535,0.96492213,0],[-0.9635299,0.05181491,0.26253596,0],[-0.053724717,-0.9985557,-9.635276e-05,0],[1.2316597,0.79847544,-0.25239974,1]]},"name":"Mandrill","identifier":"A19C2489-597B-2BED-432C-244B551E75FD"},"timestamp":1742634466.0636768,"label":"ARImageAnchor didAdd"},{"timestamp":1742634466.0674539,"label":"ARImageAnchor didUpdate","content":{"name":"Mandrill","identifier":"A19C2489-597B-2BED-432C-244B551E75FD","transform":{"columns":[[0.2621518,-0.014197535,0.96492213,0],[-0.9635299,0.05181491,0.26253596,0],[-0.053724717,-0.9985557,-9.635276e-05,0],[1.2316597,0.79847544,-0.25239974,1]]}}},{"timestamp":1742634469.2270331,"content":{"transform":{"columns":[[0.2563538,-0.0044918354,0.9665724,0],[-0.9665666,-0.0069968337,0.25631973,0],[0.0056116027,-0.9999654,-0.0061353217,0],[1.4908347,0.1822058,0.43997708,1.0000001]]},"name":"Peppers","identifier":"61BB3DDD-C96C-6E82-3432-BD712CCBCB28"},"label":"ARImageAnchor didAdd"},{"content":{"name":"Peppers","identifier":"61BB3DDD-C96C-6E82-3432-BD712CCBCB28","transform":{"columns":[[0.2563538,-0.0044918354,0.9665724,0],[-0.9665666,-0.0069968337,0.25631973,0],[0.0056116027,-0.9999654,-0.0061353217,0],[1.4908347,0.1822058,0.43997708,1.0000001]]}},"timestamp":1742634469.244286,"label":"ARImageAnchor didUpdate"},{"label":"ARImageAnchor didAdd","content":{"name":"Lenna","identifier":"6BAD7D5D-D14A-EF93-1C8B-F6BEC80B8329","transform":{"columns":[[-0.23825371,-0.03571033,-0.97054595,0],[0.9711118,0.004920048,-0.23857363,0],[0.0132946875,-0.99935,0.033506494,0],[0.37773237,-0.65508693,-0.10172655,0.99999994]]}},"timestamp":1742634474.0451121},{"content":{"name":"Lenna","identifier":"6BAD7D5D-D14A-EF93-1C8B-F6BEC80B8329","transform":{"columns":[[-0.23825371,-0.03571033,-0.97054595,0],[0.9711118,0.004920048,-0.23857363,0],[0.0132946875,-0.99935,0.033506494,0],[0.37773237,-0.65508693,-0.10172655,0.99999994]]}},"label":"ARImageAnchor didUpdate","timestamp":1742634474.0522609},{"timestamp":1742634482.449998,"content":{"identifier":"B08E24AE-6649-4FDC-AC88-299C0F4ABC29","name":"bunny","transform":{"columns":[[0.99652475,-0.0011311637,-0.08328969,0],[0.0012247305,0.99999815,0.0010723145,0],[0.08328838,-0.0011705958,0.99652475,0],[-0.034224045,-0.6027027,-0.3153559,1]]}},"label":"Bunny didUpdate"}]