[{"timestamp":1742635990.471137,"label":"Application launched"},{"label":"Initialize ARViewModel","timestamp":1742635990.471226},{"label":"Finished Initialize ARViewModel","timestamp":1742635990.471992},{"timestamp":1742635990.472007,"label":"Initialize RoomManager"},{"timestamp":1742635990.472011,"label":"Initialize BeaconManager"},{"timestamp":1742635990.472024,"label":"Fininshed Initialize BeaconManager"},{"timestamp":1742635990.472029,"label":"Fininshed Initialize RoomManager"},{"timestamp":1742635990.472033,"label":"ContentView Initialize"},{"timestamp":1742635990.472389,"label":"Initialize ARWorldMapManager"},{"label":"Fininshed Initialize ARWorldMapManager","timestamp":1742635990.472396},{"timestamp":1742635990.811635,"label":"Tracking Not Available"},{"content":"Tracking is limited due to: initializing","timestamp":1742635990.8296509,"label":"Tracking Limited"},{"content":{"name":"Test Room","id":"3F39F93D-AB52-4382-80AA-E0ED5264C1F0"},"timestamp":1742635991.790831,"label":"Room Update"},{"content":{"id":"3F39F93D-AB52-4382-80AA-E0ED5264C1F0","name":"Test Room"},"label":"Downloading WorldMap","timestamp":1742635991.790894},{"timestamp":1742635992.415316,"label":"Finished Downloading WorldMap","content":{"id":"3F39F93D-AB52-4382-80AA-E0ED5264C1F0","name":"Test Room"}},{"content":"Tracking is limited due to: initializing","timestamp":1742635992.5796971,"label":"Tracking Limited"},{"timestamp":1742635993.6292381,"label":"Tracking Limited","content":"Tracking is limited due to: relocalizing"},{"content":{"name":"bunny","identifier":"B08E24AE-6649-4FDC-AC88-299C0F4ABC29","transform":{"columns":[[0.99652475,-0.0011311637,-0.08328969,0],[0.0012247307,0.99999833,0.0010723146,0],[0.08328837,-0.0011705958,0.9965247,0],[-0.034224045,-0.6027027,-0.3153559,1]]}},"label":"Bunny didAdd","timestamp":1742635995.471787},{"label":"Bunny didUpdate","content":{"name":"bunny","transform":{"columns":[[0.99652475,-0.0011311637,-0.08328969,0],[0.0012247305,0.99999815,0.0010723145,0],[0.08328838,-0.0011705958,0.99652475,0],[-0.034224045,-0.6027027,-0.3153559,1]]},"identifier":"B08E24AE-6649-4FDC-AC88-299C0F4ABC29"},"timestamp":1742635995.491726},{"content":{"center":[0.33314526,-3.2650685,0.4619192],"extent":[3.5277014,6.650979,2.8250825]},"label":"Tracking Available","timestamp":1742635995.49175},{"content":{"name":"Car","identifier":"FF85DBE1-76D3-E459-2D24-8EDCEE263300","transform":{"columns":[[0.9710563,0.0011731291,-0.23884742,0],[0.23885,-0.0062304675,0.97103626,0],[-0.00034898124,-0.99997985,-0.006330337,0],[-0.26615393,-0.6501335,0.062250823,1]]}},"timestamp":1742635997.623455,"label":"ARImageAnchor didAdd"},{"label":"ARImageAnchor didUpdate","timestamp":1742635997.6573029,"content":{"name":"Car","transform":{"columns":[[0.9710563,0.0011731291,-0.23884742,0],[0.23885,-0.0062304675,0.97103626,0],[-0.00034898124,-0.99997985,-0.006330337,0],[-0.26615393,-0.6501335,0.062250823,1]]},"identifier":"FF85DBE1-76D3-E459-2D24-8EDCEE263300"}},{"content":{"name":"Earth","identifier":"088EF783-5990-B052-BE99-B8AA15BA6C68","transform":{"columns":[[0.9564484,-0.008177002,-0.2917866,0],[0.2917928,-0.0004460007,0.9564812,0],[-0.0079512885,-0.99996644,0.0019594103,0],[-1.3895918,0.61180806,-0.23665975,1]]}},"timestamp":1742636000.758595,"label":"ARImageAnchor didAdd"},{"label":"ARImageAnchor didUpdate","timestamp":1742636000.7809172,"content":{"identifier":"088EF783-5990-B052-BE99-B8AA15BA6C68","transform":{"columns":[[0.9564484,-0.008177002,-0.2917866,0],[0.2917928,-0.0004460007,0.9564812,0],[-0.0079512885,-0.99996644,0.0019594103,0],[-1.3895918,0.61180806,-0.23665975,1]]},"name":"Earth"}},{"timestamp":1742636001.290163,"content":{"identifier":"088EF783-5990-B052-BE99-B8AA15BA6C68","name":"Earth","transform":{"columns":[[0.9515632,-0.0051696803,-0.30740932,0],[0.3073447,-0.010516956,0.95154,0],[-0.008152161,-0.9999312,-0.00841867,0],[-1.3807576,0.61066556,-0.22738981,1.0000001]]}},"label":"ARImageAnchor didUpdate"},{"label":"ARImageAnchor didUpdate","content":{"name":"Earth","identifier":"088EF783-5990-B052-BE99-B8AA15BA6C68","transform":{"columns":[[0.9515632,-0.0051696803,-0.30740932,0],[0.3073447,-0.010516956,0.95154,0],[-0.008152161,-0.9999312,-0.00841867,0],[-1.3807576,0.61066556,-0.22738981,1.0000001]]}},"timestamp":1742636001.323489},{"timestamp":1742636003.716965,"content":{"transform":{"columns":[[0.9981072,-0.0011311636,-0.06148676,0],[0.0012009977,0.999998,0.0010988292,0],[0.061485443,-0.0011705959,0.99810725,0],[-0.043448996,-0.6164558,-0.35195205,1]]},"identifier":"B08E24AE-6649-4FDC-AC88-299C0F4ABC29","name":"bunny"},"label":"Bunny didUpdate"},{"label":"ARImageAnchor didAdd","timestamp":1742636004.955265,"content":{"transform":{"columns":[[0.95649403,0.0013727533,-0.2917482,0],[0.29170838,0.012680519,0.95642316,0],[0.00501246,-0.9999186,0.011728419,0],[0.3988392,0.7887825,-0.73935854,1]]},"identifier":"C35EAC54-3E90-1B97-807B-5E3B8F238DB7","name":"Sailboat"}},{"label":"ARImageAnchor didUpdate","content":{"name":"Sailboat","transform":{"columns":[[0.95649403,0.0013727533,-0.2917482,0],[0.29170838,0.012680519,0.95642316,0],[0.00501246,-0.9999186,0.011728419,0],[0.3988392,0.7887825,-0.73935854,1]]},"identifier":"C35EAC54-3E90-1B97-807B-5E3B8F238DB7"},"timestamp":1742636004.980332},{"timestamp":1742636005.480274,"content":{"name":"Sailboat","transform":{"columns":[[0.962547,-0.0023127417,-0.2711045,0],[0.27107778,0.02464533,0.9622417,0],[0.0044560414,-0.9996936,0.024349216,0],[0.39369375,0.7845152,-0.73556876,1]]},"identifier":"C35EAC54-3E90-1B97-807B-5E3B8F238DB7"},"label":"ARImageAnchor didUpdate"},{"content":{"transform":{"columns":[[0.962547,-0.0023127417,-0.2711045,0],[0.27107778,0.02464533,0.9622417,0],[0.0044560414,-0.9996936,0.024349216,0],[0.39369375,0.7845152,-0.73556876,1]]},"name":"Sailboat","identifier":"C35EAC54-3E90-1B97-807B-5E3B8F238DB7"},"timestamp":1742636005.506213,"label":"ARImageAnchor didUpdate"},{"timestamp":1742636007.58842,"label":"ARImageAnchor didAdd","content":{"transform":{"columns":[[-0.19897735,-0.037240192,-0.9792961,0],[0.9796574,0.019012617,-0.19977374,0],[0.026058609,-0.99912536,0.032699555,0],[0.3750704,-0.66015327,-0.23269095,1]]},"identifier":"6BAD7D5D-D14A-EF93-1C8B-F6BEC80B8329","name":"Lenna"}},{"label":"ARImageAnchor didUpdate","content":{"name":"Lenna","transform":{"columns":[[-0.19897735,-0.037240192,-0.9792961,0],[0.9796574,0.019012617,-0.19977374,0],[0.026058609,-0.99912536,0.032699555,0],[0.3750704,-0.66015327,-0.23269095,1]]},"identifier":"6BAD7D5D-D14A-EF93-1C8B-F6BEC80B8329"},"timestamp":1742636007.598429},{"label":"ARImageAnchor didUpdate","timestamp":1742636008.1141272,"content":{"transform":{"columns":[[-0.22478619,-0.036275472,-0.97373253,0],[0.9743998,-0.012482326,-0.22447519,0],[-0.0040115234,-0.9992638,0.038152665,0],[0.37418824,-0.65503997,-0.23211616,1]]},"name":"Lenna","identifier":"6BAD7D5D-D14A-EF93-1C8B-F6BEC80B8329"}},{"timestamp":1742636008.1400971,"content":{"name":"Lenna","transform":{"columns":[[-0.22478619,-0.036275472,-0.97373253,0],[0.9743998,-0.012482326,-0.22447519,0],[-0.0040115234,-0.9992638,0.038152665,0],[0.37418824,-0.65503997,-0.23211616,1]]},"identifier":"6BAD7D5D-D14A-EF93-1C8B-F6BEC80B8329"},"label":"ARImageAnchor didUpdate"},{"label":"ARImageAnchor didAdd","content":{"name":"Mandrill","identifier":"A19C2489-597B-2BED-432C-244B551E75FD","transform":{"columns":[[0.26299438,-0.012816736,0.9647122,0],[-0.9639579,0.038209245,0.2632964,0],[-0.040235516,-0.99918747,-0.0023059787,0],[1.2053014,0.78905654,-0.40187943,1]]}},"timestamp":1742636010.738369},{"timestamp":1742636010.756208,"label":"ARImageAnchor didUpdate","content":{"name":"Mandrill","transform":{"columns":[[0.26299438,-0.012816736,0.9647122,0],[-0.9639579,0.038209245,0.2632964,0],[-0.040235516,-0.99918747,-0.0023059787,0],[1.2053014,0.78905654,-0.40187943,1]]},"identifier":"A19C2489-597B-2BED-432C-244B551E75FD"}},{"timestamp":1742636011.264173,"label":"ARImageAnchor didUpdate","content":{"transform":{"columns":[[0.27021152,-0.016346324,0.96266216,0],[-0.96171755,0.042835854,0.27067372,0],[-0.045660984,-0.99894834,-0.004145804,0],[1.2227045,0.80253166,-0.38790557,1]]},"identifier":"A19C2489-597B-2BED-432C-244B551E75FD","name":"Mandrill"}},{"timestamp":1742636011.280946,"label":"ARImageAnchor didUpdate","content":{"transform":{"columns":[[0.27021152,-0.016346324,0.96266216,0],[-0.96171755,0.042835854,0.27067372,0],[-0.045660984,-0.99894834,-0.004145804,0],[1.2227045,0.80253166,-0.38790557,1]]},"name":"Mandrill","identifier":"A19C2489-597B-2BED-432C-244B551E75FD"}},{"content":{"identifier":"B08E24AE-6649-4FDC-AC88-299C0F4ABC29","transform":{"columns":[[0.9981072,-0.0011311634,-0.061486382,0],[0.0012009972,0.99999774,0.0010988296,0],[0.06148507,-0.0011705958,0.99810725,0],[-0.043449108,-0.61645615,-0.35195294,1]]},"name":"bunny"},"timestamp":1742636013.615031,"label":"Bunny didUpdate"},{"content":{"transform":{"columns":[[0.2536268,-0.007840616,0.96727026,0],[-0.9672624,0.006985365,0.25368136,0],[-0.008745756,-0.9999448,-0.005812253,0],[1.4844716,0.18258584,0.30156192,1]]},"name":"Peppers","identifier":"61BB3DDD-C96C-6E82-3432-BD712CCBCB28"},"label":"ARImageAnchor didAdd","timestamp":1742636014.4547272},{"timestamp":1742636014.463584,"content":{"name":"Peppers","identifier":"61BB3DDD-C96C-6E82-3432-BD712CCBCB28","transform":{"columns":[[0.2536268,-0.007840616,0.96727026,0],[-0.9672624,0.006985365,0.25368136,0],[-0.008745756,-0.9999448,-0.005812253,0],[1.4844716,0.18258584,0.30156192,1]]}},"label":"ARImageAnchor didUpdate"},{"content":{"transform":{"columns":[[-0.22250319,-0.025413588,-0.9746006,0],[0.97442865,-0.0379098,-0.22147541,0],[-0.031318486,-0.99895793,0.033198763,0],[0.36374432,-0.6667951,-0.24239632,1]]},"name":"Lenna","identifier":"6BAD7D5D-D14A-EF93-1C8B-F6BEC80B8329"},"timestamp":1742636018.665277,"label":"ARImageAnchor didUpdate"},{"content":{"name":"Lenna","identifier":"6BAD7D5D-D14A-EF93-1C8B-F6BEC80B8329","transform":{"columns":[[-0.22250319,-0.025413588,-0.9746006,0],[0.97442865,-0.0379098,-0.22147541,0],[-0.031318486,-0.99895793,0.033198763,0],[0.36374432,-0.6667951,-0.24239632,1]]}},"timestamp":1742636018.690195,"label":"ARImageAnchor didUpdate"},{"timestamp":1742636019.197191,"label":"ARImageAnchor didUpdate","content":{"identifier":"6BAD7D5D-D14A-EF93-1C8B-F6BEC80B8329","transform":{"columns":[[-0.24203193,-0.033391066,-0.9696934,0],[0.969953,-0.033792194,-0.24093314,0],[-0.024723064,-0.99887085,0.040566582,0],[0.36976698,-0.6572733,-0.23588178,1]]},"name":"Lenna"}},{"timestamp":1742636019.21379,"content":{"identifier":"6BAD7D5D-D14A-EF93-1C8B-F6BEC80B8329","name":"Lenna","transform":{"columns":[[-0.24203193,-0.033391066,-0.9696934,0],[0.969953,-0.033792194,-0.24093314,0],[-0.024723064,-0.99887085,0.040566582,0],[0.36976698,-0.6572733,-0.23588178,1]]}},"label":"ARImageAnchor didUpdate"},{"label":"ARImageAnchor didUpdate","timestamp":1742636021.2626019,"content":{"identifier":"FF85DBE1-76D3-E459-2D24-8EDCEE263300","transform":{"columns":[[0.9781644,0.008671263,-0.20765044,0],[0.20768802,-0.0036803295,0.97818786,0],[0.0077179237,-0.9999555,-0.005400863,0],[-0.2910032,-0.6538962,0.011478856,0.9999999]]},"name":"Car"}},{"content":{"identifier":"FF85DBE1-76D3-E459-2D24-8EDCEE263300","transform":{"columns":[[0.9781644,0.008671263,-0.20765044,0],[0.20768802,-0.0036803295,0.97818786,0],[0.0077179237,-0.9999555,-0.005400863,0],[-0.2910032,-0.6538962,0.011478856,0.9999999]]},"name":"Car"},"timestamp":1742636021.2810578,"label":"ARImageAnchor didUpdate"},{"timestamp":1742636024.961849,"label":"ARImageAnchor didUpdate","content":{"name":"Earth","identifier":"088EF783-5990-B052-BE99-B8AA15BA6C68","transform":{"columns":[[0.9561897,0.0023856899,-0.29273757,0],[0.29261267,-0.038108166,0.9554712,0],[-0.008876235,-0.99927074,-0.037136726,0],[-1.3893176,0.6085981,-0.24958125,1]]}}},{"content":{"name":"Earth","transform":{"columns":[[0.9561897,0.0023856899,-0.29273757,0],[0.29261267,-0.038108166,0.9554712,0],[-0.008876235,-0.99927074,-0.037136726,0],[-1.3893176,0.6085981,-0.24958125,1]]},"identifier":"088EF783-5990-B052-BE99-B8AA15BA6C68"},"timestamp":1742636024.988635,"label":"ARImageAnchor didUpdate"},{"label":"Bunny didUpdate","content":{"identifier":"B08E24AE-6649-4FDC-AC88-299C0F4ABC29","transform":{"columns":[[0.99810714,-0.0011311634,-0.061486743,0],[0.0012009973,0.99999756,0.001098829,0],[0.061485432,-0.0011705958,0.9981072,0],[-0.043449037,-0.61645585,-0.35195217,1]]},"name":"bunny"},"timestamp":1742636029.53095},{"content":{"name":"bunny","transform":{"columns":[[0.99810714,-0.0011311634,-0.061486743,0],[0.0012009972,0.9999974,0.0010988287,0],[0.061485432,-0.0011705958,0.9981072,0],[-0.043449037,-0.61645585,-0.35195217,1]]},"identifier":"B08E24AE-6649-4FDC-AC88-299C0F4ABC29"},"timestamp":1742636029.631196,"label":"Bunny didUpdate"},{"content":{"transform":{"columns":[[0.99810714,-0.0011311634,-0.061487116,0],[0.0012009973,0.99999714,0.001098828,0],[0.061485805,-0.0011705956,0.99810714,0],[-0.04344883,-0.61645555,-0.3519515,1]]},"name":"bunny","identifier":"B08E24AE-6649-4FDC-AC88-299C0F4ABC29"},"label":"Bunny didUpdate","timestamp":1742636030.0301971},{"timestamp":1742636030.8126268,"label":"ARImageAnchor didUpdate","content":{"transform":{"columns":[[0.23365061,-0.016631456,0.9721783,0],[-0.97105354,0.047033895,0.23418497,0],[-0.04962019,-0.99875474,-0.005160527,0],[1.2294714,0.8100886,-0.36212027,1]]},"identifier":"A19C2489-597B-2BED-432C-244B551E75FD","name":"Mandrill"}},{"timestamp":1742636030.838639,"content":{"identifier":"A19C2489-597B-2BED-432C-244B551E75FD","transform":{"columns":[[0.23365061,-0.016631456,0.9721783,0],[-0.97105354,0.047033895,0.23418497,0],[-0.04962019,-0.99875474,-0.005160527,0],[1.2294714,0.8100886,-0.36212027,1]]},"name":"Mandrill"},"label":"ARImageAnchor didUpdate"},{"timestamp":1742636032.3976321,"label":"ARImageAnchor didUpdate","content":{"name":"Peppers","identifier":"61BB3DDD-C96C-6E82-3432-BD712CCBCB28","transform":{"columns":[[0.23666452,-0.005217557,0.9715772,0],[-0.9712901,-0.026164595,0.23645407,0],[0.02418719,-0.999644,-0.011259995,0],[1.472448,0.18793747,0.33936554,1]]}}},{"content":{"name":"Peppers","transform":{"columns":[[0.23666452,-0.005217557,0.9715772,0],[-0.9712901,-0.026164595,0.23645407,0],[0.02418719,-0.999644,-0.011259995,0],[1.472448,0.18793747,0.33936554,1]]},"identifier":"61BB3DDD-C96C-6E82-3432-BD712CCBCB28"},"timestamp":1742636032.4143748,"label":"ARImageAnchor didUpdate"},{"label":"ARImageAnchor didUpdate","content":{"identifier":"61BB3DDD-C96C-6E82-3432-BD712CCBCB28","name":"Peppers","transform":{"columns":[[0.25210077,-0.008123284,0.96766675,0],[-0.96769977,-0.0035682747,0.25207943,0],[0.0014051908,-0.99996054,-0.00876046,0],[1.4765627,0.17708722,0.30541134,1]]}},"timestamp":1742636032.913749},{"label":"ARImageAnchor didUpdate","content":{"transform":{"columns":[[0.25210077,-0.008123284,0.96766675,0],[-0.96769977,-0.0035682747,0.25207943,0],[0.0014051908,-0.99996054,-0.00876046,0],[1.4765627,0.17708722,0.30541134,1]]},"name":"Peppers","identifier":"61BB3DDD-C96C-6E82-3432-BD712CCBCB28"},"timestamp":1742636032.929801},{"timestamp":1742636033.230155,"label":"Bunny didUpdate","content":{"transform":{"columns":[[0.9981071,-0.0011311634,-0.06148692,0],[0.0012009968,0.99999696,0.0010988279,0],[0.061485603,-0.0011705956,0.99810714,0],[-0.043448936,-0.61645573,-0.3519519,1]]},"identifier":"B08E24AE-6649-4FDC-AC88-299C0F4ABC29","name":"bunny"}},{"content":{"identifier":"B08E24AE-6649-4FDC-AC88-299C0F4ABC29","transform":{"columns":[[0.9981071,-0.0011311634,-0.0614869,0],[0.0012009966,0.9999968,0.0010988277,0],[0.061485585,-0.0011705956,0.99810714,0],[-0.043448947,-0.61645573,-0.35195193,1]]},"name":"bunny"},"timestamp":1742636033.33862,"label":"Bunny didUpdate"},{"timestamp":1742636033.5282788,"label":"Bunny didUpdate","content":{"name":"bunny","transform":{"columns":[[0.9981071,-0.0011311634,-0.06148684,0],[0.0012009963,0.9999966,0.0010988277,0],[0.06148552,-0.0011705958,0.99810714,0],[-0.043448977,-0.6164558,-0.351952,1]]},"identifier":"B08E24AE-6649-4FDC-AC88-299C0F4ABC29"}},{"content":{"name":"bunny","transform":{"columns":[[0.9981071,-0.0011311634,-0.061486952,0],[0.0012009962,0.99999636,0.0010988275,0],[0.061485633,-0.0011705958,0.9981071,0],[-0.043448914,-0.61645573,-0.35195184,1]]},"identifier":"B08E24AE-6649-4FDC-AC88-299C0F4ABC29"},"label":"Bunny didUpdate","timestamp":1742636033.629959},{"timestamp":1742636033.730801,"content":{"transform":{"columns":[[0.9981071,-0.0011311633,-0.061486565,0],[0.0012009955,0.9999961,0.0010988275,0],[0.06148525,-0.0011705955,0.9981071,0],[-0.04344914,-0.616456,-0.35195246,1]]},"name":"bunny","identifier":"B08E24AE-6649-4FDC-AC88-299C0F4ABC29"},"label":"Bunny didUpdate"}]