[{"timestamp":1742669326.734144,"label":"Application launched"},{"label":"Initialize ARViewModel","timestamp":1742669326.7342281},{"label":"Finished Initialize ARViewModel","timestamp":1742669326.736016},{"timestamp":1742669326.736075,"label":"Initialize RoomManager"},{"timestamp":1742669326.736089,"label":"Initialize BeaconManager"},{"timestamp":1742669326.736124,"label":"Fininshed Initialize BeaconManager"},{"timestamp":1742669326.736141,"label":"Fininshed Initialize RoomManager"},{"timestamp":1742669326.736154,"label":"ContentView Initialize"},{"label":"Initialize ARWorldMapManager","timestamp":1742669326.7372289},{"label":"Fininshed Initialize ARWorldMapManager","timestamp":1742669326.737288},{"content":"Tracking is limited due to: initializing","label":"Tracking Limited","timestamp":1742669327.221426},{"label":"Room Update","content":{"id":"3F39F93D-AB52-4382-80AA-E0ED5264C1F0","name":"Test Room"},"timestamp":1742669328.1036139},{"label":"Downloading WorldMap","content":{"name":"Test Room","id":"3F39F93D-AB52-4382-80AA-E0ED5264C1F0"},"timestamp":1742669328.103656},{"content":{"name":"Test Room","id":"3F39F93D-AB52-4382-80AA-E0ED5264C1F0"},"label":"Finished Downloading WorldMap","timestamp":1742669328.666319},{"timestamp":1742669328.8206,"label":"Tracking Limited","content":"Tracking is limited due to: initializing"},{"timestamp":1742669329.88728,"label":"Tracking Limited","content":"Tracking is limited due to: relocalizing"},{"content":{"identifier":"B08E24AE-6649-4FDC-AC88-299C0F4ABC29","transform":{"columns":[[0.99652475,-0.0011311637,-0.08328969,0],[0.0012247307,0.99999833,0.0010723146,0],[0.08328837,-0.0011705958,0.9965247,0],[-0.034224045,-0.6027027,-0.3153559,1]]},"name":"bunny"},"timestamp":1742669366.047381,"label":"Bunny didAdd"},{"timestamp":1742669366.5341,"label":"Bunny didUpdate","content":{"transform":{"columns":[[0.99652475,-0.0011311637,-0.08328969,0],[0.0012247305,0.99999815,0.0010723145,0],[0.08328838,-0.0011705958,0.99652475,0],[-0.034224045,-0.6027027,-0.3153559,1]]},"name":"bunny","identifier":"B08E24AE-6649-4FDC-AC88-299C0F4ABC29"}},{"label":"Tracking Available","timestamp":1742669366.534138,"content":{"extent":[3.8517895,6.459626,2.8250825],"center":[-0.459234,-3.360745,0.4619192]}},{"label":"ARImageAnchor didAdd","timestamp":1742669372.3135061,"content":{"name":"Car","transform":{"columns":[[0.9750687,0.011628196,-0.2215981,0],[0.22156274,0.004261978,0.97513664,0],[0.0122834975,-0.9999232,0.0015793492,0],[-0.27171725,-0.6564705,0.04664439,1]]},"identifier":"FF85DBE1-76D3-E459-2D24-8EDCEE263300"}},{"timestamp":1742669372.324794,"content":{"transform":{"columns":[[0.9750687,0.011628196,-0.2215981,0],[0.22156274,0.004261978,0.97513664,0],[0.0122834975,-0.9999232,0.0015793492,0],[-0.27171725,-0.6564705,0.04664439,1]]},"name":"Car","identifier":"FF85DBE1-76D3-E459-2D24-8EDCEE263300"},"label":"ARImageAnchor didUpdate"},{"timestamp":1742669375.51337,"label":"ARImageAnchor didAdd","content":{"identifier":"088EF783-5990-B052-BE99-B8AA15BA6C68","transform":{"columns":[[0.9644302,-0.008908802,-0.2641869,0],[0.2636522,-0.039479796,0.96380943,0],[-0.019016445,-0.9991807,-0.035726674,0],[-1.3725115,0.59796077,-0.19826879,1]]},"name":"Earth"}},{"timestamp":1742669375.522407,"label":"ARImageAnchor didUpdate","content":{"identifier":"088EF783-5990-B052-BE99-B8AA15BA6C68","name":"Earth","transform":{"columns":[[0.9644302,-0.008908802,-0.2641869,0],[0.2636522,-0.039479796,0.96380943,0],[-0.019016445,-0.9991807,-0.035726674,0],[-1.3725115,0.59796077,-0.19826879,1]]}}},{"timestamp":1742669380.126579,"content":{"identifier":"B08E24AE-6649-4FDC-AC88-299C0F4ABC29","transform":{"columns":[[0.99651545,-0.0011311636,-0.08339984,0],[0.0012248487,0.999998,0.0010721788,0],[0.08339852,-0.0011705959,0.9965155,0],[-0.034201864,-0.6027298,-0.31533098,1]]},"name":"bunny"},"label":"Bunny didUpdate"},{"label":"ARImageAnchor didAdd","content":{"name":"Lenna","transform":{"columns":[[-0.23228845,-0.036745343,-0.97195244,0],[0.97215617,-0.040508132,-0.23080568,0],[-0.030890899,-0.9985032,0.04513177,0],[0.3967015,-0.65339154,-0.20152135,0.99999994]]},"identifier":"6BAD7D5D-D14A-EF93-1C8B-F6BEC80B8329"},"timestamp":1742669396.045763},{"timestamp":1742669396.052654,"label":"ARImageAnchor didUpdate","content":{"transform":{"columns":[[-0.23228845,-0.036745343,-0.97195244,0],[0.97215617,-0.040508132,-0.23080568,0],[-0.030890899,-0.9985032,0.04513177,0],[0.3967015,-0.65339154,-0.20152135,0.99999994]]},"name":"Lenna","identifier":"6BAD7D5D-D14A-EF93-1C8B-F6BEC80B8329"}},{"timestamp":1742669398.924367,"label":"Bunny didUpdate","content":{"name":"bunny","identifier":"B08E24AE-6649-4FDC-AC88-299C0F4ABC29","transform":{"columns":[[0.9965153,-0.0011311634,-0.08340071,0],[0.0012248495,0.99999774,0.0010721774,0],[0.0833994,-0.0011705958,0.9965154,0],[-0.03420116,-0.6027292,-0.31533244,1]]}}},{"timestamp":1742669399.124404,"label":"Bunny didUpdate","content":{"identifier":"B08E24AE-6649-4FDC-AC88-299C0F4ABC29","name":"bunny","transform":{"columns":[[0.9965301,-0.0011311634,-0.083222814,0],[0.0012246578,0.99999756,0.001072396,0],[0.08322151,-0.0011705958,0.9965303,0],[-0.034212563,-0.6027146,-0.31532905,1]]}}},{"label":"ARImageAnchor didAdd","timestamp":1742669400.312176,"content":{"identifier":"C35EAC54-3E90-1B97-807B-5E3B8F238DB7","transform":{"columns":[[0.96257585,0.0014380658,-0.2710076,0],[0.27101114,-0.0065460126,0.9625537,0],[-0.0003898044,-0.99997735,-0.006690771,0],[0.39201155,0.76763487,-0.71394795,0.9999999]]},"name":"Sailboat"}},{"content":{"transform":{"columns":[[0.96257585,0.0014380658,-0.2710076,0],[0.27101114,-0.0065460126,0.9625537,0],[-0.0003898044,-0.99997735,-0.006690771,0],[0.39201155,0.76763487,-0.71394795,0.9999999]]},"name":"Sailboat","identifier":"C35EAC54-3E90-1B97-807B-5E3B8F238DB7"},"timestamp":1742669400.322262,"label":"ARImageAnchor didUpdate"},{"timestamp":1742669401.912041,"content":{"transform":{"columns":[[0.28232804,-0.015422018,0.95919377,0],[-0.9579808,0.048239306,0.28274658,0],[-0.05063137,-0.99871665,-0.0011546882,0],[1.2498344,0.7915664,-0.3588133,1]]},"identifier":"A19C2489-597B-2BED-432C-244B551E75FD","name":"Mandrill"},"label":"ARImageAnchor didAdd"},{"timestamp":1742669401.9219651,"content":{"identifier":"A19C2489-597B-2BED-432C-244B551E75FD","name":"Mandrill","transform":{"columns":[[0.28232804,-0.015422018,0.95919377,0],[-0.9579808,0.048239306,0.28274658,0],[-0.05063137,-0.99871665,-0.0011546882,0],[1.2498344,0.7915664,-0.3588133,1]]}},"label":"ARImageAnchor didUpdate"},{"label":"ARImageAnchor didUpdate","content":{"name":"Mandrill","identifier":"A19C2489-597B-2BED-432C-244B551E75FD","transform":{"columns":[[0.26192802,-0.014313998,0.9649812,0],[-0.96408135,0.04176055,0.2623032,0],[-0.044052757,-0.9990251,-0.0028615978,0],[1.2383072,0.7919019,-0.36391646,1.0000001]]}},"timestamp":1742669402.4216762},{"timestamp":1742669402.454146,"label":"ARImageAnchor didUpdate","content":{"transform":{"columns":[[0.26192802,-0.014313998,0.9649812,0],[-0.96408135,0.04176055,0.2623032,0],[-0.044052757,-0.9990251,-0.0028615978,0],[1.2383072,0.7919019,-0.36391646,1.0000001]]},"name":"Mandrill","identifier":"A19C2489-597B-2BED-432C-244B551E75FD"}},{"label":"ARImageAnchor didAdd","content":{"name":"Peppers","transform":{"columns":[[0.26333538,-0.007030753,0.9646786,0],[-0.96470326,-0.000535111,0.26333818,0],[-0.001335235,-0.999975,-0.006923505,0],[1.5070496,0.17322308,0.32614484,1]]},"identifier":"61BB3DDD-C96C-6E82-3432-BD712CCBCB28"},"timestamp":1742669404.045281},{"label":"ARImageAnchor didUpdate","timestamp":1742669404.0544271,"content":{"transform":{"columns":[[0.26333538,-0.007030753,0.9646786,0],[-0.96470326,-0.000535111,0.26333818,0],[-0.001335235,-0.999975,-0.006923505,0],[1.5070496,0.17322308,0.32614484,1]]},"name":"Peppers","identifier":"61BB3DDD-C96C-6E82-3432-BD712CCBCB28"}},{"label":"Bunny didUpdate","content":{"name":"bunny","identifier":"B08E24AE-6649-4FDC-AC88-299C0F4ABC29","transform":{"columns":[[0.99653023,-0.0011311634,-0.083221346,0],[0.0012246561,0.99999744,0.0010723975,0],[0.08322005,-0.0011705959,0.9965305,0],[-0.03421283,-0.6027148,-0.31532872,1]]}},"timestamp":1742669408.9234939},{"content":{"transform":{"columns":[[0.9965352,-0.0011311633,-0.08316039,0],[0.0012245901,0.9999972,0.0010724723,0],[0.083159104,-0.0011705958,0.9965355,0],[-0.034224838,-0.6027163,-0.31531397,1]]},"name":"bunny","identifier":"B08E24AE-6649-4FDC-AC88-299C0F4ABC29"},"label":"Bunny didUpdate","timestamp":1742669409.223402}]