[{"timestamp":1742666480.334714,"label":"Application launched"},{"timestamp":1742666480.334799,"label":"Initialize ARViewModel"},{"timestamp":1742666480.336277,"label":"Finished Initialize ARViewModel"},{"timestamp":1742666480.336299,"label":"Initialize RoomManager"},{"timestamp":1742666480.336304,"label":"Initialize BeaconManager"},{"label":"Fininshed Initialize BeaconManager","timestamp":1742666480.336317},{"label":"Fininshed Initialize RoomManager","timestamp":1742666480.3363218},{"label":"ContentView Initialize","timestamp":1742666480.3363261},{"label":"Initialize ARWorldMapManager","timestamp":1742666480.3370981},{"label":"Fininshed Initialize ARWorldMapManager","timestamp":1742666480.33711},{"content":"Tracking is limited due to: initializing","timestamp":1742666480.9224849,"label":"Tracking Limited"},{"timestamp":1742666481.908852,"label":"Room Update","content":{"id":"3F39F93D-AB52-4382-80AA-E0ED5264C1F0","name":"Test Room"}},{"timestamp":1742666481.908908,"label":"Downloading WorldMap","content":{"id":"3F39F93D-AB52-4382-80AA-E0ED5264C1F0","name":"Test Room"}},{"timestamp":1742666482.665104,"content":{"id":"3F39F93D-AB52-4382-80AA-E0ED5264C1F0","name":"Test Room"},"label":"Finished Downloading WorldMap"},{"content":"Tracking is limited due to: initializing","label":"Tracking Limited","timestamp":1742666482.8227038},{"timestamp":1742666483.888649,"label":"Tracking Limited","content":"Tracking is limited due to: relocalizing"},{"timestamp":1742666510.049252,"label":"Bunny didAdd","content":{"identifier":"B08E24AE-6649-4FDC-AC88-299C0F4ABC29","transform":{"columns":[[0.99652475,-0.0011311637,-0.08328969,0],[0.0012247307,0.99999833,0.0010723146,0],[0.08328837,-0.0011705958,0.9965247,0],[-0.034224045,-0.6027027,-0.3153559,1]]},"name":"bunny"}},{"label":"Bunny didUpdate","content":{"identifier":"B08E24AE-6649-4FDC-AC88-299C0F4ABC29","transform":{"columns":[[0.99652475,-0.0011311637,-0.08328969,0],[0.0012247305,0.99999815,0.0010723145,0],[0.08328838,-0.0011705958,0.99652475,0],[-0.034224045,-0.6027027,-0.3153559,1]]},"name":"bunny"},"timestamp":1742666510.539548},{"content":{"center":[-1.2296984,-3.1735303,0.77648747],"extent":[6.2360225,6.8340554,3.4857326]},"timestamp":1742666510.5395942,"label":"Tracking Available"},{"content":{"name":"Car","transform":{"columns":[[0.977205,0.012361935,-0.21193662,0],[0.21198241,-0.0024948728,0.97727007,0],[0.011552162,-0.9999203,-0.00505849,0],[-0.27694723,-0.65893424,0.046968937,0.99999994]]},"identifier":"FF85DBE1-76D3-E459-2D24-8EDCEE263300"},"timestamp":1742666513.015635,"label":"ARImageAnchor didAdd"},{"content":{"transform":{"columns":[[0.977205,0.012361935,-0.21193662,0],[0.21198241,-0.0024948728,0.97727007,0],[0.011552162,-0.9999203,-0.00505849,0],[-0.27694723,-0.65893424,0.046968937,0.99999994]]},"name":"Car","identifier":"FF85DBE1-76D3-E459-2D24-8EDCEE263300"},"timestamp":1742666513.026114,"label":"ARImageAnchor didUpdate"},{"label":"ARImageAnchor didAdd","timestamp":1742666515.68229,"content":{"name":"Earth","transform":{"columns":[[0.9662263,-0.0103997765,-0.25748506,0],[0.25675598,-0.046364475,0.9653633,0],[-0.021977713,-0.99887043,-0.042128358,0],[-1.3862597,0.59768075,-0.2254101,1]]},"identifier":"088EF783-5990-B052-BE99-B8AA15BA6C68"}},{"timestamp":1742666515.691015,"content":{"identifier":"088EF783-5990-B052-BE99-B8AA15BA6C68","transform":{"columns":[[0.9662263,-0.0103997765,-0.25748506,0],[0.25675598,-0.046364475,0.9653633,0],[-0.021977713,-0.99887043,-0.042128358,0],[-1.3862597,0.59768075,-0.2254101,1]]},"name":"Earth"},"label":"ARImageAnchor didUpdate"},{"content":{"name":"Earth","transform":{"columns":[[0.9617478,0.000808223,-0.27393475,0],[0.27345413,-0.062114716,0.9598772,0],[-0.016239578,-0.9980686,-0.059959702,0],[-1.3955765,0.5997413,-0.22783212,1]]},"identifier":"088EF783-5990-B052-BE99-B8AA15BA6C68"},"label":"ARImageAnchor didUpdate","timestamp":1742666516.7248511},{"label":"ARImageAnchor didUpdate","content":{"name":"Earth","identifier":"088EF783-5990-B052-BE99-B8AA15BA6C68","transform":{"columns":[[0.9617478,0.000808223,-0.27393475,0],[0.27345413,-0.062114716,0.9598772,0],[-0.016239578,-0.9980686,-0.059959702,0],[-1.3955765,0.5997413,-0.22783212,1]]}},"timestamp":1742666516.758491},{"timestamp":1742666519.427847,"label":"Bunny didUpdate","content":{"transform":{"columns":[[0.99652475,-0.0011311637,-0.08328969,0],[0.0012247302,0.999998,0.0010723142,0],[0.08328838,-0.0011705959,0.9965248,0],[-0.034224045,-0.6027027,-0.3153559,1]]},"identifier":"B08E24AE-6649-4FDC-AC88-299C0F4ABC29","name":"bunny"}},{"content":{"name":"bunny","identifier":"B08E24AE-6649-4FDC-AC88-299C0F4ABC29","transform":{"columns":[[0.99652475,-0.0011311637,-0.08328969,0],[0.00122473,0.9999978,0.001072314,0],[0.08328838,-0.0011705959,0.9965248,0],[-0.034224045,-0.6027027,-0.3153559,1]]}},"timestamp":1742666519.728568,"label":"Bunny didUpdate"},{"timestamp":1742666521.015734,"label":"ARImageAnchor didAdd","content":{"transform":{"columns":[[-0.23544875,-0.028221747,-0.9714768,0],[0.9714131,-0.038031712,-0.23432846,0],[-0.030333728,-0.9988779,0.03636946,0],[0.3879624,-0.66112053,-0.19747138,1]]},"identifier":"6BAD7D5D-D14A-EF93-1C8B-F6BEC80B8329","name":"Lenna"}},{"label":"ARImageAnchor didUpdate","content":{"identifier":"6BAD7D5D-D14A-EF93-1C8B-F6BEC80B8329","transform":{"columns":[[-0.23544875,-0.028221747,-0.9714768,0],[0.9714131,-0.038031712,-0.23432846,0],[-0.030333728,-0.9988779,0.03636946,0],[0.3879624,-0.66112053,-0.19747138,1]]},"name":"Lenna"},"timestamp":1742666521.027216},{"timestamp":1742666521.326921,"content":{"name":"bunny","identifier":"B08E24AE-6649-4FDC-AC88-299C0F4ABC29","transform":{"columns":[[0.99652475,-0.0011311637,-0.08328969,0],[0.0012247298,0.9999976,0.0010723138,0],[0.08328838,-0.0011705959,0.9965248,0],[-0.034224045,-0.6027027,-0.3153559,1]]}},"label":"Bunny didUpdate"},{"label":"Bunny didUpdate","content":{"name":"bunny","identifier":"B08E24AE-6649-4FDC-AC88-299C0F4ABC29","transform":{"columns":[[0.99652475,-0.0011311637,-0.08328969,0],[0.0012247296,0.99999744,0.0010723136,0],[0.08328838,-0.0011705959,0.9965248,0],[-0.034224045,-0.6027027,-0.3153559,1]]}},"timestamp":1742666524.226728},{"label":"ARImageAnchor didAdd","content":{"transform":{"columns":[[0.97073126,0.006561187,-0.24007796,0],[0.24015892,-0.035019904,0.97010154,0],[-0.0020424866,-0.999365,-0.035570633,0],[0.4038921,0.75733197,-0.6887851,1]]},"name":"Sailboat","identifier":"C35EAC54-3E90-1B97-807B-5E3B8F238DB7"},"timestamp":1742666524.748548},{"label":"ARImageAnchor didUpdate","content":{"name":"Sailboat","transform":{"columns":[[0.97073126,0.006561187,-0.24007796,0],[0.24015892,-0.035019904,0.97010154,0],[-0.0020424866,-0.999365,-0.035570633,0],[0.4038921,0.75733197,-0.6887851,1]]},"identifier":"C35EAC54-3E90-1B97-807B-5E3B8F238DB7"},"timestamp":1742666524.7563581},{"label":"ARImageAnchor didUpdate","timestamp":1742666525.254097,"content":{"transform":{"columns":[[0.9636144,0.007237787,-0.26719785,0],[0.26712853,0.009290715,0.963616,0],[0.009456904,-0.99993056,0.007019251,0],[0.4026455,0.76248914,-0.6943207,1]]},"identifier":"C35EAC54-3E90-1B97-807B-5E3B8F238DB7","name":"Sailboat"}},{"timestamp":1742666525.2885451,"content":{"identifier":"C35EAC54-3E90-1B97-807B-5E3B8F238DB7","transform":{"columns":[[0.9636144,0.007237787,-0.26719785,0],[0.26712853,0.009290715,0.963616,0],[0.009456904,-0.99993056,0.007019251,0],[0.4026455,0.76248914,-0.6943207,1]]},"name":"Sailboat"},"label":"ARImageAnchor didUpdate"},{"label":"ARImageAnchor didAdd","content":{"name":"Mandrill","transform":{"columns":[[0.22920227,-0.02128916,0.9731459,0],[-0.97275996,0.03063035,0.22978146,0],[-0.034699652,-0.99930394,-0.013688697,0],[1.2437453,0.79332054,-0.3281186,1]]},"identifier":"A19C2489-597B-2BED-432C-244B551E75FD"},"timestamp":1742666526.881983},{"timestamp":1742666526.893056,"content":{"transform":{"columns":[[0.22920227,-0.02128916,0.9731459,0],[-0.97275996,0.03063035,0.22978146,0],[-0.034699652,-0.99930394,-0.013688697,0],[1.2437453,0.79332054,-0.3281186,1]]},"identifier":"A19C2489-597B-2BED-432C-244B551E75FD","name":"Mandrill"},"label":"ARImageAnchor didUpdate"},{"label":"ARImageAnchor didUpdate","timestamp":1742666527.391645,"content":{"transform":{"columns":[[0.24022454,-0.015630966,0.9705914,0],[-0.9697828,0.039997384,0.24066855,0],[-0.042583004,-0.99907744,-0.0055502877,0],[1.232465,0.7941671,-0.33524585,1]]},"name":"Mandrill","identifier":"A19C2489-597B-2BED-432C-244B551E75FD"}},{"label":"ARImageAnchor didUpdate","content":{"transform":{"columns":[[0.24022454,-0.015630966,0.9705914,0],[-0.9697828,0.039997384,0.24066855,0],[-0.042583004,-0.99907744,-0.0055502877,0],[1.232465,0.7941671,-0.33524585,1]]},"identifier":"A19C2489-597B-2BED-432C-244B551E75FD","name":"Mandrill"},"timestamp":1742666527.421719},{"label":"ARImageAnchor didAdd","content":{"transform":{"columns":[[0.26132157,-0.006566109,0.96522933,0],[-0.9650578,-0.021819744,0.26112667,0],[0.019346513,-0.9997403,-0.012038636,0],[1.4863157,0.17731406,0.3596577,1]]},"name":"Peppers","identifier":"61BB3DDD-C96C-6E82-3432-BD712CCBCB28"},"timestamp":1742666529.015006},{"timestamp":1742666529.024996,"label":"ARImageAnchor didUpdate","content":{"transform":{"columns":[[0.26132157,-0.006566109,0.96522933,0],[-0.9650578,-0.021819744,0.26112667,0],[0.019346513,-0.9997403,-0.012038636,0],[1.4863157,0.17731406,0.3596577,1]]},"name":"Peppers","identifier":"61BB3DDD-C96C-6E82-3432-BD712CCBCB28"}}]