[{"label":"Application launched","timestamp":1742660846.792273},{"timestamp":1742660846.7923899,"label":"Initialize ARViewModel"},{"label":"Finished Initialize ARViewModel","timestamp":1742660846.793683},{"label":"Initialize RoomManager","timestamp":1742660846.793709},{"timestamp":1742660846.793713,"label":"Initialize BeaconManager"},{"timestamp":1742660846.7937279,"label":"Fininshed Initialize BeaconManager"},{"timestamp":1742660846.793734,"label":"Fininshed Initialize RoomManager"},{"label":"ContentView Initialize","timestamp":1742660846.793738},{"timestamp":1742660846.794156,"label":"Initialize ARWorldMapManager"},{"label":"Fininshed Initialize ARWorldMapManager","timestamp":1742660846.79418},{"label":"Tracking Not Available","timestamp":1742660847.25682},{"timestamp":1742660847.2736459,"label":"Tracking Limited","content":"Tracking is limited due to: initializing"},{"label":"Room Update","content":{"id":"3F39F93D-AB52-4382-80AA-E0ED5264C1F0","name":"Test Room"},"timestamp":1742660848.124243},{"content":{"id":"3F39F93D-AB52-4382-80AA-E0ED5264C1F0","name":"Test Room"},"timestamp":1742660848.124274,"label":"Downloading WorldMap"},{"timestamp":1742660848.7964358,"content":{"id":"3F39F93D-AB52-4382-80AA-E0ED5264C1F0","name":"Test Room"},"label":"Finished Downloading WorldMap"},{"content":"Tracking is limited due to: initializing","timestamp":1742660848.9578261,"label":"Tracking Limited"},{"timestamp":1742660849.988642,"content":"Tracking is limited due to: relocalizing","label":"Tracking Limited"},{"timestamp":1742660858.72099,"label":"Bunny didAdd","content":{"identifier":"B08E24AE-6649-4FDC-AC88-299C0F4ABC29","transform":{"columns":[[0.99652475,-0.0011311637,-0.08328969,0],[0.0012247307,0.99999833,0.0010723146,0],[0.08328837,-0.0011705958,0.9965247,0],[-0.034224045,-0.6027027,-0.3153559,1]]},"name":"bunny"}},{"timestamp":1742660858.782843,"content":{"extent":[2.897366,6.354778,2.8690512],"center":[0.017977595,-3.4131691,0.43993485]},"label":"Tracking Available"},{"content":{"transform":{"columns":[[0.99652475,-0.0011311637,-0.08328969,0],[0.0012247305,0.99999815,0.0010723145,0],[0.08328838,-0.0011705958,0.99652475,0],[-0.034224045,-0.6027027,-0.3153559,1]]},"identifier":"B08E24AE-6649-4FDC-AC88-299C0F4ABC29","name":"bunny"},"label":"Bunny didUpdate","timestamp":1742660858.7828841},{"label":"ARImageAnchor didAdd","content":{"name":"Car","transform":{"columns":[[0.9652857,0.01149264,-0.26094297,0],[0.26091388,0.0039861086,0.9653536,0],[0.012134613,-0.9999259,0.0008491375,0],[-0.25759676,-0.651448,0.05832851,1]]},"identifier":"FF85DBE1-76D3-E459-2D24-8EDCEE263300"},"timestamp":1742660861.415954},{"label":"ARImageAnchor didUpdate","content":{"identifier":"FF85DBE1-76D3-E459-2D24-8EDCEE263300","transform":{"columns":[[0.9652857,0.01149264,-0.26094297,0],[0.26091388,0.0039861086,0.9653536,0],[0.012134613,-0.9999259,0.0008491375,0],[-0.25759676,-0.651448,0.05832851,1]]},"name":"Car"},"timestamp":1742660861.427473},{"timestamp":1742660864.017292,"label":"ARImageAnchor didAdd","content":{"name":"Earth","identifier":"088EF783-5990-B052-BE99-B8AA15BA6C68","transform":{"columns":[[0.9440515,0.0018850868,-0.32979196,0],[0.32946393,-0.05034485,0.94282484,0],[-0.014826019,-0.99873,-0.048149206,0],[-1.3607539,0.58834285,-0.1840536,0.99999994]]}}},{"timestamp":1742660864.023468,"label":"ARImageAnchor didUpdate","content":{"identifier":"088EF783-5990-B052-BE99-B8AA15BA6C68","transform":{"columns":[[0.9440515,0.0018850868,-0.32979196,0],[0.32946393,-0.05034485,0.94282484,0],[-0.014826019,-0.99873,-0.048149206,0],[-1.3607539,0.58834285,-0.1840536,0.99999994]]},"name":"Earth"}},{"timestamp":1742660864.5405831,"label":"ARImageAnchor didUpdate","content":{"transform":{"columns":[[0.942166,0.0013399888,-0.33514372,0],[0.33509535,-0.021215517,0.94194514,0],[-0.005848059,-0.999774,-0.020437576,0],[-1.3674242,0.59687376,-0.17783663,1]]},"name":"Earth","identifier":"088EF783-5990-B052-BE99-B8AA15BA6C68"}},{"label":"ARImageAnchor didUpdate","timestamp":1742660864.566465,"content":{"name":"Earth","identifier":"088EF783-5990-B052-BE99-B8AA15BA6C68","transform":{"columns":[[0.942166,0.0013399888,-0.33514372,0],[0.33509535,-0.021215517,0.94194514,0],[-0.005848059,-0.999774,-0.020437576,0],[-1.3674242,0.59687376,-0.17783663,1]]}}},{"timestamp":1742660872.0365338,"label":"ARImageAnchor didAdd","content":{"identifier":"6BAD7D5D-D14A-EF93-1C8B-F6BEC80B8329","transform":{"columns":[[-0.2725571,-0.035841394,-0.9614717,0],[0.96213686,-0.007862784,-0.27245262,0],[0.0022052603,-0.9993265,0.03662739,0],[0.3935449,-0.6594474,-0.22758669,1]]},"name":"Lenna"}},{"content":{"identifier":"6BAD7D5D-D14A-EF93-1C8B-F6BEC80B8329","name":"Lenna","transform":{"columns":[[-0.2725571,-0.035841394,-0.9614717,0],[0.96213686,-0.007862784,-0.27245262,0],[0.0022052603,-0.9993265,0.03662739,0],[0.3935449,-0.6594474,-0.22758669,1]]}},"timestamp":1742660872.0425382,"label":"ARImageAnchor didUpdate"},{"label":"Bunny didUpdate","content":{"name":"bunny","identifier":"B08E24AE-6649-4FDC-AC88-299C0F4ABC29","transform":{"columns":[[0.99652475,-0.0011311637,-0.08328969,0],[0.0012247302,0.999998,0.0010723142,0],[0.08328838,-0.0011705959,0.9965248,0],[-0.034224045,-0.6027027,-0.3153559,1]]}},"timestamp":1742660876.083246},{"content":{"transform":{"columns":[[0.9568904,-0.0015024651,-0.2904449,0],[0.29032907,-0.02376185,0.9566316,0],[-0.0083388155,-0.99971646,-0.022301275,0],[0.38638207,0.76546586,-0.737844,0.99999994]]},"name":"Sailboat","identifier":"C35EAC54-3E90-1B97-807B-5E3B8F238DB7"},"timestamp":1742660876.231876,"label":"ARImageAnchor didAdd"},{"content":{"identifier":"C35EAC54-3E90-1B97-807B-5E3B8F238DB7","name":"Sailboat","transform":{"columns":[[0.9568904,-0.0015024651,-0.2904449,0],[0.29032907,-0.02376185,0.9566316,0],[-0.0083388155,-0.99971646,-0.022301275,0],[0.38638207,0.76546586,-0.737844,0.99999994]]}},"label":"ARImageAnchor didUpdate","timestamp":1742660876.240901},{"label":"ARImageAnchor didAdd","content":{"transform":{"columns":[[0.2895776,-0.016499925,0.9570123,0],[-0.9559574,0.045004442,0.29003426,0],[-0.047855362,-0.9988505,-0.0027409492,0],[1.242995,0.79695064,-0.4084111,1]]},"name":"Mandrill","identifier":"A19C2489-597B-2BED-432C-244B551E75FD"},"timestamp":1742660878.364959},{"label":"ARImageAnchor didUpdate","timestamp":1742660878.374496,"content":{"identifier":"A19C2489-597B-2BED-432C-244B551E75FD","transform":{"columns":[[0.2895776,-0.016499925,0.9570123,0],[-0.9559574,0.045004442,0.29003426,0],[-0.047855362,-0.9988505,-0.0027409492,0],[1.242995,0.79695064,-0.4084111,1]]},"name":"Mandrill"}},{"label":"ARImageAnchor didAdd","content":{"identifier":"61BB3DDD-C96C-6E82-3432-BD712CCBCB28","name":"Peppers","transform":{"columns":[[0.28376323,-0.009885634,0.95884323,0],[-0.95866066,-0.024995714,0.2834515,0],[0.021164922,-0.9996386,-0.01656984,0],[1.5241863,0.17770177,0.27324936,1]]}},"timestamp":1742660880.448079},{"timestamp":1742660880.4584188,"content":{"identifier":"61BB3DDD-C96C-6E82-3432-BD712CCBCB28","transform":{"columns":[[0.28376323,-0.009885634,0.95884323,0],[-0.95866066,-0.024995714,0.2834515,0],[0.021164922,-0.9996386,-0.01656984,0],[1.5241863,0.17770177,0.27324936,1]]},"name":"Peppers"},"label":"ARImageAnchor didUpdate"},{"label":"ARImageAnchor didUpdate","content":{"identifier":"61BB3DDD-C96C-6E82-3432-BD712CCBCB28","transform":{"columns":[[0.28672948,-0.009409051,0.95796525,0],[-0.9579975,-0.008225784,0.28665835,0],[0.0051828413,-0.99992186,-0.011372418,0],[1.5210102,0.18019739,0.26716724,1]]},"name":"Peppers"},"timestamp":1742660880.989666},{"label":"ARImageAnchor didUpdate","timestamp":1742660881.007752,"content":{"name":"Peppers","identifier":"61BB3DDD-C96C-6E82-3432-BD712CCBCB28","transform":{"columns":[[0.28672948,-0.009409051,0.95796525,0],[-0.9579975,-0.008225784,0.28665835,0],[0.0051828413,-0.99992186,-0.011372418,0],[1.5210102,0.18019739,0.26716724,1]]}}},{"content":{"identifier":"61BB3DDD-C96C-6E82-3432-BD712CCBCB28","transform":{"columns":[[0.28442854,-0.014827539,0.95858234,0],[-0.95868164,-0.010058959,0.2843024,0],[0.005426814,-0.9998395,-0.017075926,0],[1.5338093,0.17916495,0.2867887,0.99999994]]},"name":"Peppers"},"label":"ARImageAnchor didUpdate","timestamp":1742660888.456965},{"timestamp":1742660888.47395,"content":{"identifier":"61BB3DDD-C96C-6E82-3432-BD712CCBCB28","transform":{"columns":[[0.28442854,-0.014827539,0.95858234,0],[-0.95868164,-0.010058959,0.2843024,0],[0.005426814,-0.9998395,-0.017075926,0],[1.5338093,0.17916495,0.2867887,0.99999994]]},"name":"Peppers"},"label":"ARImageAnchor didUpdate"},{"timestamp":1742660892.632226,"label":"ARImageAnchor didUpdate","content":{"transform":{"columns":[[0.28858337,-0.014356871,0.957347,0],[-0.95584565,0.053623002,0.28893492,0],[-0.05548401,-0.998458,0.0017517529,0],[1.257941,0.80104995,-0.3859312,1]]},"identifier":"A19C2489-597B-2BED-432C-244B551E75FD","name":"Mandrill"}},{"label":"ARImageAnchor didUpdate","timestamp":1742660892.638143,"content":{"transform":{"columns":[[0.28858337,-0.014356871,0.957347,0],[-0.95584565,0.053623002,0.28893492,0],[-0.05548401,-0.998458,0.0017517529,0],[1.257941,0.80104995,-0.3859312,1]]},"name":"Mandrill","identifier":"A19C2489-597B-2BED-432C-244B551E75FD"}}]