[{"timestamp":1742664903.7114282,"label":"Application launched"},{"timestamp":1742664903.711725,"label":"Initialize ARViewModel"},{"label":"Finished Initialize ARViewModel","timestamp":1742664903.713665},{"timestamp":1742664903.713706,"label":"Initialize RoomManager"},{"timestamp":1742664903.713712,"label":"Initialize BeaconManager"},{"label":"Fininshed Initialize BeaconManager","timestamp":1742664903.713727},{"label":"Fininshed Initialize RoomManager","timestamp":1742664903.713732},{"label":"ContentView Initialize","timestamp":1742664903.713736},{"label":"Initialize ARWorldMapManager","timestamp":1742664903.714179},{"label":"Fininshed Initialize ARWorldMapManager","timestamp":1742664903.7142},{"content":"Tracking is limited due to: initializing","timestamp":1742664904.2656999,"label":"Tracking Limited"},{"label":"Room Update","content":{"id":"3F39F93D-AB52-4382-80AA-E0ED5264C1F0","name":"Test Room"},"timestamp":1742664904.931781},{"timestamp":1742664904.931817,"content":{"id":"3F39F93D-AB52-4382-80AA-E0ED5264C1F0","name":"Test Room"},"label":"Downloading WorldMap"},{"timestamp":1742664905.419146,"label":"Finished Downloading WorldMap","content":{"name":"Test Room","id":"3F39F93D-AB52-4382-80AA-E0ED5264C1F0"}},{"timestamp":1742664905.5627341,"label":"Tracking Limited","content":"Tracking is limited due to: initializing"},{"timestamp":1742664906.6680741,"label":"Tracking Limited","content":"Tracking is limited due to: relocalizing"},{"content":{"name":"bunny","identifier":"B08E24AE-6649-4FDC-AC88-299C0F4ABC29","transform":{"columns":[[0.99652475,-0.0011311637,-0.08328969,0],[0.0012247307,0.99999833,0.0010723146,0],[0.08328837,-0.0011705958,0.9965247,0],[-0.034224045,-0.6027027,-0.3153559,1]]}},"timestamp":1742664950.557055,"label":"Bunny didAdd"},{"label":"Bunny didUpdate","content":{"identifier":"B08E24AE-6649-4FDC-AC88-299C0F4ABC29","transform":{"columns":[[0.99652475,-0.0011311637,-0.08328969,0],[0.0012247305,0.99999815,0.0010723145,0],[0.08328838,-0.0011705958,0.99652475,0],[-0.034224045,-0.6027027,-0.3153559,1]]},"name":"bunny"},"timestamp":1742664951.054703},{"label":"Tracking Available","timestamp":1742664951.054743,"content":{"center":[0.53729546,-3.0420866,0.45404088],"extent":[3.9360018,7.096943,2.8408394]}},{"label":"Bunny didUpdate","content":{"name":"bunny","transform":{"columns":[[0.99652475,-0.0011311637,-0.08328969,0],[0.0012247302,0.999998,0.0010723142,0],[0.08328838,-0.0011705959,0.9965248,0],[-0.034224045,-0.6027027,-0.3153559,1]]},"identifier":"B08E24AE-6649-4FDC-AC88-299C0F4ABC29"},"timestamp":1742664953.303395},{"content":{"name":"Car","transform":{"columns":[[0.9739411,0.0049225474,-0.22674684,0],[0.22676392,-0.0032423604,0.9739441,0],[0.0040590693,-0.9999826,-0.0042741206,0],[-0.2854677,-0.65300846,0.042878434,1]]},"identifier":"FF85DBE1-76D3-E459-2D24-8EDCEE263300"},"timestamp":1742664953.9568949,"label":"ARImageAnchor didAdd"},{"content":{"identifier":"FF85DBE1-76D3-E459-2D24-8EDCEE263300","name":"Car","transform":{"columns":[[0.9739411,0.0049225474,-0.22674684,0],[0.22676392,-0.0032423604,0.9739441,0],[0.0040590693,-0.9999826,-0.0042741206,0],[-0.2854677,-0.65300846,0.042878434,1]]}},"timestamp":1742664953.9666781,"label":"ARImageAnchor didUpdate"},{"content":{"transform":{"columns":[[0.9659977,-0.012845907,-0.25823098,0],[0.2576363,-0.03608013,0.96556795,0],[-0.0217206,-0.9992663,-0.03154373,0],[-1.3701315,0.5878679,-0.23023963,0.99999994]]},"name":"Earth","identifier":"088EF783-5990-B052-BE99-B8AA15BA6C68"},"timestamp":1742664956.623523,"label":"ARImageAnchor didAdd"},{"label":"ARImageAnchor didUpdate","content":{"identifier":"088EF783-5990-B052-BE99-B8AA15BA6C68","name":"Earth","transform":{"columns":[[0.9659977,-0.012845907,-0.25823098,0],[0.2576363,-0.03608013,0.96556795,0],[-0.0217206,-0.9992663,-0.03154373,0],[-1.3701315,0.5878679,-0.23023963,0.99999994]]}},"timestamp":1742664956.632187},{"content":{"identifier":"088EF783-5990-B052-BE99-B8AA15BA6C68","name":"Earth","transform":{"columns":[[0.9593409,-0.004885936,-0.28220755,0],[0.2821405,-0.0112305535,0.95930725,0],[-0.007856462,-0.999925,-0.0093954075,0],[-1.3732233,0.5922881,-0.23093747,1]]}},"label":"ARImageAnchor didUpdate","timestamp":1742664957.163786},{"content":{"name":"Earth","identifier":"088EF783-5990-B052-BE99-B8AA15BA6C68","transform":{"columns":[[0.9593409,-0.004885936,-0.28220755,0],[0.2821405,-0.0112305535,0.95930725,0],[-0.007856462,-0.999925,-0.0093954075,0],[-1.3732233,0.5922881,-0.23093747,1]]}},"timestamp":1742664957.200307,"label":"ARImageAnchor didUpdate"},{"label":"ARImageAnchor didUpdate","content":{"transform":{"columns":[[0.9591586,-0.0023297353,-0.2828581,0],[0.28262708,-0.033345047,0.9586499,0],[-0.011665321,-0.999441,-0.031324748,0],[-1.3790756,0.5939659,-0.22742574,0.9999999]]},"name":"Earth","identifier":"088EF783-5990-B052-BE99-B8AA15BA6C68"},"timestamp":1742664957.6967812},{"timestamp":1742664957.732461,"content":{"name":"Earth","identifier":"088EF783-5990-B052-BE99-B8AA15BA6C68","transform":{"columns":[[0.9591586,-0.0023297353,-0.2828581,0],[0.28262708,-0.033345047,0.9586499,0],[-0.011665321,-0.999441,-0.031324748,0],[-1.3790756,0.5939659,-0.22742574,0.9999999]]}},"label":"ARImageAnchor didUpdate"},{"label":"Bunny didUpdate","timestamp":1742664960.337434,"content":{"identifier":"B08E24AE-6649-4FDC-AC88-299C0F4ABC29","transform":{"columns":[[0.99652475,-0.0011311637,-0.08328969,0],[0.00122473,0.9999978,0.001072314,0],[0.08328838,-0.0011705959,0.9965248,0],[-0.034224045,-0.6027027,-0.3153559,1]]},"name":"bunny"}},{"timestamp":1742664960.437182,"label":"Bunny didUpdate","content":{"name":"bunny","identifier":"B08E24AE-6649-4FDC-AC88-299C0F4ABC29","transform":{"columns":[[0.9964215,-0.0011311636,-0.08451468,0],[0.0012260469,0.99999756,0.0010708072,0],[0.084513366,-0.0011705959,0.9964215,0],[-0.03431816,-0.6003778,-0.3123186,0.9999999]]}}},{"timestamp":1742664961.989836,"label":"ARImageAnchor didAdd","content":{"transform":{"columns":[[-0.23299682,-0.036729176,-0.9717835,0],[0.9724751,-0.010925243,-0.23274969,0],[-0.0020682737,-0.99926543,0.038263746,0],[0.38263986,-0.6535442,-0.19829413,1]]},"name":"Lenna","identifier":"6BAD7D5D-D14A-EF93-1C8B-F6BEC80B8329"}},{"label":"ARImageAnchor didUpdate","timestamp":1742664961.997559,"content":{"identifier":"6BAD7D5D-D14A-EF93-1C8B-F6BEC80B8329","name":"Lenna","transform":{"columns":[[-0.23299682,-0.036729176,-0.9717835,0],[0.9724751,-0.010925243,-0.23274969,0],[-0.0020682737,-0.99926543,0.038263746,0],[0.38263986,-0.6535442,-0.19829413,1]]}}},{"label":"ARImageAnchor didAdd","content":{"identifier":"C35EAC54-3E90-1B97-807B-5E3B8F238DB7","transform":{"columns":[[0.9615654,0.0007465785,-0.27457416,0],[0.2745673,0.0049667205,0.9615548,0],[0.0020816084,-0.9999872,0.00457084,0],[0.39365223,0.7716445,-0.7019465,0.9999999]]},"name":"Sailboat"},"timestamp":1742664965.190009},{"label":"ARImageAnchor didUpdate","content":{"transform":{"columns":[[0.9615654,0.0007465785,-0.27457416,0],[0.2745673,0.0049667205,0.9615548,0],[0.0020816084,-0.9999872,0.00457084,0],[0.39365223,0.7716445,-0.7019465,0.9999999]]},"name":"Sailboat","identifier":"C35EAC54-3E90-1B97-807B-5E3B8F238DB7"},"timestamp":1742664965.196507},{"content":{"transform":{"columns":[[0.2713116,-0.018980369,0.96230435,0],[-0.96174675,0.033976335,0.2718245,0],[-0.0378549,-0.9992423,-0.009036134,0],[1.2470057,0.7964662,-0.34572324,1.0000001]]},"name":"Mandrill","identifier":"A19C2489-597B-2BED-432C-244B551E75FD"},"timestamp":1742664966.789701,"label":"ARImageAnchor didAdd"},{"content":{"transform":{"columns":[[0.2713116,-0.018980369,0.96230435,0],[-0.96174675,0.033976335,0.2718245,0],[-0.0378549,-0.9992423,-0.009036134,0],[1.2470057,0.7964662,-0.34572324,1.0000001]]},"name":"Mandrill","identifier":"A19C2489-597B-2BED-432C-244B551E75FD"},"timestamp":1742664966.797001,"label":"ARImageAnchor didUpdate"},{"timestamp":1742664967.299212,"content":{"name":"Mandrill","transform":{"columns":[[0.2565529,-0.01747873,0.96637195,0],[-0.9651708,0.04837344,0.25710896,0],[-0.05124067,-0.99867624,-0.0044596177,0],[1.2331028,0.7973042,-0.3513777,1]]},"identifier":"A19C2489-597B-2BED-432C-244B551E75FD"},"label":"ARImageAnchor didUpdate"},{"content":{"transform":{"columns":[[0.2565529,-0.01747873,0.96637195,0],[-0.9651708,0.04837344,0.25710896,0],[-0.05124067,-0.99867624,-0.0044596177,0],[1.2331028,0.7973042,-0.3513777,1]]},"name":"Mandrill","identifier":"A19C2489-597B-2BED-432C-244B551E75FD"},"timestamp":1742664967.3328571,"label":"ARImageAnchor didUpdate"},{"content":{"identifier":"61BB3DDD-C96C-6E82-3432-BD712CCBCB28","name":"Peppers","transform":{"columns":[[0.2605746,-0.009783353,0.9654041,0],[-0.96544856,-0.0058532963,0.26052725,0],[0.003101947,-0.99993485,-0.010970546,0],[1.4940639,0.17935565,0.33405507,1]]}},"timestamp":1742664968.9229422,"label":"ARImageAnchor didAdd"},{"timestamp":1742664968.9332,"label":"ARImageAnchor didUpdate","content":{"transform":{"columns":[[0.2605746,-0.009783353,0.9654041,0],[-0.96544856,-0.0058532963,0.26052725,0],[0.003101947,-0.99993485,-0.010970546,0],[1.4940639,0.17935565,0.33405507,1]]},"name":"Peppers","identifier":"61BB3DDD-C96C-6E82-3432-BD712CCBCB28"}}]