[{"timestamp":1742666259.836464,"label":"Application launched"},{"label":"Initialize ARViewModel","timestamp":1742666259.836565},{"timestamp":1742666259.837599,"label":"Finished Initialize ARViewModel"},{"label":"Initialize RoomManager","timestamp":1742666259.837613},{"label":"Initialize BeaconManager","timestamp":1742666259.837617},{"timestamp":1742666259.837631,"label":"Fininshed Initialize BeaconManager"},{"label":"Fininshed Initialize RoomManager","timestamp":1742666259.837636},{"timestamp":1742666259.83764,"label":"ContentView Initialize"},{"timestamp":1742666259.837995,"label":"Initialize ARWorldMapManager"},{"label":"Fininshed Initialize ARWorldMapManager","timestamp":1742666259.838001},{"timestamp":1742666260.351028,"label":"Tracking Not Available"},{"timestamp":1742666260.367984,"label":"Tracking Limited","content":"Tracking is limited due to: initializing"},{"timestamp":1742666261.124393,"content":{"id":"3F39F93D-AB52-4382-80AA-E0ED5264C1F0","name":"Test Room"},"label":"Room Update"},{"content":{"id":"3F39F93D-AB52-4382-80AA-E0ED5264C1F0","name":"Test Room"},"label":"Downloading WorldMap","timestamp":1742666261.1244202},{"label":"Finished Downloading WorldMap","timestamp":1742666261.7042332,"content":{"name":"Test Room","id":"3F39F93D-AB52-4382-80AA-E0ED5264C1F0"}},{"content":"Tracking is limited due to: initializing","timestamp":1742666261.8513088,"label":"Tracking Limited"},{"label":"Tracking Limited","timestamp":1742666262.9340038,"content":"Tracking is limited due to: relocalizing"},{"content":{"name":"bunny","transform":{"columns":[[0.99652475,-0.0011311637,-0.08328969,0],[0.0012247307,0.99999833,0.0010723146,0],[0.08328837,-0.0011705958,0.9965247,0],[-0.034224045,-0.6027027,-0.3153559,1]]},"identifier":"B08E24AE-6649-4FDC-AC88-299C0F4ABC29"},"timestamp":1742666303.173221,"label":"Bunny didAdd"},{"label":"Tracking Available","content":{"extent":[6.4051647,6.8856373,2.8408394],"center":[-0.9733639,-3.1477394,0.45404088]},"timestamp":1742666303.246049},{"content":{"transform":{"columns":[[0.99652475,-0.0011311637,-0.08328969,0],[0.0012247305,0.99999815,0.0010723145,0],[0.08328838,-0.0011705958,0.99652475,0],[-0.034224045,-0.6027027,-0.3153559,1]]},"name":"bunny","identifier":"B08E24AE-6649-4FDC-AC88-299C0F4ABC29"},"timestamp":1742666303.2461128,"label":"Bunny didUpdate"},{"label":"ARImageAnchor didAdd","content":{"name":"Car","transform":{"columns":[[0.97159404,0.015938733,-0.23611559,0],[0.23593466,0.012435527,0.97168916,0],[0.018423714,-0.99979556,0.008321723,0],[-0.27056348,-0.6511728,0.04298097,1]]},"identifier":"FF85DBE1-76D3-E459-2D24-8EDCEE263300"},"timestamp":1742666306.442034},{"timestamp":1742666306.452886,"label":"ARImageAnchor didUpdate","content":{"transform":{"columns":[[0.97159404,0.015938733,-0.23611559,0],[0.23593466,0.012435527,0.97168916,0],[0.018423714,-0.99979556,0.008321723,0],[-0.27056348,-0.6511728,0.04298097,1]]},"name":"Car","identifier":"FF85DBE1-76D3-E459-2D24-8EDCEE263300"}},{"label":"ARImageAnchor didAdd","content":{"transform":{"columns":[[0.9683439,-0.004115109,-0.24958523,0],[0.24951802,-0.012507269,0.96828926,0],[-0.0071062464,-0.99991316,-0.011084545,0],[-1.3658634,0.5923119,-0.18925151,0.99999994]]},"name":"Earth","identifier":"088EF783-5990-B052-BE99-B8AA15BA6C68"},"timestamp":1742666309.577416},{"label":"ARImageAnchor didUpdate","timestamp":1742666309.5815768,"content":{"identifier":"088EF783-5990-B052-BE99-B8AA15BA6C68","transform":{"columns":[[0.9683439,-0.004115109,-0.24958523,0],[0.24951802,-0.012507269,0.96828926,0],[-0.0071062464,-0.99991316,-0.011084545,0],[-1.3658634,0.5923119,-0.18925151,0.99999994]]},"name":"Earth"}},{"timestamp":1742666310.08352,"content":{"name":"Earth","identifier":"088EF783-5990-B052-BE99-B8AA15BA6C68","transform":{"columns":[[0.95988774,0.0005413293,-0.28038335,0],[0.28033546,-0.020429753,0.9596845,0],[-0.005208657,-0.999791,-0.019762028,0],[-1.3792214,0.59719175,-0.20238654,1]]}},"label":"ARImageAnchor didUpdate"},{"content":{"identifier":"088EF783-5990-B052-BE99-B8AA15BA6C68","name":"Earth","transform":{"columns":[[0.95988774,0.0005413293,-0.28038335,0],[0.28033546,-0.020429753,0.9596845,0],[-0.005208657,-0.999791,-0.019762028,0],[-1.3792214,0.59719175,-0.20238654,1]]}},"label":"ARImageAnchor didUpdate","timestamp":1742666310.126308},{"timestamp":1742666312.7040138,"label":"Bunny didUpdate","content":{"identifier":"B08E24AE-6649-4FDC-AC88-299C0F4ABC29","transform":{"columns":[[0.99652475,-0.0011311637,-0.08328969,0],[0.0012247302,0.999998,0.0010723142,0],[0.08328838,-0.001170596,0.9965248,0],[-0.034224045,-0.6027027,-0.3153559,1]]},"name":"bunny"}},{"label":"Bunny didUpdate","content":{"name":"bunny","identifier":"B08E24AE-6649-4FDC-AC88-299C0F4ABC29","transform":{"columns":[[0.99669933,-0.0011311636,-0.08117252,0],[0.0012224492,0.9999978,0.0010749132,0],[0.08117121,-0.001170596,0.9966994,0],[-0.034165017,-0.60445946,-0.31865874,1]]}},"timestamp":1742666312.803433},{"timestamp":1742666315.3415241,"label":"ARImageAnchor didAdd","content":{"identifier":"6BAD7D5D-D14A-EF93-1C8B-F6BEC80B8329","transform":{"columns":[[-0.24136108,-0.03636382,-0.9697537,0],[0.97043514,-0.008851816,-0.24119873,0],[0.00018682727,-0.99929935,0.037425216,0],[0.40114686,-0.65452313,-0.21546413,1]]},"name":"Lenna"}},{"label":"ARImageAnchor didUpdate","content":{"transform":{"columns":[[-0.24136108,-0.03636382,-0.9697537,0],[0.97043514,-0.008851816,-0.24119873,0],[0.00018682727,-0.99929935,0.037425216,0],[0.40114686,-0.65452313,-0.21546413,1]]},"identifier":"6BAD7D5D-D14A-EF93-1C8B-F6BEC80B8329","name":"Lenna"},"timestamp":1742666315.348732},{"label":"Bunny didUpdate","content":{"transform":{"columns":[[0.9966994,-0.0011311634,-0.08117226,0],[0.0012224488,0.9999976,0.0010749134,0],[0.08117095,-0.0011705958,0.9966994,0],[-0.03416623,-0.60446036,-0.31866163,1]]},"name":"bunny","identifier":"B08E24AE-6649-4FDC-AC88-299C0F4ABC29"},"timestamp":1742666318.284769},{"content":{"identifier":"C35EAC54-3E90-1B97-807B-5E3B8F238DB7","transform":{"columns":[[0.9571682,0.0043292427,-0.2894993,0],[0.2893269,0.023298772,0.9569466,0],[0.010887833,-0.9997191,0.02104827,0],[0.40125993,0.7730322,-0.7206683,1]]},"name":"Sailboat"},"timestamp":1742666318.991283,"label":"ARImageAnchor didAdd"},{"label":"ARImageAnchor didUpdate","content":{"transform":{"columns":[[0.9571682,0.0043292427,-0.2894993,0],[0.2893269,0.023298772,0.9569466,0],[0.010887833,-0.9997191,0.02104827,0],[0.40125993,0.7730322,-0.7206683,1]]},"name":"Sailboat","identifier":"C35EAC54-3E90-1B97-807B-5E3B8F238DB7"},"timestamp":1742666319.016516},{"timestamp":1742666321.191076,"content":{"transform":{"columns":[[0.26625818,-0.012236345,0.96382403,0],[-0.9626171,0.04822763,0.26653704,0],[-0.049744394,-0.99876136,0.0010620841,0],[1.238727,0.7987844,-0.3700521,1]]},"name":"Mandrill","identifier":"A19C2489-597B-2BED-432C-244B551E75FD"},"label":"ARImageAnchor didAdd"},{"timestamp":1742666321.2015982,"label":"ARImageAnchor didUpdate","content":{"name":"Mandrill","transform":{"columns":[[0.26625818,-0.012236345,0.96382403,0],[-0.9626171,0.04822763,0.26653704,0],[-0.049744394,-0.99876136,0.0010620841,0],[1.238727,0.7987844,-0.3700521,1]]},"identifier":"A19C2489-597B-2BED-432C-244B551E75FD"}},{"timestamp":1742666323.2577682,"label":"ARImageAnchor didAdd","content":{"identifier":"61BB3DDD-C96C-6E82-3432-BD712CCBCB28","transform":{"columns":[[0.23180397,-0.0043013347,0.9727528,0],[-0.9727509,0.003824199,0.23182042,0],[-0.004717148,-0.9999833,-0.0032976614,0],[1.5042481,0.18722318,0.3131011,1]]},"name":"Peppers"}},{"label":"ARImageAnchor didUpdate","timestamp":1742666323.264771,"content":{"transform":{"columns":[[0.23180397,-0.0043013347,0.9727528,0],[-0.9727509,0.003824199,0.23182042,0],[-0.004717148,-0.9999833,-0.0032976614,0],[1.5042481,0.18722318,0.3131011,1]]},"name":"Peppers","identifier":"61BB3DDD-C96C-6E82-3432-BD712CCBCB28"}},{"label":"ARImageAnchor didUpdate","timestamp":1742666324.264388,"content":{"identifier":"61BB3DDD-C96C-6E82-3432-BD712CCBCB28","transform":{"columns":[[0.25881535,-0.0065225177,0.9659046,0],[-0.9659055,0.00486892,0.25884843,0],[-0.006391255,-0.99996674,-0.00503998,0],[1.4983674,0.18989038,0.30971807,1]]},"name":"Peppers"}},{"timestamp":1742666324.29784,"label":"ARImageAnchor didUpdate","content":{"transform":{"columns":[[0.25881535,-0.0065225177,0.9659046,0],[-0.9659055,0.00486892,0.25884843,0],[-0.006391255,-0.99996674,-0.00503998,0],[1.4983674,0.18989038,0.30971807,1]]},"name":"Peppers","identifier":"61BB3DDD-C96C-6E82-3432-BD712CCBCB28"}},{"timestamp":1742666332.5637689,"label":"ARImageAnchor didUpdate","content":{"name":"Earth","transform":{"columns":[[0.95847243,-0.0019220244,-0.28517854,0],[0.28512183,-0.014602698,0.9583799,0],[-0.006006398,-0.99989146,-0.013448259,0],[-1.3877561,0.6151582,-0.2553083,0.99999994]]},"identifier":"088EF783-5990-B052-BE99-B8AA15BA6C68"}},{"label":"ARImageAnchor didUpdate","content":{"transform":{"columns":[[0.95847243,-0.0019220244,-0.28517854,0],[0.28512183,-0.014602698,0.9583799,0],[-0.006006398,-0.99989146,-0.013448259,0],[-1.3877561,0.6151582,-0.2553083,0.99999994]]},"identifier":"088EF783-5990-B052-BE99-B8AA15BA6C68","name":"Earth"},"timestamp":1742666332.6005502},{"timestamp":1742666335.4018102,"content":{"name":"bunny","identifier":"B08E24AE-6649-4FDC-AC88-299C0F4ABC29","transform":{"columns":[[0.996699,-0.0011311636,-0.08117755,0],[0.0012224542,0.99999744,0.0010749067,0],[0.08117622,-0.0011705959,0.9966989,0],[-0.034128994,-0.60442704,-0.3186074,1]]}},"label":"Bunny didUpdate"},{"label":"Bunny didUpdate","content":{"transform":{"columns":[[0.996699,-0.0011311636,-0.08117754,0],[0.001222454,0.99999726,0.0010749067,0],[0.08117622,-0.0011705959,0.9966989,0],[-0.034128882,-0.60442704,-0.3186072,1]]},"name":"bunny","identifier":"B08E24AE-6649-4FDC-AC88-299C0F4ABC29"},"timestamp":1742666337.103342},{"timestamp":1742666337.500955,"content":{"identifier":"B08E24AE-6649-4FDC-AC88-299C0F4ABC29","transform":{"columns":[[0.996699,-0.0011311636,-0.08117754,0],[0.0012224539,0.9999971,0.0010749064,0],[0.08117622,-0.0011705959,0.9966989,0],[-0.034128882,-0.60442704,-0.3186072,1]]},"name":"bunny"},"label":"Bunny didUpdate"},{"content":{"name":"bunny","identifier":"B08E24AE-6649-4FDC-AC88-299C0F4ABC29","transform":{"columns":[[0.996699,-0.0011311636,-0.08117754,0],[0.0012224537,0.9999969,0.0010749062,0],[0.08117622,-0.0011705959,0.9966989,0],[-0.034128882,-0.60442704,-0.3186072,1]]}},"timestamp":1742666337.901006,"label":"Bunny didUpdate"}]