[{"label":"Application launched","timestamp":1742657000.019732},{"timestamp":1742657000.019856,"label":"Initialize ARViewModel"},{"label":"Finished Initialize ARViewModel","timestamp":1742657000.0221648},{"timestamp":1742657000.022201,"label":"Initialize RoomManager"},{"timestamp":1742657000.0222049,"label":"Initialize BeaconManager"},{"label":"Fininshed Initialize BeaconManager","timestamp":1742657000.0222201},{"timestamp":1742657000.022225,"label":"Fininshed Initialize RoomManager"},{"label":"ContentView Initialize","timestamp":1742657000.022229},{"label":"Initialize ARWorldMapManager","timestamp":1742657000.0225902},{"timestamp":1742657000.022598,"label":"Fininshed Initialize ARWorldMapManager"},{"timestamp":1742657000.376367,"label":"Tracking Limited","content":"Tracking is limited due to: initializing"},{"content":{"name":"Test Room","id":"3F39F93D-AB52-4382-80AA-E0ED5264C1F0"},"timestamp":1742657001.424022,"label":"Room Update"},{"content":{"name":"Test Room","id":"3F39F93D-AB52-4382-80AA-E0ED5264C1F0"},"label":"Downloading WorldMap","timestamp":1742657001.4240952},{"timestamp":1742657001.8311229,"label":"Finished Downloading WorldMap","content":{"id":"3F39F93D-AB52-4382-80AA-E0ED5264C1F0","name":"Test Room"}},{"timestamp":1742657002.00981,"content":"Tracking is limited due to: initializing","label":"Tracking Limited"},{"label":"Tracking Limited","content":"Tracking is limited due to: relocalizing","timestamp":1742657003.110193},{"content":{"identifier":"B08E24AE-6649-4FDC-AC88-299C0F4ABC29","name":"bunny","transform":{"columns":[[0.99652475,-0.0011311637,-0.08328969,0],[0.0012247307,0.99999833,0.0010723146,0],[0.08328837,-0.0011705958,0.9965247,0],[-0.034224045,-0.6027027,-0.3153559,1]]}},"label":"Bunny didAdd","timestamp":1742657004.10549},{"content":{"center":[0.017977595,-3.4131691,0.45404088],"extent":[2.897366,6.354778,2.8408394]},"label":"Tracking Available","timestamp":1742657004.575943},{"label":"Bunny didUpdate","timestamp":1742657004.575992,"content":{"transform":{"columns":[[0.99652475,-0.0011311637,-0.08328969,0],[0.0012247305,0.99999815,0.0010723145,0],[0.08328838,-0.0011705958,0.99652475,0],[-0.034224045,-0.6027027,-0.3153559,1]]},"name":"bunny","identifier":"B08E24AE-6649-4FDC-AC88-299C0F4ABC29"}},{"label":"ARImageAnchor didAdd","content":{"name":"Car","identifier":"FF85DBE1-76D3-E459-2D24-8EDCEE263300","transform":{"columns":[[0.96440536,0.005253097,-0.26437524,0],[0.2643806,-0.000327222,0.9644182,0],[0.004979672,-0.9999861,-0.0017043796,0],[-0.24877179,-0.6445421,0.065503865,0.99999994]]}},"timestamp":1742657007.203333},{"label":"ARImageAnchor didUpdate","content":{"name":"Car","identifier":"FF85DBE1-76D3-E459-2D24-8EDCEE263300","transform":{"columns":[[0.96440536,0.005253097,-0.26437524,0],[0.2643806,-0.000327222,0.9644182,0],[0.004979672,-0.9999861,-0.0017043796,0],[-0.24877179,-0.6445421,0.065503865,0.99999994]]}},"timestamp":1742657007.214322},{"timestamp":1742657010.340208,"label":"ARImageAnchor didAdd","content":{"name":"Earth","transform":{"columns":[[0.94697773,-0.006158888,-0.32123974,0],[0.32126784,0.004274522,0.9469786,0],[-0.0044591874,-0.99997187,0.006026531,0],[-1.364261,0.61717284,-0.16592968,1]]},"identifier":"088EF783-5990-B052-BE99-B8AA15BA6C68"}},{"timestamp":1742657010.343411,"content":{"identifier":"088EF783-5990-B052-BE99-B8AA15BA6C68","name":"Earth","transform":{"columns":[[0.94697773,-0.006158888,-0.32123974,0],[0.32126784,0.004274522,0.9469786,0],[-0.0044591874,-0.99997187,0.006026531,0],[-1.364261,0.61717284,-0.16592968,1]]}},"label":"ARImageAnchor didUpdate"},{"label":"ARImageAnchor didAdd","content":{"identifier":"6BAD7D5D-D14A-EF93-1C8B-F6BEC80B8329","name":"Lenna","transform":{"columns":[[-0.27624354,-0.03731023,-0.96036303,0],[0.9591659,-0.0738594,-0.27302974,0],[-0.060745057,-0.99657035,0.05618988,0],[0.405638,-0.6698138,-0.22732177,1]]}},"timestamp":1742657015.102819},{"content":{"transform":{"columns":[[-0.27624354,-0.03731023,-0.96036303,0],[0.9591659,-0.0738594,-0.27302974,0],[-0.060745057,-0.99657035,0.05618988,0],[0.405638,-0.6698138,-0.22732177,1]]},"identifier":"6BAD7D5D-D14A-EF93-1C8B-F6BEC80B8329","name":"Lenna"},"label":"ARImageAnchor didUpdate","timestamp":1742657015.1137629},{"timestamp":1742657015.627202,"label":"ARImageAnchor didUpdate","content":{"transform":{"columns":[[-0.27966753,-0.039024148,-0.9593034,0],[0.95943576,-0.048430573,-0.27773598,0],[-0.0356212,-0.99806386,0.050985623,0],[0.40581888,-0.664159,-0.22418654,1]]},"name":"Lenna","identifier":"6BAD7D5D-D14A-EF93-1C8B-F6BEC80B8329"}},{"label":"ARImageAnchor didUpdate","timestamp":1742657015.654758,"content":{"identifier":"6BAD7D5D-D14A-EF93-1C8B-F6BEC80B8329","name":"Lenna","transform":{"columns":[[-0.27966753,-0.039024148,-0.9593034,0],[0.95943576,-0.048430573,-0.27773598,0],[-0.0356212,-0.99806386,0.050985623,0],[0.40581888,-0.664159,-0.22418654,1]]}}},{"label":"ARImageAnchor didAdd","content":{"transform":{"columns":[[0.9559112,0.0022645989,-0.29364672,0],[0.2936496,-0.0010719855,0.95591235,0],[0.0018499772,-0.9999968,-0.001689721,0],[0.40178505,0.7689197,-0.71929836,1.0000001]]},"identifier":"C35EAC54-3E90-1B97-807B-5E3B8F238DB7","name":"Sailboat"},"timestamp":1742657018.269267},{"label":"ARImageAnchor didUpdate","timestamp":1742657018.287434,"content":{"name":"Sailboat","identifier":"C35EAC54-3E90-1B97-807B-5E3B8F238DB7","transform":{"columns":[[0.9559112,0.0022645989,-0.29364672,0],[0.2936496,-0.0010719855,0.95591235,0],[0.0018499772,-0.9999968,-0.001689721,0],[0.40178505,0.7689197,-0.71929836,1.0000001]]}}},{"timestamp":1742657018.804781,"content":{"transform":{"columns":[[0.95237476,0.00043735627,-0.3049291,0],[0.30484658,0.021946788,0.9521483,0],[0.007108644,-0.999759,0.020768248,0],[0.4017272,0.774039,-0.72344744,1]]},"identifier":"C35EAC54-3E90-1B97-807B-5E3B8F238DB7","name":"Sailboat"},"label":"ARImageAnchor didUpdate"},{"content":{"transform":{"columns":[[0.95237476,0.00043735627,-0.3049291,0],[0.30484658,0.021946788,0.9521483,0],[0.007108644,-0.999759,0.020768248,0],[0.4017272,0.774039,-0.72344744,1]]},"identifier":"C35EAC54-3E90-1B97-807B-5E3B8F238DB7","name":"Sailboat"},"timestamp":1742657018.811125,"label":"ARImageAnchor didUpdate"},{"timestamp":1742657020.3691149,"label":"ARImageAnchor didAdd","content":{"name":"Mandrill","transform":{"columns":[[0.30219263,-0.018478168,0.95306766,0],[-0.95218194,0.04139166,0.30271432,0],[-0.045042656,-0.99897206,-0.005086326,0],[1.2577395,0.7976483,-0.39823252,0.99999994]]},"identifier":"A19C2489-597B-2BED-432C-244B551E75FD"}},{"timestamp":1742657020.387641,"content":{"identifier":"A19C2489-597B-2BED-432C-244B551E75FD","transform":{"columns":[[0.30219263,-0.018478168,0.95306766,0],[-0.95218194,0.04139166,0.30271432,0],[-0.045042656,-0.99897206,-0.005086326,0],[1.2577395,0.7976483,-0.39823252,0.99999994]]},"name":"Mandrill"},"label":"ARImageAnchor didUpdate"},{"content":{"identifier":"61BB3DDD-C96C-6E82-3432-BD712CCBCB28","transform":{"columns":[[0.28053704,-0.009353259,0.9597974,0],[-0.9598042,-0.011728749,0.28042474,0],[0.008634324,-0.99988735,-0.012267652,0],[1.5240997,0.1849513,0.2800874,0.99999994]]},"name":"Peppers"},"label":"ARImageAnchor didAdd","timestamp":1742657023.535563},{"label":"ARImageAnchor didUpdate","content":{"identifier":"61BB3DDD-C96C-6E82-3432-BD712CCBCB28","name":"Peppers","transform":{"columns":[[0.28053704,-0.009353259,0.9597974,0],[-0.9598042,-0.011728749,0.28042474,0],[0.008634324,-0.99988735,-0.012267652,0],[1.5240997,0.1849513,0.2800874,0.99999994]]}},"timestamp":1742657023.553595},{"content":{"transform":{"columns":[[0.99652475,-0.0011311637,-0.08328969,0],[0.0012247302,0.999998,0.0010723142,0],[0.08328838,-0.0011705959,0.9965248,0],[-0.034224045,-0.6027027,-0.3153559,1]]},"identifier":"B08E24AE-6649-4FDC-AC88-299C0F4ABC29","name":"bunny"},"timestamp":1742657027.776505,"label":"Bunny didUpdate"},{"label":"Bunny didUpdate","content":{"transform":{"columns":[[0.99652475,-0.0011311637,-0.08328969,0],[0.00122473,0.9999978,0.001072314,0],[0.08328838,-0.0011705959,0.9965248,0],[-0.034224045,-0.6027027,-0.3153559,1]]},"name":"bunny","identifier":"B08E24AE-6649-4FDC-AC88-299C0F4ABC29"},"timestamp":1742657029.27921},{"timestamp":1742657030.176687,"label":"Bunny didUpdate","content":{"identifier":"B08E24AE-6649-4FDC-AC88-299C0F4ABC29","transform":{"columns":[[0.99652475,-0.0011311637,-0.08328969,0],[0.0012247298,0.9999976,0.0010723138,0],[0.08328838,-0.0011705959,0.9965248,0],[-0.034224045,-0.6027027,-0.3153559,1]]},"name":"bunny"}},{"label":"ARImageAnchor didUpdate","content":{"transform":{"columns":[[0.9724786,0.008852429,-0.23282313,0],[0.23279898,0.0036688482,0.9725177,0],[0.009463334,-0.99995404,0.0015070754,0],[-0.27025256,-0.66281575,0.030371964,1]]},"name":"Car","identifier":"FF85DBE1-76D3-E459-2D24-8EDCEE263300"},"timestamp":1742657030.3933501},{"content":{"name":"Car","transform":{"columns":[[0.9724786,0.008852429,-0.23282313,0],[0.23279898,0.0036688482,0.9725177,0],[0.009463334,-0.99995404,0.0015070754,0],[-0.27025256,-0.66281575,0.030371964,1]]},"identifier":"FF85DBE1-76D3-E459-2D24-8EDCEE263300"},"timestamp":1742657030.42035,"label":"ARImageAnchor didUpdate"},{"content":{"identifier":"B08E24AE-6649-4FDC-AC88-299C0F4ABC29","transform":{"columns":[[0.99652475,-0.0011311637,-0.08328969,0],[0.0012247296,0.99999744,0.0010723136,0],[0.08328838,-0.0011705959,0.9965248,0],[-0.034224045,-0.6027027,-0.3153559,1]]},"name":"bunny"},"label":"Bunny didUpdate","timestamp":1742657032.779612},{"timestamp":1742657033.2872028,"content":{"name":"bunny","transform":{"columns":[[0.99652475,-0.0011311637,-0.08328969,0],[0.0012247293,0.99999726,0.0010723134,0],[0.08328838,-0.0011705959,0.9965248,0],[-0.034224045,-0.6027027,-0.3153559,1]]},"identifier":"B08E24AE-6649-4FDC-AC88-299C0F4ABC29"},"label":"Bunny didUpdate"},{"content":{"identifier":"088EF783-5990-B052-BE99-B8AA15BA6C68","name":"Earth","transform":{"columns":[[0.95371354,-0.0058590476,-0.30065903,0],[0.3004846,-0.020654952,0.9535629,0],[-0.01179707,-0.99976945,-0.017938351,0],[-1.3439366,0.598681,-0.18154755,1]]}},"label":"ARImageAnchor didUpdate","timestamp":1742657037.21946},{"content":{"transform":{"columns":[[0.95371354,-0.0058590476,-0.30065903,0],[0.3004846,-0.020654952,0.9535629,0],[-0.01179707,-0.99976945,-0.017938351,0],[-1.3439366,0.598681,-0.18154755,1]]},"name":"Earth","identifier":"088EF783-5990-B052-BE99-B8AA15BA6C68"},"timestamp":1742657037.2248712,"label":"ARImageAnchor didUpdate"},{"content":{"name":"Earth","transform":{"columns":[[0.9496838,-0.0022640245,-0.31320152,0],[0.312972,-0.032093924,0.94921976,0],[-0.012200919,-0.9994822,-0.029770512,0],[-1.3610157,0.60141724,-0.19253007,1.0000001]]},"identifier":"088EF783-5990-B052-BE99-B8AA15BA6C68"},"timestamp":1742657037.7534041,"label":"ARImageAnchor didUpdate"},{"timestamp":1742657037.757169,"content":{"identifier":"088EF783-5990-B052-BE99-B8AA15BA6C68","transform":{"columns":[[0.9496838,-0.0022640245,-0.31320152,0],[0.312972,-0.032093924,0.94921976,0],[-0.012200919,-0.9994822,-0.029770512,0],[-1.3610157,0.60141724,-0.19253007,1.0000001]]},"name":"Earth"},"label":"ARImageAnchor didUpdate"},{"label":"Bunny didUpdate","content":{"identifier":"B08E24AE-6649-4FDC-AC88-299C0F4ABC29","transform":{"columns":[[0.99652475,-0.0011311637,-0.08328969,0],[0.0012247292,0.9999971,0.0010723132,0],[0.08328838,-0.0011705959,0.9965248,0],[-0.034224045,-0.6027027,-0.3153559,1]]},"name":"bunny"},"timestamp":1742657042.35973},{"timestamp":1742657042.457841,"content":{"name":"bunny","identifier":"B08E24AE-6649-4FDC-AC88-299C0F4ABC29","transform":{"columns":[[0.99652475,-0.0011311637,-0.08328969,0],[0.001224729,0.9999969,0.001072313,0],[0.08328838,-0.0011705959,0.9965248,0],[-0.034224045,-0.6027027,-0.3153559,1]]}},"label":"Bunny didUpdate"},{"label":"Bunny didUpdate","content":{"name":"bunny","transform":{"columns":[[0.99652475,-0.0011311637,-0.08328969,0],[0.0012247287,0.9999967,0.0010723128,0],[0.08328838,-0.0011705959,0.9965248,0],[-0.034224045,-0.6027027,-0.3153559,1]]},"identifier":"B08E24AE-6649-4FDC-AC88-299C0F4ABC29"},"timestamp":1742657042.5746841},{"label":"Bunny didUpdate","content":{"name":"bunny","transform":{"columns":[[0.99652475,-0.0011311637,-0.08328969,0],[0.0012247284,0.99999654,0.0010723126,0],[0.08328838,-0.0011705959,0.9965248,0],[-0.034224045,-0.6027027,-0.3153559,1]]},"identifier":"B08E24AE-6649-4FDC-AC88-299C0F4ABC29"},"timestamp":1742657042.686538},{"label":"Bunny didUpdate","content":{"identifier":"B08E24AE-6649-4FDC-AC88-299C0F4ABC29","name":"bunny","transform":{"columns":[[0.99652475,-0.0011311637,-0.08328969,0],[0.0012247283,0.99999636,0.0010723125,0],[0.08328838,-0.0011705959,0.9965248,0],[-0.034224045,-0.6027027,-0.3153559,1]]}},"timestamp":1742657042.77647},{"label":"ARImageAnchor didUpdate","content":{"transform":{"columns":[[0.28427285,-0.0069858977,0.9587178,0],[-0.95874184,-0.0038049931,0.28425223,0],[0.0016621597,-0.9999683,-0.0077793277,0],[1.5341848,0.18571629,0.27357638,0.99999994]]},"name":"Peppers","identifier":"61BB3DDD-C96C-6E82-3432-BD712CCBCB28"},"timestamp":1742657043.019685},{"label":"ARImageAnchor didUpdate","timestamp":1742657043.0255961,"content":{"identifier":"61BB3DDD-C96C-6E82-3432-BD712CCBCB28","name":"Peppers","transform":{"columns":[[0.28427285,-0.0069858977,0.9587178,0],[-0.95874184,-0.0038049931,0.28425223,0],[0.0016621597,-0.9999683,-0.0077793277,0],[1.5341848,0.18571629,0.27357638,0.99999994]]}}},{"timestamp":1742657043.3864279,"label":"Bunny didUpdate","content":{"transform":{"columns":[[0.99652475,-0.0011311637,-0.08328969,0],[0.0012247281,0.9999962,0.0010723122,0],[0.08328838,-0.0011705959,0.9965248,0],[-0.034224045,-0.6027027,-0.3153559,1]]},"name":"bunny","identifier":"B08E24AE-6649-4FDC-AC88-299C0F4ABC29"}},{"label":"ARImageAnchor didUpdate","timestamp":1742657044.577625,"content":{"name":"Mandrill","transform":{"columns":[[0.27633983,-0.014765943,0.9609464,0],[-0.95918584,0.058172196,0.2767275,0],[-0.059986517,-0.99819726,0.0019120206,0],[1.2738165,0.8034058,-0.38761935,1]]},"identifier":"A19C2489-597B-2BED-432C-244B551E75FD"}},{"content":{"transform":{"columns":[[0.27633983,-0.014765943,0.9609464,0],[-0.95918584,0.058172196,0.2767275,0],[-0.059986517,-0.99819726,0.0019120206,0],[1.2738165,0.8034058,-0.38761935,1]]},"name":"Mandrill","identifier":"A19C2489-597B-2BED-432C-244B551E75FD"},"label":"ARImageAnchor didUpdate","timestamp":1742657044.593802},{"label":"Bunny didUpdate","content":{"transform":{"columns":[[0.99652475,-0.0011311637,-0.08328969,0],[0.0012247278,0.999996,0.001072312,0],[0.08328838,-0.0011705959,0.9965248,0],[-0.034224045,-0.6027027,-0.3153559,1]]},"identifier":"B08E24AE-6649-4FDC-AC88-299C0F4ABC29","name":"bunny"},"timestamp":1742657044.877036},{"label":"Bunny didUpdate","content":{"transform":{"columns":[[0.99652475,-0.0011311637,-0.08328969,0],[0.0012247277,0.9999958,0.0010723119,0],[0.08328838,-0.0011705959,0.9965248,0],[-0.034224045,-0.6027027,-0.3153559,1]]},"name":"bunny","identifier":"B08E24AE-6649-4FDC-AC88-299C0F4ABC29"},"timestamp":1742657047.093849},{"content":{"transform":{"columns":[[0.99652475,-0.0011311637,-0.08328969,0],[0.0012247274,0.99999565,0.0010723117,0],[0.08328838,-0.0011705959,0.9965248,0],[-0.034224045,-0.6027027,-0.3153559,1]]},"name":"bunny","identifier":"B08E24AE-6649-4FDC-AC88-299C0F4ABC29"},"label":"Bunny didUpdate","timestamp":1742657047.3902168}]