[{"label":"Application launched","timestamp":1742660747.4786181},{"timestamp":1742660747.478715,"label":"Initialize ARViewModel"},{"label":"Finished Initialize ARViewModel","timestamp":1742660747.480142},{"label":"Initialize RoomManager","timestamp":1742660747.480155},{"label":"Initialize BeaconManager","timestamp":1742660747.48016},{"label":"Fininshed Initialize BeaconManager","timestamp":1742660747.480176},{"label":"Fininshed Initialize RoomManager","timestamp":1742660747.4801831},{"timestamp":1742660747.480187,"label":"ContentView Initialize"},{"timestamp":1742660747.483289,"label":"Initialize ARWorldMapManager"},{"timestamp":1742660747.48331,"label":"Fininshed Initialize ARWorldMapManager"},{"timestamp":1742660747.6656718,"content":"Tracking is limited due to: initializing","label":"Tracking Limited"},{"content":{"id":"3F39F93D-AB52-4382-80AA-E0ED5264C1F0","name":"Test Room"},"timestamp":1742660748.699553,"label":"Room Update"},{"content":{"id":"3F39F93D-AB52-4382-80AA-E0ED5264C1F0","name":"Test Room"},"label":"Downloading WorldMap","timestamp":1742660748.699574},{"timestamp":1742660749.288382,"content":{"id":"3F39F93D-AB52-4382-80AA-E0ED5264C1F0","name":"Test Room"},"label":"Finished Downloading WorldMap"},{"label":"Tracking Limited","content":"Tracking is limited due to: initializing","timestamp":1742660749.4475288},{"timestamp":1742660750.5614638,"label":"Tracking Limited","content":"Tracking is limited due to: relocalizing"},{"label":"Bunny didAdd","timestamp":1742660753.798609,"content":{"transform":{"columns":[[0.99652475,-0.0011311637,-0.08328969,0],[0.0012247307,0.99999833,0.0010723146,0],[0.08328837,-0.0011705958,0.9965247,0],[-0.034224045,-0.6027027,-0.3153559,1]]},"identifier":"B08E24AE-6649-4FDC-AC88-299C0F4ABC29","name":"bunny"}},{"label":"Tracking Available","content":{"extent":[2.897366,6.354778,2.8408394],"center":[0.017977595,-3.4131691,0.45404088]},"timestamp":1742660753.875814},{"timestamp":1742660753.875885,"label":"Bunny didUpdate","content":{"identifier":"B08E24AE-6649-4FDC-AC88-299C0F4ABC29","transform":{"columns":[[0.99652475,-0.0011311637,-0.08328969,0],[0.0012247305,0.99999815,0.0010723145,0],[0.08328838,-0.0011705958,0.99652475,0],[-0.034224045,-0.6027027,-0.3153559,1]]},"name":"bunny"}},{"timestamp":1742660755.98801,"content":{"name":"Car","identifier":"FF85DBE1-76D3-E459-2D24-8EDCEE263300","transform":{"columns":[[0.9742694,0.009896124,-0.2251685,0],[0.22502396,0.013881313,0.97425413,0],[0.012766971,-0.99985456,0.011297228,0],[-0.27718866,-0.65696883,0.041442186,1]]}},"label":"ARImageAnchor didAdd"},{"timestamp":1742660756.00034,"content":{"transform":{"columns":[[0.9742694,0.009896124,-0.2251685,0],[0.22502396,0.013881313,0.97425413,0],[0.012766971,-0.99985456,0.011297228,0],[-0.27718866,-0.65696883,0.041442186,1]]},"name":"Car","identifier":"FF85DBE1-76D3-E459-2D24-8EDCEE263300"},"label":"ARImageAnchor didUpdate"},{"content":{"identifier":"088EF783-5990-B052-BE99-B8AA15BA6C68","transform":{"columns":[[0.96283,-0.00465401,-0.27006686,0],[0.2700711,0.0002947147,0.9628401,0],[-0.0044014747,-0.99998903,0.0015406727,0],[-1.37179,0.59582794,-0.22459017,1]]},"name":"Earth"},"timestamp":1742660759.124127,"label":"ARImageAnchor didAdd"},{"timestamp":1742660759.1550488,"content":{"name":"Earth","identifier":"088EF783-5990-B052-BE99-B8AA15BA6C68","transform":{"columns":[[0.96283,-0.00465401,-0.27006686,0],[0.2700711,0.0002947147,0.9628401,0],[-0.0044014747,-0.99998903,0.0015406727,0],[-1.37179,0.59582794,-0.22459017,1]]}},"label":"ARImageAnchor didUpdate"},{"content":{"transform":{"columns":[[0.96051055,-0.0049066893,-0.27819976,0],[0.2779475,-0.029154794,0.9601536,0],[-0.012822032,-0.99956274,-0.026639689,0],[-1.3816497,0.6004998,-0.23560104,0.99999994]]},"name":"Earth","identifier":"088EF783-5990-B052-BE99-B8AA15BA6C68"},"timestamp":1742660759.655778,"label":"ARImageAnchor didUpdate"},{"content":{"identifier":"088EF783-5990-B052-BE99-B8AA15BA6C68","name":"Earth","transform":{"columns":[[0.96051055,-0.0049066893,-0.27819976,0],[0.2779475,-0.029154794,0.9601536,0],[-0.012822032,-0.99956274,-0.026639689,0],[-1.3816497,0.6004998,-0.23560104,0.99999994]]}},"timestamp":1742660759.689208,"label":"ARImageAnchor didUpdate"},{"content":{"transform":{"columns":[[-0.22874437,-0.040388282,-0.9726482,0],[0.9732942,0.01036092,-0.22932653,0],[0.019339573,-0.99913025,0.036939666,0],[0.3722173,-0.6636315,-0.20516106,1]]},"name":"Lenna","identifier":"6BAD7D5D-D14A-EF93-1C8B-F6BEC80B8329"},"timestamp":1742660763.320936,"label":"ARImageAnchor didAdd"},{"label":"ARImageAnchor didUpdate","timestamp":1742660763.332916,"content":{"identifier":"6BAD7D5D-D14A-EF93-1C8B-F6BEC80B8329","transform":{"columns":[[-0.22874437,-0.040388282,-0.9726482,0],[0.9732942,0.01036092,-0.22932653,0],[0.019339573,-0.99913025,0.036939666,0],[0.3722173,-0.6636315,-0.20516106,1]]},"name":"Lenna"}},{"label":"ARImageAnchor didAdd","content":{"name":"Sailboat","transform":{"columns":[[0.96801454,0.0007270216,-0.2508924,0],[0.25088277,0.006418065,0.967996,0],[0.0023140004,-0.999979,0.0060303924,0],[0.40137967,0.76334816,-0.7040713,0.99999994]]},"identifier":"C35EAC54-3E90-1B97-807B-5E3B8F238DB7"},"timestamp":1742660766.973958},{"timestamp":1742660766.978843,"label":"ARImageAnchor didUpdate","content":{"name":"Sailboat","identifier":"C35EAC54-3E90-1B97-807B-5E3B8F238DB7","transform":{"columns":[[0.96801454,0.0007270216,-0.2508924,0],[0.25088277,0.006418065,0.967996,0],[0.0023140004,-0.999979,0.0060303924,0],[0.40137967,0.76334816,-0.7040713,0.99999994]]}}},{"label":"ARImageAnchor didAdd","timestamp":1742660770.120635,"content":{"transform":{"columns":[[0.2598813,-0.016277043,0.9655033,0],[-0.96422625,0.049718905,0.2603757,0],[-0.052241918,-0.9986305,-0.0027737406,0],[1.2386991,0.79231495,-0.34554046,1]]},"name":"Mandrill","identifier":"A19C2489-597B-2BED-432C-244B551E75FD"}},{"content":{"transform":{"columns":[[0.2598813,-0.016277043,0.9655033,0],[-0.96422625,0.049718905,0.2603757,0],[-0.052241918,-0.9986305,-0.0027737406,0],[1.2386991,0.79231495,-0.34554046,1]]},"identifier":"A19C2489-597B-2BED-432C-244B551E75FD","name":"Mandrill"},"timestamp":1742660770.138739,"label":"ARImageAnchor didUpdate"},{"label":"ARImageAnchor didAdd","timestamp":1742660772.737224,"content":{"identifier":"61BB3DDD-C96C-6E82-3432-BD712CCBCB28","name":"Peppers","transform":{"columns":[[0.2604585,-0.010124046,0.9654317,0],[-0.9654625,0.004082082,0.26050958,0],[-0.0065783863,-0.99994034,-0.008711168,0],[1.4825721,0.17385142,0.34508422,1]]}}},{"label":"ARImageAnchor didUpdate","timestamp":1742660772.7464662,"content":{"name":"Peppers","identifier":"61BB3DDD-C96C-6E82-3432-BD712CCBCB28","transform":{"columns":[[0.2604585,-0.010124046,0.9654317,0],[-0.9654625,0.004082082,0.26050958,0],[-0.0065783863,-0.99994034,-0.008711168,0],[1.4825721,0.17385142,0.34508422,1]]}}}]