[{"label":"Application launched","timestamp":1742663246.988527},{"timestamp":1742663246.988614,"label":"Initialize ARViewModel"},{"timestamp":1742663246.990017,"label":"Finished Initialize ARViewModel"},{"timestamp":1742663246.9900331,"label":"Initialize RoomManager"},{"timestamp":1742663246.990037,"label":"Initialize BeaconManager"},{"label":"Fininshed Initialize BeaconManager","timestamp":1742663246.990052},{"label":"Fininshed Initialize RoomManager","timestamp":1742663246.990057},{"timestamp":1742663246.990061,"label":"ContentView Initialize"},{"timestamp":1742663246.990961,"label":"Initialize ARWorldMapManager"},{"timestamp":1742663246.990971,"label":"Fininshed Initialize ARWorldMapManager"},{"label":"Tracking Limited","content":"Tracking is limited due to: initializing","timestamp":1742663247.523973},{"content":{"id":"3F39F93D-AB52-4382-80AA-E0ED5264C1F0","name":"Test Room"},"timestamp":1742663248.3209581,"label":"Room Update"},{"label":"Downloading WorldMap","timestamp":1742663248.3210258,"content":{"name":"Test Room","id":"3F39F93D-AB52-4382-80AA-E0ED5264C1F0"}},{"timestamp":1742663248.8133888,"content":{"id":"3F39F93D-AB52-4382-80AA-E0ED5264C1F0","name":"Test Room"},"label":"Finished Downloading WorldMap"},{"label":"Tracking Limited","timestamp":1742663248.9745688,"content":"Tracking is limited due to: initializing"},{"timestamp":1742663249.9905748,"label":"Tracking Limited","content":"Tracking is limited due to: relocalizing"},{"content":{"identifier":"B08E24AE-6649-4FDC-AC88-299C0F4ABC29","name":"bunny","transform":{"columns":[[0.99652475,-0.0011311637,-0.08328969,0],[0.0012247307,0.99999833,0.0010723146,0],[0.08328837,-0.0011705958,0.9965247,0],[-0.034224045,-0.6027027,-0.3153559,1]]}},"label":"Bunny didAdd","timestamp":1742663266.525145},{"label":"Bunny didUpdate","timestamp":1742663266.6107888,"content":{"identifier":"B08E24AE-6649-4FDC-AC88-299C0F4ABC29","name":"bunny","transform":{"columns":[[0.99652475,-0.0011311637,-0.08328969,0],[0.0012247305,0.99999815,0.0010723145,0],[0.08328838,-0.0011705958,0.99652475,0],[-0.034224045,-0.6027027,-0.3153559,1]]}}},{"timestamp":1742663266.61082,"content":{"extent":[3.88698,6.9258137,2.8408394],"center":[0.5127846,-3.1276512,0.45404088]},"label":"Tracking Available"},{"content":{"name":"Car","identifier":"FF85DBE1-76D3-E459-2D24-8EDCEE263300","transform":{"columns":[[0.97080785,0.012149777,-0.23954993,0],[0.2394952,0.005792157,0.97088015,0],[0.013183502,-0.99990934,0.002713199,0],[-0.27438915,-0.6609518,0.04505202,0.99999994]]}},"timestamp":1742663270.016491,"label":"ARImageAnchor didAdd"},{"timestamp":1742663270.0262918,"content":{"identifier":"FF85DBE1-76D3-E459-2D24-8EDCEE263300","name":"Car","transform":{"columns":[[0.97080785,0.012149777,-0.23954993,0],[0.2394952,0.005792157,0.97088015,0],[0.013183502,-0.99990934,0.002713199,0],[-0.27438915,-0.6609518,0.04505202,0.99999994]]}},"label":"ARImageAnchor didUpdate"},{"label":"ARImageAnchor didAdd","timestamp":1742663273.149571,"content":{"name":"Earth","identifier":"088EF783-5990-B052-BE99-B8AA15BA6C68","transform":{"columns":[[0.9589692,-0.0059627197,-0.2834473,0],[0.28320715,-0.026051216,0.9587048,0],[-0.013100632,-0.9996428,-0.023293631,0],[-1.3762491,0.594139,-0.21233872,1]]}}},{"label":"ARImageAnchor didUpdate","content":{"identifier":"088EF783-5990-B052-BE99-B8AA15BA6C68","transform":{"columns":[[0.9589692,-0.0059627197,-0.2834473,0],[0.28320715,-0.026051216,0.9587048,0],[-0.013100632,-0.9996428,-0.023293631,0],[-1.3762491,0.594139,-0.21233872,1]]},"name":"Earth"},"timestamp":1742663273.157535},{"timestamp":1742663274.208191,"content":{"transform":{"columns":[[0.9630895,-0.0058295424,-0.2691179,0],[0.2691789,0.016871858,0.9629423,0],[-0.0010729888,-0.99984056,0.017818302,0],[-1.383857,0.59704304,-0.21648976,1]]},"identifier":"088EF783-5990-B052-BE99-B8AA15BA6C68","name":"Earth"},"label":"ARImageAnchor didUpdate"},{"label":"ARImageAnchor didUpdate","content":{"transform":{"columns":[[0.9630895,-0.0058295424,-0.2691179,0],[0.2691789,0.016871858,0.9629423,0],[-0.0010729888,-0.99984056,0.017818302,0],[-1.383857,0.59704304,-0.21648976,1]]},"name":"Earth","identifier":"088EF783-5990-B052-BE99-B8AA15BA6C68"},"timestamp":1742663274.224884},{"label":"Bunny didUpdate","content":{"name":"bunny","identifier":"B08E24AE-6649-4FDC-AC88-299C0F4ABC29","transform":{"columns":[[0.9964824,-0.0011311637,-0.08379467,0],[0.0012252735,0.999998,0.0010716935,0],[0.08379336,-0.001170596,0.9964825,0],[-0.033356015,-0.6045318,-0.3194533,1]]}},"timestamp":1742663276.762238},{"timestamp":1742663278.9492831,"content":{"identifier":"6BAD7D5D-D14A-EF93-1C8B-F6BEC80B8329","name":"Lenna","transform":{"columns":[[-0.24084225,-0.034461457,-0.969952,0],[0.97054046,-0.015524038,-0.24043682,0],[-0.006771797,-0.9992853,0.037185088,0],[0.38839394,-0.65941525,-0.20947608,0.9999999]]}},"label":"ARImageAnchor didAdd"},{"label":"ARImageAnchor didUpdate","content":{"identifier":"6BAD7D5D-D14A-EF93-1C8B-F6BEC80B8329","name":"Lenna","transform":{"columns":[[-0.24084225,-0.034461457,-0.969952,0],[0.97054046,-0.015524038,-0.24043682,0],[-0.006771797,-0.9992853,0.037185088,0],[0.38839394,-0.65941525,-0.20947608,0.9999999]]}},"timestamp":1742663278.958689},{"label":"ARImageAnchor didAdd","timestamp":1742663282.1004028,"content":{"name":"Sailboat","transform":{"columns":[[0.96122533,0.00063090783,-0.27576336,0],[0.27569073,0.020863663,0.9610198,0],[0.0063597565,-0.999782,0.01988074,0],[0.39057243,0.7598262,-0.7196057,1.0000001]]},"identifier":"C35EAC54-3E90-1B97-807B-5E3B8F238DB7"}},{"label":"ARImageAnchor didUpdate","content":{"identifier":"C35EAC54-3E90-1B97-807B-5E3B8F238DB7","transform":{"columns":[[0.96122533,0.00063090783,-0.27576336,0],[0.27569073,0.020863663,0.9610198,0],[0.0063597565,-0.999782,0.01988074,0],[0.39057243,0.7598262,-0.7196057,1.0000001]]},"name":"Sailboat"},"timestamp":1742663282.107059},{"label":"ARImageAnchor didAdd","content":{"identifier":"A19C2489-597B-2BED-432C-244B551E75FD","transform":{"columns":[[0.28870296,-0.015300836,0.95729625,0],[-0.9567964,0.03142699,0.28905454,0],[-0.03450772,-0.9993888,-0.005566717,0],[1.2355132,0.7896011,-0.3741853,1]]},"name":"Mandrill"},"timestamp":1742663283.665813},{"content":{"name":"Mandrill","identifier":"A19C2489-597B-2BED-432C-244B551E75FD","transform":{"columns":[[0.28870296,-0.015300836,0.95729625,0],[-0.9567964,0.03142699,0.28905454,0],[-0.03450772,-0.9993888,-0.005566717,0],[1.2355132,0.7896011,-0.3741853,1]]}},"label":"ARImageAnchor didUpdate","timestamp":1742663283.6754088},{"timestamp":1742663284.1755161,"content":{"identifier":"A19C2489-597B-2BED-432C-244B551E75FD","transform":{"columns":[[0.27722412,-0.014344422,0.9606981,0],[-0.9598268,0.040976822,0.2775845,0],[-0.043348156,-0.99905705,-0.0024083934,0],[1.2319486,0.7906121,-0.37627986,1]]},"name":"Mandrill"},"label":"ARImageAnchor didUpdate"},{"content":{"transform":{"columns":[[0.27722412,-0.014344422,0.9606981,0],[-0.9598268,0.040976822,0.2775845,0],[-0.043348156,-0.99905705,-0.0024083934,0],[1.2319486,0.7906121,-0.37627986,1]]},"identifier":"A19C2489-597B-2BED-432C-244B551E75FD","name":"Mandrill"},"label":"ARImageAnchor didUpdate","timestamp":1742663284.191578},{"label":"ARImageAnchor didAdd","content":{"transform":{"columns":[[0.28194368,-0.005952703,0.9594124,0],[-0.95927596,-0.019712823,0.2817813,0],[0.017235333,-0.99978787,-0.011268186,0],[1.5029081,0.16965051,0.31117684,0.99999994]]},"identifier":"61BB3DDD-C96C-6E82-3432-BD712CCBCB28","name":"Peppers"},"timestamp":1742663285.749023},{"timestamp":1742663285.756274,"content":{"name":"Peppers","identifier":"61BB3DDD-C96C-6E82-3432-BD712CCBCB28","transform":{"columns":[[0.28194368,-0.005952703,0.9594124,0],[-0.95927596,-0.019712823,0.2817813,0],[0.017235333,-0.99978787,-0.011268186,0],[1.5029081,0.16965051,0.31117684,0.99999994]]}},"label":"ARImageAnchor didUpdate"}]