[{"timestamp":1742576999.508194,"label":"Application launched"},{"timestamp":1742576999.508281,"label":"Initialize ARViewModel"},{"timestamp":1742576999.5092978,"label":"Finished Initialize ARViewModel"},{"timestamp":1742576999.509311,"label":"Initialize RoomManager"},{"timestamp":1742576999.509316,"label":"Initialize BeaconManager"},{"timestamp":1742576999.509331,"label":"Fininshed Initialize BeaconManager"},{"label":"Fininshed Initialize RoomManager","timestamp":1742576999.509336},{"timestamp":1742576999.50934,"label":"ContentView Initialize"},{"timestamp":1742576999.509739,"label":"Initialize ARWorldMapManager"},{"label":"Fininshed Initialize ARWorldMapManager","timestamp":1742576999.509746},{"label":"Tracking Limited","content":"Tracking is limited due to: initializing","timestamp":1742576999.859154},{"content":{"name":"Test Room","id":"3F39F93D-AB52-4382-80AA-E0ED5264C1F0"},"label":"Room Update","timestamp":1742577000.824784},{"timestamp":1742577000.824833,"label":"Downloading WorldMap","content":{"id":"3F39F93D-AB52-4382-80AA-E0ED5264C1F0","name":"Test Room"}},{"content":{"name":"Test Room","id":"3F39F93D-AB52-4382-80AA-E0ED5264C1F0"},"timestamp":1742577001.2470078,"label":"Finished Downloading WorldMap"},{"content":"Tracking is limited due to: initializing","timestamp":1742577001.389636,"label":"Tracking Limited"},{"timestamp":1742577002.506567,"content":"Tracking is limited due to: relocalizing","label":"Tracking Limited"},{"label":"Bunny didAdd","timestamp":1742577004.444364,"content":{"identifier":"B08E24AE-6649-4FDC-AC88-299C0F4ABC29","name":"bunny","transform":{"columns":[[0.996533,-0.0012840496,-0.083188996,0],[0.0013539256,0.9999986,0.000783564,0],[0.08318789,-0.0008934792,0.99653333,0],[-0.034270495,-0.60270274,-0.31525213,1.0000001]]}}},{"label":"Tracking Available","content":{"center":[-0.05742526,-3.2258382,0.45404088],"extent":[2.7465603,5.980116,2.8408394]},"timestamp":1742577004.4632201},{"timestamp":1742577004.463295,"label":"Bunny didUpdate","content":{"transform":{"columns":[[0.99652475,-0.0011311637,-0.08328969,0],[0.0012247307,0.99999833,0.0010723146,0],[0.08328837,-0.0011705958,0.9965247,0],[-0.034224045,-0.6027027,-0.3153559,1]]},"identifier":"B08E24AE-6649-4FDC-AC88-299C0F4ABC29","name":"bunny"}},{"content":{"name":"Earth","transform":{"columns":[[0.96082914,0.0017527,-0.27713552,0],[0.27713257,0.0017335046,0.9608299,0],[0.002164464,-0.9999969,0.0011798731,0],[-1.3802065,0.58962804,-0.18257502,1]]},"identifier":"088EF783-5990-B052-BE99-B8AA15BA6C68"},"timestamp":1742577008.1680942,"label":"ARImageAnchor didAdd"},{"content":{"name":"Earth","identifier":"088EF783-5990-B052-BE99-B8AA15BA6C68","transform":{"columns":[[0.96082914,0.0017527,-0.27713552,0],[0.27713257,0.0017335046,0.9608299,0],[0.002164464,-0.9999969,0.0011798731,0],[-1.3802065,0.58962804,-0.18257502,1]]}},"label":"ARImageAnchor didUpdate","timestamp":1742577008.175106},{"timestamp":1742577008.701212,"content":{"name":"Earth","identifier":"088EF783-5990-B052-BE99-B8AA15BA6C68","transform":{"columns":[[0.9622163,0.00030725577,-0.27228534,0],[0.2722839,0.0023684392,0.9622139,0],[0.00094053685,-0.9999971,0.0021952868,0],[-1.3732889,0.5761838,-0.14576113,1]]}},"label":"ARImageAnchor didUpdate"},{"label":"ARImageAnchor didUpdate","timestamp":1742577008.707459,"content":{"name":"Earth","transform":{"columns":[[0.9622163,0.00030725577,-0.27228534,0],[0.2722839,0.0023684392,0.9622139,0],[0.00094053685,-0.9999971,0.0021952868,0],[-1.3732889,0.5761838,-0.14576113,1]]},"identifier":"088EF783-5990-B052-BE99-B8AA15BA6C68"}},{"content":{"identifier":"088EF783-5990-B052-BE99-B8AA15BA6C68","name":"Earth","transform":{"columns":[[0.9610191,0.00049998687,-0.27648112,0],[0.27648118,-3.100984e-05,0.96101916,0],[0.0004719251,-0.99999976,-0.0001680331,0],[-1.3889071,0.5918175,-0.23425488,0.99999994]]}},"timestamp":1742577009.235024,"label":"ARImageAnchor didUpdate"},{"timestamp":1742577009.240059,"label":"ARImageAnchor didUpdate","content":{"identifier":"088EF783-5990-B052-BE99-B8AA15BA6C68","transform":{"columns":[[0.9610191,0.00049998687,-0.27648112,0],[0.27648118,-3.100984e-05,0.96101916,0],[0.0004719251,-0.99999976,-0.0001680331,0],[-1.3889071,0.5918175,-0.23425488,0.99999994]]},"name":"Earth"}},{"label":"ARImageAnchor didAdd","content":{"identifier":"FF85DBE1-76D3-E459-2D24-8EDCEE263300","transform":{"columns":[[0.9777093,0.008326756,-0.20979771,0],[0.2098693,-0.008924439,0.9776886,0],[0.006268646,-0.99992543,-0.010473016,0],[-0.27732742,-0.66227555,0.04586193,1]]},"name":"Car"},"timestamp":1742577012.435179},{"content":{"name":"Car","transform":{"columns":[[0.9777093,0.008326756,-0.20979771,0],[0.2098693,-0.008924439,0.9776886,0],[0.006268646,-0.99992543,-0.010473016,0],[-0.27732742,-0.66227555,0.04586193,1]]},"identifier":"FF85DBE1-76D3-E459-2D24-8EDCEE263300"},"label":"ARImageAnchor didUpdate","timestamp":1742577012.442264},{"label":"ARImageAnchor didAdd","timestamp":1742577015.049244,"content":{"transform":{"columns":[[-0.25421822,-0.036416832,-0.9664608,0],[0.96707755,0.0023770372,-0.25447005,0],[0.011564332,-0.99933374,0.03461357,0],[0.39176774,-0.66483504,-0.20810536,0.99999994]]},"name":"Lenna","identifier":"6BAD7D5D-D14A-EF93-1C8B-F6BEC80B8329"}},{"label":"ARImageAnchor didUpdate","content":{"transform":{"columns":[[-0.25421822,-0.036416832,-0.9664608,0],[0.96707755,0.0023770372,-0.25447005,0],[0.011564332,-0.99933374,0.03461357,0],[0.39176774,-0.66483504,-0.20810536,0.99999994]]},"identifier":"6BAD7D5D-D14A-EF93-1C8B-F6BEC80B8329","name":"Lenna"},"timestamp":1742577015.0591412},{"timestamp":1742577019.2844849,"label":"ARImageAnchor didAdd","content":{"identifier":"C35EAC54-3E90-1B97-807B-5E3B8F238DB7","transform":{"columns":[[0.96638376,0.002793445,-0.2570883,0],[0.25690284,0.029003294,0.9660017,0],[0.010154879,-0.9995753,0.02731067,0],[0.40311813,0.76654965,-0.7110317,0.99999994]]},"name":"Sailboat"}},{"content":{"transform":{"columns":[[0.96638376,0.002793445,-0.2570883,0],[0.25690284,0.029003294,0.9660017,0],[0.010154879,-0.9995753,0.02731067,0],[0.40311813,0.76654965,-0.7110317,0.99999994]]},"name":"Sailboat","identifier":"C35EAC54-3E90-1B97-807B-5E3B8F238DB7"},"timestamp":1742577019.291624,"label":"ARImageAnchor didUpdate"},{"label":"ARImageAnchor didAdd","content":{"identifier":"A19C2489-597B-2BED-432C-244B551E75FD","transform":{"columns":[[0.2610258,-0.013337195,0.96523947,0],[-0.96346045,0.05862946,0.26135483,0],[-0.060077235,-0.99819064,0.0024539584,0],[1.252369,0.7953884,-0.35801956,0.99999994]]},"name":"Mandrill"},"timestamp":1742577021.951361},{"content":{"transform":{"columns":[[0.2610258,-0.013337195,0.96523947,0],[-0.96346045,0.05862946,0.26135483,0],[-0.060077235,-0.99819064,0.0024539584,0],[1.252369,0.7953884,-0.35801956,0.99999994]]},"identifier":"A19C2489-597B-2BED-432C-244B551E75FD","name":"Mandrill"},"timestamp":1742577021.9552531,"label":"ARImageAnchor didUpdate"},{"timestamp":1742577024.0485759,"label":"ARImageAnchor didAdd","content":{"identifier":"61BB3DDD-C96C-6E82-3432-BD712CCBCB28","name":"Peppers","transform":{"columns":[[0.25107884,-0.0058864783,0.96794856,0],[-0.9676725,-0.026166597,0.25084814,0],[0.02385131,-0.99964017,-0.012266069,0],[1.5109973,0.17638767,0.33329743,1]]}}},{"timestamp":1742577024.058543,"label":"ARImageAnchor didUpdate","content":{"identifier":"61BB3DDD-C96C-6E82-3432-BD712CCBCB28","transform":{"columns":[[0.25107884,-0.0058864783,0.96794856,0],[-0.9676725,-0.026166597,0.25084814,0],[0.02385131,-0.99964017,-0.012266069,0],[1.5109973,0.17638767,0.33329743,1]]},"name":"Peppers"}},{"content":{"transform":{"columns":[[0.25368538,-0.0053649438,0.9672719,0],[-0.96728015,0.0022779326,0.25370017,0],[-0.0035644826,-0.9999829,-0.004611524,0],[1.5052043,0.17896758,0.33035108,1]]},"name":"Peppers","identifier":"61BB3DDD-C96C-6E82-3432-BD712CCBCB28"},"timestamp":1742577024.574919,"label":"ARImageAnchor didUpdate"},{"content":{"name":"Peppers","identifier":"61BB3DDD-C96C-6E82-3432-BD712CCBCB28","transform":{"columns":[[0.25368538,-0.0053649438,0.9672719,0],[-0.96728015,0.0022779326,0.25370017,0],[-0.0035644826,-0.9999829,-0.004611524,0],[1.5052043,0.17896758,0.33035108,1]]}},"timestamp":1742577024.591539,"label":"ARImageAnchor didUpdate"},{"timestamp":1742577029.873877,"label":"ARImageAnchor didUpdate","content":{"name":"Peppers","identifier":"61BB3DDD-C96C-6E82-3432-BD712CCBCB28","transform":{"columns":[[0.2596659,-0.012872934,0.96561253,0],[-0.9656392,-0.014538866,0.25947914,0],[0.010698646,-0.9998113,-0.016205847,0],[1.5143937,0.17775586,0.33665353,1]]}}},{"timestamp":1742577029.899952,"label":"ARImageAnchor didUpdate","content":{"identifier":"61BB3DDD-C96C-6E82-3432-BD712CCBCB28","name":"Peppers","transform":{"columns":[[0.2596659,-0.012872934,0.96561253,0],[-0.9656392,-0.014538866,0.25947914,0],[0.010698646,-0.9998113,-0.016205847,0],[1.5143937,0.17775586,0.33665353,1]]}}},{"timestamp":1742577030.938976,"label":"ARImageAnchor didUpdate","content":{"identifier":"61BB3DDD-C96C-6E82-3432-BD712CCBCB28","name":"Peppers","transform":{"columns":[[0.9957643,0.001564153,-0.09192848,0],[0.09192473,0.0023668944,0.99576294,0],[0.0017751005,-0.99999595,0.002213102,0],[1.509483,0.17983496,0.3435278,1]]}}},{"label":"ARImageAnchor didUpdate","timestamp":1742577030.966384,"content":{"transform":{"columns":[[0.9957643,0.001564153,-0.09192848,0],[0.09192473,0.0023668944,0.99576294,0],[0.0017751005,-0.99999595,0.002213102,0],[1.509483,0.17983496,0.3435278,1]]},"identifier":"61BB3DDD-C96C-6E82-3432-BD712CCBCB28","name":"Peppers"}}]