[{"timestamp":1742655137.337076,"label":"Application launched"},{"label":"Initialize ARViewModel","timestamp":1742655137.3371592},{"label":"Finished Initialize ARViewModel","timestamp":1742655137.33864},{"timestamp":1742655137.3387089,"label":"Initialize RoomManager"},{"label":"Initialize BeaconManager","timestamp":1742655137.338722},{"timestamp":1742655137.338768,"label":"Fininshed Initialize BeaconManager"},{"timestamp":1742655137.338784,"label":"Fininshed Initialize RoomManager"},{"label":"ContentView Initialize","timestamp":1742655137.338797},{"label":"Initialize ARWorldMapManager","timestamp":1742655137.3398972},{"timestamp":1742655137.339917,"label":"Fininshed Initialize ARWorldMapManager"},{"label":"Tracking Limited","content":"Tracking is limited due to: initializing","timestamp":1742655137.773236},{"timestamp":1742655138.6615582,"label":"Room Update","content":{"id":"3F39F93D-AB52-4382-80AA-E0ED5264C1F0","name":"Test Room"}},{"content":{"id":"3F39F93D-AB52-4382-80AA-E0ED5264C1F0","name":"Test Room"},"label":"Downloading WorldMap","timestamp":1742655138.661587},{"label":"Finished Downloading WorldMap","content":{"name":"Test Room","id":"3F39F93D-AB52-4382-80AA-E0ED5264C1F0"},"timestamp":1742655139.050887},{"content":"Tracking is limited due to: initializing","label":"Tracking Limited","timestamp":1742655139.2050462},{"label":"Tracking Limited","timestamp":1742655140.306569,"content":"Tracking is limited due to: relocalizing"},{"timestamp":1742655141.7377338,"content":{"name":"bunny","transform":{"columns":[[0.99652475,-0.0011311637,-0.08328969,0],[0.0012247307,0.99999833,0.0010723146,0],[0.08328837,-0.0011705958,0.9965247,0],[-0.034224045,-0.6027027,-0.3153559,1]]},"identifier":"B08E24AE-6649-4FDC-AC88-299C0F4ABC29"},"label":"Bunny didAdd"},{"timestamp":1742655141.789657,"content":{"extent":[2.897366,6.354778,2.8408394],"center":[0.017977595,-3.4131691,0.45404088]},"label":"Tracking Available"},{"timestamp":1742655141.789717,"label":"Bunny didUpdate","content":{"name":"bunny","identifier":"B08E24AE-6649-4FDC-AC88-299C0F4ABC29","transform":{"columns":[[0.99652475,-0.0011311637,-0.08328969,0],[0.0012247305,0.99999815,0.0010723145,0],[0.08328838,-0.0011705958,0.99652475,0],[-0.034224045,-0.6027027,-0.3153559,1]]}}},{"label":"ARImageAnchor didAdd","content":{"identifier":"FF85DBE1-76D3-E459-2D24-8EDCEE263300","name":"Car","transform":{"columns":[[0.9729243,0.018340208,-0.2303945,0],[0.23031685,0.0062664095,0.97309524,0],[0.019290527,-0.99981207,0.0018726927,0],[-0.27375412,-0.6701196,0.06320971,1]]}},"timestamp":1742655143.881771},{"timestamp":1742655143.8933702,"content":{"name":"Car","transform":{"columns":[[0.9729243,0.018340208,-0.2303945,0],[0.23031685,0.0062664095,0.97309524,0],[0.019290527,-0.99981207,0.0018726927,0],[-0.27375412,-0.6701196,0.06320971,1]]},"identifier":"FF85DBE1-76D3-E459-2D24-8EDCEE263300"},"label":"ARImageAnchor didUpdate"},{"timestamp":1742655144.407731,"label":"ARImageAnchor didUpdate","content":{"identifier":"FF85DBE1-76D3-E459-2D24-8EDCEE263300","name":"Car","transform":{"columns":[[0.9698792,0.013705676,-0.24320017,0],[0.24302952,0.01300534,0.96993154,0],[0.016456475,-0.9998214,0.009282728,0],[-0.2721961,-0.6594446,0.054975897,1]]}}},{"content":{"identifier":"FF85DBE1-76D3-E459-2D24-8EDCEE263300","transform":{"columns":[[0.9698792,0.013705676,-0.24320017,0],[0.24302952,0.01300534,0.96993154,0],[0.016456475,-0.9998214,0.009282728,0],[-0.2721961,-0.6594446,0.054975897,1]]},"name":"Car"},"label":"ARImageAnchor didUpdate","timestamp":1742655144.423895},{"timestamp":1742655145.999799,"content":{"name":"Earth","identifier":"088EF783-5990-B052-BE99-B8AA15BA6C68","transform":{"columns":[[0.95927614,0.0022370405,-0.28246054,0],[0.28225097,-0.04690807,0.9581928,0],[-0.011106157,-0.99889666,-0.04562918,0],[-1.3882451,0.5928008,-0.18993896,1]]}},"label":"ARImageAnchor didAdd"},{"label":"ARImageAnchor didUpdate","content":{"name":"Earth","identifier":"088EF783-5990-B052-BE99-B8AA15BA6C68","transform":{"columns":[[0.95927614,0.0022370405,-0.28246054,0],[0.28225097,-0.04690807,0.9581928,0],[-0.011106157,-0.99889666,-0.04562918,0],[-1.3882451,0.5928008,-0.18993896,1]]}},"timestamp":1742655146.005547},{"timestamp":1742655147.065779,"label":"ARImageAnchor didUpdate","content":{"name":"Earth","identifier":"088EF783-5990-B052-BE99-B8AA15BA6C68","transform":{"columns":[[0.9586868,0.0022902724,-0.28445378,0],[0.28445286,-0.016150588,0.9585538,0],[-0.0023987477,-0.99986696,-0.016134832,0],[-1.3871814,0.5998802,-0.19894841,1]]}}},{"content":{"identifier":"088EF783-5990-B052-BE99-B8AA15BA6C68","transform":{"columns":[[0.9586868,0.0022902724,-0.28445378,0],[0.28445286,-0.016150588,0.9585538,0],[-0.0023987477,-0.99986696,-0.016134832,0],[-1.3871814,0.5998802,-0.19894841,1]]},"name":"Earth"},"timestamp":1742655147.072886,"label":"ARImageAnchor didUpdate"},{"label":"ARImageAnchor didAdd","content":{"identifier":"C35EAC54-3E90-1B97-807B-5E3B8F238DB7","name":"Sailboat","transform":{"columns":[[0.9579001,0.01374239,-0.28677198,0],[0.2869256,-0.010906262,0.9578906,0],[0.010036098,-0.9998461,-0.014390155,0],[0.39018223,0.792625,-0.6917547,1]]}},"timestamp":1742655149.681477},{"timestamp":1742655149.699521,"label":"ARImageAnchor didUpdate","content":{"name":"Sailboat","identifier":"C35EAC54-3E90-1B97-807B-5E3B8F238DB7","transform":{"columns":[[0.9579001,0.01374239,-0.28677198,0],[0.2869256,-0.010906262,0.9578906,0],[0.010036098,-0.9998461,-0.014390155,0],[0.39018223,0.792625,-0.6917547,1]]}}},{"label":"ARImageAnchor didAdd","timestamp":1742655152.331294,"content":{"name":"Lenna","identifier":"6BAD7D5D-D14A-EF93-1C8B-F6BEC80B8329","transform":{"columns":[[-0.255795,-0.03310038,-0.9661641,0],[0.96673024,-0.009903763,-0.2556056,0],[-0.001107996,-0.9994029,0.03453245,0],[0.3751012,-0.64401233,-0.18760076,1]]}}},{"timestamp":1742655152.34108,"label":"ARImageAnchor didUpdate","content":{"transform":{"columns":[[-0.255795,-0.03310038,-0.9661641,0],[0.96673024,-0.009903763,-0.2556056,0],[-0.001107996,-0.9994029,0.03453245,0],[0.3751012,-0.64401233,-0.18760076,1]]},"name":"Lenna","identifier":"6BAD7D5D-D14A-EF93-1C8B-F6BEC80B8329"}},{"label":"ARImageAnchor didAdd","content":{"name":"Mandrill","transform":{"columns":[[0.2631028,-0.009913995,0.9647167,0],[-0.96449053,0.0212603,0.2632596,0],[-0.023120122,-0.9997247,-0.003968312,0],[1.2235091,0.8122936,-0.33801007,1]]},"identifier":"A19C2489-597B-2BED-432C-244B551E75FD"},"timestamp":1742655155.53259},{"label":"ARImageAnchor didUpdate","content":{"name":"Mandrill","identifier":"A19C2489-597B-2BED-432C-244B551E75FD","transform":{"columns":[[0.2631028,-0.009913995,0.9647167,0],[-0.96449053,0.0212603,0.2632596,0],[-0.023120122,-0.9997247,-0.003968312,0],[1.2235091,0.8122936,-0.33801007,1]]}},"timestamp":1742655155.5405102},{"timestamp":1742655157.630896,"content":{"name":"Peppers","identifier":"61BB3DDD-C96C-6E82-3432-BD712CCBCB28","transform":{"columns":[[0.2493022,-0.0034685193,0.9684194,0],[-0.9684241,0.0008750107,0.2493065,0],[-0.0017121232,-0.9999936,-0.003140849,0],[1.4905337,0.1994545,0.3541727,0.99999994]]}},"label":"ARImageAnchor didAdd"},{"label":"ARImageAnchor didUpdate","content":{"name":"Peppers","transform":{"columns":[[0.2493022,-0.0034685193,0.9684194,0],[-0.9684241,0.0008750107,0.2493065,0],[-0.0017121232,-0.9999936,-0.003140849,0],[1.4905337,0.1994545,0.3541727,0.99999994]]},"identifier":"61BB3DDD-C96C-6E82-3432-BD712CCBCB28"},"timestamp":1742655157.640294}]