[{"label":"Application launched","timestamp":1742640785.1410599},{"label":"Initialize ARViewModel","timestamp":1742640785.141166},{"label":"Finished Initialize ARViewModel","timestamp":1742640785.143909},{"timestamp":1742640785.14394,"label":"Initialize RoomManager"},{"label":"Initialize BeaconManager","timestamp":1742640785.143944},{"timestamp":1742640785.143958,"label":"Fininshed Initialize BeaconManager"},{"label":"Fininshed Initialize RoomManager","timestamp":1742640785.1439629},{"timestamp":1742640785.1439672,"label":"ContentView Initialize"},{"label":"Initialize ARWorldMapManager","timestamp":1742640785.1444778},{"label":"Fininshed Initialize ARWorldMapManager","timestamp":1742640785.144489},{"label":"Tracking Limited","timestamp":1742640785.403569,"content":"Tracking is limited due to: initializing"},{"label":"Room Update","timestamp":1742640786.417006,"content":{"id":"3F39F93D-AB52-4382-80AA-E0ED5264C1F0","name":"Test Room"}},{"content":{"id":"3F39F93D-AB52-4382-80AA-E0ED5264C1F0","name":"Test Room"},"label":"Downloading WorldMap","timestamp":1742640786.417067},{"timestamp":1742640786.925521,"label":"Finished Downloading WorldMap","content":{"name":"Test Room","id":"3F39F93D-AB52-4382-80AA-E0ED5264C1F0"}},{"label":"Tracking Limited","content":"Tracking is limited due to: initializing","timestamp":1742640787.088632},{"timestamp":1742640788.1047091,"content":"Tracking is limited due to: relocalizing","label":"Tracking Limited"},{"timestamp":1742640791.34583,"content":{"transform":{"columns":[[0.99652475,-0.0011311637,-0.08328969,0],[0.0012247307,0.99999833,0.0010723146,0],[0.08328837,-0.0011705958,0.9965247,0],[-0.034224045,-0.6027027,-0.3153559,1]]},"identifier":"B08E24AE-6649-4FDC-AC88-299C0F4ABC29","name":"bunny"},"label":"Bunny didAdd"},{"label":"Tracking Available","timestamp":1742640791.367693,"content":{"extent":[2.897366,6.4997005,2.8250825],"center":[0.017977595,-3.3407078,0.4619192]}},{"timestamp":1742640791.367718,"content":{"identifier":"B08E24AE-6649-4FDC-AC88-299C0F4ABC29","name":"bunny","transform":{"columns":[[0.99652475,-0.0011311637,-0.08328969,0],[0.0012247305,0.99999815,0.0010723145,0],[0.08328838,-0.0011705958,0.99652475,0],[-0.034224045,-0.6027027,-0.3153559,1]]}},"label":"Bunny didUpdate"},{"label":"ARImageAnchor didAdd","timestamp":1742640793.564924,"content":{"transform":{"columns":[[0.9782499,0.012120942,-0.2070747,0],[0.20671351,0.02588562,0.9780588,0],[0.017215244,-0.99959135,0.022817045,0],[-0.28584033,-0.6554282,0.039790973,0.99999994]]},"name":"Car","identifier":"FF85DBE1-76D3-E459-2D24-8EDCEE263300"}},{"content":{"transform":{"columns":[[0.9782499,0.012120942,-0.2070747,0],[0.20671351,0.02588562,0.9780588,0],[0.017215244,-0.99959135,0.022817045,0],[-0.28584033,-0.6554282,0.039790973,0.99999994]]},"name":"Car","identifier":"FF85DBE1-76D3-E459-2D24-8EDCEE263300"},"timestamp":1742640793.575873,"label":"ARImageAnchor didUpdate"},{"content":{"transform":{"columns":[[0.9655534,-0.0026655947,-0.26019064,0],[0.26011434,-0.016401224,0.96543837,0],[-0.0068409145,-0.99986184,-0.015142896,0],[-1.3892072,0.5995492,-0.24931246,1]]},"name":"Earth","identifier":"088EF783-5990-B052-BE99-B8AA15BA6C68"},"label":"ARImageAnchor didAdd","timestamp":1742640796.183269},{"timestamp":1742640796.1882238,"label":"ARImageAnchor didUpdate","content":{"name":"Earth","identifier":"088EF783-5990-B052-BE99-B8AA15BA6C68","transform":{"columns":[[0.9655534,-0.0026655947,-0.26019064,0],[0.26011434,-0.016401224,0.96543837,0],[-0.0068409145,-0.99986184,-0.015142896,0],[-1.3892072,0.5995492,-0.24931246,1]]}}},{"content":{"name":"Sailboat","identifier":"C35EAC54-3E90-1B97-807B-5E3B8F238DB7","transform":{"columns":[[0.9688303,0.0060624443,-0.24765062,0],[0.24768142,-0.004990015,0.96882856,0],[0.0046376823,-0.99996907,-0.006336027,0],[0.3986135,0.7828938,-0.7142612,1]]}},"label":"ARImageAnchor didAdd","timestamp":1742640798.2814279},{"timestamp":1742640798.287871,"content":{"identifier":"C35EAC54-3E90-1B97-807B-5E3B8F238DB7","transform":{"columns":[[0.9688303,0.0060624443,-0.24765062,0],[0.24768142,-0.004990015,0.96882856,0],[0.0046376823,-0.99996907,-0.006336027,0],[0.3986135,0.7828938,-0.7142612,1]]},"name":"Sailboat"},"label":"ARImageAnchor didUpdate"},{"content":{"name":"Sailboat","identifier":"C35EAC54-3E90-1B97-807B-5E3B8F238DB7","transform":{"columns":[[0.9791435,-0.0039242697,-0.20313115,0],[0.20316559,0.024767349,0.9788309,0],[0.0011898346,-0.9996854,0.025048073,0],[0.3848247,0.78174114,-0.703031,0.99999994]]}},"label":"ARImageAnchor didUpdate","timestamp":1742640798.816317},{"label":"ARImageAnchor didUpdate","timestamp":1742640798.8229442,"content":{"identifier":"C35EAC54-3E90-1B97-807B-5E3B8F238DB7","transform":{"columns":[[0.9791435,-0.0039242697,-0.20313115,0],[0.20316559,0.024767349,0.9788309,0],[0.0011898346,-0.9996854,0.025048073,0],[0.3848247,0.78174114,-0.703031,0.99999994]]},"name":"Sailboat"}},{"label":"ARImageAnchor didAdd","content":{"identifier":"6BAD7D5D-D14A-EF93-1C8B-F6BEC80B8329","transform":{"columns":[[-0.2182556,-0.02882382,-0.9754658,0],[0.9747529,-0.054707058,-0.2164796,0],[-0.04712511,-0.9980863,0.0400362,0],[0.37470514,-0.65728116,-0.1982587,1]]},"name":"Lenna"},"timestamp":1742640800.41451},{"timestamp":1742640800.424344,"label":"ARImageAnchor didUpdate","content":{"name":"Lenna","transform":{"columns":[[-0.2182556,-0.02882382,-0.9754658,0],[0.9747529,-0.054707058,-0.2164796,0],[-0.04712511,-0.9980863,0.0400362,0],[0.37470514,-0.65728116,-0.1982587,1]]},"identifier":"6BAD7D5D-D14A-EF93-1C8B-F6BEC80B8329"}},{"content":{"identifier":"A19C2489-597B-2BED-432C-244B551E75FD","transform":{"columns":[[0.24700376,-0.013271847,0.96892345,0],[-0.9676249,0.050148085,0.24735963,0],[-0.05187259,-0.9986534,-0.0004554129,0],[1.2202468,0.80955476,-0.3649539,0.9999999]]},"name":"Mandrill"},"timestamp":1742640803.066293,"label":"ARImageAnchor didAdd"},{"content":{"transform":{"columns":[[0.24700376,-0.013271847,0.96892345,0],[-0.9676249,0.050148085,0.24735963,0],[-0.05187259,-0.9986534,-0.0004554129,0],[1.2202468,0.80955476,-0.3649539,0.9999999]]},"name":"Mandrill","identifier":"A19C2489-597B-2BED-432C-244B551E75FD"},"timestamp":1742640803.072324,"label":"ARImageAnchor didUpdate"},{"content":{"identifier":"61BB3DDD-C96C-6E82-3432-BD712CCBCB28","transform":{"columns":[[0.24173248,-0.005304176,0.9703282,0],[-0.9703158,0.006128385,0.24176294,0],[-0.0072288923,-0.9999671,-0.0036652947,0],[1.4689955,0.19137576,0.341451,1]]},"name":"Peppers"},"label":"ARImageAnchor didAdd","timestamp":1742640805.1476789},{"timestamp":1742640805.165763,"label":"ARImageAnchor didUpdate","content":{"identifier":"61BB3DDD-C96C-6E82-3432-BD712CCBCB28","name":"Peppers","transform":{"columns":[[0.24173248,-0.005304176,0.9703282,0],[-0.9703158,0.006128385,0.24176294,0],[-0.0072288923,-0.9999671,-0.0036652947,0],[1.4689955,0.19137576,0.341451,1]]}}},{"timestamp":1742640807.240767,"label":"ARImageAnchor didUpdate","content":{"transform":{"columns":[[0.2555919,-0.012366896,0.96670556,0],[-0.96510786,0.055602256,0.25588077,0],[-0.056915466,-0.9983764,0.0022760844,0],[1.2243519,0.8075608,-0.351727,1]]},"name":"Mandrill","identifier":"A19C2489-597B-2BED-432C-244B551E75FD"}},{"timestamp":1742640807.258304,"content":{"transform":{"columns":[[0.2555919,-0.012366896,0.96670556,0],[-0.96510786,0.055602256,0.25588077,0],[-0.056915466,-0.9983764,0.0022760844,0],[1.2243519,0.8075608,-0.351727,1]]},"name":"Mandrill","identifier":"A19C2489-597B-2BED-432C-244B551E75FD"},"label":"ARImageAnchor didUpdate"},{"timestamp":1742640811.890851,"content":{"transform":{"columns":[[0.9965248,-0.0011311637,-0.08328894,0],[0.0012247293,0.99999803,0.001072315,0],[0.08328762,-0.001170596,0.9965249,0],[-0.034225617,-0.6027038,-0.3153562,1]]},"name":"bunny","identifier":"B08E24AE-6649-4FDC-AC88-299C0F4ABC29"},"label":"Bunny didUpdate"},{"label":"ARImageAnchor didUpdate","timestamp":1742640814.61524,"content":{"transform":{"columns":[[0.24628796,-0.0075526075,0.96916705,0],[-0.96918714,-0.0063247466,0.24624385,0],[0.0042699627,-0.9999513,-0.008877611,0],[1.5128107,0.19262956,0.34988815,0.99999994]]},"name":"Peppers","identifier":"61BB3DDD-C96C-6E82-3432-BD712CCBCB28"}},{"label":"ARImageAnchor didUpdate","content":{"transform":{"columns":[[0.24628796,-0.0075526075,0.96916705,0],[-0.96918714,-0.0063247466,0.24624385,0],[0.0042699627,-0.9999513,-0.008877611,0],[1.5128107,0.19262956,0.34988815,0.99999994]]},"identifier":"61BB3DDD-C96C-6E82-3432-BD712CCBCB28","name":"Peppers"},"timestamp":1742640814.621718},{"content":{"name":"Mandrill","identifier":"A19C2489-597B-2BED-432C-244B551E75FD","transform":{"columns":[[0.25253677,-0.01229108,0.96750915,0],[-0.9656553,0.0599532,0.25281447,0],[-0.061112646,-0.99812543,0.003271438,0],[1.2667735,0.81062996,-0.3477318,1]]}},"timestamp":1742640817.772748,"label":"ARImageAnchor didUpdate"},{"timestamp":1742640817.799092,"label":"ARImageAnchor didUpdate","content":{"identifier":"A19C2489-597B-2BED-432C-244B551E75FD","transform":{"columns":[[0.25253677,-0.01229108,0.96750915,0],[-0.9656553,0.0599532,0.25281447,0],[-0.061112646,-0.99812543,0.003271438,0],[1.2667735,0.81062996,-0.3477318,1]]},"name":"Mandrill"}},{"content":{"name":"Sailboat","transform":{"columns":[[0.9712753,-0.00042218185,-0.23795763,0],[0.23795722,0.004269346,0.9712661,0],[0.0006058701,-0.9999907,0.0042471644,0],[0.42062926,0.7838697,-0.7102293,1]]},"identifier":"C35EAC54-3E90-1B97-807B-5E3B8F238DB7"},"label":"ARImageAnchor didUpdate","timestamp":1742640820.414699},{"timestamp":1742640820.4216762,"content":{"name":"Sailboat","identifier":"C35EAC54-3E90-1B97-807B-5E3B8F238DB7","transform":{"columns":[[0.9712753,-0.00042218185,-0.23795763,0],[0.23795722,0.004269346,0.9712661,0],[0.0006058701,-0.9999907,0.0042471644,0],[0.42062926,0.7838697,-0.7102293,1]]}},"label":"ARImageAnchor didUpdate"},{"timestamp":1742640826.6867409,"label":"Bunny didUpdate","content":{"identifier":"B08E24AE-6649-4FDC-AC88-299C0F4ABC29","name":"bunny","transform":{"columns":[[0.99652475,-0.0011311636,-0.083289675,0],[0.00122473,0.99999785,0.0010723141,0],[0.083288364,-0.001170596,0.9965248,0],[-0.034224037,-0.60270256,-0.31535587,1]]}}}]