[{"label":"Application launched","timestamp":1742664983.464915},{"label":"Initialize ARViewModel","timestamp":1742664983.465028},{"timestamp":1742664983.4665751,"label":"Finished Initialize ARViewModel"},{"timestamp":1742664983.466597,"label":"Initialize RoomManager"},{"timestamp":1742664983.466601,"label":"Initialize BeaconManager"},{"timestamp":1742664983.466619,"label":"Fininshed Initialize BeaconManager"},{"timestamp":1742664983.466624,"label":"Fininshed Initialize RoomManager"},{"label":"ContentView Initialize","timestamp":1742664983.466628},{"timestamp":1742664983.467163,"label":"Initialize ARWorldMapManager"},{"label":"Fininshed Initialize ARWorldMapManager","timestamp":1742664983.4671721},{"timestamp":1742664983.8942518,"label":"Tracking Not Available"},{"timestamp":1742664983.928461,"label":"Tracking Limited","content":"Tracking is limited due to: initializing"},{"timestamp":1742664984.815501,"label":"Room Update","content":{"name":"Test Room","id":"3F39F93D-AB52-4382-80AA-E0ED5264C1F0"}},{"label":"Downloading WorldMap","content":{"id":"3F39F93D-AB52-4382-80AA-E0ED5264C1F0","name":"Test Room"},"timestamp":1742664984.815542},{"timestamp":1742664985.504891,"content":{"name":"Test Room","id":"3F39F93D-AB52-4382-80AA-E0ED5264C1F0"},"label":"Finished Downloading WorldMap"},{"content":"Tracking is limited due to: initializing","timestamp":1742664985.661447,"label":"Tracking Limited"},{"timestamp":1742664986.697081,"label":"Tracking Limited","content":"Tracking is limited due to: relocalizing"},{"content":{"name":"bunny","transform":{"columns":[[0.99652475,-0.0011311637,-0.08328969,0],[0.0012247307,0.99999833,0.0010723146,0],[0.08328837,-0.0011705958,0.9965247,0],[-0.034224045,-0.6027027,-0.3153559,1]]},"identifier":"B08E24AE-6649-4FDC-AC88-299C0F4ABC29"},"label":"Bunny didAdd","timestamp":1742665025.9542},{"timestamp":1742665026.45876,"label":"Bunny didUpdate","content":{"transform":{"columns":[[0.99652475,-0.0011311637,-0.08328969,0],[0.0012247305,0.99999815,0.0010723145,0],[0.08328838,-0.0011705958,0.99652475,0],[-0.034224045,-0.6027027,-0.3153559,1]]},"identifier":"B08E24AE-6649-4FDC-AC88-299C0F4ABC29","name":"bunny"}},{"timestamp":1742665026.458811,"content":{"extent":[3.2578797,6.354778,3.1329298],"center":[0.19823444,-3.4131691,0.30799568]},"label":"Tracking Available"},{"timestamp":1742665028.6541572,"label":"ARImageAnchor didAdd","content":{"identifier":"FF85DBE1-76D3-E459-2D24-8EDCEE263300","name":"Car","transform":{"columns":[[0.97296464,0.011189577,-0.23068194,0],[0.23071507,-0.0017457851,0.97301954,0],[0.010484971,-0.9999358,-0.0042801355,0],[-0.27631265,-0.659061,0.05030024,0.99999994]]}}},{"timestamp":1742665028.664927,"label":"ARImageAnchor didUpdate","content":{"identifier":"FF85DBE1-76D3-E459-2D24-8EDCEE263300","transform":{"columns":[[0.97296464,0.011189577,-0.23068194,0],[0.23071507,-0.0017457851,0.97301954,0],[0.010484971,-0.9999358,-0.0042801355,0],[-0.27631265,-0.659061,0.05030024,0.99999994]]},"name":"Car"}},{"content":{"name":"Earth","identifier":"088EF783-5990-B052-BE99-B8AA15BA6C68","transform":{"columns":[[0.9631402,-0.0051941453,-0.26894882,0],[0.26843736,-0.046018053,0.9621971,0],[-0.017374288,-0.99892706,-0.042927526,0],[-1.3801702,0.6028559,-0.19431482,0.99999994]]}},"timestamp":1742665031.320551,"label":"ARImageAnchor didAdd"},{"content":{"transform":{"columns":[[0.9631402,-0.0051941453,-0.26894882,0],[0.26843736,-0.046018053,0.9621971,0],[-0.017374288,-0.99892706,-0.042927526,0],[-1.3801702,0.6028559,-0.19431482,0.99999994]]},"identifier":"088EF783-5990-B052-BE99-B8AA15BA6C68","name":"Earth"},"timestamp":1742665031.3281322,"label":"ARImageAnchor didUpdate"},{"timestamp":1742665034.933691,"label":"Bunny didUpdate","content":{"identifier":"B08E24AE-6649-4FDC-AC88-299C0F4ABC29","name":"bunny","transform":{"columns":[[0.99652475,-0.0011311637,-0.08328969,0],[0.0012247302,0.999998,0.0010723142,0],[0.08328838,-0.0011705959,0.9965248,0],[-0.034224045,-0.6027027,-0.3153559,1]]}}},{"label":"Bunny didUpdate","timestamp":1742665035.333041,"content":{"identifier":"B08E24AE-6649-4FDC-AC88-299C0F4ABC29","name":"bunny","transform":{"columns":[[0.99652475,-0.0011311637,-0.08328969,0],[0.00122473,0.9999978,0.001072314,0],[0.08328838,-0.0011705959,0.9965248,0],[-0.034224045,-0.6027027,-0.3153559,1]]}}},{"label":"Bunny didUpdate","content":{"identifier":"B08E24AE-6649-4FDC-AC88-299C0F4ABC29","transform":{"columns":[[0.99652475,-0.0011311637,-0.08328969,0],[0.0012247298,0.9999976,0.0010723138,0],[0.08328838,-0.0011705959,0.9965248,0],[-0.034224045,-0.6027027,-0.3153559,1]]},"name":"bunny"},"timestamp":1742665035.633484},{"timestamp":1742665036.6540608,"label":"ARImageAnchor didAdd","content":{"transform":{"columns":[[-0.22935909,-0.034157827,-0.97274226,0],[0.97327745,-0.01952737,-0.22879957,0],[-0.01117971,-0.9992257,0.037723806,0],[0.38894254,-0.6612852,-0.19893464,1]]},"name":"Lenna","identifier":"6BAD7D5D-D14A-EF93-1C8B-F6BEC80B8329"}},{"timestamp":1742665036.6641831,"label":"ARImageAnchor didUpdate","content":{"identifier":"6BAD7D5D-D14A-EF93-1C8B-F6BEC80B8329","name":"Lenna","transform":{"columns":[[-0.22935909,-0.034157827,-0.97274226,0],[0.97327745,-0.01952737,-0.22879957,0],[-0.01117971,-0.9992257,0.037723806,0],[0.38894254,-0.6612852,-0.19893464,1]]}}},{"content":{"name":"bunny","identifier":"B08E24AE-6649-4FDC-AC88-299C0F4ABC29","transform":{"columns":[[0.99652475,-0.0011311637,-0.08328969,0],[0.0012247296,0.99999744,0.0010723136,0],[0.08328838,-0.0011705959,0.9965248,0],[-0.034224045,-0.6027027,-0.3153559,1]]}},"timestamp":1742665036.831639,"label":"Bunny didUpdate"},{"label":"Bunny didUpdate","timestamp":1742665039.632396,"content":{"name":"bunny","transform":{"columns":[[0.99652475,-0.0011311637,-0.08328969,0],[0.0012247293,0.99999726,0.0010723134,0],[0.08328838,-0.0011705959,0.9965248,0],[-0.034224045,-0.6027027,-0.3153559,1]]},"identifier":"B08E24AE-6649-4FDC-AC88-299C0F4ABC29"}},{"label":"ARImageAnchor didAdd","content":{"transform":{"columns":[[0.9695979,-0.00067710254,-0.24470232,0],[0.24468306,0.015533592,0.9694785,0],[0.0031446675,-0.99987906,0.015227013,0],[0.40182135,0.77465266,-0.6990491,0.99999994]]},"name":"Sailboat","identifier":"C35EAC54-3E90-1B97-807B-5E3B8F238DB7"},"timestamp":1742665039.853575},{"label":"ARImageAnchor didUpdate","content":{"transform":{"columns":[[0.9695979,-0.00067710254,-0.24470232,0],[0.24468306,0.015533592,0.9694785,0],[0.0031446675,-0.99987906,0.015227013,0],[0.40182135,0.77465266,-0.6990491,0.99999994]]},"name":"Sailboat","identifier":"C35EAC54-3E90-1B97-807B-5E3B8F238DB7"},"timestamp":1742665039.859583},{"label":"ARImageAnchor didAdd","timestamp":1742665041.453619,"content":{"identifier":"A19C2489-597B-2BED-432C-244B551E75FD","name":"Mandrill","transform":{"columns":[[0.25234142,-0.020100888,0.9674294,0],[-0.96681035,0.036109373,0.2529302,0],[-0.04001739,-0.9991456,-0.010321837,0],[1.2478417,0.79620844,-0.3341572,1]]}}},{"label":"ARImageAnchor didUpdate","content":{"identifier":"A19C2489-597B-2BED-432C-244B551E75FD","transform":{"columns":[[0.25234142,-0.020100888,0.9674294,0],[-0.96681035,0.036109373,0.2529302,0],[-0.04001739,-0.9991456,-0.010321837,0],[1.2478417,0.79620844,-0.3341572,1]]},"name":"Mandrill"},"timestamp":1742665041.460403},{"label":"ARImageAnchor didUpdate","content":{"name":"Mandrill","identifier":"A19C2489-597B-2BED-432C-244B551E75FD","transform":{"columns":[[0.25265244,-0.018156294,0.96738654,0],[-0.96684396,0.033638593,0.25314206,0],[-0.037137643,-0.9992691,-0.009055429,0],[1.2380698,0.79677606,-0.3368187,1]]}},"timestamp":1742665041.961896},{"timestamp":1742665041.995234,"label":"ARImageAnchor didUpdate","content":{"transform":{"columns":[[0.25265244,-0.018156294,0.96738654,0],[-0.96684396,0.033638593,0.25314206,0],[-0.037137643,-0.9992691,-0.009055429,0],[1.2380698,0.79677606,-0.3368187,1]]},"identifier":"A19C2489-597B-2BED-432C-244B551E75FD","name":"Mandrill"}},{"label":"ARImageAnchor didAdd","timestamp":1742665043.620259,"content":{"name":"Peppers","identifier":"61BB3DDD-C96C-6E82-3432-BD712CCBCB28","transform":{"columns":[[0.2494673,-0.0070938957,0.968357,0],[-0.96831346,-0.013814107,0.24935488,0],[0.0116081005,-0.9998793,-0.010315284,0],[1.4942033,0.17623848,0.35506368,1]]}}},{"timestamp":1742665043.631274,"label":"ARImageAnchor didUpdate","content":{"transform":{"columns":[[0.2494673,-0.0070938957,0.968357,0],[-0.96831346,-0.013814107,0.24935488,0],[0.0116081005,-0.9998793,-0.010315284,0],[1.4942033,0.17623848,0.35506368,1]]},"name":"Peppers","identifier":"61BB3DDD-C96C-6E82-3432-BD712CCBCB28"}}]