[{"timestamp":1742645989.888435,"label":"Application launched"},{"timestamp":1742645989.8887281,"label":"Initialize ARViewModel"},{"label":"Finished Initialize ARViewModel","timestamp":1742645989.89157},{"timestamp":1742645989.891625,"label":"Initialize RoomManager"},{"timestamp":1742645989.8916311,"label":"Initialize BeaconManager"},{"label":"Fininshed Initialize BeaconManager","timestamp":1742645989.891674},{"label":"Fininshed Initialize RoomManager","timestamp":1742645989.891697},{"timestamp":1742645989.8917031,"label":"ContentView Initialize"},{"timestamp":1742645989.901401,"label":"Initialize ARWorldMapManager"},{"label":"Fininshed Initialize ARWorldMapManager","timestamp":1742645989.901449},{"content":"Tracking is limited due to: initializing","timestamp":1742645989.916637,"label":"Tracking Limited"},{"timestamp":1742645989.939093,"label":"Tracking Not Available"},{"timestamp":1742645989.9554749,"label":"Tracking Limited","content":"Tracking is limited due to: initializing"},{"timestamp":1742645991.5190969,"label":"Room Update","content":{"name":"Test Room","id":"3F39F93D-AB52-4382-80AA-E0ED5264C1F0"}},{"label":"Downloading WorldMap","content":{"id":"3F39F93D-AB52-4382-80AA-E0ED5264C1F0","name":"Test Room"},"timestamp":1742645991.51917},{"content":{"name":"Test Room","id":"3F39F93D-AB52-4382-80AA-E0ED5264C1F0"},"timestamp":1742645992.0875468,"label":"Finished Downloading WorldMap"},{"content":"Tracking is limited due to: initializing","timestamp":1742645992.257901,"label":"Tracking Limited"},{"label":"Tracking Limited","timestamp":1742645993.507138,"content":"Tracking is limited due to: relocalizing"},{"timestamp":1742645994.8455029,"content":{"transform":{"columns":[[0.99652475,-0.0011311637,-0.08328969,0],[0.0012247307,0.99999833,0.0010723146,0],[0.08328837,-0.0011705958,0.9965247,0],[-0.034224045,-0.6027027,-0.3153559,1]]},"name":"bunny","identifier":"B08E24AE-6649-4FDC-AC88-299C0F4ABC29"},"label":"Bunny didAdd"},{"timestamp":1742645994.919142,"label":"Tracking Available","content":{"extent":[2.897366,6.354778,2.8408394],"center":[0.017977595,-3.4131691,0.45404088]}},{"content":{"name":"bunny","identifier":"B08E24AE-6649-4FDC-AC88-299C0F4ABC29","transform":{"columns":[[0.99652475,-0.0011311637,-0.08328969,0],[0.0012247305,0.99999815,0.0010723145,0],[0.08328838,-0.0011705958,0.99652475,0],[-0.034224045,-0.6027027,-0.3153559,1]]}},"timestamp":1742645994.919211,"label":"Bunny didUpdate"},{"content":{"transform":{"columns":[[0.97228634,0.014131046,-0.23336549,0],[0.23341168,-0.0016935206,0.9723764,0],[0.013345488,-0.99989873,-0.004944967,0],[-0.2706732,-0.67460614,0.049561217,1]]},"identifier":"FF85DBE1-76D3-E459-2D24-8EDCEE263300","name":"Car"},"timestamp":1742645996.4664059,"label":"ARImageAnchor didAdd"},{"timestamp":1742645996.4783192,"label":"ARImageAnchor didUpdate","content":{"name":"Car","identifier":"FF85DBE1-76D3-E459-2D24-8EDCEE263300","transform":{"columns":[[0.97228634,0.014131046,-0.23336549,0],[0.23341168,-0.0016935206,0.9723764,0],[0.013345488,-0.99989873,-0.004944967,0],[-0.2706732,-0.67460614,0.049561217,1]]}}},{"content":{"transform":{"columns":[[0.97387576,0.017769748,-0.22638468,0],[0.22639665,0.0013616339,0.974034,0],[0.017616626,-0.9998411,-0.0026969158,0],[-0.27148944,-0.66213596,0.045191318,0.99999994]]},"identifier":"FF85DBE1-76D3-E459-2D24-8EDCEE263300","name":"Car"},"label":"ARImageAnchor didUpdate","timestamp":1742645996.993715},{"label":"ARImageAnchor didUpdate","timestamp":1742645997.0109901,"content":{"name":"Car","identifier":"FF85DBE1-76D3-E459-2D24-8EDCEE263300","transform":{"columns":[[0.97387576,0.017769748,-0.22638468,0],[0.22639665,0.0013616339,0.974034,0],[0.017616626,-0.9998411,-0.0026969158,0],[-0.27148944,-0.66213596,0.045191318,0.99999994]]}}},{"timestamp":1742645997.535438,"content":{"name":"Car","identifier":"FF85DBE1-76D3-E459-2D24-8EDCEE263300","transform":{"columns":[[0.97351927,0.02080032,-0.22765608,0],[0.22740169,0.013901062,0.9737016,0],[0.023417965,-0.9996869,0.008802972,0],[-0.2745301,-0.6553916,0.034673125,1]]}},"label":"ARImageAnchor didUpdate"},{"label":"ARImageAnchor didUpdate","timestamp":1742645997.5407581,"content":{"transform":{"columns":[[0.97351927,0.02080032,-0.22765608,0],[0.22740169,0.013901062,0.9737016,0],[0.023417965,-0.9996869,0.008802972,0],[-0.2745301,-0.6553916,0.034673125,1]]},"name":"Car","identifier":"FF85DBE1-76D3-E459-2D24-8EDCEE263300"}},{"label":"ARImageAnchor didAdd","timestamp":1742646000.169358,"content":{"identifier":"088EF783-5990-B052-BE99-B8AA15BA6C68","name":"Earth","transform":{"columns":[[0.96309566,0.00083533954,-0.26915783,0],[0.26908517,-0.026433498,0.9627535,0],[-0.006310559,-0.9996502,-0.02568277,0],[-1.3797584,0.5940112,-0.20293735,1]]}}},{"content":{"name":"Earth","identifier":"088EF783-5990-B052-BE99-B8AA15BA6C68","transform":{"columns":[[0.96309566,0.00083533954,-0.26915783,0],[0.26908517,-0.026433498,0.9627535,0],[-0.006310559,-0.9996502,-0.02568277,0],[-1.3797584,0.5940112,-0.20293735,1]]}},"label":"ARImageAnchor didUpdate","timestamp":1742646000.1743069},{"label":"ARImageAnchor didUpdate","timestamp":1742646000.701676,"content":{"name":"Earth","transform":{"columns":[[0.96233016,0.0024777655,-0.27187172,0],[0.27187765,-0.015071751,0.96221364,0],[-0.0017134437,-0.99988323,-0.015177647,0],[-1.3875883,0.5970331,-0.21120182,1]]},"identifier":"088EF783-5990-B052-BE99-B8AA15BA6C68"}},{"timestamp":1742646000.706655,"content":{"identifier":"088EF783-5990-B052-BE99-B8AA15BA6C68","transform":{"columns":[[0.96233016,0.0024777655,-0.27187172,0],[0.27187765,-0.015071751,0.96221364,0],[-0.0017134437,-0.99988323,-0.015177647,0],[-1.3875883,0.5970331,-0.21120182,1]]},"name":"Earth"},"label":"ARImageAnchor didUpdate"},{"label":"ARImageAnchor didAdd","timestamp":1742646003.832833,"content":{"identifier":"6BAD7D5D-D14A-EF93-1C8B-F6BEC80B8329","transform":{"columns":[[-0.24794123,-0.03190072,-0.9682495,0],[0.96876335,-0.01303858,-0.24764322,0],[-0.004724606,-0.99940586,0.034137044,0],[0.4012067,-0.66278917,-0.20725042,1]]},"name":"Lenna"}},{"content":{"name":"Lenna","identifier":"6BAD7D5D-D14A-EF93-1C8B-F6BEC80B8329","transform":{"columns":[[-0.24794123,-0.03190072,-0.9682495,0],[0.96876335,-0.01303858,-0.24764322,0],[-0.004724606,-0.99940586,0.034137044,0],[0.4012067,-0.66278917,-0.20725042,1]]}},"timestamp":1742646003.843224,"label":"ARImageAnchor didUpdate"},{"label":"ARImageAnchor didUpdate","timestamp":1742646004.368372,"content":{"name":"Lenna","transform":{"columns":[[-0.23475856,-0.03150137,-0.971543,0],[0.9714673,-0.0423083,-0.23336847,0],[-0.033752903,-0.9986077,0.040534798,0],[0.40312296,-0.65561134,-0.20469783,1]]},"identifier":"6BAD7D5D-D14A-EF93-1C8B-F6BEC80B8329"}},{"timestamp":1742646004.3730721,"label":"ARImageAnchor didUpdate","content":{"name":"Lenna","transform":{"columns":[[-0.23475856,-0.03150137,-0.971543,0],[0.9714673,-0.0423083,-0.23336847,0],[-0.033752903,-0.9986077,0.040534798,0],[0.40312296,-0.65561134,-0.20469783,1]]},"identifier":"6BAD7D5D-D14A-EF93-1C8B-F6BEC80B8329"}},{"content":{"transform":{"columns":[[0.9594133,0.007075515,-0.2819143,0],[0.2819423,-0.0033109346,0.95942545,0],[0.005855033,-0.9999694,-0.0051714503,0],[0.40048033,0.775958,-0.7134528,0.99999994]]},"name":"Sailboat","identifier":"C35EAC54-3E90-1B97-807B-5E3B8F238DB7"},"label":"ARImageAnchor didAdd","timestamp":1742646006.519413},{"timestamp":1742646006.524632,"label":"ARImageAnchor didUpdate","content":{"identifier":"C35EAC54-3E90-1B97-807B-5E3B8F238DB7","name":"Sailboat","transform":{"columns":[[0.9594133,0.007075515,-0.2819143,0],[0.2819423,-0.0033109346,0.95942545,0],[0.005855033,-0.9999694,-0.0051714503,0],[0.40048033,0.775958,-0.7134528,0.99999994]]}}},{"label":"ARImageAnchor didAdd","content":{"identifier":"A19C2489-597B-2BED-432C-244B551E75FD","name":"Mandrill","transform":{"columns":[[0.26786616,-0.009647871,0.9634077,0],[-0.96193457,0.053496778,0.2679923,0],[-0.054124784,-0.9985213,0.0050493465,0],[1.2522087,0.8081794,-0.3568706,1]]}},"timestamp":1742646008.0994449},{"content":{"transform":{"columns":[[0.26786616,-0.009647871,0.9634077,0],[-0.96193457,0.053496778,0.2679923,0],[-0.054124784,-0.9985213,0.0050493465,0],[1.2522087,0.8081794,-0.3568706,1]]},"name":"Mandrill","identifier":"A19C2489-597B-2BED-432C-244B551E75FD"},"timestamp":1742646008.106477,"label":"ARImageAnchor didUpdate"},{"content":{"transform":{"columns":[[0.24234897,-0.002396382,0.97018605,0],[-0.9701823,0.0031209,0.24235572,0],[-0.00360863,-0.99999213,-0.0015685812,0],[1.5175838,0.191668,0.3329643,1]]},"identifier":"61BB3DDD-C96C-6E82-3432-BD712CCBCB28","name":"Peppers"},"timestamp":1742646010.216011,"label":"ARImageAnchor didAdd"},{"label":"ARImageAnchor didUpdate","content":{"transform":{"columns":[[0.24234897,-0.002396382,0.97018605,0],[-0.9701823,0.0031209,0.24235572,0],[-0.00360863,-0.99999213,-0.0015685812,0],[1.5175838,0.191668,0.3329643,1]]},"name":"Peppers","identifier":"61BB3DDD-C96C-6E82-3432-BD712CCBCB28"},"timestamp":1742646010.225861},{"label":"ARImageAnchor didUpdate","content":{"identifier":"61BB3DDD-C96C-6E82-3432-BD712CCBCB28","transform":{"columns":[[0.2713572,-0.007847128,0.9624466,0],[-0.96246445,-0.007627983,0.27130002,0],[0.0052125957,-0.99994004,-0.009622496,0],[1.5052751,0.18440235,0.32075563,1.0000001]]},"name":"Peppers"},"timestamp":1742646017.622781},{"timestamp":1742646017.641358,"label":"ARImageAnchor didUpdate","content":{"identifier":"61BB3DDD-C96C-6E82-3432-BD712CCBCB28","transform":{"columns":[[0.2713572,-0.007847128,0.9624466,0],[-0.96246445,-0.007627983,0.27130002,0],[0.0052125957,-0.99994004,-0.009622496,0],[1.5052751,0.18440235,0.32075563,1.0000001]]},"name":"Peppers"}}]