[{"timestamp":1742642154.931069,"label":"Application launched"},{"label":"Initialize ARViewModel","timestamp":1742642154.9311662},{"label":"Finished Initialize ARViewModel","timestamp":1742642154.9325519},{"timestamp":1742642154.932615,"label":"Initialize RoomManager"},{"timestamp":1742642154.9326282,"label":"Initialize BeaconManager"},{"timestamp":1742642154.932661,"label":"Fininshed Initialize BeaconManager"},{"timestamp":1742642154.9326758,"label":"Fininshed Initialize RoomManager"},{"timestamp":1742642154.932689,"label":"ContentView Initialize"},{"timestamp":1742642154.933317,"label":"Initialize ARWorldMapManager"},{"label":"Fininshed Initialize ARWorldMapManager","timestamp":1742642154.9333339},{"label":"Tracking Limited","content":"Tracking is limited due to: initializing","timestamp":1742642155.298527},{"label":"Room Update","content":{"name":"Test Room","id":"3F39F93D-AB52-4382-80AA-E0ED5264C1F0"},"timestamp":1742642156.300071},{"timestamp":1742642156.300109,"content":{"id":"3F39F93D-AB52-4382-80AA-E0ED5264C1F0","name":"Test Room"},"label":"Downloading WorldMap"},{"content":{"id":"3F39F93D-AB52-4382-80AA-E0ED5264C1F0","name":"Test Room"},"timestamp":1742642156.699877,"label":"Finished Downloading WorldMap"},{"label":"Tracking Limited","content":"Tracking is limited due to: initializing","timestamp":1742642156.8667269},{"content":"Tracking is limited due to: relocalizing","timestamp":1742642157.9493241,"label":"Tracking Limited"},{"label":"Bunny didAdd","timestamp":1742642159.47843,"content":{"name":"bunny","identifier":"B08E24AE-6649-4FDC-AC88-299C0F4ABC29","transform":{"columns":[[0.99652475,-0.0011311637,-0.08328969,0],[0.0012247307,0.99999833,0.0010723146,0],[0.08328837,-0.0011705958,0.9965247,0],[-0.034224045,-0.6027027,-0.3153559,1]]}}},{"label":"Tracking Available","content":{"center":[0.017977595,-3.4131691,0.45404088],"extent":[2.897366,6.354778,2.8408394]},"timestamp":1742642159.527159},{"timestamp":1742642159.527223,"content":{"identifier":"B08E24AE-6649-4FDC-AC88-299C0F4ABC29","name":"bunny","transform":{"columns":[[0.99652475,-0.0011311637,-0.08328969,0],[0.0012247305,0.99999815,0.0010723145,0],[0.08328838,-0.0011705958,0.99652475,0],[-0.034224045,-0.6027027,-0.3153559,1]]}},"label":"Bunny didUpdate"},{"label":"ARImageAnchor didAdd","content":{"name":"Car","transform":{"columns":[[0.97383964,0.0099752415,-0.22701651,0],[0.22702715,6.816076e-05,0.9738883,0],[0.009730216,-0.99995005,-0.0021982796,0],[-0.27669293,-0.650333,0.048635885,1]]},"identifier":"FF85DBE1-76D3-E459-2D24-8EDCEE263300"},"timestamp":1742642161.779683},{"content":{"identifier":"FF85DBE1-76D3-E459-2D24-8EDCEE263300","name":"Car","transform":{"columns":[[0.97383964,0.0099752415,-0.22701651,0],[0.22702715,6.816076e-05,0.9738883,0],[0.009730216,-0.99995005,-0.0021982796,0],[-0.27669293,-0.650333,0.048635885,1]]}},"label":"ARImageAnchor didUpdate","timestamp":1742642161.783793},{"timestamp":1742642163.908411,"label":"ARImageAnchor didAdd","content":{"name":"Earth","identifier":"088EF783-5990-B052-BE99-B8AA15BA6C68","transform":{"columns":[[0.9667635,-0.0054392098,-0.25561422,0],[0.25547728,-0.018469898,0.9666385,0],[-0.009978915,-0.9998146,-0.016466426,0],[-1.4011678,0.5944657,-0.24927098,1]]}}},{"content":{"name":"Earth","transform":{"columns":[[0.9667635,-0.0054392098,-0.25561422,0],[0.25547728,-0.018469898,0.9666385,0],[-0.009978915,-0.9998146,-0.016466426,0],[-1.4011678,0.5944657,-0.24927098,1]]},"identifier":"088EF783-5990-B052-BE99-B8AA15BA6C68"},"timestamp":1742642163.926134,"label":"ARImageAnchor didUpdate"},{"label":"ARImageAnchor didUpdate","timestamp":1742642164.443155,"content":{"transform":{"columns":[[0.9664707,-0.003243288,-0.25675595,0],[0.25662807,-0.021788778,0.9662644,0],[-0.00872827,-0.99975723,-0.020225897,0],[-1.401208,0.60167664,-0.24031495,1]]},"name":"Earth","identifier":"088EF783-5990-B052-BE99-B8AA15BA6C68"}},{"label":"ARImageAnchor didUpdate","content":{"name":"Earth","identifier":"088EF783-5990-B052-BE99-B8AA15BA6C68","transform":{"columns":[[0.9664707,-0.003243288,-0.25675595,0],[0.25662807,-0.021788778,0.9662644,0],[-0.00872827,-0.99975723,-0.020225897,0],[-1.401208,0.60167664,-0.24031495,1]]}},"timestamp":1742642164.448885},{"timestamp":1742642167.0595841,"content":{"identifier":"C35EAC54-3E90-1B97-807B-5E3B8F238DB7","name":"Sailboat","transform":{"columns":[[0.96094286,0.009407534,-0.27658617,0],[0.276523,0.0074872375,0.9609779,0],[0.0111112995,-0.9999276,0.004593404,0],[0.3971931,0.78815943,-0.7231814,1]]}},"label":"ARImageAnchor didAdd"},{"timestamp":1742642167.0932178,"label":"ARImageAnchor didUpdate","content":{"identifier":"C35EAC54-3E90-1B97-807B-5E3B8F238DB7","transform":{"columns":[[0.96094286,0.009407534,-0.27658617,0],[0.276523,0.0074872375,0.9609779,0],[0.0111112995,-0.9999276,0.004593404,0],[0.3971931,0.78815943,-0.7231814,1]]},"name":"Sailboat"}},{"timestamp":1742642169.1747708,"label":"ARImageAnchor didAdd","content":{"identifier":"6BAD7D5D-D14A-EF93-1C8B-F6BEC80B8329","transform":{"columns":[[-0.23914081,-0.031909958,-0.9704602,0],[0.9708166,-0.026459236,-0.23835857,0],[-0.01807163,-0.99914044,0.03730621,0],[0.37973192,-0.650817,-0.21841371,1]]},"name":"Lenna"}},{"timestamp":1742642169.184205,"content":{"transform":{"columns":[[-0.23914081,-0.031909958,-0.9704602,0],[0.9708166,-0.026459236,-0.23835857,0],[-0.01807163,-0.99914044,0.03730621,0],[0.37973192,-0.650817,-0.21841371,1]]},"name":"Lenna","identifier":"6BAD7D5D-D14A-EF93-1C8B-F6BEC80B8329"},"label":"ARImageAnchor didUpdate"},{"label":"ARImageAnchor didAdd","content":{"name":"Mandrill","identifier":"A19C2489-597B-2BED-432C-244B551E75FD","transform":{"columns":[[0.26860383,-0.012599303,0.9631682,0],[-0.9627198,0.029679228,0.26886702,0],[-0.031973623,-0.99948007,-0.0041576396,0],[1.2111495,0.80068636,-0.38531142,1]]}},"timestamp":1742642171.307944},{"content":{"name":"Mandrill","identifier":"A19C2489-597B-2BED-432C-244B551E75FD","transform":{"columns":[[0.26860383,-0.012599303,0.9631682,0],[-0.9627198,0.029679228,0.26886702,0],[-0.031973623,-0.99948007,-0.0041576396,0],[1.2111495,0.80068636,-0.38531142,1]]}},"timestamp":1742642171.3175058,"label":"ARImageAnchor didUpdate"},{"label":"ARImageAnchor didUpdate","content":{"name":"Mandrill","identifier":"A19C2489-597B-2BED-432C-244B551E75FD","transform":{"columns":[[0.27641526,-0.012088423,0.9609622,0],[-0.9596562,0.050134983,0.27667022,0],[-0.05152233,-0.99866927,0.0022573431,0],[1.2240964,0.7937435,-0.3770545,1]]}},"timestamp":1742642171.8337169},{"label":"ARImageAnchor didUpdate","timestamp":1742642171.85983,"content":{"name":"Mandrill","identifier":"A19C2489-597B-2BED-432C-244B551E75FD","transform":{"columns":[[0.27641526,-0.012088423,0.9609622,0],[-0.9596562,0.050134983,0.27667022,0],[-0.05152233,-0.99866927,0.0022573431,0],[1.2240964,0.7937435,-0.3770545,1]]}}},{"label":"ARImageAnchor didAdd","timestamp":1742642173.4417639,"content":{"name":"Peppers","identifier":"61BB3DDD-C96C-6E82-3432-BD712CCBCB28","transform":{"columns":[[0.26258472,-0.0044134767,0.96489877,0],[-0.96488017,0.0065028444,0.26260936,0],[-0.007433623,-0.99996907,-0.0025509207,0],[1.4971561,0.17894617,0.30497456,1]]}}},{"label":"ARImageAnchor didUpdate","content":{"identifier":"61BB3DDD-C96C-6E82-3432-BD712CCBCB28","name":"Peppers","transform":{"columns":[[0.26258472,-0.0044134767,0.96489877,0],[-0.96488017,0.0065028444,0.26260936,0],[-0.007433623,-0.99996907,-0.0025509207,0],[1.4971561,0.17894617,0.30497456,1]]}},"timestamp":1742642173.449059}]