[{"timestamp":1742643510.846836,"label":"Application launched"},{"timestamp":1742643510.8469229,"label":"Initialize ARViewModel"},{"label":"Finished Initialize ARViewModel","timestamp":1742643510.848434},{"timestamp":1742643510.8484511,"label":"Initialize RoomManager"},{"label":"Initialize BeaconManager","timestamp":1742643510.848455},{"label":"Fininshed Initialize BeaconManager","timestamp":1742643510.8484712},{"timestamp":1742643510.848476,"label":"Fininshed Initialize RoomManager"},{"timestamp":1742643510.84848,"label":"ContentView Initialize"},{"timestamp":1742643510.8503299,"label":"Initialize ARWorldMapManager"},{"label":"Fininshed Initialize ARWorldMapManager","timestamp":1742643510.8504128},{"content":"Tracking is limited due to: initializing","label":"Tracking Limited","timestamp":1742643510.856338},{"label":"Tracking Not Available","timestamp":1742643510.893404},{"label":"Tracking Limited","content":"Tracking is limited due to: initializing","timestamp":1742643510.9083471},{"timestamp":1742643512.289438,"label":"Room Update","content":{"id":"3F39F93D-AB52-4382-80AA-E0ED5264C1F0","name":"Test Room"}},{"content":{"id":"3F39F93D-AB52-4382-80AA-E0ED5264C1F0","name":"Test Room"},"label":"Downloading WorldMap","timestamp":1742643512.289482},{"label":"Finished Downloading WorldMap","content":{"id":"3F39F93D-AB52-4382-80AA-E0ED5264C1F0","name":"Test Room"},"timestamp":1742643513.047791},{"content":"Tracking is limited due to: initializing","label":"Tracking Limited","timestamp":1742643513.2102451},{"content":"Tracking is limited due to: relocalizing","timestamp":1742643514.3950238,"label":"Tracking Limited"},{"label":"Bunny didAdd","content":{"identifier":"B08E24AE-6649-4FDC-AC88-299C0F4ABC29","name":"bunny","transform":{"columns":[[0.99652475,-0.0011311637,-0.08328969,0],[0.0012247307,0.99999833,0.0010723146,0],[0.08328837,-0.0011705958,0.9965247,0],[-0.034224045,-0.6027027,-0.3153559,1]]}},"timestamp":1742643516.1292071},{"timestamp":1742643516.161676,"label":"Bunny didUpdate","content":{"transform":{"columns":[[0.99652475,-0.0011311637,-0.08328969,0],[0.0012247305,0.99999815,0.0010723145,0],[0.08328838,-0.0011705958,0.99652475,0],[-0.034224045,-0.6027027,-0.3153559,1]]},"name":"bunny","identifier":"B08E24AE-6649-4FDC-AC88-299C0F4ABC29"}},{"label":"Tracking Available","content":{"center":[0.017977595,-3.4131691,0.45404088],"extent":[2.897366,6.354778,2.8408394]},"timestamp":1742643516.161741},{"label":"ARImageAnchor didAdd","timestamp":1742643517.821374,"content":{"name":"Car","transform":{"columns":[[0.9721798,0.009383805,-0.2340474,0],[0.23388484,0.015756613,0.9721364,0],[0.012810144,-0.99983174,0.013123539,0],[-0.2731288,-0.656137,0.049698144,1]]},"identifier":"FF85DBE1-76D3-E459-2D24-8EDCEE263300"}},{"label":"ARImageAnchor didUpdate","content":{"name":"Car","identifier":"FF85DBE1-76D3-E459-2D24-8EDCEE263300","transform":{"columns":[[0.9721798,0.009383805,-0.2340474,0],[0.23388484,0.015756613,0.9721364,0],[0.012810144,-0.99983174,0.013123539,0],[-0.2731288,-0.656137,0.049698144,1]]}},"timestamp":1742643517.833374},{"timestamp":1742643520.954534,"label":"ARImageAnchor didAdd","content":{"transform":{"columns":[[0.95847565,-0.0034613868,-0.28515267,0],[0.28511927,-0.007895978,0.9584593,0],[-0.005569158,-0.9999628,-0.006581195,0],[-1.3802893,0.60278535,-0.21773429,0.99999994]]},"name":"Earth","identifier":"088EF783-5990-B052-BE99-B8AA15BA6C68"}},{"content":{"name":"Earth","identifier":"088EF783-5990-B052-BE99-B8AA15BA6C68","transform":{"columns":[[0.95847565,-0.0034613868,-0.28515267,0],[0.28511927,-0.007895978,0.9584593,0],[-0.005569158,-0.9999628,-0.006581195,0],[-1.3802893,0.60278535,-0.21773429,0.99999994]]}},"timestamp":1742643520.9627728,"label":"ARImageAnchor didUpdate"},{"content":{"name":"Earth","identifier":"088EF783-5990-B052-BE99-B8AA15BA6C68","transform":{"columns":[[0.9602001,-0.00088732765,-0.27931136,0],[0.279308,0.008916776,0.9601601,0],[0.0016385794,-0.9999598,0.008809726,0],[-1.3881952,0.60602736,-0.21487269,1.0000001]]}},"label":"ARImageAnchor didUpdate","timestamp":1742643521.505615},{"label":"ARImageAnchor didUpdate","timestamp":1742643521.5118,"content":{"identifier":"088EF783-5990-B052-BE99-B8AA15BA6C68","transform":{"columns":[[0.9602001,-0.00088732765,-0.27931136,0],[0.279308,0.008916776,0.9601601,0],[0.0016385794,-0.9999598,0.008809726,0],[-1.3881952,0.60602736,-0.21487269,1.0000001]]},"name":"Earth"}},{"content":{"name":"Lenna","identifier":"6BAD7D5D-D14A-EF93-1C8B-F6BEC80B8329","transform":{"columns":[[-0.22800468,-0.034438264,-0.9730507,0],[0.9735826,0.00452655,-0.22828951,0],[0.012266464,-0.99939644,0.03249642,0],[0.3307323,-0.64277387,-0.20643526,0.99999994]]}},"timestamp":1742643524.6390162,"label":"ARImageAnchor didAdd"},{"content":{"transform":{"columns":[[-0.22800468,-0.034438264,-0.9730507,0],[0.9735826,0.00452655,-0.22828951,0],[0.012266464,-0.99939644,0.03249642,0],[0.3307323,-0.64277387,-0.20643526,0.99999994]]},"name":"Lenna","identifier":"6BAD7D5D-D14A-EF93-1C8B-F6BEC80B8329"},"label":"ARImageAnchor didUpdate","timestamp":1742643524.6470819},{"content":{"name":"Lenna","transform":{"columns":[[-0.26195225,-0.036032155,-0.96440774,0],[0.96499175,0.0037815694,-0.26225215,0],[0.013096486,-0.99934334,0.033780143,0],[0.34997752,-0.6402934,-0.20044437,1]]},"identifier":"6BAD7D5D-D14A-EF93-1C8B-F6BEC80B8329"},"timestamp":1742643525.1638641,"label":"ARImageAnchor didUpdate"},{"content":{"transform":{"columns":[[-0.26195225,-0.036032155,-0.96440774,0],[0.96499175,0.0037815694,-0.26225215,0],[0.013096486,-0.99934334,0.033780143,0],[0.34997752,-0.6402934,-0.20044437,1]]},"name":"Lenna","identifier":"6BAD7D5D-D14A-EF93-1C8B-F6BEC80B8329"},"timestamp":1742643525.195702,"label":"ARImageAnchor didUpdate"},{"content":{"name":"Sailboat","identifier":"C35EAC54-3E90-1B97-807B-5E3B8F238DB7","transform":{"columns":[[0.96007234,0.00555134,-0.2796961,0],[0.27954677,0.019177658,0.9599403,0],[0.010692874,-0.9998006,0.016860068,0],[0.25253895,0.79573965,-0.6707955,1.0000001]]}},"timestamp":1742643527.854913,"label":"ARImageAnchor didAdd"},{"label":"ARImageAnchor didUpdate","content":{"transform":{"columns":[[0.96007234,0.00555134,-0.2796961,0],[0.27954677,0.019177658,0.9599403,0],[0.010692874,-0.9998006,0.016860068,0],[0.25253895,0.79573965,-0.6707955,1.0000001]]},"name":"Sailboat","identifier":"C35EAC54-3E90-1B97-807B-5E3B8F238DB7"},"timestamp":1742643527.861136},{"timestamp":1742643528.388632,"label":"ARImageAnchor didUpdate","content":{"transform":{"columns":[[0.96197164,0.0056504086,-0.2730904,0],[0.27305663,0.0060846405,0.9619785,0],[0.0070972173,-0.9999654,0.004310373,0],[0.25947857,0.7927378,-0.6591002,1]]},"name":"Sailboat","identifier":"C35EAC54-3E90-1B97-807B-5E3B8F238DB7"}},{"label":"ARImageAnchor didUpdate","content":{"name":"Sailboat","transform":{"columns":[[0.96197164,0.0056504086,-0.2730904,0],[0.27305663,0.0060846405,0.9619785,0],[0.0070972173,-0.9999654,0.004310373,0],[0.25947857,0.7927378,-0.6591002,1]]},"identifier":"C35EAC54-3E90-1B97-807B-5E3B8F238DB7"},"timestamp":1742643528.39366},{"timestamp":1742643529.4387531,"label":"ARImageAnchor didAdd","content":{"name":"Mandrill","identifier":"A19C2489-597B-2BED-432C-244B551E75FD","transform":{"columns":[[0.2739813,-0.016741414,0.9615892,0],[-0.9602922,0.04998312,0.27448195,0],[-0.052658454,-0.9986097,-0.0023822119,0],[1.1613806,0.8170097,-0.33879274,1]]}}},{"content":{"name":"Mandrill","transform":{"columns":[[0.2739813,-0.016741414,0.9615892,0],[-0.9602922,0.04998312,0.27448195,0],[-0.052658454,-0.9986097,-0.0023822119,0],[1.1613806,0.8170097,-0.33879274,1]]},"identifier":"A19C2489-597B-2BED-432C-244B551E75FD"},"label":"ARImageAnchor didUpdate","timestamp":1742643529.464017},{"label":"ARImageAnchor didUpdate","content":{"name":"Mandrill","identifier":"A19C2489-597B-2BED-432C-244B551E75FD","transform":{"columns":[[0.2799369,-0.014841363,0.95990354,0],[-0.95784724,0.0628878,0.2803096,0],[-0.0645264,-0.99791014,0.0033888724,0],[1.1838555,0.81929755,-0.33877447,1]]}},"timestamp":1742643529.9603},{"content":{"name":"Mandrill","identifier":"A19C2489-597B-2BED-432C-244B551E75FD","transform":{"columns":[[0.2799369,-0.014841363,0.95990354,0],[-0.95784724,0.0628878,0.2803096,0],[-0.0645264,-0.99791014,0.0033888724,0],[1.1838555,0.81929755,-0.33877447,1]]}},"timestamp":1742643529.995405,"label":"ARImageAnchor didUpdate"},{"content":{"name":"Mandrill","transform":{"columns":[[0.26158673,-0.014043488,0.96507776,0],[-0.96320736,0.06009538,0.26195416,0],[-0.061675496,-0.9980937,0.0021933627,0],[1.1880078,0.8269634,-0.3580247,1]]},"identifier":"A19C2489-597B-2BED-432C-244B551E75FD"},"label":"ARImageAnchor didUpdate","timestamp":1742643533.1133208},{"content":{"name":"Mandrill","identifier":"A19C2489-597B-2BED-432C-244B551E75FD","transform":{"columns":[[0.26158673,-0.014043488,0.96507776,0],[-0.96320736,0.06009538,0.26195416,0],[-0.061675496,-0.9980937,0.0021933627,0],[1.1880078,0.8269634,-0.3580247,1]]}},"label":"ARImageAnchor didUpdate","timestamp":1742643533.129638},{"label":"ARImageAnchor didAdd","timestamp":1742643537.854516,"content":{"identifier":"61BB3DDD-C96C-6E82-3432-BD712CCBCB28","name":"Peppers","transform":{"columns":[[0.27465394,-0.0035860064,0.96153617,0],[-0.9615425,-1.8462622e-05,0.2746556,0],[-0.0009671617,-0.99999344,-0.0034531672,0],[1.4575496,0.20806192,0.3237249,0.9999999]]}}},{"timestamp":1742643537.888163,"content":{"transform":{"columns":[[0.27465394,-0.0035860064,0.96153617,0],[-0.9615425,-1.8462622e-05,0.2746556,0],[-0.0009671617,-0.99999344,-0.0034531672,0],[1.4575496,0.20806192,0.3237249,0.9999999]]},"identifier":"61BB3DDD-C96C-6E82-3432-BD712CCBCB28","name":"Peppers"},"label":"ARImageAnchor didUpdate"},{"timestamp":1742643542.053757,"label":"ARImageAnchor didUpdate","content":{"name":"Sailboat","identifier":"C35EAC54-3E90-1B97-807B-5E3B8F238DB7","transform":{"columns":[[0.96743214,0.000828791,-0.25312865,0],[0.25311795,0.0066012335,0.9674127,0],[0.0024727571,-0.99997777,0.0061764605,0],[0.32921678,0.8070698,-0.7277397,0.9999999]]}}},{"timestamp":1742643542.061445,"content":{"identifier":"C35EAC54-3E90-1B97-807B-5E3B8F238DB7","name":"Sailboat","transform":{"columns":[[0.96743214,0.000828791,-0.25312865,0],[0.25311795,0.0066012335,0.9674127,0],[0.0024727571,-0.99997777,0.0061764605,0],[0.32921678,0.8070698,-0.7277397,0.9999999]]}},"label":"ARImageAnchor didUpdate"},{"timestamp":1742643542.561648,"label":"ARImageAnchor didUpdate","content":{"transform":{"columns":[[0.9705039,-0.0061786016,-0.24100575,0],[0.24104209,0.0060261665,0.9704958,0],[-0.0045439606,-0.99996275,0.007337764,0],[0.30038208,0.7794719,-0.68405396,1]]},"identifier":"C35EAC54-3E90-1B97-807B-5E3B8F238DB7","name":"Sailboat"}},{"timestamp":1742643542.587586,"label":"ARImageAnchor didUpdate","content":{"name":"Sailboat","identifier":"C35EAC54-3E90-1B97-807B-5E3B8F238DB7","transform":{"columns":[[0.9705039,-0.0061786016,-0.24100575,0],[0.24104209,0.0060261665,0.9704958,0],[-0.0045439606,-0.99996275,0.007337764,0],[0.30038208,0.7794719,-0.68405396,1]]}}},{"timestamp":1742643545.23037,"label":"ARImageAnchor didUpdate","content":{"transform":{"columns":[[0.017912064,-0.025347922,-0.9995181,0],[0.9043399,0.42677888,0.0053832177,0],[0.42643678,-0.9040006,0.030567596,0],[0.2717206,-0.672249,-0.18408388,1]]},"identifier":"6BAD7D5D-D14A-EF93-1C8B-F6BEC80B8329","name":"Lenna"}},{"timestamp":1742643545.247297,"label":"ARImageAnchor didUpdate","content":{"transform":{"columns":[[0.017912064,-0.025347922,-0.9995181,0],[0.9043399,0.42677888,0.0053832177,0],[0.42643678,-0.9040006,0.030567596,0],[0.2717206,-0.672249,-0.18408388,1]]},"name":"Lenna","identifier":"6BAD7D5D-D14A-EF93-1C8B-F6BEC80B8329"}},{"timestamp":1742643545.763297,"label":"ARImageAnchor didUpdate","content":{"transform":{"columns":[[-0.23464115,-0.030861564,-0.9715919,0],[0.97200036,-0.020403212,-0.23409164,0],[-0.012599184,-0.9993153,0.034784865,0],[0.29717067,-0.6569006,-0.17982477,0.99999994]]},"name":"Lenna","identifier":"6BAD7D5D-D14A-EF93-1C8B-F6BEC80B8329"}},{"label":"ARImageAnchor didUpdate","content":{"identifier":"6BAD7D5D-D14A-EF93-1C8B-F6BEC80B8329","name":"Lenna","transform":{"columns":[[-0.23464115,-0.030861564,-0.9715919,0],[0.97200036,-0.020403212,-0.23409164,0],[-0.012599184,-0.9993153,0.034784865,0],[0.29717067,-0.6569006,-0.17982477,0.99999994]]}},"timestamp":1742643545.780041},{"label":"Bunny didUpdate","content":{"transform":{"columns":[[0.99652475,-0.0011311637,-0.08328969,0],[0.0012247302,0.999998,0.0010723142,0],[0.08328838,-0.0011705959,0.9965248,0],[-0.034224045,-0.6027027,-0.3153559,1]]},"name":"bunny","identifier":"B08E24AE-6649-4FDC-AC88-299C0F4ABC29"},"timestamp":1742643548.163204},{"timestamp":1742643548.379616,"label":"ARImageAnchor didUpdate","content":{"name":"Car","transform":{"columns":[[0.97945195,0.0089933295,-0.20147657,0],[0.2016135,-0.018578317,0.9792887,0],[0.0050639636,-0.9997869,-0.020009711,0],[-0.33716747,-0.6291938,0.034736753,1]]},"identifier":"FF85DBE1-76D3-E459-2D24-8EDCEE263300"}},{"timestamp":1742643548.396256,"label":"ARImageAnchor didUpdate","content":{"identifier":"FF85DBE1-76D3-E459-2D24-8EDCEE263300","transform":{"columns":[[0.97945195,0.0089933295,-0.20147657,0],[0.2016135,-0.018578317,0.9792887,0],[0.0050639636,-0.9997869,-0.020009711,0],[-0.33716747,-0.6291938,0.034736753,1]]},"name":"Car"}},{"timestamp":1742643552.560783,"label":"ARImageAnchor didUpdate","content":{"transform":{"columns":[[0.9630266,0.0039907307,-0.26937634,0],[0.26939875,-0.021559149,0.96278715,0],[-0.0019652976,-0.99975955,-0.021837156,0],[-1.450092,0.62619567,-0.24842449,1]]},"name":"Earth","identifier":"088EF783-5990-B052-BE99-B8AA15BA6C68"}},{"content":{"transform":{"columns":[[0.9630266,0.0039907307,-0.26937634,0],[0.26939875,-0.021559149,0.96278715,0],[-0.0019652976,-0.99975955,-0.021837156,0],[-1.450092,0.62619567,-0.24842449,1]]},"name":"Earth","identifier":"088EF783-5990-B052-BE99-B8AA15BA6C68"},"timestamp":1742643552.5867949,"label":"ARImageAnchor didUpdate"},{"timestamp":1742643553.103609,"label":"ARImageAnchor didUpdate","content":{"name":"Earth","identifier":"088EF783-5990-B052-BE99-B8AA15BA6C68","transform":{"columns":[[0.95516163,0.008224268,-0.29597038,0],[0.29607227,-0.017403528,0.95500696,0],[0.0027033098,-0.9998147,-0.019058151,0],[-1.4437073,0.62452936,-0.24204978,1]]}}},{"timestamp":1742643553.109208,"content":{"name":"Earth","identifier":"088EF783-5990-B052-BE99-B8AA15BA6C68","transform":{"columns":[[0.95516163,0.008224268,-0.29597038,0],[0.29607227,-0.017403528,0.95500696,0],[0.0027033098,-0.9998147,-0.019058151,0],[-1.4437073,0.62452936,-0.24204978,1]]}},"label":"ARImageAnchor didUpdate"},{"timestamp":1742643557.827054,"label":"ARImageAnchor didUpdate","content":{"identifier":"61BB3DDD-C96C-6E82-3432-BD712CCBCB28","transform":{"columns":[[0.252942,-0.0053830575,0.9674664,0],[-0.9674649,-0.0072291773,0.25290138,0],[0.005632584,-0.9999594,-0.0070364894,0],[1.4756414,0.21083531,0.34526932,1]]},"name":"Peppers"}},{"label":"ARImageAnchor didUpdate","timestamp":1742643557.853647,"content":{"identifier":"61BB3DDD-C96C-6E82-3432-BD712CCBCB28","name":"Peppers","transform":{"columns":[[0.252942,-0.0053830575,0.9674664,0],[-0.9674649,-0.0072291773,0.25290138,0],[0.005632584,-0.9999594,-0.0070364894,0],[1.4756414,0.21083531,0.34526932,1]]}}},{"content":{"name":"bunny","transform":{"columns":[[0.99652475,-0.0011311637,-0.08328969,0],[0.00122473,0.9999978,0.001072314,0],[0.08328838,-0.0011705959,0.9965248,0],[-0.034224045,-0.6027027,-0.3153559,1]]},"identifier":"B08E24AE-6649-4FDC-AC88-299C0F4ABC29"},"label":"Bunny didUpdate","timestamp":1742643560.76189},{"label":"Bunny didUpdate","content":{"name":"bunny","identifier":"B08E24AE-6649-4FDC-AC88-299C0F4ABC29","transform":{"columns":[[0.99652475,-0.0011311637,-0.08328969,0],[0.0012247298,0.9999976,0.0010723138,0],[0.08328838,-0.0011705959,0.9965248,0],[-0.034224045,-0.6027027,-0.3153559,1]]}},"timestamp":1742643561.470138},{"label":"ARImageAnchor didUpdate","content":{"transform":{"columns":[[0.96429604,0.002210937,-0.26481676,0],[0.26480073,0.0057732076,0.96428573,0],[0.003660818,-0.9999808,0.004981613,0],[0.3284621,0.80039954,-0.70533603,1.0000001]]},"identifier":"C35EAC54-3E90-1B97-807B-5E3B8F238DB7","name":"Sailboat"},"timestamp":1742643563.1699429},{"content":{"transform":{"columns":[[0.96429604,0.002210937,-0.26481676,0],[0.26480073,0.0057732076,0.96428573,0],[0.003660818,-0.9999808,0.004981613,0],[0.3284621,0.80039954,-0.70533603,1.0000001]]},"identifier":"C35EAC54-3E90-1B97-807B-5E3B8F238DB7","name":"Sailboat"},"timestamp":1742643563.1766582,"label":"ARImageAnchor didUpdate"}]