[{"timestamp":1742657065.2527819,"label":"Application launched"},{"timestamp":1742657065.253072,"label":"Initialize ARViewModel"},{"timestamp":1742657065.25459,"label":"Finished Initialize ARViewModel"},{"label":"Initialize RoomManager","timestamp":1742657065.254633},{"label":"Initialize BeaconManager","timestamp":1742657065.254638},{"timestamp":1742657065.254658,"label":"Fininshed Initialize BeaconManager"},{"label":"Fininshed Initialize RoomManager","timestamp":1742657065.254663},{"timestamp":1742657065.254667,"label":"ContentView Initialize"},{"timestamp":1742657065.25513,"label":"Initialize ARWorldMapManager"},{"timestamp":1742657065.255137,"label":"Fininshed Initialize ARWorldMapManager"},{"content":"Tracking is limited due to: initializing","timestamp":1742657065.655927,"label":"Tracking Limited"},{"timestamp":1742657066.5397701,"label":"Room Update","content":{"id":"3F39F93D-AB52-4382-80AA-E0ED5264C1F0","name":"Test Room"}},{"content":{"id":"3F39F93D-AB52-4382-80AA-E0ED5264C1F0","name":"Test Room"},"label":"Downloading WorldMap","timestamp":1742657066.5398011},{"label":"Finished Downloading WorldMap","timestamp":1742657070.37893,"content":{"name":"Test Room","id":"3F39F93D-AB52-4382-80AA-E0ED5264C1F0"}},{"content":"Tracking is limited due to: initializing","timestamp":1742657070.5218039,"label":"Tracking Limited"},{"timestamp":1742657071.588801,"label":"Tracking Limited","content":"Tracking is limited due to: relocalizing"},{"label":"Bunny didAdd","content":{"name":"bunny","identifier":"B08E24AE-6649-4FDC-AC88-299C0F4ABC29","transform":{"columns":[[0.99652475,-0.0011311637,-0.08328969,0],[0.0012247307,0.99999833,0.0010723146,0],[0.08328837,-0.0011705958,0.9965247,0],[-0.034224045,-0.6027027,-0.3153559,1]]}},"timestamp":1742657080.101554},{"label":"Tracking Available","timestamp":1742657080.1539922,"content":{"extent":[3.6696424,6.354778,2.9788318],"center":[0.4041158,-3.4131691,0.38504446]}},{"label":"Bunny didUpdate","timestamp":1742657080.154057,"content":{"name":"bunny","transform":{"columns":[[0.99652475,-0.0011311637,-0.08328969,0],[0.0012247305,0.99999815,0.0010723145,0],[0.08328838,-0.0011705958,0.99652475,0],[-0.034224045,-0.6027027,-0.3153559,1]]},"identifier":"B08E24AE-6649-4FDC-AC88-299C0F4ABC29"}},{"label":"ARImageAnchor didAdd","timestamp":1742657083.3148642,"content":{"identifier":"FF85DBE1-76D3-E459-2D24-8EDCEE263300","name":"Car","transform":{"columns":[[0.9754617,0.011596554,-0.21986268,0],[0.21978119,0.007904281,0.975517,0],[0.013050505,-0.9999014,0.005161636,0],[-0.27418894,-0.6582792,0.041729555,1]]}}},{"timestamp":1742657083.324501,"label":"ARImageAnchor didUpdate","content":{"name":"Car","transform":{"columns":[[0.9754617,0.011596554,-0.21986268,0],[0.21978119,0.007904281,0.975517,0],[0.013050505,-0.9999014,0.005161636,0],[-0.27418894,-0.6582792,0.041729555,1]]},"identifier":"FF85DBE1-76D3-E459-2D24-8EDCEE263300"}},{"label":"ARImageAnchor didAdd","timestamp":1742657086.4648972,"content":{"name":"Earth","identifier":"088EF783-5990-B052-BE99-B8AA15BA6C68","transform":{"columns":[[0.9523929,-0.0029389565,-0.3048589,0],[0.30486846,0.003705433,0.9523871,0],[-0.0016693922,-0.99998873,0.004425024,0],[-1.3789397,0.60129607,-0.21834493,0.99999994]]}}},{"timestamp":1742657086.490329,"label":"ARImageAnchor didUpdate","content":{"identifier":"088EF783-5990-B052-BE99-B8AA15BA6C68","transform":{"columns":[[0.9523929,-0.0029389565,-0.3048589,0],[0.30486846,0.003705433,0.9523871,0],[-0.0016693922,-0.99998873,0.004425024,0],[-1.3789397,0.60129607,-0.21834493,0.99999994]]},"name":"Earth"}},{"timestamp":1742657086.98984,"label":"ARImageAnchor didUpdate","content":{"identifier":"088EF783-5990-B052-BE99-B8AA15BA6C68","transform":{"columns":[[0.9569706,-0.0019013636,-0.29017803,0],[0.2901762,-0.0011786295,0.95697224,0],[-0.0021615666,-0.99999744,-0.0005761816,0],[-1.3845987,0.60386634,-0.21960852,1]]},"name":"Earth"}},{"content":{"name":"Earth","identifier":"088EF783-5990-B052-BE99-B8AA15BA6C68","transform":{"columns":[[0.9569706,-0.0019013636,-0.29017803,0],[0.2901762,-0.0011786295,0.95697224,0],[-0.0021615666,-0.99999744,-0.0005761816,0],[-1.3845987,0.60386634,-0.21960852,1]]}},"timestamp":1742657087.006535,"label":"ARImageAnchor didUpdate"},{"content":{"identifier":"6BAD7D5D-D14A-EF93-1C8B-F6BEC80B8329","name":"Lenna","transform":{"columns":[[-0.23610763,-0.036494132,-0.97104126,0],[0.97145146,-0.032650255,-0.23498031,0],[-0.023129353,-0.9988003,0.04316126,0],[0.3876962,-0.661693,-0.20433393,1]]}},"timestamp":1742657092.281186,"label":"ARImageAnchor didAdd"},{"content":{"transform":{"columns":[[-0.23610763,-0.036494132,-0.97104126,0],[0.97145146,-0.032650255,-0.23498031,0],[-0.023129353,-0.9988003,0.04316126,0],[0.3876962,-0.661693,-0.20433393,1]]},"name":"Lenna","identifier":"6BAD7D5D-D14A-EF93-1C8B-F6BEC80B8329"},"timestamp":1742657092.292011,"label":"ARImageAnchor didUpdate"},{"content":{"name":"Sailboat","identifier":"C35EAC54-3E90-1B97-807B-5E3B8F238DB7","transform":{"columns":[[0.9597863,0.0030552696,-0.28071448,0],[0.2807289,-0.0064877975,0.959765,0],[0.0011111248,-0.9999742,-0.0070846,0],[0.39620286,0.77791727,-0.70467913,1]]}},"timestamp":1742657096.482203,"label":"ARImageAnchor didAdd"},{"label":"ARImageAnchor didUpdate","content":{"transform":{"columns":[[0.9597863,0.0030552696,-0.28071448,0],[0.2807289,-0.0064877975,0.959765,0],[0.0011111248,-0.9999742,-0.0070846,0],[0.39620286,0.77791727,-0.70467913,1]]},"identifier":"C35EAC54-3E90-1B97-807B-5E3B8F238DB7","name":"Sailboat"},"timestamp":1742657096.4887872},{"content":{"transform":{"columns":[[0.2658812,-0.015843187,0.9638755,0],[-0.96241426,0.053066783,0.26635042,0],[-0.055369604,-0.99846524,-0.0011382423,0],[1.2383757,0.80001163,-0.35072166,1.0000001]]},"name":"Mandrill","identifier":"A19C2489-597B-2BED-432C-244B551E75FD"},"label":"ARImageAnchor didAdd","timestamp":1742657099.1137838},{"timestamp":1742657099.1232262,"content":{"identifier":"A19C2489-597B-2BED-432C-244B551E75FD","transform":{"columns":[[0.2658812,-0.015843187,0.9638755,0],[-0.96241426,0.053066783,0.26635042,0],[-0.055369604,-0.99846524,-0.0011382423,0],[1.2383757,0.80001163,-0.35072166,1.0000001]]},"name":"Mandrill"},"label":"ARImageAnchor didUpdate"},{"label":"ARImageAnchor didAdd","timestamp":1742657101.196979,"content":{"transform":{"columns":[[0.26747683,-0.00885975,0.9635234,0],[-0.9634779,-0.015833484,0.2673186,0],[0.01288759,-0.99983525,-0.012771262,0],[1.5032935,0.18954459,0.32664266,0.99999994]]},"identifier":"61BB3DDD-C96C-6E82-3432-BD712CCBCB28","name":"Peppers"}},{"content":{"transform":{"columns":[[0.26747683,-0.00885975,0.9635234,0],[-0.9634779,-0.015833484,0.2673186,0],[0.01288759,-0.99983525,-0.012771262,0],[1.5032935,0.18954459,0.32664266,0.99999994]]},"name":"Peppers","identifier":"61BB3DDD-C96C-6E82-3432-BD712CCBCB28"},"timestamp":1742657101.206619,"label":"ARImageAnchor didUpdate"}]