[{"label":"Application launched","timestamp":1742674851.324533},{"label":"Initialize ARViewModel","timestamp":1742674851.324619},{"timestamp":1742674851.3254972,"label":"Finished Initialize ARViewModel"},{"timestamp":1742674851.325508,"label":"Initialize RoomManager"},{"label":"Initialize BeaconManager","timestamp":1742674851.325513},{"timestamp":1742674851.325525,"label":"Fininshed Initialize BeaconManager"},{"label":"Fininshed Initialize RoomManager","timestamp":1742674851.32553},{"timestamp":1742674851.325535,"label":"ContentView Initialize"},{"label":"Initialize ARWorldMapManager","timestamp":1742674851.325908},{"label":"Fininshed Initialize ARWorldMapManager","timestamp":1742674851.3259149},{"label":"Tracking Limited","content":"Tracking is limited due to: initializing","timestamp":1742674851.7048259},{"label":"Room Update","content":{"name":"Test Room","id":"3F39F93D-AB52-4382-80AA-E0ED5264C1F0"},"timestamp":1742674852.6614661},{"content":{"name":"Test Room","id":"3F39F93D-AB52-4382-80AA-E0ED5264C1F0"},"timestamp":1742674852.661505,"label":"Downloading WorldMap"},{"timestamp":1742674853.227538,"content":{"id":"3F39F93D-AB52-4382-80AA-E0ED5264C1F0","name":"Test Room"},"label":"Finished Downloading WorldMap"},{"timestamp":1742674853.387717,"label":"Tracking Limited","content":"Tracking is limited due to: initializing"},{"timestamp":1742674854.42102,"label":"Tracking Limited","content":"Tracking is limited due to: relocalizing"},{"timestamp":1742674858.215938,"label":"Bunny didAdd","content":{"name":"bunny","identifier":"B08E24AE-6649-4FDC-AC88-299C0F4ABC29","transform":{"columns":[[0.99652475,-0.0011311637,-0.08328969,0],[0.0012247307,0.99999833,0.0010723146,0],[0.08328837,-0.0011705958,0.9965247,0],[-0.034224045,-0.6027027,-0.3153559,1]]}}},{"label":"Tracking Available","content":{"center":[-0.2648157,-9.6366415,0.4757408],"extent":[3.4629526,18.801722,2.8842392]},"timestamp":1742674858.68042},{"timestamp":1742674858.680472,"label":"Bunny didUpdate","content":{"name":"bunny","transform":{"columns":[[0.99652475,-0.0011311637,-0.08328969,0],[0.0012247305,0.99999815,0.0010723145,0],[0.08328838,-0.0011705958,0.99652475,0],[-0.034224045,-0.6027027,-0.3153559,1]]},"identifier":"B08E24AE-6649-4FDC-AC88-299C0F4ABC29"}},{"timestamp":1742674860.948001,"label":"ARImageAnchor didAdd","content":{"transform":{"columns":[[0.97397774,0.0040985146,-0.22660607,0],[0.22656459,0.008718556,0.97395694,0],[0.0059674354,-0.99995345,0.007563078,0],[-0.2660956,-0.6695788,0.02061969,1.0000001]]},"name":"Car","identifier":"FF85DBE1-76D3-E459-2D24-8EDCEE263300"}},{"content":{"name":"Car","transform":{"columns":[[0.97397774,0.0040985146,-0.22660607,0],[0.22656459,0.008718556,0.97395694,0],[0.0059674354,-0.99995345,0.007563078,0],[-0.2660956,-0.6695788,0.02061969,1.0000001]]},"identifier":"FF85DBE1-76D3-E459-2D24-8EDCEE263300"},"timestamp":1742674860.9572082,"label":"ARImageAnchor didUpdate"},{"timestamp":1742674864.099244,"label":"ARImageAnchor didAdd","content":{"name":"Earth","transform":{"columns":[[0.9582075,-0.0020898005,-0.2860664,0],[0.28606007,-0.0028979117,0.95820725,0],[-0.0028314602,-0.99999356,-0.0021789959,0],[-1.3713593,0.593616,-0.23133184,1]]},"identifier":"088EF783-5990-B052-BE99-B8AA15BA6C68"}},{"content":{"transform":{"columns":[[0.9582075,-0.0020898005,-0.2860664,0],[0.28606007,-0.0028979117,0.95820725,0],[-0.0028314602,-0.99999356,-0.0021789959,0],[-1.3713593,0.593616,-0.23133184,1]]},"name":"Earth","identifier":"088EF783-5990-B052-BE99-B8AA15BA6C68"},"timestamp":1742674864.104547,"label":"ARImageAnchor didUpdate"},{"label":"ARImageAnchor didAdd","timestamp":1742674871.4975991,"content":{"identifier":"6BAD7D5D-D14A-EF93-1C8B-F6BEC80B8329","name":"Lenna","transform":{"columns":[[-0.23121147,-0.04044795,-0.97206223,0],[0.97266275,-0.031830583,-0.23002987,0],[-0.02163703,-0.9986745,0.046701815,0],[0.39667442,-0.6666001,-0.2161788,1]]}}},{"content":{"identifier":"6BAD7D5D-D14A-EF93-1C8B-F6BEC80B8329","transform":{"columns":[[-0.23121147,-0.04044795,-0.97206223,0],[0.97266275,-0.031830583,-0.23002987,0],[-0.02163703,-0.9986745,0.046701815,0],[0.39667442,-0.6666001,-0.2161788,1]]},"name":"Lenna"},"label":"ARImageAnchor didUpdate","timestamp":1742674871.508144},{"content":{"transform":{"columns":[[-0.22364366,-0.041618206,-0.97378194,0],[0.97448194,-0.029216858,-0.22255571,0],[-0.019188512,-0.9987062,0.04709035,0],[0.39886862,-0.66399854,-0.21321002,1]]},"name":"Lenna","identifier":"6BAD7D5D-D14A-EF93-1C8B-F6BEC80B8329"},"timestamp":1742674872.555907,"label":"ARImageAnchor didUpdate"},{"label":"ARImageAnchor didUpdate","content":{"transform":{"columns":[[-0.22364366,-0.041618206,-0.97378194,0],[0.97448194,-0.029216858,-0.22255571,0],[-0.019188512,-0.9987062,0.04709035,0],[0.39886862,-0.66399854,-0.21321002,1]]},"name":"Lenna","identifier":"6BAD7D5D-D14A-EF93-1C8B-F6BEC80B8329"},"timestamp":1742674872.582283},{"label":"ARImageAnchor didAdd","timestamp":1742674877.330863,"content":{"identifier":"C35EAC54-3E90-1B97-807B-5E3B8F238DB7","transform":{"columns":[[0.9654227,-0.0025708927,-0.26067656,0],[0.26030317,-0.04489448,0.9644824,0],[-0.01418252,-0.99898833,-0.042672917,0],[0.40005627,0.75696105,-0.7155632,0.99999994]]},"name":"Sailboat"}},{"content":{"name":"Sailboat","transform":{"columns":[[0.9654227,-0.0025708927,-0.26067656,0],[0.26030317,-0.04489448,0.9644824,0],[-0.01418252,-0.99898833,-0.042672917,0],[0.40005627,0.75696105,-0.7155632,0.99999994]]},"identifier":"C35EAC54-3E90-1B97-807B-5E3B8F238DB7"},"timestamp":1742674877.337754,"label":"ARImageAnchor didUpdate"},{"timestamp":1742674879.964068,"content":{"name":"Mandrill","transform":{"columns":[[0.25997135,-0.015778868,0.9654871,0],[-0.9643445,0.04705425,0.26043266,0],[-0.049539614,-0.9987676,-0.0029835089,0],[1.2461607,0.78317225,-0.36734933,0.99999994]]},"identifier":"A19C2489-597B-2BED-432C-244B551E75FD"},"label":"ARImageAnchor didAdd"},{"label":"ARImageAnchor didUpdate","content":{"transform":{"columns":[[0.25997135,-0.015778868,0.9654871,0],[-0.9643445,0.04705425,0.26043266,0],[-0.049539614,-0.9987676,-0.0029835089,0],[1.2461607,0.78317225,-0.36734933,0.99999994]]},"name":"Mandrill","identifier":"A19C2489-597B-2BED-432C-244B551E75FD"},"timestamp":1742674879.972138},{"content":{"transform":{"columns":[[0.27566525,-0.008949348,0.96121174,0],[-0.96120846,-0.012240893,0.2755503,0],[0.009300054,-0.9998849,-0.011976573,0],[1.511122,0.16360271,0.3178309,0.9999999]]},"identifier":"61BB3DDD-C96C-6E82-3432-BD712CCBCB28","name":"Peppers"},"timestamp":1742674882.0973039,"label":"ARImageAnchor didAdd"},{"content":{"transform":{"columns":[[0.27566525,-0.008949348,0.96121174,0],[-0.96120846,-0.012240893,0.2755503,0],[0.009300054,-0.9998849,-0.011976573,0],[1.511122,0.16360271,0.3178309,0.9999999]]},"name":"Peppers","identifier":"61BB3DDD-C96C-6E82-3432-BD712CCBCB28"},"timestamp":1742674882.1063008,"label":"ARImageAnchor didUpdate"},{"content":{"name":"Peppers","identifier":"61BB3DDD-C96C-6E82-3432-BD712CCBCB28","transform":{"columns":[[0.25508603,-0.009107052,0.96687526,0],[-0.9668706,-0.012325855,0.2549687,0],[0.009595568,-0.9998825,-0.011949498,0],[1.5064899,0.16351944,0.31403545,1]]}},"timestamp":1742674882.621354,"label":"ARImageAnchor didUpdate"},{"label":"ARImageAnchor didUpdate","timestamp":1742674882.6369781,"content":{"identifier":"61BB3DDD-C96C-6E82-3432-BD712CCBCB28","name":"Peppers","transform":{"columns":[[0.25508603,-0.009107052,0.96687526,0],[-0.9668706,-0.012325855,0.2549687,0],[0.009595568,-0.9998825,-0.011949498,0],[1.5064899,0.16351944,0.31403545,1]]}}},{"content":{"name":"Mandrill","identifier":"A19C2489-597B-2BED-432C-244B551E75FD","transform":{"columns":[[0.26976734,-0.017269198,0.96277046,0],[-0.96098316,0.058642454,0.27031836,0],[-0.061127402,-0.99812955,-0.00077562185,0],[1.2539595,0.79111016,-0.40016818,1]]}},"label":"ARImageAnchor didUpdate","timestamp":1742674886.854631},{"timestamp":1742674886.881413,"content":{"transform":{"columns":[[0.26976734,-0.017269198,0.96277046,0],[-0.96098316,0.058642454,0.27031836,0],[-0.061127402,-0.99812955,-0.00077562185,0],[1.2539595,0.79111016,-0.40016818,1]]},"name":"Mandrill","identifier":"A19C2489-597B-2BED-432C-244B551E75FD"},"label":"ARImageAnchor didUpdate"},{"timestamp":1742674888.95584,"label":"ARImageAnchor didUpdate","content":{"identifier":"6BAD7D5D-D14A-EF93-1C8B-F6BEC80B8329","transform":{"columns":[[-0.26238373,-0.041872192,-0.9640545,0],[0.9649081,-0.0006967098,-0.26258582,0],[0.0103233745,-0.9991227,0.040585607,0],[0.37659806,-0.6655084,-0.2293221,0.99999994]]},"name":"Lenna"}},{"timestamp":1742674888.981894,"label":"ARImageAnchor didUpdate","content":{"transform":{"columns":[[-0.26238373,-0.041872192,-0.9640545,0],[0.9649081,-0.0006967098,-0.26258582,0],[0.0103233745,-0.9991227,0.040585607,0],[0.37659806,-0.6655084,-0.2293221,0.99999994]]},"identifier":"6BAD7D5D-D14A-EF93-1C8B-F6BEC80B8329","name":"Lenna"}},{"content":{"transform":{"columns":[[0.97776407,0.005864841,-0.20962526,0],[0.20966151,-0.0064581125,0.9777526,0],[0.004380566,-0.999962,-0.007544133,0],[-0.26564008,-0.6619291,0.02677767,1]]},"name":"Car","identifier":"FF85DBE1-76D3-E459-2D24-8EDCEE263300"},"timestamp":1742674891.574298,"label":"ARImageAnchor didUpdate"},{"content":{"transform":{"columns":[[0.97776407,0.005864841,-0.20962526,0],[0.20966151,-0.0064581125,0.9777526,0],[0.004380566,-0.999962,-0.007544133,0],[-0.26564008,-0.6619291,0.02677767,1]]},"identifier":"FF85DBE1-76D3-E459-2D24-8EDCEE263300","name":"Car"},"timestamp":1742674891.591061,"label":"ARImageAnchor didUpdate"}]