[{"label":"Application launched","timestamp":1742642099.0174809},{"label":"Initialize ARViewModel","timestamp":1742642099.017568},{"timestamp":1742642099.0187159,"label":"Finished Initialize ARViewModel"},{"timestamp":1742642099.0187302,"label":"Initialize RoomManager"},{"timestamp":1742642099.018735,"label":"Initialize BeaconManager"},{"label":"Fininshed Initialize BeaconManager","timestamp":1742642099.018748},{"timestamp":1742642099.018753,"label":"Fininshed Initialize RoomManager"},{"label":"ContentView Initialize","timestamp":1742642099.0187569},{"timestamp":1742642099.0191941,"label":"Initialize ARWorldMapManager"},{"timestamp":1742642099.019278,"label":"Fininshed Initialize ARWorldMapManager"},{"label":"Tracking Limited","timestamp":1742642099.367976,"content":"Tracking is limited due to: initializing"},{"content":{"name":"Test Room","id":"3F39F93D-AB52-4382-80AA-E0ED5264C1F0"},"timestamp":1742642100.32674,"label":"Room Update"},{"content":{"id":"3F39F93D-AB52-4382-80AA-E0ED5264C1F0","name":"Test Room"},"label":"Downloading WorldMap","timestamp":1742642100.3267732},{"content":{"name":"Test Room","id":"3F39F93D-AB52-4382-80AA-E0ED5264C1F0"},"timestamp":1742642100.756239,"label":"Finished Downloading WorldMap"},{"timestamp":1742642100.91881,"label":"Tracking Limited","content":"Tracking is limited due to: initializing"},{"timestamp":1742642102.000912,"content":"Tracking is limited due to: relocalizing","label":"Tracking Limited"},{"timestamp":1742642103.7310328,"content":{"identifier":"B08E24AE-6649-4FDC-AC88-299C0F4ABC29","transform":{"columns":[[0.99652475,-0.0011311637,-0.08328969,0],[0.0012247307,0.99999833,0.0010723146,0],[0.08328837,-0.0011705958,0.9965247,0],[-0.034224045,-0.6027027,-0.3153559,1]]},"name":"bunny"},"label":"Bunny didAdd"},{"timestamp":1742642103.781038,"content":{"center":[0.017977595,-3.4131691,0.45404088],"extent":[2.897366,6.354778,2.8408394]},"label":"Tracking Available"},{"label":"Bunny didUpdate","content":{"transform":{"columns":[[0.99652475,-0.0011311637,-0.08328969,0],[0.0012247305,0.99999815,0.0010723145,0],[0.08328838,-0.0011705958,0.99652475,0],[-0.034224045,-0.6027027,-0.3153559,1]]},"name":"bunny","identifier":"B08E24AE-6649-4FDC-AC88-299C0F4ABC29"},"timestamp":1742642103.781108},{"timestamp":1742642105.344296,"content":{"transform":{"columns":[[0.9736754,0.0024510918,-0.2279251,0],[0.2279382,-0.011219165,0.9736108,0],[-0.00017072473,-0.99993396,-0.01148253,0],[-0.2610066,-0.6578464,0.06489067,0.99999994]]},"name":"Car","identifier":"FF85DBE1-76D3-E459-2D24-8EDCEE263300"},"label":"ARImageAnchor didAdd"},{"label":"ARImageAnchor didUpdate","content":{"name":"Car","identifier":"FF85DBE1-76D3-E459-2D24-8EDCEE263300","transform":{"columns":[[0.9736754,0.0024510918,-0.2279251,0],[0.2279382,-0.011219165,0.9736108,0],[-0.00017072473,-0.99993396,-0.01148253,0],[-0.2610066,-0.6578464,0.06489067,0.99999994]]}},"timestamp":1742642105.355085},{"label":"ARImageAnchor didAdd","content":{"transform":{"columns":[[0.9606242,-0.0077290754,-0.27774253,0],[0.27765808,-0.010450468,0.96062285,0],[-0.01032727,-0.9999154,-0.007892931,0],[-1.3933625,0.60514903,-0.22689119,1]]},"name":"Earth","identifier":"088EF783-5990-B052-BE99-B8AA15BA6C68"},"timestamp":1742642107.444271},{"label":"ARImageAnchor didUpdate","timestamp":1742642107.451353,"content":{"name":"Earth","identifier":"088EF783-5990-B052-BE99-B8AA15BA6C68","transform":{"columns":[[0.9606242,-0.0077290754,-0.27774253,0],[0.27765808,-0.010450468,0.96062285,0],[-0.01032727,-0.9999154,-0.007892931,0],[-1.3933625,0.60514903,-0.22689119,1]]}}},{"timestamp":1742642110.610739,"content":{"name":"Lenna","transform":{"columns":[[-0.17070211,-0.03700973,-0.98462725,0],[0.9852785,-0.015854392,-0.17021903,0],[-0.009310898,-0.9991891,0.039171252,0],[0.38308215,-0.6650508,-0.23054633,1]]},"identifier":"6BAD7D5D-D14A-EF93-1C8B-F6BEC80B8329"},"label":"ARImageAnchor didAdd"},{"label":"ARImageAnchor didUpdate","content":{"name":"Lenna","identifier":"6BAD7D5D-D14A-EF93-1C8B-F6BEC80B8329","transform":{"columns":[[-0.17070211,-0.03700973,-0.98462725,0],[0.9852785,-0.015854392,-0.17021903,0],[-0.009310898,-0.9991891,0.039171252,0],[0.38308215,-0.6650508,-0.23054633,1]]}},"timestamp":1742642110.620708},{"label":"ARImageAnchor didUpdate","content":{"transform":{"columns":[[-0.23928502,-0.041633345,-0.9700562,0],[0.97012335,-0.05144954,-0.23709348,0],[-0.040037964,-0.99780726,0.052700594,0],[0.38648364,-0.6644365,-0.22338577,0.99999994]]},"identifier":"6BAD7D5D-D14A-EF93-1C8B-F6BEC80B8329","name":"Lenna"},"timestamp":1742642111.135047},{"label":"ARImageAnchor didUpdate","timestamp":1742642111.1632318,"content":{"identifier":"6BAD7D5D-D14A-EF93-1C8B-F6BEC80B8329","name":"Lenna","transform":{"columns":[[-0.23928502,-0.041633345,-0.9700562,0],[0.97012335,-0.05144954,-0.23709348,0],[-0.040037964,-0.99780726,0.052700594,0],[0.38648364,-0.6644365,-0.22338577,0.99999994]]}}},{"timestamp":1742642113.229271,"label":"ARImageAnchor didAdd","content":{"transform":{"columns":[[0.9635725,-0.004938747,-0.2674011,0],[0.26739937,-0.0010129381,0.963585,0],[-0.005029756,-0.99998724,0.00034457928,0],[0.38625255,0.7739638,-0.735304,0.99999994]]},"name":"Sailboat","identifier":"C35EAC54-3E90-1B97-807B-5E3B8F238DB7"}},{"label":"ARImageAnchor didUpdate","timestamp":1742642113.262898,"content":{"name":"Sailboat","identifier":"C35EAC54-3E90-1B97-807B-5E3B8F238DB7","transform":{"columns":[[0.9635725,-0.004938747,-0.2674011,0],[0.26739937,-0.0010129381,0.963585,0],[-0.005029756,-0.99998724,0.00034457928,0],[0.38625255,0.7739638,-0.735304,0.99999994]]}}},{"content":{"identifier":"A19C2489-597B-2BED-432C-244B551E75FD","name":"Mandrill","transform":{"columns":[[0.27386075,-0.015562795,0.9616432,0],[-0.959992,0.056334402,0.27430212,0],[-0.058442518,-0.99829054,0.00048762822,0],[1.2410303,0.79592556,-0.39321554,1]]}},"label":"ARImageAnchor didAdd","timestamp":1742642116.429251},{"timestamp":1742642116.462748,"content":{"transform":{"columns":[[0.27386075,-0.015562795,0.9616432,0],[-0.959992,0.056334402,0.27430212,0],[-0.058442518,-0.99829054,0.00048762822,0],[1.2410303,0.79592556,-0.39321554,1]]},"name":"Mandrill","identifier":"A19C2489-597B-2BED-432C-244B551E75FD"},"label":"ARImageAnchor didUpdate"},{"timestamp":1742642118.027056,"content":{"transform":{"columns":[[0.28042817,-0.010018366,0.95982265,0],[-0.95984995,0.0042764302,0.28048077,0],[-0.0069145937,-0.9999406,-0.008416882,0],[1.5084502,0.17011005,0.3007961,1]]},"identifier":"61BB3DDD-C96C-6E82-3432-BD712CCBCB28","name":"Peppers"},"label":"ARImageAnchor didAdd"},{"content":{"identifier":"61BB3DDD-C96C-6E82-3432-BD712CCBCB28","name":"Peppers","transform":{"columns":[[0.28042817,-0.010018366,0.95982265,0],[-0.95984995,0.0042764302,0.28048077,0],[-0.0069145937,-0.9999406,-0.008416882,0],[1.5084502,0.17011005,0.3007961,1]]}},"timestamp":1742642118.054109,"label":"ARImageAnchor didUpdate"}]