[{"timestamp":1742632078.9687982,"label":"Application launched"},{"label":"Initialize ARViewModel","timestamp":1742632078.9689112},{"timestamp":1742632078.970675,"label":"Finished Initialize ARViewModel"},{"label":"Initialize RoomManager","timestamp":1742632078.9707441},{"timestamp":1742632078.970758,"label":"Initialize BeaconManager"},{"timestamp":1742632078.970794,"label":"Fininshed Initialize BeaconManager"},{"label":"Fininshed Initialize RoomManager","timestamp":1742632078.970811},{"label":"ContentView Initialize","timestamp":1742632078.970824},{"label":"Initialize ARWorldMapManager","timestamp":1742632078.971857},{"label":"Fininshed Initialize ARWorldMapManager","timestamp":1742632078.971889},{"label":"Tracking Limited","timestamp":1742632079.400745,"content":"Tracking is limited due to: initializing"},{"timestamp":1742632080.240948,"label":"Room Update","content":{"name":"Test Room","id":"3F39F93D-AB52-4382-80AA-E0ED5264C1F0"}},{"timestamp":1742632080.240983,"label":"Downloading WorldMap","content":{"id":"3F39F93D-AB52-4382-80AA-E0ED5264C1F0","name":"Test Room"}},{"timestamp":1742632080.7266312,"content":{"id":"3F39F93D-AB52-4382-80AA-E0ED5264C1F0","name":"Test Room"},"label":"Finished Downloading WorldMap"},{"timestamp":1742632080.866132,"content":"Tracking is limited due to: initializing","label":"Tracking Limited"},{"content":"Tracking is limited due to: relocalizing","timestamp":1742632081.899318,"label":"Tracking Limited"},{"content":{"name":"bunny","identifier":"B08E24AE-6649-4FDC-AC88-299C0F4ABC29","transform":{"columns":[[0.996533,-0.0012840496,-0.083188996,0],[0.0013539256,0.9999986,0.000783564,0],[0.08318789,-0.0008934792,0.99653333,0],[-0.034270495,-0.60270274,-0.31525213,1.0000001]]}},"label":"Bunny didAdd","timestamp":1742632083.394449},{"label":"Bunny didUpdate","timestamp":1742632083.864666,"content":{"identifier":"B08E24AE-6649-4FDC-AC88-299C0F4ABC29","transform":{"columns":[[0.99652475,-0.0011311637,-0.08328969,0],[0.0012247307,0.99999833,0.0010723146,0],[0.08328837,-0.0011705958,0.9965247,0],[-0.034224045,-0.6027027,-0.3153559,1]]},"name":"bunny"}},{"timestamp":1742632083.864715,"label":"Tracking Available","content":{"extent":[2.7465603,5.980116,2.8408394],"center":[-0.05742526,-3.2258382,0.45404088]}},{"timestamp":1742632085.92734,"label":"ARImageAnchor didAdd","content":{"name":"Car","transform":{"columns":[[0.9795753,0.018117648,-0.20025884,0],[0.20018378,0.0058819624,0.9797405,0],[0.018928539,-0.9998185,0.002134993,0],[-0.2939112,-0.676988,0.03816527,0.99999994]]},"identifier":"FF85DBE1-76D3-E459-2D24-8EDCEE263300"}},{"timestamp":1742632085.934583,"label":"ARImageAnchor didUpdate","content":{"transform":{"columns":[[0.9795753,0.018117648,-0.20025884,0],[0.20018378,0.0058819624,0.9797405,0],[0.018928539,-0.9998185,0.002134993,0],[-0.2939112,-0.676988,0.03816527,0.99999994]]},"name":"Car","identifier":"FF85DBE1-76D3-E459-2D24-8EDCEE263300"}},{"content":{"name":"Earth","identifier":"088EF783-5990-B052-BE99-B8AA15BA6C68","transform":{"columns":[[0.971881,0.0032045385,-0.2354502,0],[0.2354522,-0.026190655,0.9715328,0],[-0.0030532838,-0.9996518,-0.026208697,0],[-1.396262,0.58553576,-0.2535375,1]]}},"timestamp":1742632089.127192,"label":"ARImageAnchor didAdd"},{"content":{"transform":{"columns":[[0.971881,0.0032045385,-0.2354502,0],[0.2354522,-0.026190655,0.9715328,0],[-0.0030532838,-0.9996518,-0.026208697,0],[-1.396262,0.58553576,-0.2535375,1]]},"name":"Earth","identifier":"088EF783-5990-B052-BE99-B8AA15BA6C68"},"timestamp":1742632089.135262,"label":"ARImageAnchor didUpdate"},{"label":"ARImageAnchor didUpdate","content":{"transform":{"columns":[[0.96952826,0.007318599,-0.24486949,0],[0.24496001,-0.01657045,0.96939135,0],[0.003036983,-0.99983585,-0.0178583,0],[-1.4105285,0.5916457,-0.2602928,0.99999994]]},"name":"Earth","identifier":"088EF783-5990-B052-BE99-B8AA15BA6C68"},"timestamp":1742632089.636564},{"label":"ARImageAnchor didUpdate","timestamp":1742632089.668586,"content":{"identifier":"088EF783-5990-B052-BE99-B8AA15BA6C68","transform":{"columns":[[0.96952826,0.007318599,-0.24486949,0],[0.24496001,-0.01657045,0.96939135,0],[0.003036983,-0.99983585,-0.0178583,0],[-1.4105285,0.5916457,-0.2602928,0.99999994]]},"name":"Earth"}},{"label":"ARImageAnchor didAdd","content":{"transform":{"columns":[[-0.21865971,-0.012654613,-0.97571903,0],[0.97538775,-0.031935703,-0.21817128,0],[-0.028399395,-0.99940974,0.01932618,0],[0.37068605,-0.67219657,-0.20895544,1.0000001]]},"name":"Lenna","identifier":"6BAD7D5D-D14A-EF93-1C8B-F6BEC80B8329"},"timestamp":1742632093.926917},{"timestamp":1742632093.9354029,"content":{"transform":{"columns":[[-0.21865971,-0.012654613,-0.97571903,0],[0.97538775,-0.031935703,-0.21817128,0],[-0.028399395,-0.99940974,0.01932618,0],[0.37068605,-0.67219657,-0.20895544,1.0000001]]},"name":"Lenna","identifier":"6BAD7D5D-D14A-EF93-1C8B-F6BEC80B8329"},"label":"ARImageAnchor didUpdate"},{"content":{"transform":{"columns":[[-0.22731058,-0.022813082,-0.9735549,0],[0.9736337,-0.024986979,-0.22674349,0],[-0.019153442,-0.9994274,0.02789137,0],[0.3825965,-0.66955054,-0.20191754,1]]},"identifier":"6BAD7D5D-D14A-EF93-1C8B-F6BEC80B8329","name":"Lenna"},"label":"ARImageAnchor didUpdate","timestamp":1742632094.4351249},{"label":"ARImageAnchor didUpdate","content":{"name":"Lenna","identifier":"6BAD7D5D-D14A-EF93-1C8B-F6BEC80B8329","transform":{"columns":[[-0.22731058,-0.022813082,-0.9735549,0],[0.9736337,-0.024986979,-0.22674349,0],[-0.019153442,-0.9994274,0.02789137,0],[0.3825965,-0.66955054,-0.20191754,1]]}},"timestamp":1742632094.466315},{"timestamp":1742632097.1268048,"label":"ARImageAnchor didAdd","content":{"name":"Sailboat","identifier":"C35EAC54-3E90-1B97-807B-5E3B8F238DB7","transform":{"columns":[[0.9747801,0.006730719,-0.22306544,0],[0.22284065,0.024675485,0.9745423,0],[0.012063617,-0.9996728,0.022553287,0],[0.39185935,0.7694329,-0.7029443,1]]}}},{"timestamp":1742632097.132612,"content":{"name":"Sailboat","identifier":"C35EAC54-3E90-1B97-807B-5E3B8F238DB7","transform":{"columns":[[0.9747801,0.006730719,-0.22306544,0],[0.22284065,0.024675485,0.9745423,0],[0.012063617,-0.9996728,0.022553287,0],[0.39185935,0.7694329,-0.7029443,1]]}},"label":"ARImageAnchor didUpdate"},{"label":"ARImageAnchor didAdd","content":{"name":"Mandrill","identifier":"A19C2489-597B-2BED-432C-244B551E75FD","transform":{"columns":[[0.23238355,-0.010423126,0.9725683,0],[-0.9714368,0.046908367,0.23261592,0],[-0.048046213,-0.9988447,0.0007753265,0],[1.2273474,0.79978365,-0.33028346,1]]}},"timestamp":1742632099.2600389},{"label":"ARImageAnchor didUpdate","content":{"transform":{"columns":[[0.23238355,-0.010423126,0.9725683,0],[-0.9714368,0.046908367,0.23261592,0],[-0.048046213,-0.9988447,0.0007753265,0],[1.2273474,0.79978365,-0.33028346,1]]},"name":"Mandrill","identifier":"A19C2489-597B-2BED-432C-244B551E75FD"},"timestamp":1742632099.2691221},{"timestamp":1742632101.9264588,"label":"ARImageAnchor didAdd","content":{"identifier":"61BB3DDD-C96C-6E82-3432-BD712CCBCB28","name":"Peppers","transform":{"columns":[[0.2081706,0.0010009902,0.9780919,0],[-0.9780694,0.0070642517,0.2081586,0],[-0.0067011304,-0.9999745,0.0024496096,0],[1.4669445,0.1832371,0.37143025,1]]}}},{"timestamp":1742632101.935009,"label":"ARImageAnchor didUpdate","content":{"name":"Peppers","transform":{"columns":[[0.2081706,0.0010009902,0.9780919,0],[-0.9780694,0.0070642517,0.2081586,0],[-0.0067011304,-0.9999745,0.0024496096,0],[1.4669445,0.1832371,0.37143025,1]]},"identifier":"61BB3DDD-C96C-6E82-3432-BD712CCBCB28"}},{"label":"ARImageAnchor didUpdate","content":{"transform":{"columns":[[0.23386697,-0.0007612096,0.9722682,0],[-0.9722451,0.006750373,0.23386669,0],[-0.006741195,-0.9999768,0.0008386076,0],[1.4657447,0.18498167,0.3677485,1]]},"name":"Peppers","identifier":"61BB3DDD-C96C-6E82-3432-BD712CCBCB28"},"timestamp":1742632102.967626},{"timestamp":1742632103.001111,"label":"ARImageAnchor didUpdate","content":{"identifier":"61BB3DDD-C96C-6E82-3432-BD712CCBCB28","name":"Peppers","transform":{"columns":[[0.23386697,-0.0007612096,0.9722682,0],[-0.9722451,0.006750373,0.23386669,0],[-0.006741195,-0.9999768,0.0008386076,0],[1.4657447,0.18498167,0.3677485,1]]}}},{"timestamp":1742632111.235877,"content":{"transform":{"columns":[[0.99652475,-0.0011311637,-0.08328969,0],[0.0012247305,0.99999815,0.0010723145,0],[0.08328838,-0.0011705958,0.99652475,0],[-0.034224045,-0.6027027,-0.3153559,1]]},"name":"bunny","identifier":"B08E24AE-6649-4FDC-AC88-299C0F4ABC29"},"label":"Bunny didUpdate"},{"timestamp":1742632115.233715,"label":"ARImageAnchor didUpdate","content":{"name":"Peppers","identifier":"61BB3DDD-C96C-6E82-3432-BD712CCBCB28","transform":{"columns":[[0.23508897,-0.0075997156,0.9719439,0],[-0.97192204,-0.012148796,0.2349887,0],[0.010022101,-0.9998973,-0.010242361,0],[1.4959071,0.17675552,0.37947714,1]]}}},{"content":{"identifier":"61BB3DDD-C96C-6E82-3432-BD712CCBCB28","name":"Peppers","transform":{"columns":[[0.23508897,-0.0075997156,0.9719439,0],[-0.97192204,-0.012148796,0.2349887,0],[0.010022101,-0.9998973,-0.010242361,0],[1.4959071,0.17675552,0.37947714,1]]}},"timestamp":1742632115.268496,"label":"ARImageAnchor didUpdate"},{"label":"ARImageAnchor didUpdate","timestamp":1742632119.499285,"content":{"identifier":"A19C2489-597B-2BED-432C-244B551E75FD","name":"Mandrill","transform":{"columns":[[0.24154525,-0.011821919,0.9703174,0],[-0.9690232,0.05010264,0.24183346,0],[-0.051474404,-0.99867404,0.00064632524,0],[1.2504815,0.79848677,-0.32187444,1]]}}},{"content":{"transform":{"columns":[[0.24154525,-0.011821919,0.9703174,0],[-0.9690232,0.05010264,0.24183346,0],[-0.051474404,-0.99867404,0.00064632524,0],[1.2504815,0.79848677,-0.32187444,1]]},"name":"Mandrill","identifier":"A19C2489-597B-2BED-432C-244B551E75FD"},"label":"ARImageAnchor didUpdate","timestamp":1742632119.5332398}]