[{"label":"Application launched","timestamp":1742655103.0314},{"timestamp":1742655103.0317469,"label":"Initialize ARViewModel"},{"timestamp":1742655103.033509,"label":"Finished Initialize ARViewModel"},{"timestamp":1742655103.033547,"label":"Initialize RoomManager"},{"label":"Initialize BeaconManager","timestamp":1742655103.0335522},{"label":"Fininshed Initialize BeaconManager","timestamp":1742655103.033568},{"label":"Fininshed Initialize RoomManager","timestamp":1742655103.033572},{"timestamp":1742655103.033576,"label":"ContentView Initialize"},{"timestamp":1742655103.040478,"label":"Initialize ARWorldMapManager"},{"label":"Fininshed Initialize ARWorldMapManager","timestamp":1742655103.040512},{"timestamp":1742655103.056059,"label":"Tracking Limited","content":"Tracking is limited due to: initializing"},{"content":"Tracking is limited due to: initializing","timestamp":1742655103.123954,"label":"Tracking Limited"},{"label":"Room Update","content":{"id":"3F39F93D-AB52-4382-80AA-E0ED5264C1F0","name":"Test Room"},"timestamp":1742655104.471305},{"label":"Downloading WorldMap","content":{"id":"3F39F93D-AB52-4382-80AA-E0ED5264C1F0","name":"Test Room"},"timestamp":1742655104.471334},{"timestamp":1742655105.070148,"content":{"name":"Test Room","id":"3F39F93D-AB52-4382-80AA-E0ED5264C1F0"},"label":"Finished Downloading WorldMap"},{"label":"Tracking Limited","content":"Tracking is limited due to: initializing","timestamp":1742655105.2413},{"timestamp":1742655106.339943,"content":"Tracking is limited due to: relocalizing","label":"Tracking Limited"},{"timestamp":1742655108.011684,"content":{"identifier":"B08E24AE-6649-4FDC-AC88-299C0F4ABC29","transform":{"columns":[[0.99652475,-0.0011311637,-0.08328969,0],[0.0012247307,0.99999833,0.0010723146,0],[0.08328837,-0.0011705958,0.9965247,0],[-0.034224045,-0.6027027,-0.3153559,1]]},"name":"bunny"},"label":"Bunny didAdd"},{"timestamp":1742655108.055284,"label":"Tracking Available","content":{"center":[0.017977595,-3.4131691,0.45404088],"extent":[2.897366,6.354778,2.8408394]}},{"content":{"name":"bunny","transform":{"columns":[[0.99652475,-0.0011311637,-0.08328969,0],[0.0012247305,0.99999815,0.0010723145,0],[0.08328838,-0.0011705958,0.99652475,0],[-0.034224045,-0.6027027,-0.3153559,1]]},"identifier":"B08E24AE-6649-4FDC-AC88-299C0F4ABC29"},"timestamp":1742655108.055305,"label":"Bunny didUpdate"},{"timestamp":1742655110.7833781,"label":"ARImageAnchor didAdd","content":{"transform":{"columns":[[0.9776409,0.0143702375,-0.20978932,0],[0.20955385,0.016312405,0.9776609,0],[0.017471379,-0.9997635,0.012936334,0],[-0.28203845,-0.6528677,0.044868737,1]]},"name":"Car","identifier":"FF85DBE1-76D3-E459-2D24-8EDCEE263300"}},{"label":"ARImageAnchor didUpdate","timestamp":1742655110.7973409,"content":{"name":"Car","identifier":"FF85DBE1-76D3-E459-2D24-8EDCEE263300","transform":{"columns":[[0.9776409,0.0143702375,-0.20978932,0],[0.20955385,0.016312405,0.9776609,0],[0.017471379,-0.9997635,0.012936334,0],[-0.28203845,-0.6528677,0.044868737,1]]}}},{"label":"ARImageAnchor didAdd","content":{"name":"Earth","identifier":"088EF783-5990-B052-BE99-B8AA15BA6C68","transform":{"columns":[[0.9680364,0.00043517313,-0.25080863,0],[0.25080308,-0.008565778,0.9680001,0],[-0.001727124,-0.9999631,-0.008401131,0],[-1.4030243,0.6078872,-0.2436647,1]]}},"timestamp":1742655113.916662},{"label":"ARImageAnchor didUpdate","timestamp":1742655113.940582,"content":{"transform":{"columns":[[0.9680364,0.00043517313,-0.25080863,0],[0.25080308,-0.008565778,0.9680001,0],[-0.001727124,-0.9999631,-0.008401131,0],[-1.4030243,0.6078872,-0.2436647,1]]},"identifier":"088EF783-5990-B052-BE99-B8AA15BA6C68","name":"Earth"}},{"timestamp":1742655117.0850549,"content":{"identifier":"C35EAC54-3E90-1B97-807B-5E3B8F238DB7","transform":{"columns":[[0.96769834,0.004015051,-0.2520783,0],[0.25206694,0.0031256136,0.96770453,0],[0.0046732873,-0.99998695,0.002012576,0],[0.3759498,0.7856549,-0.7000903,1]]},"name":"Sailboat"},"label":"ARImageAnchor didAdd"},{"label":"ARImageAnchor didUpdate","content":{"name":"Sailboat","identifier":"C35EAC54-3E90-1B97-807B-5E3B8F238DB7","transform":{"columns":[[0.96769834,0.004015051,-0.2520783,0],[0.25206694,0.0031256136,0.96770453,0],[0.0046732873,-0.99998695,0.002012576,0],[0.3759498,0.7856549,-0.7000903,1]]}},"timestamp":1742655117.0908298},{"content":{"identifier":"6BAD7D5D-D14A-EF93-1C8B-F6BEC80B8329","transform":{"columns":[[-0.2198268,-0.032667298,-0.9749917,0],[0.97550666,0.00075587165,-0.21996823,0],[0.00792271,-0.99946594,0.031701,0],[0.37052178,-0.656736,-0.18567847,1]]},"name":"Lenna"},"timestamp":1742655119.170789,"label":"ARImageAnchor didAdd"},{"label":"ARImageAnchor didUpdate","content":{"identifier":"6BAD7D5D-D14A-EF93-1C8B-F6BEC80B8329","transform":{"columns":[[-0.2198268,-0.032667298,-0.9749917,0],[0.97550666,0.00075587165,-0.21996823,0],[0.00792271,-0.99946594,0.031701,0],[0.37052178,-0.656736,-0.18567847,1]]},"name":"Lenna"},"timestamp":1742655119.173884},{"label":"ARImageAnchor didUpdate","content":{"identifier":"6BAD7D5D-D14A-EF93-1C8B-F6BEC80B8329","transform":{"columns":[[-0.22510153,-0.037372224,-0.97361815,0],[0.97433144,-0.0058727115,-0.22504105,0],[0.002692498,-0.999284,0.037734874,0],[0.37030178,-0.65069264,-0.18162708,0.99999994]]},"name":"Lenna"},"timestamp":1742655119.7016711},{"timestamp":1742655119.707469,"content":{"transform":{"columns":[[-0.22510153,-0.037372224,-0.97361815,0],[0.97433144,-0.0058727115,-0.22504105,0],[0.002692498,-0.999284,0.037734874,0],[0.37030178,-0.65069264,-0.18162708,0.99999994]]},"name":"Lenna","identifier":"6BAD7D5D-D14A-EF93-1C8B-F6BEC80B8329"},"label":"ARImageAnchor didUpdate"},{"label":"ARImageAnchor didAdd","timestamp":1742655121.834517,"content":{"identifier":"A19C2489-597B-2BED-432C-244B551E75FD","transform":{"columns":[[0.23800956,-0.014073462,0.97116077,0],[-0.97017616,0.043837644,0.23840354,0],[-0.04592857,-0.9989395,-0.0032199617,0],[1.2290268,0.8027906,-0.33454803,1]]},"name":"Mandrill"}},{"timestamp":1742655121.838739,"label":"ARImageAnchor didUpdate","content":{"transform":{"columns":[[0.23800956,-0.014073462,0.97116077,0],[-0.97017616,0.043837644,0.23840354,0],[-0.04592857,-0.9989395,-0.0032199617,0],[1.2290268,0.8027906,-0.33454803,1]]},"identifier":"A19C2489-597B-2BED-432C-244B551E75FD","name":"Mandrill"}},{"content":{"name":"Mandrill","transform":{"columns":[[0.25471932,-0.014060939,0.9669126,0],[-0.96563053,0.049786773,0.25510547,0],[-0.051726483,-0.9986608,-0.0008960228,0],[1.2265205,0.80478394,-0.32002163,1]]},"identifier":"A19C2489-597B-2BED-432C-244B551E75FD"},"timestamp":1742655122.368187,"label":"ARImageAnchor didUpdate"},{"timestamp":1742655122.3751779,"content":{"name":"Mandrill","transform":{"columns":[[0.25471932,-0.014060939,0.9669126,0],[-0.96563053,0.049786773,0.25510547,0],[-0.051726483,-0.9986608,-0.0008960228,0],[1.2265205,0.80478394,-0.32002163,1]]},"identifier":"A19C2489-597B-2BED-432C-244B551E75FD"},"label":"ARImageAnchor didUpdate"},{"label":"ARImageAnchor didAdd","timestamp":1742655124.4514241,"content":{"name":"Peppers","identifier":"61BB3DDD-C96C-6E82-3432-BD712CCBCB28","transform":{"columns":[[0.2557081,-0.008185196,0.96671927,0],[-0.96674776,-0.005733518,0.25566712,0],[0.003450024,-0.99995,-0.009379132,0],[1.4770315,0.1872775,0.36787385,1]]}}},{"timestamp":1742655124.4845982,"label":"ARImageAnchor didUpdate","content":{"identifier":"61BB3DDD-C96C-6E82-3432-BD712CCBCB28","name":"Peppers","transform":{"columns":[[0.2557081,-0.008185196,0.96671927,0],[-0.96674776,-0.005733518,0.25566712,0],[0.003450024,-0.99995,-0.009379132,0],[1.4770315,0.1872775,0.36787385,1]]}}}]