[{"timestamp":1742637804.8346229,"label":"Application launched"},{"label":"Initialize ARViewModel","timestamp":1742637804.834787},{"timestamp":1742637804.836205,"label":"Finished Initialize ARViewModel"},{"timestamp":1742637804.836247,"label":"Initialize RoomManager"},{"timestamp":1742637804.836251,"label":"Initialize BeaconManager"},{"timestamp":1742637804.836272,"label":"Fininshed Initialize BeaconManager"},{"timestamp":1742637804.836277,"label":"Fininshed Initialize RoomManager"},{"label":"ContentView Initialize","timestamp":1742637804.8362808},{"label":"Initialize ARWorldMapManager","timestamp":1742637804.837},{"label":"Fininshed Initialize ARWorldMapManager","timestamp":1742637804.837013},{"timestamp":1742637804.966106,"label":"Tracking Not Available"},{"timestamp":1742637804.9852061,"label":"Tracking Limited","content":"Tracking is limited due to: initializing"},{"timestamp":1742637806.223583,"content":{"name":"Test Room","id":"3F39F93D-AB52-4382-80AA-E0ED5264C1F0"},"label":"Room Update"},{"timestamp":1742637806.2236161,"label":"Downloading WorldMap","content":{"name":"Test Room","id":"3F39F93D-AB52-4382-80AA-E0ED5264C1F0"}},{"timestamp":1742637806.7712731,"label":"Finished Downloading WorldMap","content":{"name":"Test Room","id":"3F39F93D-AB52-4382-80AA-E0ED5264C1F0"}},{"label":"Tracking Limited","content":"Tracking is limited due to: initializing","timestamp":1742637806.935431},{"content":"Tracking is limited due to: relocalizing","timestamp":1742637808.000307,"label":"Tracking Limited"},{"label":"Bunny didAdd","content":{"name":"bunny","identifier":"B08E24AE-6649-4FDC-AC88-299C0F4ABC29","transform":{"columns":[[0.99652475,-0.0011311637,-0.08328969,0],[0.0012247307,0.99999833,0.0010723146,0],[0.08328837,-0.0011705958,0.9965247,0],[-0.034224045,-0.6027027,-0.3153559,1]]}},"timestamp":1742637809.829924},{"timestamp":1742637809.8633351,"content":{"extent":[3.0204358,6.354778,3.467813],"center":[0.07951248,-3.4131691,0.14055407]},"label":"Tracking Available"},{"content":{"identifier":"B08E24AE-6649-4FDC-AC88-299C0F4ABC29","name":"bunny","transform":{"columns":[[0.99652475,-0.0011311637,-0.08328969,0],[0.0012247305,0.99999815,0.0010723145,0],[0.08328838,-0.0011705958,0.99652475,0],[-0.034224045,-0.6027027,-0.3153559,1]]}},"label":"Bunny didUpdate","timestamp":1742637809.863419},{"timestamp":1742637811.46029,"label":"ARImageAnchor didAdd","content":{"name":"Car","transform":{"columns":[[0.9738205,0.010903142,-0.22705616,0],[0.2270291,0.0036688314,0.97388095,0],[0.011451402,-0.9999338,0.0010974826,0],[-0.2666035,-0.6507082,0.07285893,1]]},"identifier":"FF85DBE1-76D3-E459-2D24-8EDCEE263300"}},{"timestamp":1742637811.471581,"content":{"identifier":"FF85DBE1-76D3-E459-2D24-8EDCEE263300","name":"Car","transform":{"columns":[[0.9738205,0.010903142,-0.22705616,0],[0.2270291,0.0036688314,0.97388095,0],[0.011451402,-0.9999338,0.0010974826,0],[-0.2666035,-0.6507082,0.07285893,1]]}},"label":"ARImageAnchor didUpdate"},{"content":{"name":"Car","identifier":"FF85DBE1-76D3-E459-2D24-8EDCEE263300","transform":{"columns":[[0.9739301,0.0025005508,-0.22683363,0],[0.22683983,-0.0025483558,0.97392863,0],[0.0018573037,-0.99999356,-0.003049159,0],[-0.27072692,-0.6526806,0.05441287,0.99999994]]}},"label":"ARImageAnchor didUpdate","timestamp":1742637811.969736},{"content":{"identifier":"FF85DBE1-76D3-E459-2D24-8EDCEE263300","name":"Car","transform":{"columns":[[0.9739301,0.0025005508,-0.22683363,0],[0.22683983,-0.0025483558,0.97392863,0],[0.0018573037,-0.99999356,-0.003049159,0],[-0.27072692,-0.6526806,0.05441287,0.99999994]]}},"timestamp":1742637812.00383,"label":"ARImageAnchor didUpdate"},{"content":{"name":"Earth","identifier":"088EF783-5990-B052-BE99-B8AA15BA6C68","transform":{"columns":[[0.9613596,-0.003848746,-0.27526858,0],[0.2750781,-0.026299823,0.96106195,0],[-0.010938397,-0.99964666,-0.024224883,0],[-1.3825401,0.6032761,-0.20760377,1]]}},"timestamp":1742637814.576952,"label":"ARImageAnchor didAdd"},{"timestamp":1742637814.601557,"content":{"transform":{"columns":[[0.9613596,-0.003848746,-0.27526858,0],[0.2750781,-0.026299823,0.96106195,0],[-0.010938397,-0.99964666,-0.024224883,0],[-1.3825401,0.6032761,-0.20760377,1]]},"identifier":"088EF783-5990-B052-BE99-B8AA15BA6C68","name":"Earth"},"label":"ARImageAnchor didUpdate"},{"content":{"name":"Lenna","identifier":"6BAD7D5D-D14A-EF93-1C8B-F6BEC80B8329","transform":{"columns":[[-0.19002174,-0.03375428,-0.9811993,0],[0.98141617,-0.033725057,-0.18890353,0],[-0.026714694,-0.9988609,0.0395355,0],[0.39590177,-0.664715,-0.20588207,1]]}},"timestamp":1742637818.760023,"label":"ARImageAnchor didAdd"},{"label":"ARImageAnchor didUpdate","content":{"name":"Lenna","transform":{"columns":[[-0.19002174,-0.03375428,-0.9811993,0],[0.98141617,-0.033725057,-0.18890353,0],[-0.026714694,-0.9988609,0.0395355,0],[0.39590177,-0.664715,-0.20588207,1]]},"identifier":"6BAD7D5D-D14A-EF93-1C8B-F6BEC80B8329"},"timestamp":1742637818.770215},{"timestamp":1742637820.9100308,"label":"ARImageAnchor didAdd","content":{"identifier":"C35EAC54-3E90-1B97-807B-5E3B8F238DB7","name":"Sailboat","transform":{"columns":[[0.9646009,0.006535773,-0.2636322,0],[0.26365036,-0.002075548,0.96461576,0],[0.0057573193,-0.9999763,-0.0037252335,0],[0.35301968,0.78646713,-0.7075461,0.9999999]]}}},{"label":"ARImageAnchor didUpdate","content":{"name":"Sailboat","identifier":"C35EAC54-3E90-1B97-807B-5E3B8F238DB7","transform":{"columns":[[0.9646009,0.006535773,-0.2636322,0],[0.26365036,-0.002075548,0.96461576,0],[0.0057573193,-0.9999763,-0.0037252335,0],[0.35301968,0.78646713,-0.7075461,0.9999999]]}},"timestamp":1742637820.927784},{"label":"ARImageAnchor didUpdate","timestamp":1742637821.4348168,"content":{"transform":{"columns":[[0.96413666,-0.00014086076,-0.26540568,0],[0.26527816,0.031513195,0.96365666,0],[0.008228043,-0.9995034,0.030420402,0],[0.37441334,0.7760926,-0.7020674,1]]},"name":"Sailboat","identifier":"C35EAC54-3E90-1B97-807B-5E3B8F238DB7"}},{"label":"ARImageAnchor didUpdate","content":{"identifier":"C35EAC54-3E90-1B97-807B-5E3B8F238DB7","name":"Sailboat","transform":{"columns":[[0.96413666,-0.00014086076,-0.26540568,0],[0.26527816,0.031513195,0.96365666,0],[0.008228043,-0.9995034,0.030420402,0],[0.37441334,0.7760926,-0.7020674,1]]}},"timestamp":1742637821.4611049},{"content":{"identifier":"A19C2489-597B-2BED-432C-244B551E75FD","name":"Mandrill","transform":{"columns":[[0.26135036,-0.01870197,0.9650626,0],[-0.9639563,0.046566267,0.26195312,0],[-0.049838427,-0.99873996,-0.0058577736,0],[1.2633408,0.81033033,-0.32004032,0.9999999]]}},"label":"ARImageAnchor didAdd","timestamp":1742637823.027813},{"content":{"name":"Mandrill","identifier":"A19C2489-597B-2BED-432C-244B551E75FD","transform":{"columns":[[0.26135036,-0.01870197,0.9650626,0],[-0.9639563,0.046566267,0.26195312,0],[-0.049838427,-0.99873996,-0.0058577736,0],[1.2633408,0.81033033,-0.32004032,0.9999999]]}},"timestamp":1742637823.061415,"label":"ARImageAnchor didUpdate"},{"content":{"name":"Peppers","identifier":"61BB3DDD-C96C-6E82-3432-BD712CCBCB28","transform":{"columns":[[0.26031223,-0.0065921717,0.9655019,0],[-0.9654583,-0.013473025,0.2602084,0],[0.011292894,-0.9998874,-0.009871655,0],[1.487554,0.18700592,0.35786796,0.99999994]]}},"label":"ARImageAnchor didAdd","timestamp":1742637824.62643},{"content":{"identifier":"61BB3DDD-C96C-6E82-3432-BD712CCBCB28","name":"Peppers","transform":{"columns":[[0.26031223,-0.0065921717,0.9655019,0],[-0.9654583,-0.013473025,0.2602084,0],[0.011292894,-0.9998874,-0.009871655,0],[1.487554,0.18700592,0.35786796,0.99999994]]}},"timestamp":1742637824.6341581,"label":"ARImageAnchor didUpdate"}]