[{"timestamp":1742663379.087453,"label":"Application launched"},{"timestamp":1742663379.0875568,"label":"Initialize ARViewModel"},{"timestamp":1742663379.088486,"label":"Finished Initialize ARViewModel"},{"label":"Initialize RoomManager","timestamp":1742663379.0884972},{"timestamp":1742663379.088501,"label":"Initialize BeaconManager"},{"timestamp":1742663379.088516,"label":"Fininshed Initialize BeaconManager"},{"label":"Fininshed Initialize RoomManager","timestamp":1742663379.088521},{"label":"ContentView Initialize","timestamp":1742663379.088526},{"timestamp":1742663379.08888,"label":"Initialize ARWorldMapManager"},{"label":"Fininshed Initialize ARWorldMapManager","timestamp":1742663379.088898},{"label":"Tracking Limited","content":"Tracking is limited due to: initializing","timestamp":1742663379.46822},{"label":"Room Update","content":{"id":"3F39F93D-AB52-4382-80AA-E0ED5264C1F0","name":"Test Room"},"timestamp":1742663380.389674},{"content":{"id":"3F39F93D-AB52-4382-80AA-E0ED5264C1F0","name":"Test Room"},"timestamp":1742663380.389714,"label":"Downloading WorldMap"},{"timestamp":1742663380.952292,"label":"Finished Downloading WorldMap","content":{"id":"3F39F93D-AB52-4382-80AA-E0ED5264C1F0","name":"Test Room"}},{"content":"Tracking is limited due to: initializing","timestamp":1742663381.117734,"label":"Tracking Limited"},{"content":"Tracking is limited due to: relocalizing","timestamp":1742663382.2006412,"label":"Tracking Limited"},{"content":{"identifier":"B08E24AE-6649-4FDC-AC88-299C0F4ABC29","name":"bunny","transform":{"columns":[[0.99652475,-0.0011311637,-0.08328969,0],[0.0012247307,0.99999833,0.0010723146,0],[0.08328837,-0.0011705958,0.9965247,0],[-0.034224045,-0.6027027,-0.3153559,1]]}},"label":"Bunny didAdd","timestamp":1742663421.509502},{"timestamp":1742663421.979516,"label":"Bunny didUpdate","content":{"name":"bunny","transform":{"columns":[[0.99652475,-0.0011311637,-0.08328969,0],[0.0012247305,0.99999815,0.0010723145,0],[0.08328838,-0.0011705958,0.99652475,0],[-0.034224045,-0.6027027,-0.3153559,1]]},"identifier":"B08E24AE-6649-4FDC-AC88-299C0F4ABC29"}},{"content":{"center":[0.21084726,-3.215838,0.4619192],"extent":[3.2831054,6.74944,2.8250825]},"timestamp":1742663421.979536,"label":"Tracking Available"},{"timestamp":1742663425.4091291,"label":"ARImageAnchor didAdd","content":{"identifier":"FF85DBE1-76D3-E459-2D24-8EDCEE263300","name":"Car","transform":{"columns":[[0.97491926,0.0041666767,-0.22251922,0],[0.22255756,-0.015879473,0.97479004,0],[0.0005281639,-0.9998651,-0.016408514,0],[-0.27826142,-0.6510847,0.04543528,1]]}}},{"timestamp":1742663425.419523,"label":"ARImageAnchor didUpdate","content":{"identifier":"FF85DBE1-76D3-E459-2D24-8EDCEE263300","name":"Car","transform":{"columns":[[0.97491926,0.0041666767,-0.22251922,0],[0.22255756,-0.015879473,0.97479004,0],[0.0005281639,-0.9998651,-0.016408514,0],[-0.27826142,-0.6510847,0.04543528,1]]}}},{"timestamp":1742663428.5091329,"label":"ARImageAnchor didAdd","content":{"transform":{"columns":[[0.9613806,-0.00643799,-0.27514637,0],[0.27461946,-0.043659877,0.9605611,0],[-0.018196939,-0.99902564,-0.04020576,0],[-1.3801644,0.6009508,-0.21965337,0.99999994]]},"identifier":"088EF783-5990-B052-BE99-B8AA15BA6C68","name":"Earth"}},{"label":"ARImageAnchor didUpdate","timestamp":1742663428.515151,"content":{"transform":{"columns":[[0.9613806,-0.00643799,-0.27514637,0],[0.27461946,-0.043659877,0.9605611,0],[-0.018196939,-0.99902564,-0.04020576,0],[-1.3801644,0.6009508,-0.21965337,0.99999994]]},"name":"Earth","identifier":"088EF783-5990-B052-BE99-B8AA15BA6C68"}},{"timestamp":1742663432.688418,"content":{"transform":{"columns":[[0.99652475,-0.0011311637,-0.08328969,0],[0.0012247302,0.999998,0.0010723142,0],[0.08328838,-0.001170596,0.9965248,0],[-0.034224045,-0.6027027,-0.3153559,1]]},"name":"bunny","identifier":"B08E24AE-6649-4FDC-AC88-299C0F4ABC29"},"label":"Bunny didUpdate"},{"content":{"identifier":"B08E24AE-6649-4FDC-AC88-299C0F4ABC29","transform":{"columns":[[0.9963633,-0.0011311637,-0.085198656,0],[0.001226782,0.9999978,0.0010699655,0],[0.085197344,-0.0011705959,0.99636334,0],[-0.034012776,-0.6035109,-0.31700948,1]]},"name":"bunny"},"label":"Bunny didUpdate","timestamp":1742663432.9876962},{"content":{"identifier":"6BAD7D5D-D14A-EF93-1C8B-F6BEC80B8329","name":"Lenna","transform":{"columns":[[-0.23173834,-0.042416465,-0.9718529,0],[0.9703276,-0.08094525,-0.2278418,0],[-0.06900266,-0.9958155,0.05991599,0],[0.37360477,-0.66248477,-0.21082121,1]]}},"timestamp":1742663434.742101,"label":"ARImageAnchor didAdd"},{"timestamp":1742663434.749813,"label":"ARImageAnchor didUpdate","content":{"transform":{"columns":[[-0.23173834,-0.042416465,-0.9718529,0],[0.9703276,-0.08094525,-0.2278418,0],[-0.06900266,-0.9958155,0.05991599,0],[0.37360477,-0.66248477,-0.21082121,1]]},"name":"Lenna","identifier":"6BAD7D5D-D14A-EF93-1C8B-F6BEC80B8329"}},{"timestamp":1742663437.842297,"label":"ARImageAnchor didAdd","content":{"transform":{"columns":[[0.9628713,-0.0030661568,-0.26994288,0],[0.2698279,-0.02037982,0.9626927,0],[-0.008453155,-0.99978757,-0.018795809,0],[0.3807351,0.7470516,-0.7135093,1]]},"identifier":"C35EAC54-3E90-1B97-807B-5E3B8F238DB7","name":"Sailboat"}},{"content":{"transform":{"columns":[[0.9628713,-0.0030661568,-0.26994288,0],[0.2698279,-0.02037982,0.9626927,0],[-0.008453155,-0.99978757,-0.018795809,0],[0.3807351,0.7470516,-0.7135093,1]]},"identifier":"C35EAC54-3E90-1B97-807B-5E3B8F238DB7","name":"Sailboat"},"timestamp":1742663437.849874,"label":"ARImageAnchor didUpdate"},{"timestamp":1742663439.908802,"label":"ARImageAnchor didAdd","content":{"name":"Mandrill","identifier":"A19C2489-597B-2BED-432C-244B551E75FD","transform":{"columns":[[0.26503816,-0.014514496,0.96412855,0],[-0.963273,0.040731616,0.26541618,0],[-0.0431229,-0.9990646,-0.0031859865,0],[1.2228324,0.7804913,-0.36419302,0.99999994]]}}},{"label":"ARImageAnchor didUpdate","content":{"name":"Mandrill","transform":{"columns":[[0.26503816,-0.014514496,0.96412855,0],[-0.963273,0.040731616,0.26541618,0],[-0.0431229,-0.9990646,-0.0031859865,0],[1.2228324,0.7804913,-0.36419302,0.99999994]]},"identifier":"A19C2489-597B-2BED-432C-244B551E75FD"},"timestamp":1742663439.916661},{"timestamp":1742663441.975276,"label":"ARImageAnchor didAdd","content":{"name":"Peppers","transform":{"columns":[[0.27492505,-0.0066432543,0.9614425,0],[-0.9614152,-0.012128423,0.27483344,0],[0.009834962,-0.99990433,-0.009721335,0],[1.4877148,0.16195539,0.32588226,0.9999999]]},"identifier":"61BB3DDD-C96C-6E82-3432-BD712CCBCB28"}},{"timestamp":1742663441.9834929,"label":"ARImageAnchor didUpdate","content":{"identifier":"61BB3DDD-C96C-6E82-3432-BD712CCBCB28","transform":{"columns":[[0.27492505,-0.0066432543,0.9614425,0],[-0.9614152,-0.012128423,0.27483344,0],[0.009834962,-0.99990433,-0.009721335,0],[1.4877148,0.16195539,0.32588226,0.9999999]]},"name":"Peppers"}}]