[{"timestamp":1742577354.523041,"label":"Application launched"},{"label":"Initialize ARViewModel","timestamp":1742577354.523274},{"timestamp":1742577354.524481,"label":"Finished Initialize ARViewModel"},{"label":"Initialize RoomManager","timestamp":1742577354.5245051},{"timestamp":1742577354.52451,"label":"Initialize BeaconManager"},{"timestamp":1742577354.5245218,"label":"Fininshed Initialize BeaconManager"},{"label":"Fininshed Initialize RoomManager","timestamp":1742577354.5245261},{"label":"ContentView Initialize","timestamp":1742577354.524531},{"timestamp":1742577354.524905,"label":"Initialize ARWorldMapManager"},{"timestamp":1742577354.5249119,"label":"Fininshed Initialize ARWorldMapManager"},{"label":"Tracking Limited","content":"Tracking is limited due to: initializing","timestamp":1742577354.983642},{"label":"Room Update","content":{"id":"3F39F93D-AB52-4382-80AA-E0ED5264C1F0","name":"Test Room"},"timestamp":1742577355.827746},{"content":{"id":"3F39F93D-AB52-4382-80AA-E0ED5264C1F0","name":"Test Room"},"timestamp":1742577355.827787,"label":"Downloading WorldMap"},{"timestamp":1742577356.358314,"content":{"id":"3F39F93D-AB52-4382-80AA-E0ED5264C1F0","name":"Test Room"},"label":"Finished Downloading WorldMap"},{"label":"Tracking Limited","content":"Tracking is limited due to: initializing","timestamp":1742577356.514178},{"timestamp":1742577357.547449,"label":"Tracking Limited","content":"Tracking is limited due to: relocalizing"},{"timestamp":1742577358.842352,"label":"Bunny didAdd","content":{"transform":{"columns":[[0.996533,-0.0012840496,-0.083188996,0],[0.0013539256,0.9999986,0.000783564,0],[0.08318789,-0.0008934792,0.99653333,0],[-0.034270495,-0.60270274,-0.31525213,1.0000001]]},"identifier":"B08E24AE-6649-4FDC-AC88-299C0F4ABC29","name":"bunny"}},{"timestamp":1742577359.310519,"label":"Bunny didUpdate","content":{"name":"bunny","identifier":"B08E24AE-6649-4FDC-AC88-299C0F4ABC29","transform":{"columns":[[0.99652475,-0.0011311637,-0.08328969,0],[0.0012247307,0.99999833,0.0010723146,0],[0.08328837,-0.0011705958,0.9965247,0],[-0.034224045,-0.6027027,-0.3153559,1]]}}},{"timestamp":1742577359.310554,"label":"Tracking Available","content":{"extent":[2.74614,5.980116,3.6420066],"center":[-0.057635427,-3.2258382,0.05345714]}},{"timestamp":1742577363.175164,"label":"ARImageAnchor didAdd","content":{"identifier":"088EF783-5990-B052-BE99-B8AA15BA6C68","name":"Earth","transform":{"columns":[[0.9658761,-0.001964014,-0.25899658,0],[0.2588555,-0.026538314,0.96555126,0],[-0.008769694,-0.99964577,-0.025124332,0],[-1.3612099,0.5856103,-0.19883259,1]]}}},{"content":{"name":"Earth","identifier":"088EF783-5990-B052-BE99-B8AA15BA6C68","transform":{"columns":[[0.9658761,-0.001964014,-0.25899658,0],[0.2588555,-0.026538314,0.96555126,0],[-0.008769694,-0.99964577,-0.025124332,0],[-1.3612099,0.5856103,-0.19883259,1]]}},"timestamp":1742577363.1837602,"label":"ARImageAnchor didUpdate"},{"label":"ARImageAnchor didUpdate","content":{"identifier":"088EF783-5990-B052-BE99-B8AA15BA6C68","name":"Earth","transform":{"columns":[[0.95712787,0.0042547476,-0.28963393,0],[0.28966463,-0.012140696,0.9570511,0],[0.0005556515,-0.9999172,-0.012852649,0],[-1.36838,0.58848286,-0.20238018,1.0000001]]}},"timestamp":1742577363.680615},{"label":"ARImageAnchor didUpdate","content":{"identifier":"088EF783-5990-B052-BE99-B8AA15BA6C68","name":"Earth","transform":{"columns":[[0.95712787,0.0042547476,-0.28963393,0],[0.28966463,-0.012140696,0.9570511,0],[0.0005556515,-0.9999172,-0.012852649,0],[-1.36838,0.58848286,-0.20238018,1.0000001]]}},"timestamp":1742577363.716083},{"content":{"name":"Earth","transform":{"columns":[[0.9604634,0.0033963819,-0.27838522,0],[0.2784059,-0.011939999,0.9603892,0],[-6.207116e-05,-0.9999229,-0.012413508,0],[-1.3901681,0.60022616,-0.2198656,1]]},"identifier":"088EF783-5990-B052-BE99-B8AA15BA6C68"},"label":"ARImageAnchor didUpdate","timestamp":1742577364.24893},{"timestamp":1742577364.2827501,"label":"ARImageAnchor didUpdate","content":{"transform":{"columns":[[0.9604634,0.0033963819,-0.27838522,0],[0.2784059,-0.011939999,0.9603892,0],[-6.207116e-05,-0.9999229,-0.012413508,0],[-1.3901681,0.60022616,-0.2198656,1]]},"name":"Earth","identifier":"088EF783-5990-B052-BE99-B8AA15BA6C68"}},{"label":"ARImageAnchor didAdd","content":{"identifier":"FF85DBE1-76D3-E459-2D24-8EDCEE263300","name":"Car","transform":{"columns":[[0.9727974,0.010224196,-0.23143113,0],[0.23139094,0.004970135,0.972848,0],[0.011096824,-0.9999354,0.00246915,0],[-0.2782376,-0.6684325,0.042415917,1.0000001]]}},"timestamp":1742577366.908189},{"content":{"identifier":"FF85DBE1-76D3-E459-2D24-8EDCEE263300","transform":{"columns":[[0.9727974,0.010224196,-0.23143113,0],[0.23139094,0.004970135,0.972848,0],[0.011096824,-0.9999354,0.00246915,0],[-0.2782376,-0.6684325,0.042415917,1.0000001]]},"name":"Car"},"timestamp":1742577366.950818,"label":"ARImageAnchor didUpdate"},{"content":{"transform":{"columns":[[-0.23693553,-0.028731268,-0.9711003,0],[0.97150797,-0.012970394,-0.23665126,0],[-0.005796251,-0.99950296,0.030985838,0],[0.39543283,-0.67284846,-0.21076609,0.99999994]]},"identifier":"6BAD7D5D-D14A-EF93-1C8B-F6BEC80B8329","name":"Lenna"},"label":"ARImageAnchor didAdd","timestamp":1742577371.2411041},{"timestamp":1742577371.248231,"label":"ARImageAnchor didUpdate","content":{"name":"Lenna","identifier":"6BAD7D5D-D14A-EF93-1C8B-F6BEC80B8329","transform":{"columns":[[-0.23693553,-0.028731268,-0.9711003,0],[0.97150797,-0.012970394,-0.23665126,0],[-0.005796251,-0.99950296,0.030985838,0],[0.39543283,-0.67284846,-0.21076609,0.99999994]]}}},{"timestamp":1742577372.816385,"label":"ARImageAnchor didUpdate","content":{"identifier":"6BAD7D5D-D14A-EF93-1C8B-F6BEC80B8329","transform":{"columns":[[-0.24888293,-0.03010001,-0.9680656,0],[0.9685185,-0.013276939,-0.2485866,0],[-0.005370499,-0.9994586,0.032456793,0],[0.39736527,-0.66880226,-0.20944676,1]]},"name":"Lenna"}},{"content":{"identifier":"6BAD7D5D-D14A-EF93-1C8B-F6BEC80B8329","name":"Lenna","transform":{"columns":[[-0.24888293,-0.03010001,-0.9680656,0],[0.9685185,-0.013276939,-0.2485866,0],[-0.005370499,-0.9994586,0.032456793,0],[0.39736527,-0.66880226,-0.20944676,1]]}},"timestamp":1742577372.849492,"label":"ARImageAnchor didUpdate"},{"content":{"transform":{"columns":[[0.96718574,0.008617484,-0.25392365,0],[0.2538883,0.0049925726,0.9672205,0],[0.009602743,-0.99995035,0.0026408695,0],[0.40305275,0.765556,-0.7186579,1]]},"name":"Sailboat","identifier":"C35EAC54-3E90-1B97-807B-5E3B8F238DB7"},"timestamp":1742577374.974272,"label":"ARImageAnchor didAdd"},{"content":{"identifier":"C35EAC54-3E90-1B97-807B-5E3B8F238DB7","transform":{"columns":[[0.96718574,0.008617484,-0.25392365,0],[0.2538883,0.0049925726,0.9672205,0],[0.009602743,-0.99995035,0.0026408695,0],[0.40305275,0.765556,-0.7186579,1]]},"name":"Sailboat"},"label":"ARImageAnchor didUpdate","timestamp":1742577374.982798},{"label":"ARImageAnchor didAdd","content":{"transform":{"columns":[[0.25560063,-0.008889779,0.9667414,0],[-0.96483254,0.061129358,0.25565803,0],[-0.06136902,-0.9980902,0.0070475675,0],[1.2519529,0.7976048,-0.35691682,1]]},"name":"Mandrill","identifier":"A19C2489-597B-2BED-432C-244B551E75FD"},"timestamp":1742577379.240612},{"timestamp":1742577379.282815,"content":{"name":"Mandrill","transform":{"columns":[[0.25560063,-0.008889779,0.9667414,0],[-0.96483254,0.061129358,0.25565803,0],[-0.06136902,-0.9980902,0.0070475675,0],[1.2519529,0.7976048,-0.35691682,1]]},"identifier":"A19C2489-597B-2BED-432C-244B551E75FD"},"label":"ARImageAnchor didUpdate"},{"timestamp":1742577381.4070082,"content":{"name":"Peppers","transform":{"columns":[[0.24353553,-0.0043356055,0.96988213,0],[-0.96988934,-0.003329937,0.24352244,0],[0.0021738354,-0.9999849,-0.005016025,0],[1.5066639,0.18036905,0.335347,0.99999994]]},"identifier":"61BB3DDD-C96C-6E82-3432-BD712CCBCB28"},"label":"ARImageAnchor didAdd"},{"timestamp":1742577381.4182181,"label":"ARImageAnchor didUpdate","content":{"transform":{"columns":[[0.24353553,-0.0043356055,0.96988213,0],[-0.96988934,-0.003329937,0.24352244,0],[0.0021738354,-0.9999849,-0.005016025,0],[1.5066639,0.18036905,0.335347,0.99999994]]},"name":"Peppers","identifier":"61BB3DDD-C96C-6E82-3432-BD712CCBCB28"}}]