[{"label":"Application launched","timestamp":1742655166.844705},{"timestamp":1742655166.844956,"label":"Initialize ARViewModel"},{"timestamp":1742655166.847579,"label":"Finished Initialize ARViewModel"},{"timestamp":1742655166.847608,"label":"Initialize RoomManager"},{"label":"Initialize BeaconManager","timestamp":1742655166.8476129},{"label":"Fininshed Initialize BeaconManager","timestamp":1742655166.847625},{"timestamp":1742655166.84763,"label":"Fininshed Initialize RoomManager"},{"timestamp":1742655166.847635,"label":"ContentView Initialize"},{"timestamp":1742655166.84812,"label":"Initialize ARWorldMapManager"},{"label":"Fininshed Initialize ARWorldMapManager","timestamp":1742655166.8481421},{"content":"Tracking is limited due to: initializing","timestamp":1742655167.2211971,"label":"Tracking Limited"},{"content":{"id":"3F39F93D-AB52-4382-80AA-E0ED5264C1F0","name":"Test Room"},"label":"Room Update","timestamp":1742655168.175997},{"label":"Downloading WorldMap","content":{"name":"Test Room","id":"3F39F93D-AB52-4382-80AA-E0ED5264C1F0"},"timestamp":1742655168.176033},{"label":"Finished Downloading WorldMap","content":{"id":"3F39F93D-AB52-4382-80AA-E0ED5264C1F0","name":"Test Room"},"timestamp":1742655170.3853679},{"content":"Tracking is limited due to: initializing","label":"Tracking Limited","timestamp":1742655170.538863},{"timestamp":1742655171.554727,"label":"Tracking Limited","content":"Tracking is limited due to: relocalizing"},{"label":"Bunny didAdd","content":{"name":"bunny","identifier":"B08E24AE-6649-4FDC-AC88-299C0F4ABC29","transform":{"columns":[[0.99652475,-0.0011311637,-0.08328969,0],[0.0012247307,0.99999833,0.0010723146,0],[0.08328837,-0.0011705958,0.9965247,0],[-0.034224045,-0.6027027,-0.3153559,1]]}},"timestamp":1742655173.169218},{"content":{"extent":[2.897366,6.354778,2.8408394],"center":[0.017977595,-3.4131691,0.45404088]},"timestamp":1742655173.2152262,"label":"Tracking Available"},{"timestamp":1742655173.215291,"label":"Bunny didUpdate","content":{"transform":{"columns":[[0.99652475,-0.0011311637,-0.08328969,0],[0.0012247305,0.99999815,0.0010723145,0],[0.08328838,-0.0011705958,0.99652475,0],[-0.034224045,-0.6027027,-0.3153559,1]]},"name":"bunny","identifier":"B08E24AE-6649-4FDC-AC88-299C0F4ABC29"}},{"content":{"name":"Car","identifier":"FF85DBE1-76D3-E459-2D24-8EDCEE263300","transform":{"columns":[[0.97619057,0.017339263,-0.21621975,0],[0.21637215,-0.0074347663,0.9762825,0],[0.015320479,-0.9998219,-0.011009499,0],[-0.2783394,-0.6497852,0.05133842,0.9999999]]}},"label":"ARImageAnchor didAdd","timestamp":1742655175.446536},{"label":"ARImageAnchor didUpdate","content":{"name":"Car","transform":{"columns":[[0.97619057,0.017339263,-0.21621975,0],[0.21637215,-0.0074347663,0.9762825,0],[0.015320479,-0.9998219,-0.011009499,0],[-0.2783394,-0.6497852,0.05133842,0.9999999]]},"identifier":"FF85DBE1-76D3-E459-2D24-8EDCEE263300"},"timestamp":1742655175.458654},{"label":"ARImageAnchor didAdd","content":{"name":"Earth","identifier":"088EF783-5990-B052-BE99-B8AA15BA6C68","transform":{"columns":[[0.964147,0.0011769313,-0.26536572,0],[0.2653677,-0.00207768,0.96414495,0],[0.0005833877,-0.9999972,-0.0023155096,0],[-1.3955035,0.5984276,-0.23945916,1.0000001]]}},"timestamp":1742655178.046437},{"label":"ARImageAnchor didUpdate","timestamp":1742655178.0638309,"content":{"name":"Earth","identifier":"088EF783-5990-B052-BE99-B8AA15BA6C68","transform":{"columns":[[0.964147,0.0011769313,-0.26536572,0],[0.2653677,-0.00207768,0.96414495,0],[0.0005833877,-0.9999972,-0.0023155096,0],[-1.3955035,0.5984276,-0.23945916,1.0000001]]}}},{"timestamp":1742655180.68102,"content":{"transform":{"columns":[[0.96009284,0.007369639,-0.2795837,0],[0.27949393,0.011258746,0.9600811,0],[0.010223211,-0.99990934,0.008749671,0],[0.3793338,0.7778537,-0.7115065,0.9999999]]},"name":"Sailboat","identifier":"C35EAC54-3E90-1B97-807B-5E3B8F238DB7"},"label":"ARImageAnchor didAdd"},{"content":{"identifier":"C35EAC54-3E90-1B97-807B-5E3B8F238DB7","name":"Sailboat","transform":{"columns":[[0.96009284,0.007369639,-0.2795837,0],[0.27949393,0.011258746,0.9600811,0],[0.010223211,-0.99990934,0.008749671,0],[0.3793338,0.7778537,-0.7115065,0.9999999]]}},"timestamp":1742655180.686738,"label":"ARImageAnchor didUpdate"},{"content":{"identifier":"6BAD7D5D-D14A-EF93-1C8B-F6BEC80B8329","transform":{"columns":[[-0.2263121,-0.028055616,-0.9736506,0],[0.973668,-0.034679595,-0.22531685,0],[-0.027444445,-0.99900454,0.035165235,0],[0.34168208,-0.6573611,-0.21126902,1]]},"name":"Lenna"},"timestamp":1742655182.779459,"label":"ARImageAnchor didAdd"},{"content":{"transform":{"columns":[[-0.2263121,-0.028055616,-0.9736506,0],[0.973668,-0.034679595,-0.22531685,0],[-0.027444445,-0.99900454,0.035165235,0],[0.34168208,-0.6573611,-0.21126902,1]]},"name":"Lenna","identifier":"6BAD7D5D-D14A-EF93-1C8B-F6BEC80B8329"},"label":"ARImageAnchor didUpdate","timestamp":1742655182.78764},{"content":{"name":"Mandrill","identifier":"A19C2489-597B-2BED-432C-244B551E75FD","transform":{"columns":[[0.2576034,-0.015423103,0.96612746,0],[-0.965506,0.035133537,0.2579985,0],[-0.037922602,-0.99926347,-0.0058405944,0],[1.2106593,0.79534686,-0.36115074,0.9999999]]}},"label":"ARImageAnchor didAdd","timestamp":1742655184.8658571},{"content":{"name":"Mandrill","transform":{"columns":[[0.2576034,-0.015423103,0.96612746,0],[-0.965506,0.035133537,0.2579985,0],[-0.037922602,-0.99926347,-0.0058405944,0],[1.2106593,0.79534686,-0.36115074,0.9999999]]},"identifier":"A19C2489-597B-2BED-432C-244B551E75FD"},"label":"ARImageAnchor didUpdate","timestamp":1742655184.897229},{"label":"ARImageAnchor didUpdate","content":{"name":"Mandrill","identifier":"A19C2489-597B-2BED-432C-244B551E75FD","transform":{"columns":[[0.26910046,-0.014716223,0.96299964,0],[-0.9621044,0.041619994,0.2694863,0],[-0.04404587,-0.99902505,-0.0029585774,0],[1.2138033,0.8008579,-0.35808027,1.0000001]]}},"timestamp":1742655185.3976989},{"content":{"identifier":"A19C2489-597B-2BED-432C-244B551E75FD","name":"Mandrill","transform":{"columns":[[0.26910046,-0.014716223,0.96299964,0],[-0.9621044,0.041619994,0.2694863,0],[-0.04404587,-0.99902505,-0.0029585774,0],[1.2138033,0.8008579,-0.35808027,1.0000001]]}},"timestamp":1742655185.404248,"label":"ARImageAnchor didUpdate"},{"timestamp":1742655187.4808211,"label":"ARImageAnchor didAdd","content":{"transform":{"columns":[[0.26311833,-0.009376745,0.9647178,0],[-0.9647327,-0.010536231,0.26301998,0],[0.007698242,-0.9999004,-0.011818319,0],[1.4723976,0.18215343,0.325763,0.99999994]]},"name":"Peppers","identifier":"61BB3DDD-C96C-6E82-3432-BD712CCBCB28"}},{"label":"ARImageAnchor didUpdate","content":{"name":"Peppers","transform":{"columns":[[0.26311833,-0.009376745,0.9647178,0],[-0.9647327,-0.010536231,0.26301998,0],[0.007698242,-0.9999004,-0.011818319,0],[1.4723976,0.18215343,0.325763,0.99999994]]},"identifier":"61BB3DDD-C96C-6E82-3432-BD712CCBCB28"},"timestamp":1742655187.505208}]