[{"label":"Application launched","timestamp":1742674909.854424},{"label":"Initialize ARViewModel","timestamp":1742674909.854536},{"timestamp":1742674909.8558068,"label":"Finished Initialize ARViewModel"},{"timestamp":1742674909.855834,"label":"Initialize RoomManager"},{"timestamp":1742674909.855839,"label":"Initialize BeaconManager"},{"timestamp":1742674909.855853,"label":"Fininshed Initialize BeaconManager"},{"timestamp":1742674909.8558578,"label":"Fininshed Initialize RoomManager"},{"label":"ContentView Initialize","timestamp":1742674909.8558621},{"label":"Initialize ARWorldMapManager","timestamp":1742674909.857322},{"label":"Fininshed Initialize ARWorldMapManager","timestamp":1742674909.857338},{"content":"Tracking is limited due to: initializing","timestamp":1742674910.103067,"label":"Tracking Limited"},{"label":"Room Update","timestamp":1742674911.159718,"content":{"id":"3F39F93D-AB52-4382-80AA-E0ED5264C1F0","name":"Test Room"}},{"label":"Downloading WorldMap","content":{"name":"Test Room","id":"3F39F93D-AB52-4382-80AA-E0ED5264C1F0"},"timestamp":1742674911.159745},{"content":{"id":"3F39F93D-AB52-4382-80AA-E0ED5264C1F0","name":"Test Room"},"timestamp":1742674911.889738,"label":"Finished Downloading WorldMap"},{"label":"Tracking Limited","content":"Tracking is limited due to: initializing","timestamp":1742674912.037231},{"content":"Tracking is limited due to: relocalizing","timestamp":1742674913.1203852,"label":"Tracking Limited"},{"label":"Bunny didAdd","timestamp":1742674920.047292,"content":{"name":"bunny","identifier":"B08E24AE-6649-4FDC-AC88-299C0F4ABC29","transform":{"columns":[[0.99652475,-0.0011311637,-0.08328969,0],[0.0012247307,0.99999833,0.0010723146,0],[0.08328837,-0.0011705958,0.9965247,0],[-0.034224045,-0.6027027,-0.3153559,1]]}}},{"content":{"extent":[2.897366,6.354778,3.3484416],"center":[0.017977595,-3.4131691,0.40207994]},"timestamp":1742674920.0771542,"label":"Tracking Available"},{"content":{"name":"bunny","transform":{"columns":[[0.99652475,-0.0011311637,-0.08328969,0],[0.0012247305,0.99999815,0.0010723145,0],[0.08328838,-0.0011705958,0.99652475,0],[-0.034224045,-0.6027027,-0.3153559,1]]},"identifier":"B08E24AE-6649-4FDC-AC88-299C0F4ABC29"},"label":"Bunny didUpdate","timestamp":1742674920.0772018},{"timestamp":1742674925.91253,"label":"ARImageAnchor didAdd","content":{"name":"Car","transform":{"columns":[[0.975932,0.015493204,-0.2175232,0],[0.21764791,-0.006854135,0.97600317,0],[0.013630479,-0.9998565,-0.010061245,0],[-0.2699784,-0.6612948,0.04966928,1]]},"identifier":"FF85DBE1-76D3-E459-2D24-8EDCEE263300"}},{"label":"ARImageAnchor didUpdate","timestamp":1742674925.9224029,"content":{"name":"Car","transform":{"columns":[[0.975932,0.015493204,-0.2175232,0],[0.21764791,-0.006854135,0.97600317,0],[0.013630479,-0.9998565,-0.010061245,0],[-0.2699784,-0.6612948,0.04966928,1]]},"identifier":"FF85DBE1-76D3-E459-2D24-8EDCEE263300"}},{"content":{"transform":{"columns":[[0.9543926,0.0021816022,-0.29854614,0],[0.2981517,-0.058862735,0.9527017,0],[-0.015494823,-0.99826366,-0.056828607,0],[-1.3699644,0.593159,-0.17700848,1]]},"identifier":"088EF783-5990-B052-BE99-B8AA15BA6C68","name":"Earth"},"timestamp":1742674930.645678,"label":"ARImageAnchor didAdd"},{"label":"ARImageAnchor didUpdate","content":{"name":"Earth","identifier":"088EF783-5990-B052-BE99-B8AA15BA6C68","transform":{"columns":[[0.9543926,0.0021816022,-0.29854614,0],[0.2981517,-0.058862735,0.9527017,0],[-0.015494823,-0.99826366,-0.056828607,0],[-1.3699644,0.593159,-0.17700848,1]]}},"timestamp":1742674930.6630569},{"timestamp":1742674931.180172,"content":{"identifier":"088EF783-5990-B052-BE99-B8AA15BA6C68","transform":{"columns":[[0.9586126,0.004528837,-0.28467703,0],[0.28469393,-0.026831577,0.9582427,0],[-0.003298607,-0.9996297,-0.027010422,0],[-1.3795359,0.59576917,-0.18924975,1]]},"name":"Earth"},"label":"ARImageAnchor didUpdate"},{"timestamp":1742674931.188864,"content":{"name":"Earth","identifier":"088EF783-5990-B052-BE99-B8AA15BA6C68","transform":{"columns":[[0.9586126,0.004528837,-0.28467703,0],[0.28469393,-0.026831577,0.9582427,0],[-0.003298607,-0.9996297,-0.027010422,0],[-1.3795359,0.59576917,-0.18924975,1]]}},"label":"ARImageAnchor didUpdate"},{"content":{"identifier":"6BAD7D5D-D14A-EF93-1C8B-F6BEC80B8329","name":"Lenna","transform":{"columns":[[-0.28846335,-0.03208141,-0.9569531,0],[0.9571594,-0.03595297,-0.2873202,0],[-0.025187714,-0.9988383,0.04107814,0],[0.39941397,-0.6667395,-0.21327159,0.99999994]]}},"timestamp":1742674935.9787521,"label":"ARImageAnchor didAdd"},{"label":"ARImageAnchor didUpdate","timestamp":1742674935.988231,"content":{"transform":{"columns":[[-0.28846335,-0.03208141,-0.9569531,0],[0.9571594,-0.03595297,-0.2873202,0],[-0.025187714,-0.9988383,0.04107814,0],[0.39941397,-0.6667395,-0.21327159,0.99999994]]},"identifier":"6BAD7D5D-D14A-EF93-1C8B-F6BEC80B8329","name":"Lenna"}},{"label":"ARImageAnchor didUpdate","timestamp":1742674936.5047,"content":{"name":"Lenna","identifier":"6BAD7D5D-D14A-EF93-1C8B-F6BEC80B8329","transform":{"columns":[[-0.23519592,-0.031207599,-0.97144675,0],[0.97109675,-0.049363825,-0.23352538,0],[-0.040666565,-0.99829304,0.041915737,0],[0.40537208,-0.67337847,-0.21511945,0.99999994]]}}},{"content":{"identifier":"6BAD7D5D-D14A-EF93-1C8B-F6BEC80B8329","transform":{"columns":[[-0.23519592,-0.031207599,-0.97144675,0],[0.97109675,-0.049363825,-0.23352538,0],[-0.040666565,-0.99829304,0.041915737,0],[0.40537208,-0.67337847,-0.21511945,0.99999994]]},"name":"Lenna"},"label":"ARImageAnchor didUpdate","timestamp":1742674936.522342},{"timestamp":1742674937.046314,"label":"ARImageAnchor didUpdate","content":{"transform":{"columns":[[-0.23641548,-0.031401757,-0.9711445,0],[0.9710514,-0.042767804,-0.23500992,0],[-0.034153976,-0.99859136,0.04060369,0],[0.4046852,-0.6683426,-0.21402079,1]]},"identifier":"6BAD7D5D-D14A-EF93-1C8B-F6BEC80B8329","name":"Lenna"}},{"timestamp":1742674937.054632,"label":"ARImageAnchor didUpdate","content":{"identifier":"6BAD7D5D-D14A-EF93-1C8B-F6BEC80B8329","transform":{"columns":[[-0.23641548,-0.031401757,-0.9711445,0],[0.9710514,-0.042767804,-0.23500992,0],[-0.034153976,-0.99859136,0.04060369,0],[0.4046852,-0.6683426,-0.21402079,1]]},"name":"Lenna"}},{"label":"ARImageAnchor didUpdate","content":{"name":"Earth","transform":{"columns":[[0.96237373,-0.0073157405,-0.27163061,0],[0.27092633,-0.050950825,0.9612506,0],[-0.020872077,-0.9986743,-0.04705171,0],[-1.3720789,0.6069559,-0.21597603,1]]},"identifier":"088EF783-5990-B052-BE99-B8AA15BA6C68"},"timestamp":1742674943.379123},{"content":{"name":"Earth","identifier":"088EF783-5990-B052-BE99-B8AA15BA6C68","transform":{"columns":[[0.96237373,-0.0073157405,-0.27163061,0],[0.27092633,-0.050950825,0.9612506,0],[-0.020872077,-0.9986743,-0.04705171,0],[-1.3720789,0.6069559,-0.21597603,1]]}},"timestamp":1742674943.383498,"label":"ARImageAnchor didUpdate"},{"timestamp":1742674943.913188,"content":{"name":"Earth","identifier":"088EF783-5990-B052-BE99-B8AA15BA6C68","transform":{"columns":[[0.9549156,0.00023698658,-0.29687688,0],[0.29599908,-0.07760801,0.9520302,0],[-0.022814412,-0.99698395,-0.074179254,0],[-1.3858519,0.6080754,-0.2196305,1.0000001]]}},"label":"ARImageAnchor didUpdate"},{"content":{"name":"Earth","transform":{"columns":[[0.9549156,0.00023698658,-0.29687688,0],[0.29599908,-0.07760801,0.9520302,0],[-0.022814412,-0.99698395,-0.074179254,0],[-1.3858519,0.6080754,-0.2196305,1.0000001]]},"identifier":"088EF783-5990-B052-BE99-B8AA15BA6C68"},"timestamp":1742674943.920048,"label":"ARImageAnchor didUpdate"},{"content":{"identifier":"FF85DBE1-76D3-E459-2D24-8EDCEE263300","transform":{"columns":[[0.9712291,0.013004606,-0.23779103,0],[0.23764762,0.011664627,0.9712813,0],[0.015404875,-0.9998473,0.008238503,0],[-0.27635285,-0.66128665,0.036319077,1]]},"name":"Car"},"timestamp":1742674946.0465531,"label":"ARImageAnchor didUpdate"},{"label":"ARImageAnchor didUpdate","content":{"name":"Car","identifier":"FF85DBE1-76D3-E459-2D24-8EDCEE263300","transform":{"columns":[[0.9712291,0.013004606,-0.23779103,0],[0.23764762,0.011664627,0.9712813,0],[0.015404875,-0.9998473,0.008238503,0],[-0.27635285,-0.66128665,0.036319077,1]]}},"timestamp":1742674946.0539222},{"timestamp":1742674952.862587,"label":"ARImageAnchor didAdd","content":{"name":"Sailboat","identifier":"C35EAC54-3E90-1B97-807B-5E3B8F238DB7","transform":{"columns":[[0.96286243,0.0024036,-0.26998162,0],[0.2699839,-0.016459027,0.96272403,0],[-0.0021296334,-0.99986166,-0.016496722,0],[0.39746743,0.7652092,-0.71759367,1]]}}},{"timestamp":1742674952.868451,"label":"ARImageAnchor didUpdate","content":{"transform":{"columns":[[0.96286243,0.0024036,-0.26998162,0],[0.2699839,-0.016459027,0.96272403,0],[-0.0021296334,-0.99986166,-0.016496722,0],[0.39746743,0.7652092,-0.71759367,1]]},"name":"Sailboat","identifier":"C35EAC54-3E90-1B97-807B-5E3B8F238DB7"}},{"timestamp":1742674954.9960198,"label":"ARImageAnchor didAdd","content":{"identifier":"A19C2489-597B-2BED-432C-244B551E75FD","name":"Mandrill","transform":{"columns":[[0.25810206,-0.013366058,0.9660252,0],[-0.9650303,0.043857127,0.25844303,0],[-0.045821443,-0.99894834,-0.001579044,0],[1.231867,0.7895915,-0.37412307,1]]}}},{"label":"ARImageAnchor didUpdate","content":{"transform":{"columns":[[0.25810206,-0.013366058,0.9660252,0],[-0.9650303,0.043857127,0.25844303,0],[-0.045821443,-0.99894834,-0.001579044,0],[1.231867,0.7895915,-0.37412307,1]]},"identifier":"A19C2489-597B-2BED-432C-244B551E75FD","name":"Mandrill"},"timestamp":1742674955.003001},{"content":{"name":"Peppers","identifier":"61BB3DDD-C96C-6E82-3432-BD712CCBCB28","transform":{"columns":[[0.2493723,0.0003614082,0.9684075,0],[-0.96745664,-0.04420983,0.24914393,0],[0.04290316,-0.9990221,-0.010675051,0],[1.4991492,0.17332171,0.31202984,1]]}},"timestamp":1742674956.594634,"label":"ARImageAnchor didAdd"},{"timestamp":1742674956.6026092,"label":"ARImageAnchor didUpdate","content":{"identifier":"61BB3DDD-C96C-6E82-3432-BD712CCBCB28","name":"Peppers","transform":{"columns":[[0.2493723,0.0003614082,0.9684075,0],[-0.96745664,-0.04420983,0.24914393,0],[0.04290316,-0.9990221,-0.010675051,0],[1.4991492,0.17332171,0.31202984,1]]}}}]