[{"label":"Application launched","timestamp":1742663292.416045},{"label":"Initialize ARViewModel","timestamp":1742663292.41612},{"timestamp":1742663292.4171581,"label":"Finished Initialize ARViewModel"},{"timestamp":1742663292.4171681,"label":"Initialize RoomManager"},{"label":"Initialize BeaconManager","timestamp":1742663292.417172},{"label":"Fininshed Initialize BeaconManager","timestamp":1742663292.417183},{"timestamp":1742663292.4171882,"label":"Fininshed Initialize RoomManager"},{"timestamp":1742663292.417191,"label":"ContentView Initialize"},{"timestamp":1742663292.417554,"label":"Initialize ARWorldMapManager"},{"label":"Fininshed Initialize ARWorldMapManager","timestamp":1742663292.417562},{"label":"Tracking Limited","content":"Tracking is limited due to: initializing","timestamp":1742663292.772264},{"label":"Room Update","content":{"name":"Test Room","id":"3F39F93D-AB52-4382-80AA-E0ED5264C1F0"},"timestamp":1742663293.7545319},{"label":"Downloading WorldMap","content":{"id":"3F39F93D-AB52-4382-80AA-E0ED5264C1F0","name":"Test Room"},"timestamp":1742663293.7545629},{"timestamp":1742663294.201539,"content":{"id":"3F39F93D-AB52-4382-80AA-E0ED5264C1F0","name":"Test Room"},"label":"Finished Downloading WorldMap"},{"label":"Tracking Limited","timestamp":1742663294.3558369,"content":"Tracking is limited due to: initializing"},{"timestamp":1742663295.438215,"label":"Tracking Limited","content":"Tracking is limited due to: relocalizing"},{"content":{"name":"bunny","identifier":"B08E24AE-6649-4FDC-AC88-299C0F4ABC29","transform":{"columns":[[0.99652475,-0.0011311637,-0.08328969,0],[0.0012247307,0.99999833,0.0010723146,0],[0.08328837,-0.0011705958,0.9965247,0],[-0.034224045,-0.6027027,-0.3153559,1]]}},"label":"Bunny didAdd","timestamp":1742663298.161335},{"timestamp":1742663298.237186,"content":{"center":[-0.23677945,-3.4131691,-0.66220903],"extent":[3.4068801,6.354778,5.073339]},"label":"Tracking Available"},{"content":{"name":"bunny","identifier":"B08E24AE-6649-4FDC-AC88-299C0F4ABC29","transform":{"columns":[[0.99652475,-0.0011311637,-0.08328969,0],[0.0012247305,0.99999815,0.0010723145,0],[0.08328838,-0.0011705958,0.99652475,0],[-0.034224045,-0.6027027,-0.3153559,1]]}},"timestamp":1742663298.237232,"label":"Bunny didUpdate"},{"label":"ARImageAnchor didAdd","content":{"name":"Car","identifier":"FF85DBE1-76D3-E459-2D24-8EDCEE263300","transform":{"columns":[[0.9675789,0.009511464,-0.2523893,0],[0.25241283,-0.0013385699,0.96761847,0],[0.008865622,-0.99995375,-0.0036960149,0],[-0.26515675,-0.6618539,0.055248097,0.99999994]]}},"timestamp":1742663300.8483129},{"content":{"name":"Car","identifier":"FF85DBE1-76D3-E459-2D24-8EDCEE263300","transform":{"columns":[[0.9675789,0.009511464,-0.2523893,0],[0.25241283,-0.0013385699,0.96761847,0],[0.008865622,-0.99995375,-0.0036960149,0],[-0.26515675,-0.6618539,0.055248097,0.99999994]]}},"timestamp":1742663300.876989,"label":"ARImageAnchor didUpdate"},{"timestamp":1742663303.983743,"label":"ARImageAnchor didAdd","content":{"name":"Earth","identifier":"088EF783-5990-B052-BE99-B8AA15BA6C68","transform":{"columns":[[0.95660233,-0.004425743,-0.29136232,0],[0.29112607,-0.028509844,0.95625967,0],[-0.012538856,-0.99958366,-0.025984138,0],[-1.3562658,0.59040165,-0.17766586,1]]}}},{"timestamp":1742663303.98822,"label":"ARImageAnchor didUpdate","content":{"name":"Earth","identifier":"088EF783-5990-B052-BE99-B8AA15BA6C68","transform":{"columns":[[0.95660233,-0.004425743,-0.29136232,0],[0.29112607,-0.028509844,0.95625967,0],[-0.012538856,-0.99958366,-0.025984138,0],[-1.3562658,0.59040165,-0.17766586,1]]}}},{"label":"ARImageAnchor didUpdate","content":{"transform":{"columns":[[0.95963967,-0.002925023,-0.28121695,0],[0.28108844,-0.02198621,0.95942986,0],[-0.008989249,-0.9997539,-0.020276653,0],[-1.3700519,0.59835255,-0.18566903,1]]},"identifier":"088EF783-5990-B052-BE99-B8AA15BA6C68","name":"Earth"},"timestamp":1742663304.5053282},{"label":"ARImageAnchor didUpdate","content":{"name":"Earth","identifier":"088EF783-5990-B052-BE99-B8AA15BA6C68","transform":{"columns":[[0.95963967,-0.002925023,-0.28121695,0],[0.28108844,-0.02198621,0.95942986,0],[-0.008989249,-0.9997539,-0.020276653,0],[-1.3700519,0.59835255,-0.18566903,1]]}},"timestamp":1742663304.53267},{"label":"ARImageAnchor didAdd","timestamp":1742663309.797853,"content":{"identifier":"6BAD7D5D-D14A-EF93-1C8B-F6BEC80B8329","transform":{"columns":[[-0.24286725,-0.023621311,-0.9697717,0],[0.9690882,-0.05062887,-0.24146286,0],[-0.043394722,-0.9984381,0.03518725,0],[0.37457952,-0.6702502,-0.21317671,0.99999994]]},"name":"Lenna"}},{"content":{"transform":{"columns":[[-0.24286725,-0.023621311,-0.9697717,0],[0.9690882,-0.05062887,-0.24146286,0],[-0.043394722,-0.9984381,0.03518725,0],[0.37457952,-0.6702502,-0.21317671,0.99999994]]},"identifier":"6BAD7D5D-D14A-EF93-1C8B-F6BEC80B8329","name":"Lenna"},"timestamp":1742663309.8101768,"label":"ARImageAnchor didUpdate"},{"content":{"transform":{"columns":[[-0.28177983,-0.035849363,-0.95880896,0],[0.9592231,-0.033598334,-0.2806453,0],[-0.022153415,-0.9987922,0.043854862,0],[0.38532203,-0.66311514,-0.21384066,1]]},"name":"Lenna","identifier":"6BAD7D5D-D14A-EF93-1C8B-F6BEC80B8329"},"label":"ARImageAnchor didUpdate","timestamp":1742663310.84025},{"label":"ARImageAnchor didUpdate","content":{"transform":{"columns":[[-0.28177983,-0.035849363,-0.95880896,0],[0.9592231,-0.033598334,-0.2806453,0],[-0.022153415,-0.9987922,0.043854862,0],[0.38532203,-0.66311514,-0.21384066,1]]},"name":"Lenna","identifier":"6BAD7D5D-D14A-EF93-1C8B-F6BEC80B8329"},"timestamp":1742663310.865975},{"timestamp":1742663314.014738,"label":"ARImageAnchor didAdd","content":{"identifier":"C35EAC54-3E90-1B97-807B-5E3B8F238DB7","name":"Sailboat","transform":{"columns":[[0.9637335,6.205461e-05,-0.2668659,0],[0.26686168,-0.005863715,0.9637168,0],[-0.0015050317,-0.9999827,-0.005667616,0],[0.3934916,0.7587032,-0.7102316,1]]}}},{"content":{"identifier":"C35EAC54-3E90-1B97-807B-5E3B8F238DB7","name":"Sailboat","transform":{"columns":[[0.9637335,6.205461e-05,-0.2668659,0],[0.26686168,-0.005863715,0.9637168,0],[-0.0015050317,-0.9999827,-0.005667616,0],[0.3934916,0.7587032,-0.7102316,1]]}},"timestamp":1742663314.0321732,"label":"ARImageAnchor didUpdate"},{"label":"ARImageAnchor didAdd","timestamp":1742663316.1341472,"content":{"name":"Mandrill","transform":{"columns":[[0.258358,-0.019349368,0.96585524,0],[-0.9626874,0.07817814,0.25907677,0],[-0.08052174,-0.9967515,0.0015705514,0],[1.2380725,0.7870731,-0.3715527,0.9999999]]},"identifier":"A19C2489-597B-2BED-432C-244B551E75FD"}},{"timestamp":1742663316.14018,"label":"ARImageAnchor didUpdate","content":{"identifier":"A19C2489-597B-2BED-432C-244B551E75FD","transform":{"columns":[[0.258358,-0.019349368,0.96585524,0],[-0.9626874,0.07817814,0.25907677,0],[-0.08052174,-0.9967515,0.0015705514,0],[1.2380725,0.7870731,-0.3715527,0.9999999]]},"name":"Mandrill"}},{"label":"ARImageAnchor didUpdate","content":{"transform":{"columns":[[0.2814511,-0.016700987,0.95943004,0],[-0.9581898,0.048822194,0.28193706,0],[-0.051550128,-0.9986677,-0.002261652,0],[1.2371582,0.78790146,-0.37622195,0.9999999]]},"name":"Mandrill","identifier":"A19C2489-597B-2BED-432C-244B551E75FD"},"timestamp":1742663316.655157},{"label":"ARImageAnchor didUpdate","content":{"identifier":"A19C2489-597B-2BED-432C-244B551E75FD","name":"Mandrill","transform":{"columns":[[0.2814511,-0.016700987,0.95943004,0],[-0.9581898,0.048822194,0.28193706,0],[-0.051550128,-0.9986677,-0.002261652,0],[1.2371582,0.78790146,-0.37622195,0.9999999]]}},"timestamp":1742663316.682795},{"timestamp":1742663318.249502,"label":"ARImageAnchor didAdd","content":{"name":"Peppers","identifier":"61BB3DDD-C96C-6E82-3432-BD712CCBCB28","transform":{"columns":[[0.28338557,-0.006655255,0.9589828,0],[-0.9589834,-0.008817525,0.28332457,0],[0.006570294,-0.99993896,-0.0088810455,0],[1.5226799,0.16851506,0.30155188,1]]}}},{"content":{"transform":{"columns":[[0.28338557,-0.006655255,0.9589828,0],[-0.9589834,-0.008817525,0.28332457,0],[0.006570294,-0.99993896,-0.0088810455,0],[1.5226799,0.16851506,0.30155188,1]]},"name":"Peppers","identifier":"61BB3DDD-C96C-6E82-3432-BD712CCBCB28"},"timestamp":1742663318.256569,"label":"ARImageAnchor didUpdate"}]