[{"timestamp":1742643601.13827,"label":"Application launched"},{"timestamp":1742643601.1384401,"label":"Initialize ARViewModel"},{"label":"Finished Initialize ARViewModel","timestamp":1742643601.140583},{"label":"Initialize RoomManager","timestamp":1742643601.14065},{"timestamp":1742643601.140664,"label":"Initialize BeaconManager"},{"timestamp":1742643601.1406941,"label":"Fininshed Initialize BeaconManager"},{"timestamp":1742643601.1407099,"label":"Fininshed Initialize RoomManager"},{"label":"ContentView Initialize","timestamp":1742643601.140867},{"label":"Initialize ARWorldMapManager","timestamp":1742643601.1417542},{"timestamp":1742643601.1417751,"label":"Fininshed Initialize ARWorldMapManager"},{"timestamp":1742643601.5555801,"label":"Tracking Not Available"},{"content":"Tracking is limited due to: initializing","timestamp":1742643601.573463,"label":"Tracking Limited"},{"label":"Room Update","content":{"id":"3F39F93D-AB52-4382-80AA-E0ED5264C1F0","name":"Test Room"},"timestamp":1742643602.485156},{"timestamp":1742643602.4852052,"label":"Downloading WorldMap","content":{"id":"3F39F93D-AB52-4382-80AA-E0ED5264C1F0","name":"Test Room"}},{"timestamp":1742643603.069686,"label":"Finished Downloading WorldMap","content":{"id":"3F39F93D-AB52-4382-80AA-E0ED5264C1F0","name":"Test Room"}},{"content":"Tracking is limited due to: initializing","label":"Tracking Limited","timestamp":1742643603.2221751},{"content":"Tracking is limited due to: relocalizing","label":"Tracking Limited","timestamp":1742643604.288902},{"content":{"identifier":"B08E24AE-6649-4FDC-AC88-299C0F4ABC29","transform":{"columns":[[0.99652475,-0.0011311637,-0.08328969,0],[0.0012247307,0.99999833,0.0010723146,0],[0.08328837,-0.0011705958,0.9965247,0],[-0.034224045,-0.6027027,-0.3153559,1]]},"name":"bunny"},"timestamp":1742643605.923668,"label":"Bunny didAdd"},{"content":{"center":[-0.048516154,-3.4131691,0.45404088],"extent":[2.7643785,6.354778,2.8408394]},"timestamp":1742643605.9845738,"label":"Tracking Available"},{"timestamp":1742643605.984652,"content":{"identifier":"B08E24AE-6649-4FDC-AC88-299C0F4ABC29","name":"bunny","transform":{"columns":[[0.99652475,-0.0011311637,-0.08328969,0],[0.0012247305,0.99999815,0.0010723145,0],[0.08328838,-0.0011705958,0.99652475,0],[-0.034224045,-0.6027027,-0.3153559,1]]}},"label":"Bunny didUpdate"},{"content":{"name":"Car","identifier":"FF85DBE1-76D3-E459-2D24-8EDCEE263300","transform":{"columns":[[0.97532827,0.0041247644,-0.22072032,0],[0.22064331,0.01413016,0.97525203,0],[0.007141489,-0.9998915,0.012871432,0],[-0.26652035,-0.64647174,0.0408594,1]]}},"timestamp":1742643607.665934,"label":"ARImageAnchor didAdd"},{"content":{"name":"Car","identifier":"FF85DBE1-76D3-E459-2D24-8EDCEE263300","transform":{"columns":[[0.97532827,0.0041247644,-0.22072032,0],[0.22064331,0.01413016,0.97525203,0],[0.007141489,-0.9998915,0.012871432,0],[-0.26652035,-0.64647174,0.0408594,1]]}},"timestamp":1742643607.676261,"label":"ARImageAnchor didUpdate"},{"content":{"transform":{"columns":[[0.9565543,-0.005272643,-0.2915065,0],[0.29150945,-0.00021809812,0.95656776,0],[-0.005107218,-0.999986,0.0013283993,0],[-1.4141724,0.61140347,-0.25635445,1]]},"name":"Earth","identifier":"088EF783-5990-B052-BE99-B8AA15BA6C68"},"timestamp":1742643610.350367,"label":"ARImageAnchor didAdd"},{"label":"ARImageAnchor didUpdate","timestamp":1742643610.358171,"content":{"transform":{"columns":[[0.9565543,-0.005272643,-0.2915065,0],[0.29150945,-0.00021809812,0.95656776,0],[-0.005107218,-0.999986,0.0013283993,0],[-1.4141724,0.61140347,-0.25635445,1]]},"identifier":"088EF783-5990-B052-BE99-B8AA15BA6C68","name":"Earth"}},{"content":{"identifier":"C35EAC54-3E90-1B97-807B-5E3B8F238DB7","transform":{"columns":[[0.95982146,0.0063280547,-0.2805394,0],[0.28054285,0.00034919902,0.9598412,0],[0.006171899,-0.9999798,-0.0014401082,0],[0.36704722,0.78895485,-0.74387383,1]]},"name":"Sailboat"},"timestamp":1742643613.51659,"label":"ARImageAnchor didAdd"},{"content":{"name":"Sailboat","identifier":"C35EAC54-3E90-1B97-807B-5E3B8F238DB7","transform":{"columns":[[0.95982146,0.0063280547,-0.2805394,0],[0.28054285,0.00034919902,0.9598412,0],[0.006171899,-0.9999798,-0.0014401082,0],[0.36704722,0.78895485,-0.74387383,1]]}},"timestamp":1742643613.522266,"label":"ARImageAnchor didUpdate"},{"content":{"transform":{"columns":[[-0.24644363,-0.04134354,-0.9682747,0],[0.9689488,0.010192175,-0.24705039,0],[0.020082803,-0.999093,0.037547983,0],[0.37146205,-0.6518262,-0.21300061,1]]},"name":"Lenna","identifier":"6BAD7D5D-D14A-EF93-1C8B-F6BEC80B8329"},"timestamp":1742643616.1485538,"label":"ARImageAnchor didAdd"},{"label":"ARImageAnchor didUpdate","timestamp":1742643616.15736,"content":{"name":"Lenna","identifier":"6BAD7D5D-D14A-EF93-1C8B-F6BEC80B8329","transform":{"columns":[[-0.24644363,-0.04134354,-0.9682747,0],[0.9689488,0.010192175,-0.24705039,0],[0.020082803,-0.999093,0.037547983,0],[0.37146205,-0.6518262,-0.21300061,1]]}}},{"timestamp":1742643616.1573792,"label":"Bunny didUpdate","content":{"identifier":"B08E24AE-6649-4FDC-AC88-299C0F4ABC29","name":"bunny","transform":{"columns":[[0.99652475,-0.0011311637,-0.08328969,0],[0.0012247302,0.999998,0.0010723142,0],[0.08328838,-0.0011705959,0.9965248,0],[-0.034224045,-0.6027027,-0.3153559,1]]}}},{"content":{"transform":{"columns":[[0.99652475,-0.0011311637,-0.08328969,0],[0.00122473,0.9999978,0.001072314,0],[0.08328838,-0.0011705959,0.9965248,0],[-0.034224045,-0.6027027,-0.3153559,1]]},"name":"bunny","identifier":"B08E24AE-6649-4FDC-AC88-299C0F4ABC29"},"label":"Bunny didUpdate","timestamp":1742643616.558766},{"label":"ARImageAnchor didAdd","content":{"name":"Mandrill","transform":{"columns":[[0.2657238,-0.01236681,0.96396977,0],[-0.96193105,0.062845126,0.26596802,0],[-0.06387,-0.9979466,0.0048034308,0],[1.225393,0.79060227,-0.36595905,1]]},"identifier":"A19C2489-597B-2BED-432C-244B551E75FD"},"timestamp":1742643619.2983541},{"content":{"identifier":"A19C2489-597B-2BED-432C-244B551E75FD","name":"Mandrill","transform":{"columns":[[0.2657238,-0.01236681,0.96396977,0],[-0.96193105,0.062845126,0.26596802,0],[-0.06387,-0.9979466,0.0048034308,0],[1.225393,0.79060227,-0.36595905,1]]}},"label":"ARImageAnchor didUpdate","timestamp":1742643619.308825},{"label":"ARImageAnchor didAdd","content":{"transform":{"columns":[[0.2564122,-0.008215385,0.96653247,0],[-0.9665641,0.00042375678,0.25642422,0],[-0.0025161956,-0.99996614,-0.007832042,0],[1.4891064,0.17310253,0.32099885,1]]},"name":"Peppers","identifier":"61BB3DDD-C96C-6E82-3432-BD712CCBCB28"},"timestamp":1742643621.381542},{"timestamp":1742643621.391542,"content":{"transform":{"columns":[[0.2564122,-0.008215385,0.96653247,0],[-0.9665641,0.00042375678,0.25642422,0],[-0.0025161956,-0.99996614,-0.007832042,0],[1.4891064,0.17310253,0.32099885,1]]},"name":"Peppers","identifier":"61BB3DDD-C96C-6E82-3432-BD712CCBCB28"},"label":"ARImageAnchor didUpdate"}]