[{"label":"Application launched","timestamp":1742640630.91333},{"timestamp":1742640630.91344,"label":"Initialize ARViewModel"},{"timestamp":1742640630.91481,"label":"Finished Initialize ARViewModel"},{"label":"Initialize RoomManager","timestamp":1742640630.914824},{"timestamp":1742640630.9148278,"label":"Initialize BeaconManager"},{"label":"Fininshed Initialize BeaconManager","timestamp":1742640630.91485},{"label":"Fininshed Initialize RoomManager","timestamp":1742640630.914856},{"timestamp":1742640630.91486,"label":"ContentView Initialize"},{"label":"Initialize ARWorldMapManager","timestamp":1742640630.916038},{"timestamp":1742640630.9160519,"label":"Fininshed Initialize ARWorldMapManager"},{"label":"Tracking Limited","timestamp":1742640630.9509501,"content":"Tracking is limited due to: initializing"},{"label":"Tracking Not Available","timestamp":1742640631.0282722},{"content":"Tracking is limited due to: initializing","timestamp":1742640631.045908,"label":"Tracking Limited"},{"timestamp":1742640632.416256,"label":"Room Update","content":{"id":"3F39F93D-AB52-4382-80AA-E0ED5264C1F0","name":"Test Room"}},{"label":"Downloading WorldMap","content":{"name":"Test Room","id":"3F39F93D-AB52-4382-80AA-E0ED5264C1F0"},"timestamp":1742640632.416295},{"content":{"name":"Test Room","id":"3F39F93D-AB52-4382-80AA-E0ED5264C1F0"},"timestamp":1742640632.917867,"label":"Finished Downloading WorldMap"},{"label":"Tracking Limited","content":"Tracking is limited due to: initializing","timestamp":1742640633.080344},{"label":"Tracking Limited","content":"Tracking is limited due to: relocalizing","timestamp":1742640634.277117},{"content":{"identifier":"B08E24AE-6649-4FDC-AC88-299C0F4ABC29","name":"bunny","transform":{"columns":[[0.99652475,-0.0011311637,-0.08328969,0],[0.0012247307,0.99999833,0.0010723146,0],[0.08328837,-0.0011705958,0.9965247,0],[-0.034224045,-0.6027027,-0.3153559,1]]}},"timestamp":1742640636.605119,"label":"Bunny didAdd"},{"content":{"center":[0.017977595,-3.4131691,0.39694178],"extent":[2.897366,6.354778,2.9550376]},"label":"Tracking Available","timestamp":1742640636.658547},{"timestamp":1742640636.658586,"label":"Bunny didUpdate","content":{"transform":{"columns":[[0.99652475,-0.0011311637,-0.08328969,0],[0.0012247305,0.99999815,0.0010723145,0],[0.08328838,-0.0011705958,0.99652475,0],[-0.034224045,-0.6027027,-0.3153559,1]]},"identifier":"B08E24AE-6649-4FDC-AC88-299C0F4ABC29","name":"bunny"}},{"content":{"transform":{"columns":[[0.9965498,-0.0011311636,-0.08298839,0],[0.0012244058,0.999998,0.0010726843,0],[0.08298708,-0.001170596,0.99654984,0],[-0.033795062,-0.60263085,-0.3155532,1]]},"name":"bunny","identifier":"B08E24AE-6649-4FDC-AC88-299C0F4ABC29"},"label":"Bunny didUpdate","timestamp":1742640638.057013},{"timestamp":1742640640.288013,"label":"ARImageAnchor didAdd","content":{"name":"Car","identifier":"FF85DBE1-76D3-E459-2D24-8EDCEE263300","transform":{"columns":[[0.9752748,0.008943426,-0.22081384,0],[0.2208503,-0.003305691,0.9753019,0],[0.0079926,-0.99995446,-0.005199102,0],[-0.27811733,-0.6531197,0.037110478,1]]}}},{"timestamp":1742640640.294724,"label":"ARImageAnchor didUpdate","content":{"identifier":"FF85DBE1-76D3-E459-2D24-8EDCEE263300","transform":{"columns":[[0.9752748,0.008943426,-0.22081384,0],[0.2208503,-0.003305691,0.9753019,0],[0.0079926,-0.99995446,-0.005199102,0],[-0.27811733,-0.6531197,0.037110478,1]]},"name":"Car"}},{"content":{"name":"Earth","transform":{"columns":[[0.96519667,-0.0023269386,-0.2615143,0],[0.2614833,-0.009195661,0.96516407,0],[-0.0046506734,-0.99995494,-0.008267161,0],[-1.3854252,0.5997719,-0.24344173,1]]},"identifier":"088EF783-5990-B052-BE99-B8AA15BA6C68"},"timestamp":1742640642.4242,"label":"ARImageAnchor didAdd"},{"content":{"identifier":"088EF783-5990-B052-BE99-B8AA15BA6C68","transform":{"columns":[[0.96519667,-0.0023269386,-0.2615143,0],[0.2614833,-0.009195661,0.96516407,0],[-0.0046506734,-0.99995494,-0.008267161,0],[-1.3854252,0.5997719,-0.24344173,1]]},"name":"Earth"},"label":"ARImageAnchor didUpdate","timestamp":1742640642.428664},{"timestamp":1742640644.554652,"label":"ARImageAnchor didAdd","content":{"name":"Sailboat","transform":{"columns":[[0.9641888,0.0052366867,-0.26516473,0],[0.26505223,0.016155604,0.9640985,0],[0.009332582,-0.9998558,0.014189049,0],[0.4052405,0.7820804,-0.6961169,0.99999994]]},"identifier":"C35EAC54-3E90-1B97-807B-5E3B8F238DB7"}},{"timestamp":1742640644.573203,"label":"ARImageAnchor didUpdate","content":{"transform":{"columns":[[0.9641888,0.0052366867,-0.26516473,0],[0.26505223,0.016155604,0.9640985,0],[0.009332582,-0.9998558,0.014189049,0],[0.4052405,0.7820804,-0.6961169,0.99999994]]},"name":"Sailboat","identifier":"C35EAC54-3E90-1B97-807B-5E3B8F238DB7"}},{"content":{"identifier":"6BAD7D5D-D14A-EF93-1C8B-F6BEC80B8329","transform":{"columns":[[-0.26177824,-0.0298863,-0.964665,0],[0.9639318,-0.057843104,-0.2597872,0],[-0.04803514,-0.9978782,0.043950424,0],[0.37788922,-0.6540305,-0.18999025,1]]},"name":"Lenna"},"timestamp":1742640646.1545281,"label":"ARImageAnchor didAdd"},{"timestamp":1742640646.162537,"label":"ARImageAnchor didUpdate","content":{"name":"Lenna","identifier":"6BAD7D5D-D14A-EF93-1C8B-F6BEC80B8329","transform":{"columns":[[-0.26177824,-0.0298863,-0.964665,0],[0.9639318,-0.057843104,-0.2597872,0],[-0.04803514,-0.9978782,0.043950424,0],[0.37788922,-0.6540305,-0.18999025,1]]}}},{"timestamp":1742640647.757541,"label":"ARImageAnchor didAdd","content":{"transform":{"columns":[[0.2720589,-0.009777208,0.96223074,0],[-0.9602162,0.06270273,0.27212644,0],[-0.06299512,-0.9979844,0.0076706004,0],[1.2344482,0.8095235,-0.34494412,1]]},"name":"Mandrill","identifier":"A19C2489-597B-2BED-432C-244B551E75FD"}},{"content":{"name":"Mandrill","identifier":"A19C2489-597B-2BED-432C-244B551E75FD","transform":{"columns":[[0.2720589,-0.009777208,0.96223074,0],[-0.9602162,0.06270273,0.27212644,0],[-0.06299512,-0.9979844,0.0076706004,0],[1.2344482,0.8095235,-0.34494412,1]]}},"label":"ARImageAnchor didUpdate","timestamp":1742640647.7631202},{"timestamp":1742640648.289473,"label":"ARImageAnchor didUpdate","content":{"identifier":"A19C2489-597B-2BED-432C-244B551E75FD","transform":{"columns":[[0.25417194,-0.013034624,0.9670711,0],[-0.96531034,0.05837212,0.254496,0],[-0.059767243,-0.99820966,0.002254099,0],[1.2404691,0.8048538,-0.32884985,0.99999994]]},"name":"Mandrill"}},{"content":{"transform":{"columns":[[0.25417194,-0.013034624,0.9670711,0],[-0.96531034,0.05837212,0.254496,0],[-0.059767243,-0.99820966,0.002254099,0],[1.2404691,0.8048538,-0.32884985,0.99999994]]},"name":"Mandrill","identifier":"A19C2489-597B-2BED-432C-244B551E75FD"},"label":"ARImageAnchor didUpdate","timestamp":1742640648.311846},{"label":"ARImageAnchor didAdd","content":{"name":"Peppers","transform":{"columns":[[0.21612625,-0.0032494424,0.97635984,0],[-0.976307,-0.011638695,0.2160758,0],[0.010661413,-0.99992687,-0.005687882,0],[1.4905946,0.18541473,0.36748984,1]]},"identifier":"61BB3DDD-C96C-6E82-3432-BD712CCBCB28"},"timestamp":1742640649.354398},{"content":{"transform":{"columns":[[0.21612625,-0.0032494424,0.97635984,0],[-0.976307,-0.011638695,0.2160758,0],[0.010661413,-0.99992687,-0.005687882,0],[1.4905946,0.18541473,0.36748984,1]]},"name":"Peppers","identifier":"61BB3DDD-C96C-6E82-3432-BD712CCBCB28"},"timestamp":1742640649.362313,"label":"ARImageAnchor didUpdate"}]