[{"label":"Application launched","timestamp":1742658567.5213652},{"label":"Initialize ARViewModel","timestamp":1742658567.5214891},{"timestamp":1742658567.523034,"label":"Finished Initialize ARViewModel"},{"timestamp":1742658567.523051,"label":"Initialize RoomManager"},{"timestamp":1742658567.523055,"label":"Initialize BeaconManager"},{"label":"Fininshed Initialize BeaconManager","timestamp":1742658567.523068},{"timestamp":1742658567.5230742,"label":"Fininshed Initialize RoomManager"},{"timestamp":1742658567.523078,"label":"ContentView Initialize"},{"timestamp":1742658567.523593,"label":"Initialize ARWorldMapManager"},{"timestamp":1742658567.5236049,"label":"Fininshed Initialize ARWorldMapManager"},{"timestamp":1742658567.8869119,"label":"Tracking Limited","content":"Tracking is limited due to: initializing"},{"content":{"id":"3F39F93D-AB52-4382-80AA-E0ED5264C1F0","name":"Test Room"},"timestamp":1742658568.881032,"label":"Room Update"},{"content":{"id":"3F39F93D-AB52-4382-80AA-E0ED5264C1F0","name":"Test Room"},"timestamp":1742658568.8810658,"label":"Downloading WorldMap"},{"timestamp":1742658569.544681,"label":"Finished Downloading WorldMap","content":{"id":"3F39F93D-AB52-4382-80AA-E0ED5264C1F0","name":"Test Room"}},{"label":"Tracking Limited","content":"Tracking is limited due to: initializing","timestamp":1742658569.708754},{"content":"Tracking is limited due to: relocalizing","label":"Tracking Limited","timestamp":1742658570.739332},{"label":"Bunny didAdd","timestamp":1742658572.362401,"content":{"transform":{"columns":[[0.99652475,-0.0011311637,-0.08328969,0],[0.0012247307,0.99999833,0.0010723146,0],[0.08328837,-0.0011705958,0.9965247,0],[-0.034224045,-0.6027027,-0.3153559,1]]},"name":"bunny","identifier":"B08E24AE-6649-4FDC-AC88-299C0F4ABC29"}},{"label":"Tracking Available","timestamp":1742658572.409194,"content":{"extent":[3.2311857,6.354778,3.1041217],"center":[0.18488741,-3.4131691,0.32239974]}},{"content":{"transform":{"columns":[[0.99652475,-0.0011311637,-0.08328969,0],[0.0012247305,0.99999815,0.0010723145,0],[0.08328838,-0.0011705958,0.99652475,0],[-0.034224045,-0.6027027,-0.3153559,1]]},"identifier":"B08E24AE-6649-4FDC-AC88-299C0F4ABC29","name":"bunny"},"timestamp":1742658572.409257,"label":"Bunny didUpdate"},{"content":{"name":"Car","identifier":"FF85DBE1-76D3-E459-2D24-8EDCEE263300","transform":{"columns":[[0.9766936,0.0063868253,-0.21454293,0],[0.21460317,-0.011041375,0.97663885,0],[0.0038687703,-0.9999185,-0.012154664,0],[-0.27733776,-0.65877485,0.053510025,1]]}},"label":"ARImageAnchor didAdd","timestamp":1742658575.698948},{"timestamp":1742658575.71052,"label":"ARImageAnchor didUpdate","content":{"name":"Car","transform":{"columns":[[0.9766936,0.0063868253,-0.21454293,0],[0.21460317,-0.011041375,0.97663885,0],[0.0038687703,-0.9999185,-0.012154664,0],[-0.27733776,-0.65877485,0.053510025,1]]},"identifier":"FF85DBE1-76D3-E459-2D24-8EDCEE263300"}},{"content":{"transform":{"columns":[[0.96653366,-0.005330559,-0.25648388,0],[0.2562853,-0.024412297,0.9662928,0],[-0.0114122415,-0.99968773,-0.022229161,0],[-1.3810928,0.6058048,-0.20612837,1]]},"identifier":"088EF783-5990-B052-BE99-B8AA15BA6C68","name":"Earth"},"label":"ARImageAnchor didAdd","timestamp":1742658578.815619},{"content":{"name":"Earth","identifier":"088EF783-5990-B052-BE99-B8AA15BA6C68","transform":{"columns":[[0.96653366,-0.005330559,-0.25648388,0],[0.2562853,-0.024412297,0.9662928,0],[-0.0114122415,-0.99968773,-0.022229161,0],[-1.3810928,0.6058048,-0.20612837,1]]}},"label":"ARImageAnchor didUpdate","timestamp":1742658578.838221},{"timestamp":1742658585.184118,"label":"ARImageAnchor didAdd","content":{"identifier":"6BAD7D5D-D14A-EF93-1C8B-F6BEC80B8329","name":"Lenna","transform":{"columns":[[-0.22337888,-0.03549224,-0.9740852,0],[0.97468376,0.0017631887,-0.22358039,0],[0.009652864,-0.9993683,0.034199856,0],[0.39362407,-0.66800064,-0.20630954,1]]}}},{"timestamp":1742658585.1922,"label":"ARImageAnchor didUpdate","content":{"name":"Lenna","transform":{"columns":[[-0.22337888,-0.03549224,-0.9740852,0],[0.97468376,0.0017631887,-0.22358039,0],[0.009652864,-0.9993683,0.034199856,0],[0.39362407,-0.66800064,-0.20630954,1]]},"identifier":"6BAD7D5D-D14A-EF93-1C8B-F6BEC80B8329"}},{"label":"ARImageAnchor didAdd","timestamp":1742658588.864725,"content":{"identifier":"C35EAC54-3E90-1B97-807B-5E3B8F238DB7","transform":{"columns":[[0.9709428,0.0005235708,-0.23931038,0],[0.23925497,-0.023753518,0.97066605,0],[-0.0051762396,-0.9997176,-0.023188563,0],[0.402437,0.7695448,-0.6961075,0.9999999]]},"name":"Sailboat"}},{"timestamp":1742658588.8839521,"content":{"name":"Sailboat","identifier":"C35EAC54-3E90-1B97-807B-5E3B8F238DB7","transform":{"columns":[[0.9709428,0.0005235708,-0.23931038,0],[0.23925497,-0.023753518,0.97066605,0],[-0.0051762396,-0.9997176,-0.023188563,0],[0.402437,0.7695448,-0.6961075,0.9999999]]}},"label":"ARImageAnchor didUpdate"},{"timestamp":1742658590.41468,"content":{"identifier":"A19C2489-597B-2BED-432C-244B551E75FD","transform":{"columns":[[0.25450796,-0.018995292,0.96688396,0],[-0.966513,0.028951423,0.254979,0],[-0.032836072,-0.99940026,-0.010990823,0],[1.2497536,0.79565966,-0.34615088,1]]},"name":"Mandrill"},"label":"ARImageAnchor didAdd"},{"timestamp":1742658590.422031,"label":"ARImageAnchor didUpdate","content":{"name":"Mandrill","identifier":"A19C2489-597B-2BED-432C-244B551E75FD","transform":{"columns":[[0.25450796,-0.018995292,0.96688396,0],[-0.966513,0.028951423,0.254979,0],[-0.032836072,-0.99940026,-0.010990823,0],[1.2497536,0.79565966,-0.34615088,1]]}}},{"label":"ARImageAnchor didUpdate","timestamp":1742658590.940814,"content":{"name":"Mandrill","identifier":"A19C2489-597B-2BED-432C-244B551E75FD","transform":{"columns":[[0.25301325,-0.015411751,0.96734,0],[-0.9661359,0.04832216,0.25346816,0],[-0.05065034,-0.99871284,-0.0026637001,0],[1.2441998,0.79348433,-0.3477285,1]]}}},{"label":"ARImageAnchor didUpdate","content":{"name":"Mandrill","identifier":"A19C2489-597B-2BED-432C-244B551E75FD","transform":{"columns":[[0.25301325,-0.015411751,0.96734,0],[-0.9661359,0.04832216,0.25346816,0],[-0.05065034,-0.99871284,-0.0026637001,0],[1.2441998,0.79348433,-0.3477285,1]]}},"timestamp":1742658590.973917},{"label":"ARImageAnchor didAdd","timestamp":1742658594.0977101,"content":{"name":"Peppers","identifier":"61BB3DDD-C96C-6E82-3432-BD712CCBCB28","transform":{"columns":[[0.2523121,-0.010816054,0.9675854,0],[-0.9675822,-0.014271929,0.25215173,0],[0.011081998,-0.9998396,-0.014066384,0],[1.5024252,0.17608684,0.33834916,1]]}}},{"timestamp":1742658594.103231,"content":{"transform":{"columns":[[0.2523121,-0.010816054,0.9675854,0],[-0.9675822,-0.014271929,0.25215173,0],[0.011081998,-0.9998396,-0.014066384,0],[1.5024252,0.17608684,0.33834916,1]]},"name":"Peppers","identifier":"61BB3DDD-C96C-6E82-3432-BD712CCBCB28"},"label":"ARImageAnchor didUpdate"}]