[{"label":"Application launched","timestamp":1742656960.725414},{"timestamp":1742656960.725611,"label":"Initialize ARViewModel"},{"label":"Finished Initialize ARViewModel","timestamp":1742656960.732638},{"timestamp":1742656960.7327151,"label":"Initialize RoomManager"},{"timestamp":1742656960.732729,"label":"Initialize BeaconManager"},{"label":"Fininshed Initialize BeaconManager","timestamp":1742656960.732811},{"label":"Fininshed Initialize RoomManager","timestamp":1742656960.732857},{"label":"ContentView Initialize","timestamp":1742656960.732862},{"label":"Initialize ARWorldMapManager","timestamp":1742656960.735013},{"label":"Fininshed Initialize ARWorldMapManager","timestamp":1742656960.735124},{"content":"Tracking is limited due to: initializing","timestamp":1742656960.998038,"label":"Tracking Limited"},{"content":{"id":"3F39F93D-AB52-4382-80AA-E0ED5264C1F0","name":"Test Room"},"timestamp":1742656961.993387,"label":"Room Update"},{"timestamp":1742656961.9934602,"label":"Downloading WorldMap","content":{"id":"3F39F93D-AB52-4382-80AA-E0ED5264C1F0","name":"Test Room"}},{"label":"Finished Downloading WorldMap","content":{"id":"3F39F93D-AB52-4382-80AA-E0ED5264C1F0","name":"Test Room"},"timestamp":1742656962.5287209},{"content":"Tracking is limited due to: initializing","label":"Tracking Limited","timestamp":1742656962.67991},{"timestamp":1742656963.7308102,"content":"Tracking is limited due to: relocalizing","label":"Tracking Limited"},{"timestamp":1742656965.045247,"content":{"transform":{"columns":[[0.99652475,-0.0011311637,-0.08328969,0],[0.0012247307,0.99999833,0.0010723146,0],[0.08328837,-0.0011705958,0.9965247,0],[-0.034224045,-0.6027027,-0.3153559,1]]},"name":"bunny","identifier":"B08E24AE-6649-4FDC-AC88-299C0F4ABC29"},"label":"Bunny didAdd"},{"timestamp":1742656965.0839338,"label":"Tracking Available","content":{"center":[0.017977595,-3.4131691,0.45404088],"extent":[2.897366,6.354778,2.8408394]}},{"timestamp":1742656965.084001,"label":"Bunny didUpdate","content":{"transform":{"columns":[[0.99652475,-0.0011311637,-0.08328969,0],[0.0012247305,0.99999815,0.0010723145,0],[0.08328838,-0.0011705958,0.99652475,0],[-0.034224045,-0.6027027,-0.3153559,1]]},"name":"bunny","identifier":"B08E24AE-6649-4FDC-AC88-299C0F4ABC29"}},{"content":{"name":"Car","identifier":"FF85DBE1-76D3-E459-2D24-8EDCEE263300","transform":{"columns":[[0.9732733,0.010752005,-0.2293977,0],[0.2293307,0.00711385,0.9733224,0],[0.012097088,-0.99991685,0.0044578942,0],[-0.27057797,-0.66167915,0.056168094,1]]}},"timestamp":1742656968.23917,"label":"ARImageAnchor didAdd"},{"label":"ARImageAnchor didUpdate","content":{"identifier":"FF85DBE1-76D3-E459-2D24-8EDCEE263300","transform":{"columns":[[0.9732733,0.010752005,-0.2293977,0],[0.2293307,0.00711385,0.9733224,0],[0.012097088,-0.99991685,0.0044578942,0],[-0.27057797,-0.66167915,0.056168094,1]]},"name":"Car"},"timestamp":1742656968.252136},{"label":"ARImageAnchor didUpdate","content":{"name":"Car","transform":{"columns":[[0.97240615,0.011945621,-0.23298813,0],[0.23291048,0.007540952,0.97246873,0],[0.01337367,-0.9999001,0.004550584,0],[-0.27121848,-0.65583634,0.05060576,0.99999994]]},"identifier":"FF85DBE1-76D3-E459-2D24-8EDCEE263300"},"timestamp":1742656968.7670999},{"content":{"name":"Car","transform":{"columns":[[0.97240615,0.011945621,-0.23298813,0],[0.23291048,0.007540952,0.97246873,0],[0.01337367,-0.9999001,0.004550584,0],[-0.27121848,-0.65583634,0.05060576,0.99999994]]},"identifier":"FF85DBE1-76D3-E459-2D24-8EDCEE263300"},"label":"ARImageAnchor didUpdate","timestamp":1742656968.78392},{"timestamp":1742656972.455579,"content":{"name":"Earth","identifier":"088EF783-5990-B052-BE99-B8AA15BA6C68","transform":{"columns":[[0.96593004,-0.007658591,-0.25868964,0],[0.25845295,-0.023421448,0.96573985,0],[-0.01345509,-0.99969625,-0.020644112,0],[-1.3874487,0.6105416,-0.20357446,1.0000001]]}},"label":"ARImageAnchor didAdd"},{"label":"ARImageAnchor didUpdate","timestamp":1742656972.473542,"content":{"transform":{"columns":[[0.96593004,-0.007658591,-0.25868964,0],[0.25845295,-0.023421448,0.96573985,0],[-0.01345509,-0.99969625,-0.020644112,0],[-1.3874487,0.6105416,-0.20357446,1.0000001]]},"name":"Earth","identifier":"088EF783-5990-B052-BE99-B8AA15BA6C68"}},{"label":"Bunny didUpdate","timestamp":1742656976.0847158,"content":{"transform":{"columns":[[0.9969892,-0.0011311637,-0.07753161,0],[0.0012185151,0.999998,0.0010793712,0],[0.0775303,-0.0011705959,0.99698925,0],[-0.03605987,-0.6022761,-0.31416377,1]]},"identifier":"B08E24AE-6649-4FDC-AC88-299C0F4ABC29","name":"bunny"}},{"label":"ARImageAnchor didAdd","content":{"name":"Lenna","identifier":"6BAD7D5D-D14A-EF93-1C8B-F6BEC80B8329","transform":{"columns":[[-0.22630891,-0.024005549,-0.97375953,0],[0.9739941,0.0056328117,-0.22650227,0],[0.010922325,-0.99969584,0.022106513,0],[0.39330423,-0.65964425,-0.19915542,0.9999999]]}},"timestamp":1742656977.705411},{"content":{"name":"Lenna","identifier":"6BAD7D5D-D14A-EF93-1C8B-F6BEC80B8329","transform":{"columns":[[-0.22630891,-0.024005549,-0.97375953,0],[0.9739941,0.0056328117,-0.22650227,0],[0.010922325,-0.99969584,0.022106513,0],[0.39330423,-0.65964425,-0.19915542,0.9999999]]}},"timestamp":1742656977.716137,"label":"ARImageAnchor didUpdate"},{"content":{"name":"Lenna","identifier":"6BAD7D5D-D14A-EF93-1C8B-F6BEC80B8329","transform":{"columns":[[-0.21836717,-0.037405644,-0.97514945,0],[0.97550917,-0.035407335,-0.2170895,0],[-0.026407056,-0.9986726,0.044221353,0],[0.39518285,-0.6576217,-0.19583407,1]]}},"timestamp":1742656978.2304559,"label":"ARImageAnchor didUpdate"},{"content":{"name":"Lenna","transform":{"columns":[[-0.21836717,-0.037405644,-0.97514945,0],[0.97550917,-0.035407335,-0.2170895,0],[-0.026407056,-0.9986726,0.044221353,0],[0.39518285,-0.6576217,-0.19583407,1]]},"identifier":"6BAD7D5D-D14A-EF93-1C8B-F6BEC80B8329"},"label":"ARImageAnchor didUpdate","timestamp":1742656978.247746},{"timestamp":1742656981.3897219,"label":"ARImageAnchor didAdd","content":{"name":"Sailboat","transform":{"columns":[[0.9637194,0.0017808669,-0.26691088,0],[0.26668862,0.03491354,0.96314996,0],[0.011034052,-0.9993887,0.033171944,0],[0.40861028,0.77383953,-0.69924873,1]]},"identifier":"C35EAC54-3E90-1B97-807B-5E3B8F238DB7"}},{"timestamp":1742656981.41383,"label":"ARImageAnchor didUpdate","content":{"name":"Sailboat","identifier":"C35EAC54-3E90-1B97-807B-5E3B8F238DB7","transform":{"columns":[[0.9637194,0.0017808669,-0.26691088,0],[0.26668862,0.03491354,0.96314996,0],[0.011034052,-0.9993887,0.033171944,0],[0.40861028,0.77383953,-0.69924873,1]]}}},{"label":"ARImageAnchor didAdd","timestamp":1742656983.504922,"content":{"transform":{"columns":[[0.2589323,-0.012413143,0.96581566,0],[-0.9647309,0.04576144,0.25922957,0],[-0.047414966,-0.9988752,-0.00012622897,0],[1.2416655,0.80139583,-0.34168607,1]]},"name":"Mandrill","identifier":"A19C2489-597B-2BED-432C-244B551E75FD"}},{"label":"ARImageAnchor didUpdate","timestamp":1742656983.512978,"content":{"name":"Mandrill","identifier":"A19C2489-597B-2BED-432C-244B551E75FD","transform":{"columns":[[0.2589323,-0.012413143,0.96581566,0],[-0.9647309,0.04576144,0.25922957,0],[-0.047414966,-0.9988752,-0.00012622897,0],[1.2416655,0.80139583,-0.34168607,1]]}}},{"timestamp":1742656986.138032,"label":"ARImageAnchor didAdd","content":{"identifier":"61BB3DDD-C96C-6E82-3432-BD712CCBCB28","transform":{"columns":[[0.25687438,-0.0069616716,0.96641964,0],[-0.966444,-0.003017566,0.25685915,0],[0.001128045,-0.99997115,-0.007503191,0],[1.4977729,0.18638274,0.34814334,1]]},"name":"Peppers"}},{"content":{"name":"Peppers","transform":{"columns":[[0.25687438,-0.0069616716,0.96641964,0],[-0.966444,-0.003017566,0.25685915,0],[0.001128045,-0.99997115,-0.007503191,0],[1.4977729,0.18638274,0.34814334,1]]},"identifier":"61BB3DDD-C96C-6E82-3432-BD712CCBCB28"},"timestamp":1742656986.145834,"label":"ARImageAnchor didUpdate"}]