[{"timestamp":1742634402.159299,"label":"Application launched"},{"label":"Initialize ARViewModel","timestamp":1742634402.159545},{"timestamp":1742634402.1616402,"label":"Finished Initialize ARViewModel"},{"label":"Initialize RoomManager","timestamp":1742634402.16169},{"timestamp":1742634402.161703,"label":"Initialize BeaconManager"},{"label":"Fininshed Initialize BeaconManager","timestamp":1742634402.161736},{"timestamp":1742634402.161752,"label":"Fininshed Initialize RoomManager"},{"timestamp":1742634402.161765,"label":"ContentView Initialize"},{"timestamp":1742634402.162799,"label":"Initialize ARWorldMapManager"},{"label":"Fininshed Initialize ARWorldMapManager","timestamp":1742634402.162844},{"timestamp":1742634402.470957,"content":"Tracking is limited due to: initializing","label":"Tracking Limited"},{"timestamp":1742634403.426505,"label":"Room Update","content":{"name":"Test Room","id":"3F39F93D-AB52-4382-80AA-E0ED5264C1F0"}},{"label":"Downloading WorldMap","timestamp":1742634403.4265409,"content":{"id":"3F39F93D-AB52-4382-80AA-E0ED5264C1F0","name":"Test Room"}},{"timestamp":1742634403.736027,"label":"Finished Downloading WorldMap","content":{"name":"Test Room","id":"3F39F93D-AB52-4382-80AA-E0ED5264C1F0"}},{"timestamp":1742634403.8712249,"content":"Tracking is limited due to: initializing","label":"Tracking Limited"},{"timestamp":1742634404.887526,"content":"Tracking is limited due to: relocalizing","label":"Tracking Limited"},{"timestamp":1742634406.4301019,"label":"Bunny didAdd","content":{"identifier":"B08E24AE-6649-4FDC-AC88-299C0F4ABC29","name":"bunny","transform":{"columns":[[0.996533,-0.0012840496,-0.083188996,0],[0.0013539256,0.9999986,0.000783564,0],[0.08318789,-0.0008934792,0.99653333,0],[-0.034270495,-0.60270274,-0.31525213,1.0000001]]}}},{"label":"Tracking Available","content":{"extent":[2.7465603,5.9929047,2.8250825],"center":[-0.05742526,-3.2194438,0.4619192]},"timestamp":1742634406.4660258},{"content":{"transform":{"columns":[[0.99652475,-0.0011311637,-0.08328969,0],[0.0012247307,0.99999833,0.0010723146,0],[0.08328837,-0.0011705958,0.9965247,0],[-0.034224045,-0.6027027,-0.3153559,1]]},"name":"bunny","identifier":"B08E24AE-6649-4FDC-AC88-299C0F4ABC29"},"timestamp":1742634406.466063,"label":"Bunny didUpdate"},{"label":"ARImageAnchor didAdd","content":{"identifier":"FF85DBE1-76D3-E459-2D24-8EDCEE263300","name":"Car","transform":{"columns":[[0.9758877,0.009885547,-0.21804819,0],[0.21794827,0.010270669,0.975906,0],[0.011886863,-0.9998984,0.00786848,0],[-0.27116677,-0.66993266,0.05014828,1]]}},"timestamp":1742634408.297464},{"content":{"name":"Car","identifier":"FF85DBE1-76D3-E459-2D24-8EDCEE263300","transform":{"columns":[[0.9758877,0.009885547,-0.21804819,0],[0.21794827,0.010270669,0.975906,0],[0.011886863,-0.9998984,0.00786848,0],[-0.27116677,-0.66993266,0.05014828,1]]}},"label":"ARImageAnchor didUpdate","timestamp":1742634408.3075418},{"timestamp":1742634408.821957,"label":"ARImageAnchor didUpdate","content":{"transform":{"columns":[[0.96874005,0.013437252,-0.24771337,0],[0.24798061,-0.024537876,0.968454,0],[0.0069349986,-0.9996085,-0.027102988,0],[-0.26947322,-0.66262686,0.043866217,1]]},"name":"Car","identifier":"FF85DBE1-76D3-E459-2D24-8EDCEE263300"}},{"content":{"transform":{"columns":[[0.96874005,0.013437252,-0.24771337,0],[0.24798061,-0.024537876,0.968454,0],[0.0069349986,-0.9996085,-0.027102988,0],[-0.26947322,-0.66262686,0.043866217,1]]},"identifier":"FF85DBE1-76D3-E459-2D24-8EDCEE263300","name":"Car"},"timestamp":1742634408.8405519,"label":"ARImageAnchor didUpdate"},{"timestamp":1742634411.4640121,"label":"ARImageAnchor didAdd","content":{"transform":{"columns":[[0.96699333,-0.0058081457,-0.2547348,0],[0.25461242,-0.016431779,0.9669034,0],[-0.009801674,-0.99984795,-0.014410606,0],[-1.3811661,0.595404,-0.21324335,1]]},"name":"Earth","identifier":"088EF783-5990-B052-BE99-B8AA15BA6C68"}},{"timestamp":1742634411.481903,"label":"ARImageAnchor didUpdate","content":{"transform":{"columns":[[0.96699333,-0.0058081457,-0.2547348,0],[0.25461242,-0.016431779,0.9669034,0],[-0.009801674,-0.99984795,-0.014410606,0],[-1.3811661,0.595404,-0.21324335,1]]},"identifier":"088EF783-5990-B052-BE99-B8AA15BA6C68","name":"Earth"}},{"label":"ARImageAnchor didUpdate","timestamp":1742634411.99921,"content":{"transform":{"columns":[[0.96787983,-0.003752081,-0.25138512,0],[0.25135618,-0.0068222,0.9678704,0],[-0.005346559,-0.9999696,-0.0056599476,0],[-1.387007,0.60031843,-0.21134517,1]]},"name":"Earth","identifier":"088EF783-5990-B052-BE99-B8AA15BA6C68"}},{"timestamp":1742634412.004672,"label":"ARImageAnchor didUpdate","content":{"identifier":"088EF783-5990-B052-BE99-B8AA15BA6C68","transform":{"columns":[[0.96787983,-0.003752081,-0.25138512,0],[0.25135618,-0.0068222,0.9678704,0],[-0.005346559,-0.9999696,-0.0056599476,0],[-1.387007,0.60031843,-0.21134517,1]]},"name":"Earth"}},{"timestamp":1742634415.1989121,"content":{"identifier":"C35EAC54-3E90-1B97-807B-5E3B8F238DB7","transform":{"columns":[[0.9679656,0.0057713576,-0.2510159,0],[0.25107706,-0.02867065,0.96754223,0],[-0.001612758,-0.9995722,-0.029201252,0],[0.3924073,0.78410023,-0.7059624,1]]},"name":"Sailboat"},"label":"ARImageAnchor didAdd"},{"timestamp":1742634415.2047992,"label":"ARImageAnchor didUpdate","content":{"identifier":"C35EAC54-3E90-1B97-807B-5E3B8F238DB7","name":"Sailboat","transform":{"columns":[[0.9679656,0.0057713576,-0.2510159,0],[0.25107706,-0.02867065,0.96754223,0],[-0.001612758,-0.9995722,-0.029201252,0],[0.3924073,0.78410023,-0.7059624,1]]}}},{"content":{"identifier":"A19C2489-597B-2BED-432C-244B551E75FD","transform":{"columns":[[0.24319732,-0.012495034,0.9698962,0],[-0.9686296,0.049550474,0.24351802,0],[-0.0511016,-0.99869335,-5.250024e-05,0],[1.2297313,0.8060372,-0.35793948,1]]},"name":"Mandrill"},"timestamp":1742634417.8301702,"label":"ARImageAnchor didAdd"},{"timestamp":1742634417.83972,"content":{"transform":{"columns":[[0.24319732,-0.012495034,0.9698962,0],[-0.9686296,0.049550474,0.24351802,0],[-0.0511016,-0.99869335,-5.250024e-05,0],[1.2297313,0.8060372,-0.35793948,1]]},"name":"Mandrill","identifier":"A19C2489-597B-2BED-432C-244B551E75FD"},"label":"ARImageAnchor didUpdate"},{"content":{"transform":{"columns":[[0.26524588,-0.005736098,0.96416366,0],[-0.9640872,-0.015500784,0.26513267,0],[0.013424429,-0.9998633,-0.009641614,0],[1.4932358,0.19108841,0.3280309,1]]},"name":"Peppers","identifier":"61BB3DDD-C96C-6E82-3432-BD712CCBCB28"},"timestamp":1742634419.930046,"label":"ARImageAnchor didAdd"},{"label":"ARImageAnchor didUpdate","content":{"transform":{"columns":[[0.26524588,-0.005736098,0.96416366,0],[-0.9640872,-0.015500784,0.26513267,0],[0.013424429,-0.9998633,-0.009641614,0],[1.4932358,0.19108841,0.3280309,1]]},"name":"Peppers","identifier":"61BB3DDD-C96C-6E82-3432-BD712CCBCB28"},"timestamp":1742634419.935756},{"content":{"name":"Lenna","transform":{"columns":[[-0.2329963,-0.032161947,-0.9719455,0],[0.97200096,-0.038984522,-0.23171955,0],[-0.03043831,-0.9987221,0.040344663,0],[0.36144477,-0.6563002,-0.2150456,1]]},"identifier":"6BAD7D5D-D14A-EF93-1C8B-F6BEC80B8329"},"timestamp":1742634422.565438,"label":"ARImageAnchor didAdd"},{"label":"ARImageAnchor didUpdate","content":{"transform":{"columns":[[-0.2329963,-0.032161947,-0.9719455,0],[0.97200096,-0.038984522,-0.23171955,0],[-0.03043831,-0.9987221,0.040344663,0],[0.36144477,-0.6563002,-0.2150456,1]]},"name":"Lenna","identifier":"6BAD7D5D-D14A-EF93-1C8B-F6BEC80B8329"},"timestamp":1742634422.573503},{"label":"Bunny didUpdate","timestamp":1742634427.674582,"content":{"name":"bunny","identifier":"B08E24AE-6649-4FDC-AC88-299C0F4ABC29","transform":{"columns":[[0.99652475,-0.0011311637,-0.08328969,0],[0.0012247305,0.99999815,0.0010723145,0],[0.08328838,-0.0011705958,0.99652475,0],[-0.034224045,-0.6027027,-0.3153559,1]]}}},{"label":"Bunny didUpdate","timestamp":1742634427.9730449,"content":{"name":"bunny","identifier":"B08E24AE-6649-4FDC-AC88-299C0F4ABC29","transform":{"columns":[[0.99652475,-0.0011311637,-0.08328969,0],[0.0012247302,0.999998,0.0010723142,0],[0.08328838,-0.0011705959,0.9965248,0],[-0.034224045,-0.6027027,-0.3153559,1]]}}},{"content":{"identifier":"FF85DBE1-76D3-E459-2D24-8EDCEE263300","name":"Car","transform":{"columns":[[0.97668624,0.014586291,-0.214175,0],[0.21413794,0.004075182,0.9767948,0],[0.015120643,-0.99988526,0.0008567229,0],[-0.28084207,-0.65469897,0.031394124,0.9999999]]}},"timestamp":1742634428.356072,"label":"ARImageAnchor didUpdate"},{"timestamp":1742634428.372628,"label":"ARImageAnchor didUpdate","content":{"name":"Car","transform":{"columns":[[0.97668624,0.014586291,-0.214175,0],[0.21413794,0.004075182,0.9767948,0],[0.015120643,-0.99988526,0.0008567229,0],[-0.28084207,-0.65469897,0.031394124,0.9999999]]},"identifier":"FF85DBE1-76D3-E459-2D24-8EDCEE263300"}},{"content":{"transform":{"columns":[[0.9628588,-0.0028836129,-0.26998976,0],[0.2699597,-0.008076327,0.96283764,0],[-0.004956964,-0.9999632,-0.0069979206,0],[-1.3798301,0.5956312,-0.22681792,1.0000001]]},"name":"Earth","identifier":"088EF783-5990-B052-BE99-B8AA15BA6C68"},"timestamp":1742634430.997406,"label":"ARImageAnchor didUpdate"},{"label":"ARImageAnchor didUpdate","content":{"name":"Earth","identifier":"088EF783-5990-B052-BE99-B8AA15BA6C68","transform":{"columns":[[0.9628588,-0.0028836129,-0.26998976,0],[0.2699597,-0.008076327,0.96283764,0],[-0.004956964,-0.9999632,-0.0069979206,0],[-1.3798301,0.5956312,-0.22681792,1.0000001]]}},"timestamp":1742634431.002931},{"label":"Bunny didUpdate","content":{"transform":{"columns":[[0.99652475,-0.0011311637,-0.08328969,0],[0.00122473,0.9999978,0.001072314,0],[0.08328838,-0.0011705959,0.9965248,0],[-0.034224045,-0.6027027,-0.3153559,1]]},"name":"bunny","identifier":"B08E24AE-6649-4FDC-AC88-299C0F4ABC29"},"timestamp":1742634439.271255},{"label":"Bunny didUpdate","content":{"transform":{"columns":[[0.99652475,-0.0011311637,-0.08328969,0],[0.0012247298,0.9999976,0.0010723138,0],[0.08328838,-0.0011705959,0.9965248,0],[-0.034224045,-0.6027027,-0.3153559,1]]},"name":"bunny","identifier":"B08E24AE-6649-4FDC-AC88-299C0F4ABC29"},"timestamp":1742634439.888061}]