[{"timestamp":1742632200.89533,"label":"Application launched"},{"timestamp":1742632200.895575,"label":"Initialize ARViewModel"},{"label":"Finished Initialize ARViewModel","timestamp":1742632200.897151},{"timestamp":1742632200.897177,"label":"Initialize RoomManager"},{"timestamp":1742632200.897182,"label":"Initialize BeaconManager"},{"timestamp":1742632200.897193,"label":"Fininshed Initialize BeaconManager"},{"timestamp":1742632200.8971992,"label":"Fininshed Initialize RoomManager"},{"timestamp":1742632200.897202,"label":"ContentView Initialize"},{"label":"Initialize ARWorldMapManager","timestamp":1742632200.897625},{"timestamp":1742632200.897637,"label":"Fininshed Initialize ARWorldMapManager"},{"label":"Tracking Limited","timestamp":1742632201.279138,"content":"Tracking is limited due to: initializing"},{"timestamp":1742632202.2780452,"label":"Tracking Limited","content":"Tracking is limited due to: excessiveMotion"},{"content":{"id":"3F39F93D-AB52-4382-80AA-E0ED5264C1F0","name":"Test Room"},"timestamp":1742632202.497655,"label":"Room Update"},{"label":"Downloading WorldMap","timestamp":1742632202.497678,"content":{"name":"Test Room","id":"3F39F93D-AB52-4382-80AA-E0ED5264C1F0"}},{"label":"Finished Downloading WorldMap","timestamp":1742632202.9460912,"content":{"name":"Test Room","id":"3F39F93D-AB52-4382-80AA-E0ED5264C1F0"}},{"timestamp":1742632203.079011,"label":"Tracking Limited","content":"Tracking is limited due to: initializing"},{"content":"Tracking is limited due to: relocalizing","label":"Tracking Limited","timestamp":1742632204.09303},{"content":{"transform":{"columns":[[0.996533,-0.0012840496,-0.083188996,0],[0.0013539256,0.9999986,0.000783564,0],[0.08318789,-0.0008934792,0.99653333,0],[-0.034270495,-0.60270274,-0.31525213,1.0000001]]},"name":"bunny","identifier":"B08E24AE-6649-4FDC-AC88-299C0F4ABC29"},"label":"Bunny didAdd","timestamp":1742632206.9266062},{"label":"Tracking Available","content":{"center":[-0.0013743639,-3.2258382,0.25660765],"extent":[2.8586621,5.980116,3.2357054]},"timestamp":1742632206.9435182},{"label":"Bunny didUpdate","timestamp":1742632206.943537,"content":{"transform":{"columns":[[0.99652475,-0.0011311637,-0.08328969,0],[0.0012247307,0.99999833,0.0010723146,0],[0.08328837,-0.0011705958,0.9965247,0],[-0.034224045,-0.6027027,-0.3153559,1]]},"name":"bunny","identifier":"B08E24AE-6649-4FDC-AC88-299C0F4ABC29"}},{"timestamp":1742632208.580672,"label":"Bunny didUpdate","content":{"identifier":"B08E24AE-6649-4FDC-AC88-299C0F4ABC29","transform":{"columns":[[0.9965588,-0.0011311636,-0.08287983,0],[0.0012242893,0.9999981,0.001072818,0],[0.08287851,-0.0011705958,0.9965588,0],[-0.034310985,-0.6025251,-0.3150511,1]]},"name":"bunny"}},{"timestamp":1742632209.1371388,"content":{"identifier":"FF85DBE1-76D3-E459-2D24-8EDCEE263300","name":"Car","transform":{"columns":[[0.9744026,0.005619072,-0.22473933,0],[0.22467667,0.010025765,0.9743816,0],[0.0077283066,-0.99993384,0.008506654,0],[-0.2768281,-0.6657788,0.051573724,1]]}},"label":"ARImageAnchor didAdd"},{"label":"ARImageAnchor didUpdate","timestamp":1742632209.146486,"content":{"transform":{"columns":[[0.9744026,0.005619072,-0.22473933,0],[0.22467667,0.010025765,0.9743816,0],[0.0077283066,-0.99993384,0.008506654,0],[-0.2768281,-0.6657788,0.051573724,1]]},"name":"Car","identifier":"FF85DBE1-76D3-E459-2D24-8EDCEE263300"}},{"label":"ARImageAnchor didUpdate","content":{"name":"Car","identifier":"FF85DBE1-76D3-E459-2D24-8EDCEE263300","transform":{"columns":[[0.97075385,0.0066259345,-0.23998521,0],[0.23988822,0.012826567,0.9707156,0],[0.009510089,-0.99989575,0.0108619835,0],[-0.27874368,-0.66043884,0.047542572,0.99999994]]}},"timestamp":1742632209.662212},{"timestamp":1742632209.6885471,"label":"ARImageAnchor didUpdate","content":{"identifier":"FF85DBE1-76D3-E459-2D24-8EDCEE263300","name":"Car","transform":{"columns":[[0.97075385,0.0066259345,-0.23998521,0],[0.23988822,0.012826567,0.9707156,0],[0.009510089,-0.99989575,0.0108619835,0],[-0.27874368,-0.66043884,0.047542572,0.99999994]]}}},{"timestamp":1742632212.820245,"label":"ARImageAnchor didAdd","content":{"identifier":"088EF783-5990-B052-BE99-B8AA15BA6C68","transform":{"columns":[[0.9613702,-0.0073933816,-0.27515906,0],[0.27515084,-0.0021313878,0.96139866,0],[-0.0076944553,-0.9999704,-1.4745706e-05,0],[-1.386699,0.6022805,-0.23005268,1]]},"name":"Earth"}},{"content":{"transform":{"columns":[[0.9613702,-0.0073933816,-0.27515906,0],[0.27515084,-0.0021313878,0.96139866,0],[-0.0076944553,-0.9999704,-1.4745706e-05,0],[-1.386699,0.6022805,-0.23005268,1]]},"identifier":"088EF783-5990-B052-BE99-B8AA15BA6C68","name":"Earth"},"timestamp":1742632212.8275871,"label":"ARImageAnchor didUpdate"},{"content":{"name":"Lenna","identifier":"6BAD7D5D-D14A-EF93-1C8B-F6BEC80B8329","transform":{"columns":[[-0.23622859,-0.03662854,-0.9710067,0],[0.97127366,-0.03840695,-0.23484476,0],[-0.028691389,-0.9985905,0.044649154,0],[0.40058857,-0.66929984,-0.20621526,0.99999994]]}},"timestamp":1742632218.053225,"label":"ARImageAnchor didAdd"},{"label":"ARImageAnchor didUpdate","timestamp":1742632218.06257,"content":{"name":"Lenna","transform":{"columns":[[-0.23622859,-0.03662854,-0.9710067,0],[0.97127366,-0.03840695,-0.23484476,0],[-0.028691389,-0.9985905,0.044649154,0],[0.40058857,-0.66929984,-0.20621526,0.99999994]]},"identifier":"6BAD7D5D-D14A-EF93-1C8B-F6BEC80B8329"}},{"label":"ARImageAnchor didAdd","timestamp":1742632221.2197661,"content":{"name":"Sailboat","identifier":"C35EAC54-3E90-1B97-807B-5E3B8F238DB7","transform":{"columns":[[0.9686078,-0.0002718902,-0.2485931,0],[0.24855019,0.019675897,0.9684191,0],[0.0046279836,-0.99980634,0.019125812,0],[0.41068077,0.77744037,-0.70824337,1]]}}},{"label":"ARImageAnchor didUpdate","timestamp":1742632221.2373881,"content":{"identifier":"C35EAC54-3E90-1B97-807B-5E3B8F238DB7","name":"Sailboat","transform":{"columns":[[0.9686078,-0.0002718902,-0.2485931,0],[0.24855019,0.019675897,0.9684191,0],[0.0046279836,-0.99980634,0.019125812,0],[0.41068077,0.77744037,-0.70824337,1]]}}},{"label":"ARImageAnchor didAdd","content":{"name":"Mandrill","identifier":"A19C2489-597B-2BED-432C-244B551E75FD","transform":{"columns":[[0.2613282,-0.01609701,0.9651156,0],[-0.96376204,0.051142603,0.26181465,0],[-0.05357296,-0.99856156,-0.0021486909,0],[1.2651567,0.802846,-0.3583771,1]]}},"timestamp":1742632225.419548},{"timestamp":1742632225.426474,"label":"ARImageAnchor didUpdate","content":{"transform":{"columns":[[0.2613282,-0.01609701,0.9651156,0],[-0.96376204,0.051142603,0.26181465,0],[-0.05357296,-0.99856156,-0.0021486909,0],[1.2651567,0.802846,-0.3583771,1]]},"name":"Mandrill","identifier":"A19C2489-597B-2BED-432C-244B551E75FD"}},{"timestamp":1742632227.535955,"content":{"name":"Peppers","identifier":"61BB3DDD-C96C-6E82-3432-BD712CCBCB28","transform":{"columns":[[0.2228225,-0.007861507,0.97482735,0],[-0.974841,-0.00786453,0.22276223,0],[0.005915313,-0.9999382,-0.009416112,0],[1.5200346,0.18073687,0.3365035,1]]}},"label":"ARImageAnchor didAdd"},{"label":"ARImageAnchor didUpdate","content":{"transform":{"columns":[[0.2228225,-0.007861507,0.97482735,0],[-0.974841,-0.00786453,0.22276223,0],[0.005915313,-0.9999382,-0.009416112,0],[1.5200346,0.18073687,0.3365035,1]]},"name":"Peppers","identifier":"61BB3DDD-C96C-6E82-3432-BD712CCBCB28"},"timestamp":1742632227.544386},{"label":"ARImageAnchor didUpdate","content":{"name":"Peppers","identifier":"61BB3DDD-C96C-6E82-3432-BD712CCBCB28","transform":{"columns":[[0.22393613,-0.0027180593,0.97459984,0],[-0.9744625,0.016393723,0.22395031,0],[-0.01658603,-0.99986184,0.0010224858,0],[1.5297946,0.17333882,0.34993505,1]]}},"timestamp":1742632246.486216},{"content":{"identifier":"61BB3DDD-C96C-6E82-3432-BD712CCBCB28","transform":{"columns":[[0.22393613,-0.0027180593,0.97459984,0],[-0.9744625,0.016393723,0.22395031,0],[-0.01658603,-0.99986184,0.0010224858,0],[1.5297946,0.17333882,0.34993505,1]]},"name":"Peppers"},"timestamp":1742632246.494534,"label":"ARImageAnchor didUpdate"}]