[{"timestamp":1742632258.225387,"label":"Application launched"},{"timestamp":1742632258.225466,"label":"Initialize ARViewModel"},{"timestamp":1742632258.227264,"label":"Finished Initialize ARViewModel"},{"label":"Initialize RoomManager","timestamp":1742632258.2273211},{"label":"Initialize BeaconManager","timestamp":1742632258.227335},{"label":"Fininshed Initialize BeaconManager","timestamp":1742632258.2273688},{"label":"Fininshed Initialize RoomManager","timestamp":1742632258.227385},{"label":"ContentView Initialize","timestamp":1742632258.227398},{"label":"Initialize ARWorldMapManager","timestamp":1742632258.228787},{"label":"Fininshed Initialize ARWorldMapManager","timestamp":1742632258.228804},{"content":"Tracking is limited due to: initializing","label":"Tracking Limited","timestamp":1742632258.457483},{"timestamp":1742632259.274887,"content":"Tracking is limited due to: excessiveMotion","label":"Tracking Limited"},{"timestamp":1742632259.5381289,"label":"Room Update","content":{"name":"Test Room","id":"3F39F93D-AB52-4382-80AA-E0ED5264C1F0"}},{"label":"Downloading WorldMap","content":{"name":"Test Room","id":"3F39F93D-AB52-4382-80AA-E0ED5264C1F0"},"timestamp":1742632259.538171},{"content":{"name":"Test Room","id":"3F39F93D-AB52-4382-80AA-E0ED5264C1F0"},"timestamp":1742632260.060234,"label":"Finished Downloading WorldMap"},{"timestamp":1742632260.191299,"label":"Tracking Limited","content":"Tracking is limited due to: initializing"},{"label":"Tracking Limited","timestamp":1742632261.291709,"content":"Tracking is limited due to: relocalizing"},{"content":{"identifier":"B08E24AE-6649-4FDC-AC88-299C0F4ABC29","name":"bunny","transform":{"columns":[[0.996533,-0.0012840496,-0.083188996,0],[0.0013539256,0.9999986,0.000783564,0],[0.08318789,-0.0008934792,0.99653333,0],[-0.034270495,-0.60270274,-0.31525213,1.0000001]]}},"timestamp":1742632265.92376,"label":"Bunny didAdd"},{"timestamp":1742632265.9585562,"label":"Tracking Available","content":{"extent":[4.0695176,6.2538013,3.3183894],"center":[0.6040534,-3.0889955,0.21526587]}},{"timestamp":1742632265.958627,"label":"Bunny didUpdate","content":{"transform":{"columns":[[0.99652475,-0.0011311637,-0.08328969,0],[0.0012247307,0.99999833,0.0010723146,0],[0.08328837,-0.0011705958,0.9965247,0],[-0.034224045,-0.6027027,-0.3153559,1]]},"name":"bunny","identifier":"B08E24AE-6649-4FDC-AC88-299C0F4ABC29"}},{"label":"ARImageAnchor didAdd","content":{"identifier":"6BAD7D5D-D14A-EF93-1C8B-F6BEC80B8329","transform":{"columns":[[-0.22824767,-0.034150247,-0.9730039,0],[0.97346556,0.008780357,-0.22866416,0],[0.016352275,-0.9993781,0.031239992,0],[0.38494754,-0.65732,-0.18476279,0.99999994]]},"name":"Lenna"},"timestamp":1742632269.334954},{"content":{"identifier":"6BAD7D5D-D14A-EF93-1C8B-F6BEC80B8329","name":"Lenna","transform":{"columns":[[-0.22824767,-0.034150247,-0.9730039,0],[0.97346556,0.008780357,-0.22866416,0],[0.016352275,-0.9993781,0.031239992,0],[0.38494754,-0.65732,-0.18476279,0.99999994]]}},"timestamp":1742632269.3421159,"label":"ARImageAnchor didUpdate"},{"timestamp":1742632273.00101,"label":"ARImageAnchor didAdd","content":{"identifier":"FF85DBE1-76D3-E459-2D24-8EDCEE263300","transform":{"columns":[[0.9805648,0.010996651,-0.19588697,0],[0.19603913,-0.0150777865,0.98048,0],[0.007828488,-0.99982584,-0.016940508,0],[-0.28881085,-0.65441966,0.04550281,1]]},"name":"Car"}},{"label":"ARImageAnchor didUpdate","content":{"identifier":"FF85DBE1-76D3-E459-2D24-8EDCEE263300","transform":{"columns":[[0.9805648,0.010996651,-0.19588697,0],[0.19603913,-0.0150777865,0.98048,0],[0.007828488,-0.99982584,-0.016940508,0],[-0.28881085,-0.65441966,0.04550281,1]]},"name":"Car"},"timestamp":1742632273.024057},{"content":{"name":"Earth","identifier":"088EF783-5990-B052-BE99-B8AA15BA6C68","transform":{"columns":[[0.9715317,-0.0055100345,-0.23684497,0],[0.23674573,-0.014537873,0.9714626,0],[-0.008796021,-0.999879,-0.01281952,0],[-1.3791193,0.5876148,-0.22347045,0.99999994]]}},"timestamp":1742632275.649609,"label":"ARImageAnchor didAdd"},{"timestamp":1742632275.6568952,"label":"ARImageAnchor didUpdate","content":{"name":"Earth","identifier":"088EF783-5990-B052-BE99-B8AA15BA6C68","transform":{"columns":[[0.9715317,-0.0055100345,-0.23684497,0],[0.23674573,-0.014537873,0.9714626,0],[-0.008796021,-0.999879,-0.01281952,0],[-1.3791193,0.5876148,-0.22347045,0.99999994]]}}},{"timestamp":1742632276.7173471,"label":"ARImageAnchor didUpdate","content":{"identifier":"088EF783-5990-B052-BE99-B8AA15BA6C68","transform":{"columns":[[0.9494158,0.0071894624,-0.3139393,0],[0.31397656,-0.03866708,0.94864297,0],[-0.0053188815,-0.9992263,-0.03896846,0],[-1.3853194,0.59117496,-0.22600433,1]]},"name":"Earth"}},{"label":"ARImageAnchor didUpdate","content":{"name":"Earth","transform":{"columns":[[0.9494158,0.0071894624,-0.3139393,0],[0.31397656,-0.03866708,0.94864297,0],[-0.0053188815,-0.9992263,-0.03896846,0],[-1.3853194,0.59117496,-0.22600433,1]]},"identifier":"088EF783-5990-B052-BE99-B8AA15BA6C68"},"timestamp":1742632276.751019},{"label":"ARImageAnchor didAdd","timestamp":1742632280.417512,"content":{"transform":{"columns":[[0.9712648,0.0023561255,-0.23798893,0],[0.2378843,0.021643374,0.97105205,0],[0.007438809,-0.9997629,0.02046096,0],[0.37554237,0.77433765,-0.675945,0.99999994]]},"identifier":"C35EAC54-3E90-1B97-807B-5E3B8F238DB7","name":"Sailboat"}},{"content":{"name":"Sailboat","transform":{"columns":[[0.9712648,0.0023561255,-0.23798893,0],[0.2378843,0.021643374,0.97105205,0],[0.007438809,-0.9997629,0.02046096,0],[0.37554237,0.77433765,-0.675945,0.99999994]]},"identifier":"C35EAC54-3E90-1B97-807B-5E3B8F238DB7"},"label":"ARImageAnchor didUpdate","timestamp":1742632280.450976},{"content":{"identifier":"A19C2489-597B-2BED-432C-244B551E75FD","transform":{"columns":[[0.2242587,-0.021432536,0.9742938,0],[-0.97424537,0.019212618,0.22467014,0],[-0.023533987,-0.99958557,-0.016571961,0],[1.2172469,0.8022206,-0.3098461,0.99999994]]},"name":"Mandrill"},"label":"ARImageAnchor didAdd","timestamp":1742632282.01793},{"content":{"identifier":"A19C2489-597B-2BED-432C-244B551E75FD","transform":{"columns":[[0.2242587,-0.021432536,0.9742938,0],[-0.97424537,0.019212618,0.22467014,0],[-0.023533987,-0.99958557,-0.016571961,0],[1.2172469,0.8022206,-0.3098461,0.99999994]]},"name":"Mandrill"},"timestamp":1742632282.0239959,"label":"ARImageAnchor didUpdate"},{"timestamp":1742632284.618906,"content":{"name":"Peppers","identifier":"61BB3DDD-C96C-6E82-3432-BD712CCBCB28","transform":{"columns":[[0.24655142,-0.004634571,0.9691186,0],[-0.9689225,-0.021848261,0.24639708,0],[0.020031612,-0.99975044,-0.009877263,0],[1.4720057,0.1838692,0.38393545,1]]}},"label":"ARImageAnchor didAdd"},{"content":{"identifier":"61BB3DDD-C96C-6E82-3432-BD712CCBCB28","name":"Peppers","transform":{"columns":[[0.24655142,-0.004634571,0.9691186,0],[-0.9689225,-0.021848261,0.24639708,0],[0.020031612,-0.99975044,-0.009877263,0],[1.4720057,0.1838692,0.38393545,1]]}},"timestamp":1742632284.639591,"label":"ARImageAnchor didUpdate"},{"label":"Bunny didUpdate","timestamp":1742632290.374807,"content":{"identifier":"B08E24AE-6649-4FDC-AC88-299C0F4ABC29","name":"bunny","transform":{"columns":[[0.99652475,-0.0011311637,-0.08328969,0],[0.0012247305,0.99999815,0.0010723145,0],[0.08328838,-0.0011705958,0.99652475,0],[-0.034224045,-0.6027027,-0.3153559,1]]}}},{"content":{"name":"Peppers","identifier":"61BB3DDD-C96C-6E82-3432-BD712CCBCB28","transform":{"columns":[[0.21795082,-0.0027657903,0.97595567,0],[-0.9757451,0.020349124,0.21796146,0],[-0.020462682,-0.9997891,0.0017364026,0],[1.4742501,0.1785464,0.39713246,0.99999994]]}},"timestamp":1742632292.024653,"label":"ARImageAnchor didUpdate"},{"timestamp":1742632292.0398378,"content":{"identifier":"61BB3DDD-C96C-6E82-3432-BD712CCBCB28","name":"Peppers","transform":{"columns":[[0.21795082,-0.0027657903,0.97595567,0],[-0.9757451,0.020349124,0.21796146,0],[-0.020462682,-0.9997891,0.0017364026,0],[1.4742501,0.1785464,0.39713246,0.99999994]]}},"label":"ARImageAnchor didUpdate"},{"content":{"identifier":"A19C2489-597B-2BED-432C-244B551E75FD","name":"Mandrill","transform":{"columns":[[0.24702856,-0.012762001,0.96892405,0],[-0.9674037,0.054267526,0.24735568,0],[-0.055737864,-0.99844486,0.001059607,0],[1.2277334,0.7967946,-0.31380016,0.99999994]]}},"label":"ARImageAnchor didUpdate","timestamp":1742632295.665823},{"label":"ARImageAnchor didUpdate","content":{"identifier":"A19C2489-597B-2BED-432C-244B551E75FD","name":"Mandrill","transform":{"columns":[[0.24702856,-0.012762001,0.96892405,0],[-0.9674037,0.054267526,0.24735568,0],[-0.055737864,-0.99844486,0.001059607,0],[1.2277334,0.7967946,-0.31380016,0.99999994]]}},"timestamp":1742632295.699387}]