[{"timestamp":1742663327.782649,"label":"Application launched"},{"label":"Initialize ARViewModel","timestamp":1742663327.782732},{"timestamp":1742663327.788949,"label":"Finished Initialize ARViewModel"},{"timestamp":1742663327.789033,"label":"Initialize RoomManager"},{"label":"Initialize BeaconManager","timestamp":1742663327.789046},{"label":"Fininshed Initialize BeaconManager","timestamp":1742663327.7890859},{"timestamp":1742663327.7891011,"label":"Fininshed Initialize RoomManager"},{"label":"ContentView Initialize","timestamp":1742663327.789114},{"timestamp":1742663327.789562,"label":"Initialize ARWorldMapManager"},{"timestamp":1742663327.789589,"label":"Fininshed Initialize ARWorldMapManager"},{"label":"Tracking Limited","timestamp":1742663328.20654,"content":"Tracking is limited due to: initializing"},{"content":{"name":"Test Room","id":"3F39F93D-AB52-4382-80AA-E0ED5264C1F0"},"label":"Room Update","timestamp":1742663329.076864},{"timestamp":1742663329.076911,"label":"Downloading WorldMap","content":{"id":"3F39F93D-AB52-4382-80AA-E0ED5264C1F0","name":"Test Room"}},{"timestamp":1742663329.5855532,"content":{"id":"3F39F93D-AB52-4382-80AA-E0ED5264C1F0","name":"Test Room"},"label":"Finished Downloading WorldMap"},{"timestamp":1742663329.736769,"content":"Tracking is limited due to: initializing","label":"Tracking Limited"},{"label":"Tracking Limited","timestamp":1742663330.885807,"content":"Tracking is limited due to: relocalizing"},{"timestamp":1742663348.034692,"label":"Bunny didAdd","content":{"name":"bunny","identifier":"B08E24AE-6649-4FDC-AC88-299C0F4ABC29","transform":{"columns":[[0.99652475,-0.0011311637,-0.08328969,0],[0.0012247307,0.99999833,0.0010723146,0],[0.08328837,-0.0011705958,0.9965247,0],[-0.034224045,-0.6027027,-0.3153559,1]]}}},{"content":{"name":"bunny","identifier":"B08E24AE-6649-4FDC-AC88-299C0F4ABC29","transform":{"columns":[[0.99652475,-0.0011311637,-0.08328969,0],[0.0012247305,0.99999815,0.0010723145,0],[0.08328838,-0.0011705958,0.99652475,0],[-0.034224045,-0.6027027,-0.3153559,1]]}},"timestamp":1742663348.1016989,"label":"Bunny didUpdate"},{"content":{"center":[0.017977595,-3.4131691,0.45404088],"extent":[2.897366,6.354778,2.8408394]},"label":"Tracking Available","timestamp":1742663348.101749},{"timestamp":1742663350.96274,"content":{"transform":{"columns":[[0.97099644,0.008320761,-0.23894869,0],[0.23891333,0.005022528,0.9710278,0],[0.009279801,-0.9999527,0.002888861,0],[-0.27496886,-0.6511431,0.042741627,0.99999994]]},"identifier":"FF85DBE1-76D3-E459-2D24-8EDCEE263300","name":"Car"},"label":"ARImageAnchor didAdd"},{"label":"ARImageAnchor didUpdate","timestamp":1742663350.976386,"content":{"name":"Car","identifier":"FF85DBE1-76D3-E459-2D24-8EDCEE263300","transform":{"columns":[[0.97099644,0.008320761,-0.23894869,0],[0.23891333,0.005022528,0.9710278,0],[0.009279801,-0.9999527,0.002888861,0],[-0.27496886,-0.6511431,0.042741627,0.99999994]]}}},{"content":{"identifier":"088EF783-5990-B052-BE99-B8AA15BA6C68","transform":{"columns":[[0.9611879,-0.0070960554,-0.27580264,0],[0.27551824,-0.027458685,0.96090335,0],[-0.014391804,-0.99959755,-0.024437854,0],[-1.3668973,0.59302247,-0.19893809,0.9999999]]},"name":"Earth"},"label":"ARImageAnchor didAdd","timestamp":1742663354.129117},{"content":{"name":"Earth","transform":{"columns":[[0.9611879,-0.0070960554,-0.27580264,0],[0.27551824,-0.027458685,0.96090335,0],[-0.014391804,-0.99959755,-0.024437854,0],[-1.3668973,0.59302247,-0.19893809,0.9999999]]},"identifier":"088EF783-5990-B052-BE99-B8AA15BA6C68"},"label":"ARImageAnchor didUpdate","timestamp":1742663354.1360168},{"label":"ARImageAnchor didUpdate","content":{"identifier":"088EF783-5990-B052-BE99-B8AA15BA6C68","transform":{"columns":[[0.96258956,-0.0044252924,-0.2709269,0],[0.27084932,-0.013250011,0.9625303,0],[-0.007849258,-0.99990225,-0.011555711,0],[-1.3783052,0.5994683,-0.20823097,0.9999999]]},"name":"Earth"},"timestamp":1742663354.6527119},{"timestamp":1742663354.680551,"content":{"identifier":"088EF783-5990-B052-BE99-B8AA15BA6C68","transform":{"columns":[[0.96258956,-0.0044252924,-0.2709269,0],[0.27084932,-0.013250011,0.9625303,0],[-0.007849258,-0.99990225,-0.011555711,0],[-1.3783052,0.5994683,-0.20823097,0.9999999]]},"name":"Earth"},"label":"ARImageAnchor didUpdate"},{"timestamp":1742663358.7581968,"label":"Bunny didUpdate","content":{"name":"bunny","transform":{"columns":[[0.99628615,-0.0011311637,-0.08609562,0],[0.001227745,0.999998,0.001068861,0],[0.08609431,-0.0011705959,0.9962862,0],[-0.034158655,-0.6028188,-0.31457373,1]]},"identifier":"B08E24AE-6649-4FDC-AC88-299C0F4ABC29"}},{"label":"ARImageAnchor didAdd","timestamp":1742663358.845532,"content":{"name":"Lenna","identifier":"6BAD7D5D-D14A-EF93-1C8B-F6BEC80B8329","transform":{"columns":[[-0.21241286,-0.03870468,-0.9764131,0],[0.9771479,-0.00033052394,-0.21255961,0],[0.007904301,-0.99925053,0.037890386,0],[0.3807641,-0.66074145,-0.20119113,1]]}}},{"content":{"transform":{"columns":[[-0.21241286,-0.03870468,-0.9764131,0],[0.9771479,-0.00033052394,-0.21255961,0],[0.007904301,-0.99925053,0.037890386,0],[0.3807641,-0.66074145,-0.20119113,1]]},"identifier":"6BAD7D5D-D14A-EF93-1C8B-F6BEC80B8329","name":"Lenna"},"timestamp":1742663358.8583832,"label":"ARImageAnchor didUpdate"},{"timestamp":1742663359.373414,"label":"ARImageAnchor didUpdate","content":{"transform":{"columns":[[-0.2310507,-0.04273705,-0.97200245,0],[0.9725651,-0.037933342,-0.22951658,0],[-0.027062448,-0.9983659,0.05032909,0],[0.3822298,-0.6545813,-0.2077161,0.99999994]]},"identifier":"6BAD7D5D-D14A-EF93-1C8B-F6BEC80B8329","name":"Lenna"}},{"label":"ARImageAnchor didUpdate","content":{"identifier":"6BAD7D5D-D14A-EF93-1C8B-F6BEC80B8329","transform":{"columns":[[-0.2310507,-0.04273705,-0.97200245,0],[0.9725651,-0.037933342,-0.22951658,0],[-0.027062448,-0.9983659,0.05032909,0],[0.3822298,-0.6545813,-0.2077161,0.99999994]]},"name":"Lenna"},"timestamp":1742663359.3891249},{"timestamp":1742663363.0621982,"label":"ARImageAnchor didAdd","content":{"identifier":"C35EAC54-3E90-1B97-807B-5E3B8F238DB7","transform":{"columns":[[0.96534204,-0.0030380508,-0.2609704,0],[0.26083374,-0.023157934,0.9651059,0],[-0.008975573,-0.9997272,-0.0215629,0],[0.3911748,0.7615248,-0.70218,1.0000001]]},"name":"Sailboat"}},{"timestamp":1742663363.0715551,"label":"ARImageAnchor didUpdate","content":{"transform":{"columns":[[0.96534204,-0.0030380508,-0.2609704,0],[0.26083374,-0.023157934,0.9651059,0],[-0.008975573,-0.9997272,-0.0215629,0],[0.3911748,0.7615248,-0.70218,1.0000001]]},"name":"Sailboat","identifier":"C35EAC54-3E90-1B97-807B-5E3B8F238DB7"}},{"label":"ARImageAnchor didUpdate","content":{"identifier":"C35EAC54-3E90-1B97-807B-5E3B8F238DB7","transform":{"columns":[[0.9637855,-0.0009837041,-0.2666761,0],[0.2666679,0.012221862,0.9637108,0],[0.0023112772,-0.9999247,0.012041585,0],[0.3893604,0.77082515,-0.708246,1]]},"name":"Sailboat"},"timestamp":1742663363.587421},{"label":"ARImageAnchor didUpdate","content":{"identifier":"C35EAC54-3E90-1B97-807B-5E3B8F238DB7","name":"Sailboat","transform":{"columns":[[0.9637855,-0.0009837041,-0.2666761,0],[0.2666679,0.012221862,0.9637108,0],[0.0023112772,-0.9999247,0.012041585,0],[0.3893604,0.77082515,-0.708246,1]]}},"timestamp":1742663363.604279},{"timestamp":1742663365.182118,"content":{"name":"Mandrill","transform":{"columns":[[0.26121545,-0.016745541,0.9651352,0],[-0.9642246,0.042224254,0.26170158,0],[-0.04513446,-0.99896765,-0.005116837,0],[1.233748,0.79696846,-0.3607294,0.99999994]]},"identifier":"A19C2489-597B-2BED-432C-244B551E75FD"},"label":"ARImageAnchor didAdd"},{"content":{"identifier":"A19C2489-597B-2BED-432C-244B551E75FD","transform":{"columns":[[0.26121545,-0.016745541,0.9651352,0],[-0.9642246,0.042224254,0.26170158,0],[-0.04513446,-0.99896765,-0.005116837,0],[1.233748,0.79696846,-0.3607294,0.99999994]]},"name":"Mandrill"},"label":"ARImageAnchor didUpdate","timestamp":1742663365.187498},{"content":{"name":"Peppers","identifier":"61BB3DDD-C96C-6E82-3432-BD712CCBCB28","transform":{"columns":[[0.26875934,-0.009057311,0.96316457,0],[-0.9630326,-0.02156412,0.26851973,0],[0.01833773,-0.9997264,-0.01451804,0],[1.5030905,0.17591153,0.32533664,0.99999994]]}},"label":"ARImageAnchor didAdd","timestamp":1742663367.278482},{"timestamp":1742663367.288492,"label":"ARImageAnchor didUpdate","content":{"name":"Peppers","identifier":"61BB3DDD-C96C-6E82-3432-BD712CCBCB28","transform":{"columns":[[0.26875934,-0.009057311,0.96316457,0],[-0.9630326,-0.02156412,0.26851973,0],[0.01833773,-0.9997264,-0.01451804,0],[1.5030905,0.17591153,0.32533664,0.99999994]]}}},{"content":{"transform":{"columns":[[0.25884536,-0.011231077,0.9658534,0],[-0.96576595,-0.020790394,0.2585801,0],[0.017176379,-0.9997208,-0.016228084,0],[1.4976431,0.17880017,0.32017848,1]]},"name":"Peppers","identifier":"61BB3DDD-C96C-6E82-3432-BD712CCBCB28"},"timestamp":1742663367.804524,"label":"ARImageAnchor didUpdate"},{"label":"ARImageAnchor didUpdate","content":{"identifier":"61BB3DDD-C96C-6E82-3432-BD712CCBCB28","transform":{"columns":[[0.25884536,-0.011231077,0.9658534,0],[-0.96576595,-0.020790394,0.2585801,0],[0.017176379,-0.9997208,-0.016228084,0],[1.4976431,0.17880017,0.32017848,1]]},"name":"Peppers"},"timestamp":1742663367.821241}]