[{"label":"Application launched","timestamp":1742636116.95701},{"label":"Initialize ARViewModel","timestamp":1742636116.9571118},{"label":"Finished Initialize ARViewModel","timestamp":1742636116.958943},{"timestamp":1742636116.959003,"label":"Initialize RoomManager"},{"label":"Initialize BeaconManager","timestamp":1742636116.959017},{"timestamp":1742636116.9590669,"label":"Fininshed Initialize BeaconManager"},{"timestamp":1742636116.959084,"label":"Fininshed Initialize RoomManager"},{"label":"ContentView Initialize","timestamp":1742636116.959097},{"timestamp":1742636116.959995,"label":"Initialize ARWorldMapManager"},{"label":"Fininshed Initialize ARWorldMapManager","timestamp":1742636116.9600182},{"timestamp":1742636117.338141,"label":"Tracking Not Available"},{"label":"Tracking Limited","timestamp":1742636117.355732,"content":"Tracking is limited due to: initializing"},{"content":{"id":"3F39F93D-AB52-4382-80AA-E0ED5264C1F0","name":"Test Room"},"label":"Room Update","timestamp":1742636118.291913},{"timestamp":1742636118.2919478,"label":"Downloading WorldMap","content":{"id":"3F39F93D-AB52-4382-80AA-E0ED5264C1F0","name":"Test Room"}},{"content":{"id":"3F39F93D-AB52-4382-80AA-E0ED5264C1F0","name":"Test Room"},"timestamp":1742636118.929735,"label":"Finished Downloading WorldMap"},{"label":"Tracking Limited","content":"Tracking is limited due to: initializing","timestamp":1742636119.106916},{"label":"Tracking Limited","content":"Tracking is limited due to: relocalizing","timestamp":1742636120.173393},{"content":{"identifier":"B08E24AE-6649-4FDC-AC88-299C0F4ABC29","name":"bunny","transform":{"columns":[[0.99652475,-0.0011311637,-0.08328969,0],[0.0012247307,0.99999833,0.0010723146,0],[0.08328837,-0.0011705958,0.9965247,0],[-0.034224045,-0.6027027,-0.3153559,1]]}},"timestamp":1742636121.606153,"label":"Bunny didAdd"},{"content":{"identifier":"B08E24AE-6649-4FDC-AC88-299C0F4ABC29","transform":{"columns":[[0.99652475,-0.0011311637,-0.08328969,0],[0.0012247305,0.99999815,0.0010723145,0],[0.08328838,-0.0011705958,0.99652475,0],[-0.034224045,-0.6027027,-0.3153559,1]]},"name":"bunny"},"timestamp":1742636121.6326818,"label":"Bunny didUpdate"},{"label":"Tracking Available","timestamp":1742636121.632751,"content":{"center":[0.017977595,-3.4131691,0.45404088],"extent":[2.897366,6.354778,2.8408394]}},{"timestamp":1742636123.265127,"content":{"identifier":"FF85DBE1-76D3-E459-2D24-8EDCEE263300","transform":{"columns":[[0.9722003,0.0066579846,-0.23405553,0],[0.23402968,0.0044437964,0.9722191,0],[0.007513122,-0.9999679,0.0027620697,0],[-0.26958433,-0.66016734,0.053258687,1]]},"name":"Car"},"label":"ARImageAnchor didAdd"},{"label":"ARImageAnchor didUpdate","content":{"transform":{"columns":[[0.9722003,0.0066579846,-0.23405553,0],[0.23402968,0.0044437964,0.9722191,0],[0.007513122,-0.9999679,0.0027620697,0],[-0.26958433,-0.66016734,0.053258687,1]]},"name":"Car","identifier":"FF85DBE1-76D3-E459-2D24-8EDCEE263300"},"timestamp":1742636123.275611},{"timestamp":1742636127.4355102,"label":"ARImageAnchor didAdd","content":{"identifier":"088EF783-5990-B052-BE99-B8AA15BA6C68","transform":{"columns":[[0.9575348,-0.0023797976,-0.28830692,0],[0.28815866,-0.025215695,0.95725054,0],[-0.009547926,-0.9996791,-0.023459157,0],[-1.3614659,0.59621817,-0.18462946,1]]},"name":"Earth"}},{"timestamp":1742636127.438418,"label":"ARImageAnchor didUpdate","content":{"name":"Earth","transform":{"columns":[[0.9575348,-0.0023797976,-0.28830692,0],[0.28815866,-0.025215695,0.95725054,0],[-0.009547926,-0.9996791,-0.023459157,0],[-1.3614659,0.59621817,-0.18462946,1]]},"identifier":"088EF783-5990-B052-BE99-B8AA15BA6C68"}},{"timestamp":1742636127.955749,"label":"ARImageAnchor didUpdate","content":{"transform":{"columns":[[0.95537424,0.00012624786,-0.29539743,0],[0.2952741,-0.029306624,0.95496273,0],[-0.008536542,-0.9995704,-0.028036075,0],[-1.3719547,0.59915584,-0.19393036,1]]},"name":"Earth","identifier":"088EF783-5990-B052-BE99-B8AA15BA6C68"}},{"label":"ARImageAnchor didUpdate","content":{"name":"Earth","identifier":"088EF783-5990-B052-BE99-B8AA15BA6C68","transform":{"columns":[[0.95537424,0.00012624786,-0.29539743,0],[0.2952741,-0.029306624,0.95496273,0],[-0.008536542,-0.9995704,-0.028036075,0],[-1.3719547,0.59915584,-0.19393036,1]]}},"timestamp":1742636127.982382},{"timestamp":1742636132.1479049,"content":{"name":"Lenna","transform":{"columns":[[-0.24638566,-0.035196193,-0.96853244,0],[0.9690931,0.0037834623,-0.24666578,0],[0.01234611,-0.9993732,0.03317619,0],[0.3895851,-0.6625911,-0.21461153,1]]},"identifier":"6BAD7D5D-D14A-EF93-1C8B-F6BEC80B8329"},"label":"ARImageAnchor didAdd"},{"content":{"transform":{"columns":[[-0.24638566,-0.035196193,-0.96853244,0],[0.9690931,0.0037834623,-0.24666578,0],[0.01234611,-0.9993732,0.03317619,0],[0.3895851,-0.6625911,-0.21461153,1]]},"name":"Lenna","identifier":"6BAD7D5D-D14A-EF93-1C8B-F6BEC80B8329"},"label":"ARImageAnchor didUpdate","timestamp":1742636132.1578279},{"timestamp":1742636134.2478518,"label":"ARImageAnchor didAdd","content":{"identifier":"C35EAC54-3E90-1B97-807B-5E3B8F238DB7","transform":{"columns":[[0.9648903,0.001123017,-0.26265025,0],[0.26234642,-0.052392814,0.9635502,0],[-0.012678897,-0.9986258,-0.05084793,0],[0.36717713,0.7683268,-0.7086004,0.99999994]]},"name":"Sailboat"}},{"label":"ARImageAnchor didUpdate","content":{"transform":{"columns":[[0.9648903,0.001123017,-0.26265025,0],[0.26234642,-0.052392814,0.9635502,0],[-0.012678897,-0.9986258,-0.05084793,0],[0.36717713,0.7683268,-0.7086004,0.99999994]]},"name":"Sailboat","identifier":"C35EAC54-3E90-1B97-807B-5E3B8F238DB7"},"timestamp":1742636134.26623},{"timestamp":1742636134.783488,"label":"ARImageAnchor didUpdate","content":{"name":"Sailboat","identifier":"C35EAC54-3E90-1B97-807B-5E3B8F238DB7","transform":{"columns":[[0.96373165,0.0023199331,-0.26686266,0],[0.26687184,-0.0057553663,0.9637147,0],[0.0006998607,-0.9999807,-0.006165755,0],[0.38856232,0.7702796,-0.71322656,1]]}}},{"content":{"name":"Sailboat","transform":{"columns":[[0.96373165,0.0023199331,-0.26686266,0],[0.26687184,-0.0057553663,0.9637147,0],[0.0006998607,-0.9999807,-0.006165755,0],[0.38856232,0.7702796,-0.71322656,1]]},"identifier":"C35EAC54-3E90-1B97-807B-5E3B8F238DB7"},"timestamp":1742636134.7890658,"label":"ARImageAnchor didUpdate"},{"content":{"name":"Mandrill","identifier":"A19C2489-597B-2BED-432C-244B551E75FD","transform":{"columns":[[0.27505732,-0.013002866,0.9613397,0],[-0.95972985,0.05568532,0.27534986,0],[-0.057112854,-0.9983636,0.002837402,0],[1.2396016,0.79756945,-0.3721289,0.99999994]]}},"label":"ARImageAnchor didAdd","timestamp":1742636137.397606},{"timestamp":1742636137.404584,"label":"ARImageAnchor didUpdate","content":{"identifier":"A19C2489-597B-2BED-432C-244B551E75FD","transform":{"columns":[[0.27505732,-0.013002866,0.9613397,0],[-0.95972985,0.05568532,0.27534986,0],[-0.057112854,-0.9983636,0.002837402,0],[1.2396016,0.79756945,-0.3721289,0.99999994]]},"name":"Mandrill"}},{"content":{"transform":{"columns":[[0.26678133,-0.005777127,0.9637396,0],[-0.9637541,0.00079928426,0.2667901,0],[-0.0023115985,-0.99998295,-0.0053544994,0],[1.5136987,0.17778465,0.31326562,1]]},"name":"Peppers","identifier":"61BB3DDD-C96C-6E82-3432-BD712CCBCB28"},"timestamp":1742636139.518055,"label":"ARImageAnchor didAdd"},{"label":"ARImageAnchor didUpdate","content":{"transform":{"columns":[[0.26678133,-0.005777127,0.9637396,0],[-0.9637541,0.00079928426,0.2667901,0],[-0.0023115985,-0.99998295,-0.0053544994,0],[1.5136987,0.17778465,0.31326562,1]]},"identifier":"61BB3DDD-C96C-6E82-3432-BD712CCBCB28","name":"Peppers"},"timestamp":1742636139.5239592},{"timestamp":1742636145.372863,"label":"ARImageAnchor didUpdate","content":{"identifier":"61BB3DDD-C96C-6E82-3432-BD712CCBCB28","transform":{"columns":[[0.27487746,-0.011657,0.96140844,0],[-0.9614478,-0.011402396,0.2747505,0],[0.007759593,-0.999867,-0.014341865,0],[1.5287219,0.17125489,0.3127222,1]]},"name":"Peppers"}},{"label":"ARImageAnchor didUpdate","content":{"name":"Peppers","identifier":"61BB3DDD-C96C-6E82-3432-BD712CCBCB28","transform":{"columns":[[0.27487746,-0.011657,0.96140844,0],[-0.9614478,-0.011402396,0.2747505,0],[0.007759593,-0.999867,-0.014341865,0],[1.5287219,0.17125489,0.3127222,1]]}},"timestamp":1742636145.398443},{"label":"ARImageAnchor didUpdate","content":{"name":"Mandrill","transform":{"columns":[[0.27315542,-0.015325396,0.9618476,0],[-0.9601858,0.056521438,0.27358407,0],[-0.05855782,-0.99828374,0.0007239101,0],[1.2620822,0.79265785,-0.3731253,1]]},"identifier":"A19C2489-597B-2BED-432C-244B551E75FD"},"timestamp":1742636147.4909039},{"timestamp":1742636147.508074,"label":"ARImageAnchor didUpdate","content":{"identifier":"A19C2489-597B-2BED-432C-244B551E75FD","transform":{"columns":[[0.27315542,-0.015325396,0.9618476,0],[-0.9601858,0.056521438,0.27358407,0],[-0.05855782,-0.99828374,0.0007239101,0],[1.2620822,0.79265785,-0.3731253,1]]},"name":"Mandrill"}},{"label":"Bunny didUpdate","timestamp":1742636148.655035,"content":{"name":"bunny","identifier":"B08E24AE-6649-4FDC-AC88-299C0F4ABC29","transform":{"columns":[[0.99652475,-0.0011311637,-0.08328969,0],[0.0012247302,0.999998,0.0010723142,0],[0.08328838,-0.0011705959,0.9965248,0],[-0.034224045,-0.6027027,-0.3153559,1]]}}}]