[{"label":"Application launched","timestamp":1742646146.532305},{"timestamp":1742646146.5326428,"label":"Initialize ARViewModel"},{"timestamp":1742646146.537718,"label":"Finished Initialize ARViewModel"},{"label":"Initialize RoomManager","timestamp":1742646146.537787},{"label":"Initialize BeaconManager","timestamp":1742646146.5377998},{"label":"Fininshed Initialize BeaconManager","timestamp":1742646146.537833},{"label":"Fininshed Initialize RoomManager","timestamp":1742646146.53785},{"label":"ContentView Initialize","timestamp":1742646146.5378618},{"label":"Initialize ARWorldMapManager","timestamp":1742646146.53919},{"timestamp":1742646146.539216,"label":"Fininshed Initialize ARWorldMapManager"},{"label":"Tracking Limited","timestamp":1742646146.851223,"content":"Tracking is limited due to: initializing"},{"label":"Room Update","content":{"id":"3F39F93D-AB52-4382-80AA-E0ED5264C1F0","name":"Test Room"},"timestamp":1742646147.8128219},{"timestamp":1742646147.812895,"content":{"id":"3F39F93D-AB52-4382-80AA-E0ED5264C1F0","name":"Test Room"},"label":"Downloading WorldMap"},{"label":"Finished Downloading WorldMap","content":{"name":"Test Room","id":"3F39F93D-AB52-4382-80AA-E0ED5264C1F0"},"timestamp":1742646148.273452},{"timestamp":1742646148.4343581,"label":"Tracking Limited","content":"Tracking is limited due to: initializing"},{"timestamp":1742646149.568196,"label":"Tracking Limited","content":"Tracking is limited due to: relocalizing"},{"label":"Bunny didAdd","content":{"name":"bunny","transform":{"columns":[[0.99652475,-0.0011311637,-0.08328969,0],[0.0012247307,0.99999833,0.0010723146,0],[0.08328837,-0.0011705958,0.9965247,0],[-0.034224045,-0.6027027,-0.3153559,1]]},"identifier":"B08E24AE-6649-4FDC-AC88-299C0F4ABC29"},"timestamp":1742646151.696774},{"timestamp":1742646151.740628,"content":{"center":[-0.8877821,-3.4131691,0.45404088],"extent":[4.7088857,6.354778,2.8408394]},"label":"Tracking Available"},{"content":{"name":"bunny","transform":{"columns":[[0.99652475,-0.0011311637,-0.08328969,0],[0.0012247305,0.99999815,0.0010723145,0],[0.08328838,-0.0011705958,0.99652475,0],[-0.034224045,-0.6027027,-0.3153559,1]]},"identifier":"B08E24AE-6649-4FDC-AC88-299C0F4ABC29"},"label":"Bunny didUpdate","timestamp":1742646151.740703},{"timestamp":1742646153.927795,"label":"ARImageAnchor didAdd","content":{"name":"Car","identifier":"FF85DBE1-76D3-E459-2D24-8EDCEE263300","transform":{"columns":[[0.9747679,0.004072696,-0.2231836,0],[0.22320965,-0.007820122,0.97473896,0],[0.00222448,-0.999961,-0.008531874,0],[-0.27370927,-0.658985,0.05463773,1]]}}},{"timestamp":1742646153.938262,"label":"ARImageAnchor didUpdate","content":{"transform":{"columns":[[0.9747679,0.004072696,-0.2231836,0],[0.22320965,-0.007820122,0.97473896,0],[0.00222448,-0.999961,-0.008531874,0],[-0.27370927,-0.658985,0.05463773,1]]},"identifier":"FF85DBE1-76D3-E459-2D24-8EDCEE263300","name":"Car"}},{"content":{"identifier":"088EF783-5990-B052-BE99-B8AA15BA6C68","transform":{"columns":[[0.96367025,-0.004323162,-0.26705953,0],[0.26686928,-0.025469024,0.963396,0],[-0.010966661,-0.99966615,-0.02339002,0],[-1.3973918,0.6075569,-0.23032679,1]]},"name":"Earth"},"label":"ARImageAnchor didAdd","timestamp":1742646156.544359},{"timestamp":1742646156.552864,"label":"ARImageAnchor didUpdate","content":{"name":"Earth","identifier":"088EF783-5990-B052-BE99-B8AA15BA6C68","transform":{"columns":[[0.96367025,-0.004323162,-0.26705953,0],[0.26686928,-0.025469024,0.963396,0],[-0.010966661,-0.99966615,-0.02339002,0],[-1.3973918,0.6075569,-0.23032679,1]]}}},{"label":"Bunny didUpdate","content":{"transform":{"columns":[[0.99652475,-0.0011311637,-0.08328969,0],[0.0012247302,0.999998,0.0010723142,0],[0.08328838,-0.0011705959,0.9965248,0],[-0.034224056,-0.6027027,-0.3153559,1]]},"identifier":"B08E24AE-6649-4FDC-AC88-299C0F4ABC29","name":"bunny"},"timestamp":1742646159.957026},{"timestamp":1742646161.277453,"label":"ARImageAnchor didAdd","content":{"name":"Lenna","transform":{"columns":[[-0.25465778,-0.037449677,-0.9663057,0],[0.9667647,-0.033314154,-0.25348762,0],[-0.022698635,-0.99874294,0.044688728,0],[0.397391,-0.65771574,-0.20334038,0.99999994]]},"identifier":"6BAD7D5D-D14A-EF93-1C8B-F6BEC80B8329"}},{"label":"ARImageAnchor didUpdate","content":{"transform":{"columns":[[-0.25465778,-0.037449677,-0.9663057,0],[0.9667647,-0.033314154,-0.25348762,0],[-0.022698635,-0.99874294,0.044688728,0],[0.397391,-0.65771574,-0.20334038,0.99999994]]},"name":"Lenna","identifier":"6BAD7D5D-D14A-EF93-1C8B-F6BEC80B8329"},"timestamp":1742646161.2878199},{"timestamp":1742646162.3530521,"label":"ARImageAnchor didUpdate","content":{"identifier":"6BAD7D5D-D14A-EF93-1C8B-F6BEC80B8329","transform":{"columns":[[-0.23470995,-0.038478617,-0.9713034,0],[0.9720196,-0.018989092,-0.23413073,0],[-0.009435154,-0.9990789,0.0418589,0],[0.40087265,-0.65386593,-0.20008662,1]]},"name":"Lenna"}},{"label":"ARImageAnchor didUpdate","timestamp":1742646162.378814,"content":{"name":"Lenna","identifier":"6BAD7D5D-D14A-EF93-1C8B-F6BEC80B8329","transform":{"columns":[[-0.23470995,-0.038478617,-0.9713034,0],[0.9720196,-0.018989092,-0.23413073,0],[-0.009435154,-0.9990789,0.0418589,0],[0.40087265,-0.65386593,-0.20008662,1]]}}},{"label":"ARImageAnchor didAdd","timestamp":1742646164.993897,"content":{"transform":{"columns":[[0.96279037,0.0025124922,-0.27023724,0],[0.27020076,-0.027833415,0.9624015,0],[-0.0051035946,-0.9996094,-0.027476616,0],[0.40621072,0.775945,-0.71464413,1]]},"name":"Sailboat","identifier":"C35EAC54-3E90-1B97-807B-5E3B8F238DB7"}},{"content":{"name":"Sailboat","identifier":"C35EAC54-3E90-1B97-807B-5E3B8F238DB7","transform":{"columns":[[0.96279037,0.0025124922,-0.27023724,0],[0.27020076,-0.027833415,0.9624015,0],[-0.0051035946,-0.9996094,-0.027476616,0],[0.40621072,0.775945,-0.71464413,1]]}},"timestamp":1742646165.001117,"label":"ARImageAnchor didUpdate"},{"label":"Bunny didUpdate","timestamp":1742646167.6512,"content":{"name":"bunny","identifier":"B08E24AE-6649-4FDC-AC88-299C0F4ABC29","transform":{"columns":[[0.99652475,-0.0011311637,-0.08328972,0],[0.00122473,0.9999978,0.001072314,0],[0.08328841,-0.001170596,0.9965248,0],[-0.034223985,-0.6027027,-0.31535596,1]]}}},{"label":"ARImageAnchor didAdd","content":{"identifier":"A19C2489-597B-2BED-432C-244B551E75FD","name":"Mandrill","transform":{"columns":[[0.26595685,-0.015668275,0.9638574,0],[-0.96231073,0.054584935,0.2664174,0],[-0.056786403,-0.99838614,-0.00056050735,0],[1.2500294,0.80121744,-0.355819,1]]}},"timestamp":1742646169.744019},{"timestamp":1742646169.753217,"content":{"name":"Mandrill","identifier":"A19C2489-597B-2BED-432C-244B551E75FD","transform":{"columns":[[0.26595685,-0.015668275,0.9638574,0],[-0.96231073,0.054584935,0.2664174,0],[-0.056786403,-0.99838614,-0.00056050735,0],[1.2500294,0.80121744,-0.355819,1]]}},"label":"ARImageAnchor didUpdate"},{"timestamp":1742646171.826982,"content":{"name":"Peppers","identifier":"61BB3DDD-C96C-6E82-3432-BD712CCBCB28","transform":{"columns":[[0.2602372,-0.007903446,0.96551216,0],[-0.9655053,0.0068823365,0.26029167,0],[-0.008702194,-0.999945,-0.005839782,0],[1.514339,0.17993537,0.33174098,1]]}},"label":"ARImageAnchor didAdd"},{"timestamp":1742646171.836889,"label":"ARImageAnchor didUpdate","content":{"identifier":"61BB3DDD-C96C-6E82-3432-BD712CCBCB28","name":"Peppers","transform":{"columns":[[0.2602372,-0.007903446,0.96551216,0],[-0.9655053,0.0068823365,0.26029167,0],[-0.008702194,-0.999945,-0.005839782,0],[1.514339,0.17993537,0.33174098,1]]}}},{"label":"ARImageAnchor didUpdate","content":{"name":"Sailboat","identifier":"C35EAC54-3E90-1B97-807B-5E3B8F238DB7","transform":{"columns":[[0.96988606,-0.0023138116,-0.24354751,0],[0.24355814,0.01083875,0.9698256,0],[0.00039576043,-0.99993855,0.011075894,0],[0.39817104,0.7776264,-0.7047863,0.99999994]]}},"timestamp":1742646175.485542},{"content":{"identifier":"C35EAC54-3E90-1B97-807B-5E3B8F238DB7","transform":{"columns":[[0.96988606,-0.0023138116,-0.24354751,0],[0.24355814,0.01083875,0.9698256,0],[0.00039576043,-0.99993855,0.011075894,0],[0.39817104,0.7776264,-0.7047863,0.99999994]]},"name":"Sailboat"},"timestamp":1742646175.511853,"label":"ARImageAnchor didUpdate"},{"timestamp":1742646179.751923,"label":"Bunny didUpdate","content":{"transform":{"columns":[[0.99652475,-0.0011311636,-0.08328969,0],[0.0012247298,0.9999976,0.0010723138,0],[0.08328838,-0.001170596,0.9965248,0],[-0.03422404,-0.6027027,-0.31535593,1]]},"name":"bunny","identifier":"B08E24AE-6649-4FDC-AC88-299C0F4ABC29"}},{"timestamp":1742646180.254788,"label":"ARImageAnchor didUpdate","content":{"transform":{"columns":[[0.97361475,0.00496553,-0.22814332,0],[0.22817174,-0.0062186173,0.97360086,0],[0.003415697,-0.9999683,-0.007187504,0],[-0.27003723,-0.6546647,0.04808095,1]]},"identifier":"FF85DBE1-76D3-E459-2D24-8EDCEE263300","name":"Car"}},{"label":"ARImageAnchor didUpdate","content":{"identifier":"FF85DBE1-76D3-E459-2D24-8EDCEE263300","transform":{"columns":[[0.97361475,0.00496553,-0.22814332,0],[0.22817174,-0.0062186173,0.97360086,0],[0.003415697,-0.9999683,-0.007187504,0],[-0.27003723,-0.6546647,0.04808095,1]]},"name":"Car"},"timestamp":1742646180.270848},{"timestamp":1742646183.3836641,"label":"ARImageAnchor didUpdate","content":{"identifier":"088EF783-5990-B052-BE99-B8AA15BA6C68","name":"Earth","transform":{"columns":[[0.9595777,-0.0066023543,-0.28136596,0],[0.28118667,-0.02020465,0.95944023,0],[-0.012019451,-0.9997739,-0.017531421,0],[-1.3859131,0.6060887,-0.2304968,1]]}}},{"content":{"transform":{"columns":[[0.9595777,-0.0066023543,-0.28136596,0],[0.28118667,-0.02020465,0.95944023,0],[-0.012019451,-0.9997739,-0.017531421,0],[-1.3859131,0.6060887,-0.2304968,1]]},"identifier":"088EF783-5990-B052-BE99-B8AA15BA6C68","name":"Earth"},"timestamp":1742646183.4011269,"label":"ARImageAnchor didUpdate"},{"timestamp":1742646191.7690191,"content":{"identifier":"B08E24AE-6649-4FDC-AC88-299C0F4ABC29","name":"bunny","transform":{"columns":[[0.99652475,-0.0011311637,-0.08328967,0],[0.0012247296,0.99999744,0.0010723136,0],[0.08328836,-0.001170596,0.9965248,0],[-0.034224123,-0.6027027,-0.31535593,1]]}},"label":"Bunny didUpdate"}]