[{"timestamp":1742578234.4242048,"label":"Application launched"},{"timestamp":1742578234.424574,"label":"Initialize ARViewModel"},{"timestamp":1742578234.426279,"label":"Finished Initialize ARViewModel"},{"timestamp":1742578234.4263291,"label":"Initialize RoomManager"},{"timestamp":1742578234.426342,"label":"Initialize BeaconManager"},{"label":"Fininshed Initialize BeaconManager","timestamp":1742578234.426379},{"label":"Fininshed Initialize RoomManager","timestamp":1742578234.426396},{"label":"ContentView Initialize","timestamp":1742578234.42641},{"timestamp":1742578234.427353,"label":"Initialize ARWorldMapManager"},{"label":"Fininshed Initialize ARWorldMapManager","timestamp":1742578234.427376},{"timestamp":1742578234.7397618,"content":"Tracking is limited due to: initializing","label":"Tracking Limited"},{"label":"Room Update","timestamp":1742578236.012347,"content":{"id":"3F39F93D-AB52-4382-80AA-E0ED5264C1F0","name":"Test Room"}},{"content":{"name":"Test Room","id":"3F39F93D-AB52-4382-80AA-E0ED5264C1F0"},"label":"Downloading WorldMap","timestamp":1742578236.0123758},{"timestamp":1742578236.3766909,"content":{"name":"Test Room","id":"3F39F93D-AB52-4382-80AA-E0ED5264C1F0"},"label":"Finished Downloading WorldMap"},{"content":"Tracking is limited due to: initializing","label":"Tracking Limited","timestamp":1742578236.506315},{"timestamp":1742578237.557286,"label":"Tracking Limited","content":"Tracking is limited due to: relocalizing"},{"timestamp":1742578240.899185,"label":"Bunny didAdd","content":{"name":"bunny","transform":{"columns":[[0.996533,-0.0012840496,-0.083188996,0],[0.0013539256,0.9999986,0.000783564,0],[0.08318789,-0.0008934792,0.99653333,0],[-0.034270495,-0.60270274,-0.31525213,1.0000001]]},"identifier":"B08E24AE-6649-4FDC-AC88-299C0F4ABC29"}},{"label":"Tracking Available","content":{"center":[0.06652939,-3.2258382,0.45404088],"extent":[2.9944696,5.980116,2.8408394]},"timestamp":1742578240.919594},{"timestamp":1742578240.919643,"label":"Bunny didUpdate","content":{"name":"bunny","transform":{"columns":[[0.99652475,-0.0011311637,-0.08328969,0],[0.0012247307,0.99999833,0.0010723146,0],[0.08328837,-0.0011705958,0.9965247,0],[-0.034224045,-0.6027027,-0.3153559,1]]},"identifier":"B08E24AE-6649-4FDC-AC88-299C0F4ABC29"}},{"label":"ARImageAnchor didAdd","timestamp":1742578244.082397,"content":{"transform":{"columns":[[0.9777333,0.009483458,-0.20963581,0],[0.20970757,-0.007325326,0.97773653,0],[0.0077366815,-0.9999281,-0.009150933,0],[-0.28394747,-0.6714042,0.043687403,0.99999994]]},"name":"Car","identifier":"FF85DBE1-76D3-E459-2D24-8EDCEE263300"}},{"content":{"identifier":"FF85DBE1-76D3-E459-2D24-8EDCEE263300","transform":{"columns":[[0.9777333,0.009483458,-0.20963581,0],[0.20970757,-0.007325326,0.97773653,0],[0.0077366815,-0.9999281,-0.009150933,0],[-0.28394747,-0.6714042,0.043687403,0.99999994]]},"name":"Car"},"label":"ARImageAnchor didUpdate","timestamp":1742578244.090899},{"label":"ARImageAnchor didAdd","content":{"identifier":"088EF783-5990-B052-BE99-B8AA15BA6C68","transform":{"columns":[[0.9728785,-0.00792126,-0.23118034,0],[0.23085497,-0.029815838,0.97253114,0],[-0.014596508,-0.99952394,-0.027178532,0],[-1.3968289,0.59864557,-0.24729069,1]]},"name":"Earth"},"timestamp":1742578247.265646},{"label":"ARImageAnchor didUpdate","content":{"identifier":"088EF783-5990-B052-BE99-B8AA15BA6C68","name":"Earth","transform":{"columns":[[0.9728785,-0.00792126,-0.23118034,0],[0.23085497,-0.029815838,0.97253114,0],[-0.014596508,-0.99952394,-0.027178532,0],[-1.3968289,0.59864557,-0.24729069,1]]}},"timestamp":1742578247.271926},{"content":{"name":"Sailboat","transform":{"columns":[[0.9670223,0.009821365,-0.2545014,0],[0.25438547,0.011672885,0.9670323,0],[0.012468346,-0.9998836,0.008789513,0],[0.37238747,0.74863106,-0.78836405,1]]},"identifier":"C35EAC54-3E90-1B97-807B-5E3B8F238DB7"},"timestamp":1742578252.583081,"label":"ARImageAnchor didAdd"},{"content":{"name":"Sailboat","transform":{"columns":[[0.9670223,0.009821365,-0.2545014,0],[0.25438547,0.011672885,0.9670323,0],[0.012468346,-0.9998836,0.008789513,0],[0.37238747,0.74863106,-0.78836405,1]]},"identifier":"C35EAC54-3E90-1B97-807B-5E3B8F238DB7"},"label":"ARImageAnchor didUpdate","timestamp":1742578252.616846},{"content":{"name":"Sailboat","transform":{"columns":[[0.9671019,0.005515778,-0.254329,0],[0.25413966,0.023290489,0.96688694,0],[0.0112565765,-0.99971336,0.021122508,0],[0.3706217,0.75870603,-0.7788204,1]]},"identifier":"C35EAC54-3E90-1B97-807B-5E3B8F238DB7"},"timestamp":1742578253.133117,"label":"ARImageAnchor didUpdate"},{"label":"ARImageAnchor didUpdate","content":{"name":"Sailboat","transform":{"columns":[[0.9671019,0.005515778,-0.254329,0],[0.25413966,0.023290489,0.96688694,0],[0.0112565765,-0.99971336,0.021122508,0],[0.3706217,0.75870603,-0.7788204,1]]},"identifier":"C35EAC54-3E90-1B97-807B-5E3B8F238DB7"},"timestamp":1742578253.138039},{"timestamp":1742578257.366379,"label":"ARImageAnchor didAdd","content":{"transform":{"columns":[[0.2523558,-0.0124017745,0.9675549,0],[-0.96603906,0.054165546,0.2526547,0],[-0.055541508,-0.99845487,0.0016884002,0],[1.2199888,0.78780586,-0.40064156,1]]},"name":"Mandrill","identifier":"A19C2489-597B-2BED-432C-244B551E75FD"}},{"content":{"identifier":"A19C2489-597B-2BED-432C-244B551E75FD","transform":{"columns":[[0.2523558,-0.0124017745,0.9675549,0],[-0.96603906,0.054165546,0.2526547,0],[-0.055541508,-0.99845487,0.0016884002,0],[1.2199888,0.78780586,-0.40064156,1]]},"name":"Mandrill"},"timestamp":1742578257.3716369,"label":"ARImageAnchor didUpdate"},{"label":"ARImageAnchor didAdd","content":{"name":"Peppers","identifier":"61BB3DDD-C96C-6E82-3432-BD712CCBCB28","transform":{"columns":[[0.2436006,-0.0051933653,0.9698615,0],[-0.9698557,-0.0076979236,0.24355793,0],[0.0062010377,-0.99995685,-0.006912034,0],[1.4694937,0.16951951,0.29586333,0.99999994]]}},"timestamp":1742578259.981433},{"content":{"transform":{"columns":[[0.2436006,-0.0051933653,0.9698615,0],[-0.9698557,-0.0076979236,0.24355793,0],[0.0062010377,-0.99995685,-0.006912034,0],[1.4694937,0.16951951,0.29586333,0.99999994]]},"name":"Peppers","identifier":"61BB3DDD-C96C-6E82-3432-BD712CCBCB28"},"timestamp":1742578259.988778,"label":"ARImageAnchor didUpdate"},{"label":"ARImageAnchor didAdd","content":{"name":"Lenna","transform":{"columns":[[-0.21224253,-0.025750067,-0.97687757,0],[0.97706014,-0.023498964,-0.21166275,0],[-0.017505292,-0.9993921,0.030146789,0],[0.3558795,-0.675462,-0.26333377,1]]},"identifier":"6BAD7D5D-D14A-EF93-1C8B-F6BEC80B8329"},"timestamp":1742578266.847677},{"content":{"identifier":"6BAD7D5D-D14A-EF93-1C8B-F6BEC80B8329","name":"Lenna","transform":{"columns":[[-0.21224253,-0.025750067,-0.97687757,0],[0.97706014,-0.023498964,-0.21166275,0],[-0.017505292,-0.9993921,0.030146789,0],[0.3558795,-0.675462,-0.26333377,1]]}},"label":"ARImageAnchor didUpdate","timestamp":1742578266.856451},{"content":{"transform":{"columns":[[0.9812914,0.009289407,-0.19230333,0],[0.19247153,-0.023227965,0.9810274,0],[0.004646348,-0.9996869,-0.024581349,0],[-0.3133819,-0.6749196,-0.03672339,0.9999999]]},"name":"Car","identifier":"FF85DBE1-76D3-E459-2D24-8EDCEE263300"},"label":"ARImageAnchor didUpdate","timestamp":1742578270.5069299},{"content":{"identifier":"FF85DBE1-76D3-E459-2D24-8EDCEE263300","transform":{"columns":[[0.9812914,0.009289407,-0.19230333,0],[0.19247153,-0.023227965,0.9810274,0],[0.004646348,-0.9996869,-0.024581349,0],[-0.3133819,-0.6749196,-0.03672339,0.9999999]]},"name":"Car"},"label":"ARImageAnchor didUpdate","timestamp":1742578270.523741},{"label":"ARImageAnchor didUpdate","timestamp":1742578273.6385422,"content":{"identifier":"088EF783-5990-B052-BE99-B8AA15BA6C68","transform":{"columns":[[0.97014356,-0.0017266127,-0.2425249,0],[0.24241652,-0.023830324,0.96987945,0],[-0.0074540526,-0.99971443,-0.022700278,0],[-1.4105052,0.57755363,-0.31575066,0.9999999]]},"name":"Earth"}},{"label":"ARImageAnchor didUpdate","timestamp":1742578273.664853,"content":{"identifier":"088EF783-5990-B052-BE99-B8AA15BA6C68","name":"Earth","transform":{"columns":[[0.97014356,-0.0017266127,-0.2425249,0],[0.24241652,-0.023830324,0.96987945,0],[-0.0074540526,-0.99971443,-0.022700278,0],[-1.4105052,0.57755363,-0.31575066,0.9999999]]}}},{"timestamp":1742578274.93783,"label":"Bunny didUpdate","content":{"transform":{"columns":[[0.99652463,-0.0011311636,-0.08328988,0],[0.0012247305,0.9999981,0.001072314,0],[0.08328855,-0.0011705958,0.99652463,0],[-0.034223985,-0.60270315,-0.3153568,1]]},"name":"bunny","identifier":"B08E24AE-6649-4FDC-AC88-299C0F4ABC29"}},{"content":{"identifier":"088EF783-5990-B052-BE99-B8AA15BA6C68","transform":{"columns":[[0.96206367,0.003087055,-0.27280724,0],[0.27272177,-0.038346197,0.96132827,0],[-0.0074934503,-0.9992596,-0.037733395,0],[-1.4025353,0.6064175,-0.25443417,1]]},"name":"Earth"},"timestamp":1742578276.2718449,"label":"ARImageAnchor didUpdate"},{"label":"ARImageAnchor didUpdate","timestamp":1742578276.2979589,"content":{"transform":{"columns":[[0.96206367,0.003087055,-0.27280724,0],[0.27272177,-0.038346197,0.96132827,0],[-0.0074934503,-0.9992596,-0.037733395,0],[-1.4025353,0.6064175,-0.25443417,1]]},"identifier":"088EF783-5990-B052-BE99-B8AA15BA6C68","name":"Earth"}},{"content":{"identifier":"B08E24AE-6649-4FDC-AC88-299C0F4ABC29","transform":{"columns":[[0.9965247,-0.0011311636,-0.08328975,0],[0.0012247303,0.9999979,0.001072314,0],[0.08328844,-0.0011705959,0.9965247,0],[-0.034223966,-0.6027028,-0.3153561,1]]},"name":"bunny"},"timestamp":1742578279.840219,"label":"Bunny didUpdate"},{"label":"Bunny didUpdate","timestamp":1742578280.7488918,"content":{"name":"bunny","identifier":"B08E24AE-6649-4FDC-AC88-299C0F4ABC29","transform":{"columns":[[0.99652475,-0.0011311636,-0.08328968,0],[0.0012247299,0.99999774,0.001072314,0],[0.083288364,-0.0011705959,0.99652475,0],[-0.034224056,-0.6027027,-0.3153559,1]]}}},{"content":{"name":"Mandrill","identifier":"A19C2489-597B-2BED-432C-244B551E75FD","transform":{"columns":[[0.269632,-0.012650882,0.9628802,0],[-0.96176857,0.046255335,0.26992843,0],[-0.047953177,-0.99884945,0.00030469862,0],[1.2256863,0.8172368,-0.3782184,0.99999994]]}},"timestamp":1742578281.04867,"label":"ARImageAnchor didUpdate"},{"label":"ARImageAnchor didUpdate","timestamp":1742578281.055691,"content":{"identifier":"A19C2489-597B-2BED-432C-244B551E75FD","transform":{"columns":[[0.269632,-0.012650882,0.9628802,0],[-0.96176857,0.046255335,0.26992843,0],[-0.047953177,-0.99884945,0.00030469862,0],[1.2256863,0.8172368,-0.3782184,0.99999994]]},"name":"Mandrill"}},{"label":"ARImageAnchor didUpdate","timestamp":1742578282.648206,"content":{"identifier":"C35EAC54-3E90-1B97-807B-5E3B8F238DB7","transform":{"columns":[[0.963823,0.008543095,-0.26640552,0],[0.26639098,0.0028190536,0.96386075,0],[0.008985366,-0.9999594,0.00044127603,0],[0.3686396,0.787378,-0.7229545,0.99999994]]},"name":"Sailboat"}},{"timestamp":1742578282.6540818,"content":{"transform":{"columns":[[0.963823,0.008543095,-0.26640552,0],[0.26639098,0.0028190536,0.96386075,0],[0.008985366,-0.9999594,0.00044127603,0],[0.3686396,0.787378,-0.7229545,0.99999994]]},"name":"Sailboat","identifier":"C35EAC54-3E90-1B97-807B-5E3B8F238DB7"},"label":"ARImageAnchor didUpdate"},{"content":{"identifier":"B08E24AE-6649-4FDC-AC88-299C0F4ABC29","transform":{"columns":[[0.99652475,-0.0011311637,-0.0832897,0],[0.0012247297,0.99999756,0.0010723138,0],[0.08328839,-0.0011705959,0.9965248,0],[-0.03422404,-0.6027027,-0.31535593,1]]},"name":"bunny"},"timestamp":1742578285.5480828,"label":"Bunny didUpdate"},{"label":"ARImageAnchor didUpdate","timestamp":1742578287.4389281,"content":{"name":"Lenna","transform":{"columns":[[-0.2225505,-0.028438635,-0.974506,0],[0.97489357,0.0010087811,-0.22266841,0],[0.0073154843,-0.999595,0.027500128,0],[0.36533436,-0.64588153,-0.2411815,1]]},"identifier":"6BAD7D5D-D14A-EF93-1C8B-F6BEC80B8329"}},{"label":"ARImageAnchor didUpdate","timestamp":1742578287.464507,"content":{"identifier":"6BAD7D5D-D14A-EF93-1C8B-F6BEC80B8329","name":"Lenna","transform":{"columns":[[-0.2225505,-0.028438635,-0.974506,0],[0.97489357,0.0010087811,-0.22266841,0],[0.0073154843,-0.999595,0.027500128,0],[0.36533436,-0.64588153,-0.2411815,1]]}}},{"label":"Bunny didUpdate","timestamp":1742578289.440882,"content":{"identifier":"B08E24AE-6649-4FDC-AC88-299C0F4ABC29","name":"bunny","transform":{"columns":[[0.99652475,-0.0011311637,-0.0832897,0],[0.0012247296,0.9999974,0.0010723135,0],[0.08328839,-0.0011705959,0.9965248,0],[-0.03422404,-0.6027027,-0.31535593,1]]}}},{"timestamp":1742578289.840022,"label":"Bunny didUpdate","content":{"transform":{"columns":[[0.99652475,-0.0011311637,-0.0832897,0],[0.0012247293,0.9999972,0.0010723133,0],[0.08328838,-0.0011705959,0.9965248,0],[-0.034224045,-0.6027027,-0.31535593,1]]},"name":"bunny","identifier":"B08E24AE-6649-4FDC-AC88-299C0F4ABC29"}},{"timestamp":1742578290.140096,"label":"Bunny didUpdate","content":{"name":"bunny","transform":{"columns":[[0.99652475,-0.0011311637,-0.0832897,0],[0.0012247291,0.999997,0.0010723132,0],[0.08328838,-0.0011705959,0.9965248,0],[-0.034224045,-0.6027027,-0.31535593,1]]},"identifier":"B08E24AE-6649-4FDC-AC88-299C0F4ABC29"}},{"content":{"transform":{"columns":[[0.9756827,0.0073786722,-0.21906252,0],[0.21911281,-0.006872275,0.97567505,0],[0.00569372,-0.999949,-0.008321914,0],[-0.3043288,-0.64513856,-0.0027886927,0.9999998]]},"name":"Car","identifier":"FF85DBE1-76D3-E459-2D24-8EDCEE263300"},"timestamp":1742578290.571343,"label":"ARImageAnchor didUpdate"},{"timestamp":1742578290.588737,"label":"ARImageAnchor didUpdate","content":{"transform":{"columns":[[0.9756827,0.0073786722,-0.21906252,0],[0.21911281,-0.006872275,0.97567505,0],[0.00569372,-0.999949,-0.008321914,0],[-0.3043288,-0.64513856,-0.0027886927,0.9999998]]},"name":"Car","identifier":"FF85DBE1-76D3-E459-2D24-8EDCEE263300"}}]