[{"label":"Application launched","timestamp":1742666200.945864},{"timestamp":1742666200.945962,"label":"Initialize ARViewModel"},{"timestamp":1742666200.947516,"label":"Finished Initialize ARViewModel"},{"timestamp":1742666200.947535,"label":"Initialize RoomManager"},{"label":"Initialize BeaconManager","timestamp":1742666200.9475389},{"timestamp":1742666200.947558,"label":"Fininshed Initialize BeaconManager"},{"timestamp":1742666200.9475632,"label":"Fininshed Initialize RoomManager"},{"timestamp":1742666200.947567,"label":"ContentView Initialize"},{"timestamp":1742666200.947978,"label":"Initialize ARWorldMapManager"},{"label":"Fininshed Initialize ARWorldMapManager","timestamp":1742666200.94799},{"timestamp":1742666201.368382,"label":"Tracking Limited","content":"Tracking is limited due to: initializing"},{"label":"Room Update","content":{"id":"3F39F93D-AB52-4382-80AA-E0ED5264C1F0","name":"Test Room"},"timestamp":1742666202.184998},{"content":{"name":"Test Room","id":"3F39F93D-AB52-4382-80AA-E0ED5264C1F0"},"label":"Downloading WorldMap","timestamp":1742666202.185032},{"label":"Finished Downloading WorldMap","content":{"id":"3F39F93D-AB52-4382-80AA-E0ED5264C1F0","name":"Test Room"},"timestamp":1742666202.7283711},{"content":"Tracking is limited due to: initializing","timestamp":1742666202.9037051,"label":"Tracking Limited"},{"timestamp":1742666203.968113,"label":"Tracking Limited","content":"Tracking is limited due to: relocalizing"},{"label":"Bunny didAdd","timestamp":1742666220.429541,"content":{"identifier":"B08E24AE-6649-4FDC-AC88-299C0F4ABC29","transform":{"columns":[[0.99652475,-0.0011311637,-0.08328969,0],[0.0012247307,0.99999833,0.0010723146,0],[0.08328837,-0.0011705958,0.9965247,0],[-0.034224045,-0.6027027,-0.3153559,1]]},"name":"bunny"}},{"timestamp":1742666220.922456,"label":"Bunny didUpdate","content":{"identifier":"B08E24AE-6649-4FDC-AC88-299C0F4ABC29","transform":{"columns":[[0.99652475,-0.0011311637,-0.08328969,0],[0.0012247305,0.99999815,0.0010723145,0],[0.08328838,-0.0011705958,0.99652475,0],[-0.034224045,-0.6027027,-0.3153559,1]]},"name":"bunny"}},{"content":{"center":[0.017977595,-3.2623992,0.45404088],"extent":[2.897366,6.6563177,2.8408394]},"timestamp":1742666220.922497,"label":"Tracking Available"},{"content":{"transform":{"columns":[[0.97560865,0.008709048,-0.21934377,0],[0.21945941,-0.015885934,0.9754922,0],[0.0050111255,-0.99983585,-0.01740974,0],[-0.27800155,-0.656513,0.04647073,1]]},"identifier":"FF85DBE1-76D3-E459-2D24-8EDCEE263300","name":"Car"},"timestamp":1742666226.162586,"label":"ARImageAnchor didAdd"},{"timestamp":1742666226.173466,"content":{"name":"Car","identifier":"FF85DBE1-76D3-E459-2D24-8EDCEE263300","transform":{"columns":[[0.97560865,0.008709048,-0.21934377,0],[0.21945941,-0.015885934,0.9754922,0],[0.0050111255,-0.99983585,-0.01740974,0],[-0.27800155,-0.656513,0.04647073,1]]}},"label":"ARImageAnchor didUpdate"},{"timestamp":1742666228.829184,"content":{"transform":{"columns":[[0.95935845,-0.0039474485,-0.28216225,0],[0.28198203,-0.024958288,0.9590948,0],[-0.010828267,-0.9996807,-0.022830836,0],[-1.3905449,0.59393114,-0.22188193,0.99999994]]},"name":"Earth","identifier":"088EF783-5990-B052-BE99-B8AA15BA6C68"},"label":"ARImageAnchor didAdd"},{"timestamp":1742666228.8358212,"content":{"transform":{"columns":[[0.95935845,-0.0039474485,-0.28216225,0],[0.28198203,-0.024958288,0.9590948,0],[-0.010828267,-0.9996807,-0.022830836,0],[-1.3905449,0.59393114,-0.22188193,0.99999994]]},"name":"Earth","identifier":"088EF783-5990-B052-BE99-B8AA15BA6C68"},"label":"ARImageAnchor didUpdate"},{"timestamp":1742666229.870508,"label":"ARImageAnchor didUpdate","content":{"identifier":"088EF783-5990-B052-BE99-B8AA15BA6C68","transform":{"columns":[[0.9583492,-0.0056003286,-0.2855434,0],[0.28544256,-0.014227864,0.95829004,0],[-0.009429425,-0.99988306,-0.0120366905,0],[-1.3991143,0.59770334,-0.22205168,1]]},"name":"Earth"}},{"label":"ARImageAnchor didUpdate","timestamp":1742666229.904652,"content":{"name":"Earth","identifier":"088EF783-5990-B052-BE99-B8AA15BA6C68","transform":{"columns":[[0.9583492,-0.0056003286,-0.2855434,0],[0.28544256,-0.014227864,0.95829004,0],[-0.009429425,-0.99988306,-0.0120366905,0],[-1.3991143,0.59770334,-0.22205168,1]]}}},{"label":"Bunny didUpdate","content":{"identifier":"B08E24AE-6649-4FDC-AC88-299C0F4ABC29","name":"bunny","transform":{"columns":[[0.99652475,-0.0011311637,-0.08328969,0],[0.0012247302,0.999998,0.0010723142,0],[0.08328838,-0.0011705959,0.9965248,0],[-0.034224045,-0.6027027,-0.3153559,1]]}},"timestamp":1742666233.804068},{"timestamp":1742666234.162435,"label":"ARImageAnchor didAdd","content":{"name":"Lenna","identifier":"6BAD7D5D-D14A-EF93-1C8B-F6BEC80B8329","transform":{"columns":[[-0.24143496,-0.035403654,-0.9697707,0],[0.9704031,-0.0035041561,-0.24146445,0],[0.0051505016,-0.9993668,0.03520185,0],[0.37468162,-0.66036826,-0.2060887,0.99999994]]}}},{"timestamp":1742666234.171414,"content":{"name":"Lenna","transform":{"columns":[[-0.24143496,-0.035403654,-0.9697707,0],[0.9704031,-0.0035041561,-0.24146445,0],[0.0051505016,-0.9993668,0.03520185,0],[0.37468162,-0.66036826,-0.2060887,0.99999994]]},"identifier":"6BAD7D5D-D14A-EF93-1C8B-F6BEC80B8329"},"label":"ARImageAnchor didUpdate"},{"label":"Bunny didUpdate","content":{"transform":{"columns":[[0.99652475,-0.0011311637,-0.08328969,0],[0.00122473,0.9999978,0.001072314,0],[0.08328838,-0.0011705959,0.9965248,0],[-0.034224045,-0.6027027,-0.3153559,1]]},"name":"bunny","identifier":"B08E24AE-6649-4FDC-AC88-299C0F4ABC29"},"timestamp":1742666234.205502},{"label":"Bunny didUpdate","content":{"identifier":"B08E24AE-6649-4FDC-AC88-299C0F4ABC29","transform":{"columns":[[0.99652475,-0.0011311636,-0.08328949,0],[0.0012247296,0.9999976,0.001072314,0],[0.08328817,-0.0011705959,0.9965248,0],[-0.03422406,-0.60270274,-0.31535596,1]]},"name":"bunny"},"timestamp":1742666237.2033582},{"timestamp":1742666237.362169,"content":{"identifier":"C35EAC54-3E90-1B97-807B-5E3B8F238DB7","transform":{"columns":[[0.9651426,0.00043617393,-0.26172382,0],[0.26170725,0.009756721,0.9650978,0],[0.0029745155,-0.9999523,0.009302479,0],[0.38816327,0.76202947,-0.69920546,1]]},"name":"Sailboat"},"label":"ARImageAnchor didAdd"},{"content":{"identifier":"C35EAC54-3E90-1B97-807B-5E3B8F238DB7","transform":{"columns":[[0.9651426,0.00043617393,-0.26172382,0],[0.26170725,0.009756721,0.9650978,0],[0.0029745155,-0.9999523,0.009302479,0],[0.38816327,0.76202947,-0.69920546,1]]},"name":"Sailboat"},"label":"ARImageAnchor didUpdate","timestamp":1742666237.371385},{"label":"ARImageAnchor didAdd","timestamp":1742666239.4453912,"content":{"transform":{"columns":[[0.26175764,-0.016499624,0.9649925,0],[-0.9638274,0.04753175,0.2622543,0],[-0.050194874,-0.9987334,-0.0034609917,0],[1.2359769,0.79091156,-0.34965593,1]]},"name":"Mandrill","identifier":"A19C2489-597B-2BED-432C-244B551E75FD"}},{"timestamp":1742666239.45478,"label":"ARImageAnchor didUpdate","content":{"name":"Mandrill","identifier":"A19C2489-597B-2BED-432C-244B551E75FD","transform":{"columns":[[0.26175764,-0.016499624,0.9649925,0],[-0.9638274,0.04753175,0.2622543,0],[-0.050194874,-0.9987334,-0.0034609917,0],[1.2359769,0.79091156,-0.34965593,1]]}}},{"label":"ARImageAnchor didUpdate","content":{"identifier":"A19C2489-597B-2BED-432C-244B551E75FD","transform":{"columns":[[0.25860313,-0.019485192,0.965787,0],[-0.965018,0.03948067,0.2591938,0],[-0.04318036,-0.9990303,-0.008593733,0],[1.2459048,0.7904047,-0.3358699,1]]},"name":"Mandrill"},"timestamp":1742666239.969147},{"content":{"name":"Mandrill","identifier":"A19C2489-597B-2BED-432C-244B551E75FD","transform":{"columns":[[0.25860313,-0.019485192,0.965787,0],[-0.965018,0.03948067,0.2591938,0],[-0.04318036,-0.9990303,-0.008593733,0],[1.2459048,0.7904047,-0.3358699,1]]}},"label":"ARImageAnchor didUpdate","timestamp":1742666239.987833},{"timestamp":1742666241.528573,"label":"ARImageAnchor didAdd","content":{"identifier":"61BB3DDD-C96C-6E82-3432-BD712CCBCB28","name":"Peppers","transform":{"columns":[[0.2401224,-0.0076894076,0.9707119,0],[-0.969887,-0.04386985,0.2395708,0],[0.0407428,-0.99900746,-0.017991986,0],[1.4969041,0.17334887,0.3461726,1]]}}},{"timestamp":1742666241.539681,"label":"ARImageAnchor didUpdate","content":{"name":"Peppers","transform":{"columns":[[0.2401224,-0.0076894076,0.9707119,0],[-0.969887,-0.04386985,0.2395708,0],[0.0407428,-0.99900746,-0.017991986,0],[1.4969041,0.17334887,0.3461726,1]]},"identifier":"61BB3DDD-C96C-6E82-3432-BD712CCBCB28"}},{"content":{"name":"Mandrill","identifier":"A19C2489-597B-2BED-432C-244B551E75FD","transform":{"columns":[[0.26223093,-0.010723432,0.96494544,0],[-0.9633911,0.054896526,0.26241866,0],[-0.055786174,-0.9984344,0.0040647034,0],[1.236739,0.791861,-0.34755802,1]]}},"timestamp":1742666244.6895819,"label":"ARImageAnchor didUpdate"},{"timestamp":1742666244.705651,"content":{"transform":{"columns":[[0.26223093,-0.010723432,0.96494544,0],[-0.9633911,0.054896526,0.26241866,0],[-0.055786174,-0.9984344,0.0040647034,0],[1.236739,0.791861,-0.34755802,1]]},"identifier":"A19C2489-597B-2BED-432C-244B551E75FD","name":"Mandrill"},"label":"ARImageAnchor didUpdate"},{"label":"Bunny didUpdate","timestamp":1742666247.988463,"content":{"identifier":"B08E24AE-6649-4FDC-AC88-299C0F4ABC29","transform":{"columns":[[0.99652475,-0.0011311636,-0.08328969,0],[0.0012247296,0.99999744,0.0010723136,0],[0.08328837,-0.001170596,0.9965248,0],[-0.03422405,-0.6027027,-0.3153559,1]]},"name":"bunny"}},{"timestamp":1742666248.388884,"content":{"identifier":"B08E24AE-6649-4FDC-AC88-299C0F4ABC29","transform":{"columns":[[0.9965249,-0.0011311636,-0.08328695,0],[0.0012247262,0.9999972,0.0010723168,0],[0.08328564,-0.0011705959,0.99652493,0],[-0.034224685,-0.60270345,-0.31535643,1]]},"name":"bunny"},"label":"Bunny didUpdate"},{"label":"ARImageAnchor didUpdate","content":{"name":"Peppers","identifier":"61BB3DDD-C96C-6E82-3432-BD712CCBCB28","transform":{"columns":[[0.25515953,-0.005961483,0.96688026,0],[-0.9668848,-0.006946806,0.25511786,0],[0.0051958566,-0.9999579,-0.007536602,0],[1.5078727,0.18033883,0.34396112,1]]}},"timestamp":1742666253.051604},{"label":"ARImageAnchor didUpdate","timestamp":1742666253.070674,"content":{"name":"Peppers","identifier":"61BB3DDD-C96C-6E82-3432-BD712CCBCB28","transform":{"columns":[[0.25515953,-0.005961483,0.96688026,0],[-0.9668848,-0.006946806,0.25511786,0],[0.0051958566,-0.9999579,-0.007536602,0],[1.5078727,0.18033883,0.34396112,1]]}}}]