[{"label":"Application launched","timestamp":1742640736.842994},{"timestamp":1742640736.8432012,"label":"Initialize ARViewModel"},{"timestamp":1742640736.845129,"label":"Finished Initialize ARViewModel"},{"timestamp":1742640736.845186,"label":"Initialize RoomManager"},{"label":"Initialize BeaconManager","timestamp":1742640736.8452},{"label":"Fininshed Initialize BeaconManager","timestamp":1742640736.845238},{"label":"Fininshed Initialize RoomManager","timestamp":1742640736.845254},{"label":"ContentView Initialize","timestamp":1742640736.845267},{"label":"Initialize ARWorldMapManager","timestamp":1742640736.846472},{"label":"Fininshed Initialize ARWorldMapManager","timestamp":1742640736.8465772},{"content":"Tracking is limited due to: initializing","timestamp":1742640737.090672,"label":"Tracking Limited"},{"timestamp":1742640738.15822,"label":"Room Update","content":{"id":"3F39F93D-AB52-4382-80AA-E0ED5264C1F0","name":"Test Room"}},{"timestamp":1742640738.158256,"content":{"id":"3F39F93D-AB52-4382-80AA-E0ED5264C1F0","name":"Test Room"},"label":"Downloading WorldMap"},{"content":{"id":"3F39F93D-AB52-4382-80AA-E0ED5264C1F0","name":"Test Room"},"timestamp":1742640738.726845,"label":"Finished Downloading WorldMap"},{"timestamp":1742640738.874195,"label":"Tracking Limited","content":"Tracking is limited due to: initializing"},{"timestamp":1742640739.909267,"label":"Tracking Limited","content":"Tracking is limited due to: relocalizing"},{"timestamp":1742640741.946336,"label":"Bunny didAdd","content":{"transform":{"columns":[[0.99652475,-0.0011311637,-0.08328969,0],[0.0012247307,0.99999833,0.0010723146,0],[0.08328837,-0.0011705958,0.9965247,0],[-0.034224045,-0.6027027,-0.3153559,1]]},"identifier":"B08E24AE-6649-4FDC-AC88-299C0F4ABC29","name":"bunny"}},{"content":{"center":[0.017977595,-3.4131691,0.4619192],"extent":[2.897366,6.354778,2.8250825]},"timestamp":1742640741.987554,"label":"Tracking Available"},{"content":{"transform":{"columns":[[0.99652475,-0.0011311637,-0.08328969,0],[0.0012247305,0.99999815,0.0010723145,0],[0.08328838,-0.0011705958,0.99652475,0],[-0.034224045,-0.6027027,-0.3153559,1]]},"name":"bunny","identifier":"B08E24AE-6649-4FDC-AC88-299C0F4ABC29"},"timestamp":1742640741.987584,"label":"Bunny didUpdate"},{"content":{"transform":{"columns":[[0.9816505,0.004008631,-0.19064632,0],[0.19053768,0.01912813,0.98149335,0],[0.007581144,-0.9998089,0.018013312,0],[-0.29624295,-0.6478377,0.03650585,1]]},"name":"Car","identifier":"FF85DBE1-76D3-E459-2D24-8EDCEE263300"},"timestamp":1742640743.800461,"label":"ARImageAnchor didAdd"},{"timestamp":1742640743.8104649,"label":"ARImageAnchor didUpdate","content":{"name":"Car","transform":{"columns":[[0.9816505,0.004008631,-0.19064632,0],[0.19053768,0.01912813,0.98149335,0],[0.007581144,-0.9998089,0.018013312,0],[-0.29624295,-0.6478377,0.03650585,1]]},"identifier":"FF85DBE1-76D3-E459-2D24-8EDCEE263300"}},{"label":"ARImageAnchor didAdd","content":{"name":"Earth","identifier":"088EF783-5990-B052-BE99-B8AA15BA6C68","transform":{"columns":[[0.97233564,-0.008292385,-0.23344046,0],[0.2334598,0.001437279,0.9723652,0],[-0.0077277096,-0.9999645,0.0033334563,0],[-1.4165332,0.6084214,-0.29977748,1]]}},"timestamp":1742640745.883648},{"label":"ARImageAnchor didUpdate","content":{"transform":{"columns":[[0.97233564,-0.008292385,-0.23344046,0],[0.2334598,0.001437279,0.9723652,0],[-0.0077277096,-0.9999645,0.0033334563,0],[-1.4165332,0.6084214,-0.29977748,1]]},"name":"Earth","identifier":"088EF783-5990-B052-BE99-B8AA15BA6C68"},"timestamp":1742640745.901866},{"label":"ARImageAnchor didAdd","content":{"identifier":"C35EAC54-3E90-1B97-807B-5E3B8F238DB7","name":"Sailboat","transform":{"columns":[[0.9647159,-0.0012934691,-0.26328945,0],[0.26327938,-0.0052827657,0.96470505,0],[-0.0026387102,-0.99998516,-0.0047558225,0],[0.3859644,0.7794497,-0.7207352,1]]}},"timestamp":1742640748.51798},{"timestamp":1742640748.5516,"content":{"transform":{"columns":[[0.9647159,-0.0012934691,-0.26328945,0],[0.26327938,-0.0052827657,0.96470505,0],[-0.0026387102,-0.99998516,-0.0047558225,0],[0.3859644,0.7794497,-0.7207352,1]]},"name":"Sailboat","identifier":"C35EAC54-3E90-1B97-807B-5E3B8F238DB7"},"label":"ARImageAnchor didUpdate"},{"content":{"name":"Mandrill","identifier":"A19C2489-597B-2BED-432C-244B551E75FD","transform":{"columns":[[0.24622114,-0.019950675,0.9690083,0],[-0.96793556,0.04626457,0.24690108,0],[-0.0497566,-0.9987298,-0.007919648,0],[1.225899,0.8046489,-0.35382235,1]]}},"timestamp":1742640750.083506,"label":"ARImageAnchor didAdd"},{"label":"ARImageAnchor didUpdate","content":{"name":"Mandrill","transform":{"columns":[[0.24622114,-0.019950675,0.9690083,0],[-0.96793556,0.04626457,0.24690108,0],[-0.0497566,-0.9987298,-0.007919648,0],[1.225899,0.8046489,-0.35382235,1]]},"identifier":"A19C2489-597B-2BED-432C-244B551E75FD"},"timestamp":1742640750.0893822},{"timestamp":1742640750.608531,"content":{"identifier":"A19C2489-597B-2BED-432C-244B551E75FD","name":"Mandrill","transform":{"columns":[[0.22709285,-0.015612847,0.9737478,0],[-0.97190326,0.05992771,0.22762352,0],[-0.06190833,-0.9980805,-0.0015650102,0],[1.2136774,0.80679643,-0.35027695,1]]}},"label":"ARImageAnchor didUpdate"},{"label":"ARImageAnchor didUpdate","timestamp":1742640750.635005,"content":{"name":"Mandrill","transform":{"columns":[[0.22709285,-0.015612847,0.9737478,0],[-0.97190326,0.05992771,0.22762352,0],[-0.06190833,-0.9980805,-0.0015650102,0],[1.2136774,0.80679643,-0.35027695,1]]},"identifier":"A19C2489-597B-2BED-432C-244B551E75FD"}},{"label":"ARImageAnchor didAdd","timestamp":1742640751.6668038,"content":{"name":"Peppers","identifier":"61BB3DDD-C96C-6E82-3432-BD712CCBCB28","transform":{"columns":[[0.22081698,-0.009337402,0.9752704,0],[-0.97531,-0.0053633056,0.2207746,0],[0.0031692234,-0.9999419,-0.010291172,0],[1.4465518,0.18817137,0.3515879,1]]}}},{"content":{"identifier":"61BB3DDD-C96C-6E82-3432-BD712CCBCB28","transform":{"columns":[[0.22081698,-0.009337402,0.9752704,0],[-0.97531,-0.0053633056,0.2207746,0],[0.0031692234,-0.9999419,-0.010291172,0],[1.4465518,0.18817137,0.3515879,1]]},"name":"Peppers"},"timestamp":1742640751.684675,"label":"ARImageAnchor didUpdate"},{"content":{"transform":{"columns":[[-0.19507138,-0.038137868,-0.98004717,0],[0.98078024,-0.011779668,-0.19475889,0],[-0.0041169473,-0.99920297,0.039702687,0],[0.35097107,-0.6503681,-0.2256245,1]]},"identifier":"6BAD7D5D-D14A-EF93-1C8B-F6BEC80B8329","name":"Lenna"},"label":"ARImageAnchor didAdd","timestamp":1742640754.266607},{"content":{"identifier":"6BAD7D5D-D14A-EF93-1C8B-F6BEC80B8329","name":"Lenna","transform":{"columns":[[-0.19507138,-0.038137868,-0.98004717,0],[0.98078024,-0.011779668,-0.19475889,0],[-0.0041169473,-0.99920297,0.039702687,0],[0.35097107,-0.6503681,-0.2256245,1]]}},"label":"ARImageAnchor didUpdate","timestamp":1742640754.276093},{"label":"Bunny didUpdate","timestamp":1742640756.7932239,"content":{"identifier":"B08E24AE-6649-4FDC-AC88-299C0F4ABC29","transform":{"columns":[[0.99652475,-0.0011311637,-0.08328969,0],[0.0012247302,0.999998,0.0010723142,0],[0.08328838,-0.001170596,0.9965248,0],[-0.03422404,-0.6027027,-0.3153559,1]]},"name":"bunny"}},{"label":"Bunny didUpdate","content":{"name":"bunny","transform":{"columns":[[0.99652475,-0.0011311636,-0.08328969,0],[0.00122473,0.9999978,0.001072314,0],[0.08328837,-0.001170596,0.9965248,0],[-0.034224592,-0.60270286,-0.31535622,1]]},"identifier":"B08E24AE-6649-4FDC-AC88-299C0F4ABC29"},"timestamp":1742640756.993023},{"timestamp":1742640760.5575008,"label":"ARImageAnchor didUpdate","content":{"name":"Peppers","identifier":"61BB3DDD-C96C-6E82-3432-BD712CCBCB28","transform":{"columns":[[0.21378939,-0.0094246855,0.9768342,0],[-0.9768704,-0.0064111487,0.21373539,0],[0.0042482344,-0.99993503,-0.010577326,0],[1.4740688,0.18374947,0.41607615,1]]}}},{"timestamp":1742640760.5846682,"content":{"transform":{"columns":[[0.21378939,-0.0094246855,0.9768342,0],[-0.9768704,-0.0064111487,0.21373539,0],[0.0042482344,-0.99993503,-0.010577326,0],[1.4740688,0.18374947,0.41607615,1]]},"identifier":"61BB3DDD-C96C-6E82-3432-BD712CCBCB28","name":"Peppers"},"label":"ARImageAnchor didUpdate"},{"content":{"name":"Mandrill","transform":{"columns":[[0.20114441,-0.013578569,0.97946733,0],[-0.97771704,0.058548875,0.20159659,0],[-0.06008412,-0.99819213,-0.0014992232,0],[1.248454,0.80999327,-0.28456935,0.99999994]]},"identifier":"A19C2489-597B-2BED-432C-244B551E75FD"},"label":"ARImageAnchor didUpdate","timestamp":1742640764.23945},{"content":{"identifier":"A19C2489-597B-2BED-432C-244B551E75FD","name":"Mandrill","transform":{"columns":[[0.20114441,-0.013578569,0.97946733,0],[-0.97771704,0.058548875,0.20159659,0],[-0.06008412,-0.99819213,-0.0014992232,0],[1.248454,0.80999327,-0.28456935,0.99999994]]}},"label":"ARImageAnchor didUpdate","timestamp":1742640764.2673922},{"content":{"name":"Sailboat","transform":{"columns":[[0.97950715,0.0012989038,-0.2014046,0],[0.20125078,0.0332898,0.97897375,0],[0.007976319,-0.9994448,0.032346204,0],[0.42051476,0.7855959,-0.6949581,1]]},"identifier":"C35EAC54-3E90-1B97-807B-5E3B8F238DB7"},"timestamp":1742640766.9055939,"label":"ARImageAnchor didUpdate"},{"timestamp":1742640766.933889,"label":"ARImageAnchor didUpdate","content":{"name":"Sailboat","transform":{"columns":[[0.97950715,0.0012989038,-0.2014046,0],[0.20125078,0.0332898,0.97897375,0],[0.007976319,-0.9994448,0.032346204,0],[0.42051476,0.7855959,-0.6949581,1]]},"identifier":"C35EAC54-3E90-1B97-807B-5E3B8F238DB7"}},{"timestamp":1742640770.64996,"content":{"name":"Earth","transform":{"columns":[[0.98251224,-0.002239902,-0.18618424,0],[0.186197,0.0090046,0.98247105,0],[-0.0005241068,-0.9999568,0.009264195,0],[-1.361663,0.6079811,-0.31007385,1]]},"identifier":"088EF783-5990-B052-BE99-B8AA15BA6C68"},"label":"ARImageAnchor didUpdate"},{"timestamp":1742640770.6579208,"label":"ARImageAnchor didUpdate","content":{"identifier":"088EF783-5990-B052-BE99-B8AA15BA6C68","transform":{"columns":[[0.98251224,-0.002239902,-0.18618424,0],[0.186197,0.0090046,0.98247105,0],[-0.0005241068,-0.9999568,0.009264195,0],[-1.361663,0.6079811,-0.31007385,1]]},"name":"Earth"}},{"timestamp":1742640774.8584828,"content":{"name":"Car","transform":{"columns":[[0.98593193,0.012195748,-0.16670103,0],[0.16658637,0.009889445,0.9859771,0],[0.013673329,-0.9998767,0.007718666,0],[-0.292115,-0.64688474,0.016327947,1]]},"identifier":"FF85DBE1-76D3-E459-2D24-8EDCEE263300"},"label":"ARImageAnchor didUpdate"},{"label":"ARImageAnchor didUpdate","content":{"transform":{"columns":[[0.98593193,0.012195748,-0.16670103,0],[0.16658637,0.009889445,0.9859771,0],[0.013673329,-0.9998767,0.007718666,0],[-0.292115,-0.64688474,0.016327947,1]]},"identifier":"FF85DBE1-76D3-E459-2D24-8EDCEE263300","name":"Car"},"timestamp":1742640774.884552},{"content":{"transform":{"columns":[[0.99652475,-0.0011311637,-0.08328969,0],[0.0012247298,0.9999976,0.0010723138,0],[0.08328838,-0.0011705959,0.9965248,0],[-0.034224063,-0.6027027,-0.31535593,1]]},"identifier":"B08E24AE-6649-4FDC-AC88-299C0F4ABC29","name":"bunny"},"timestamp":1742640774.8901339,"label":"Bunny didUpdate"},{"timestamp":1742640777.294275,"content":{"identifier":"B08E24AE-6649-4FDC-AC88-299C0F4ABC29","transform":{"columns":[[0.99652475,-0.0011311637,-0.08328969,0],[0.0012247296,0.99999744,0.0010723136,0],[0.08328838,-0.0011705959,0.9965248,0],[-0.034224045,-0.6027027,-0.3153559,1]]},"name":"bunny"},"label":"Bunny didUpdate"},{"content":{"name":"Lenna","identifier":"6BAD7D5D-D14A-EF93-1C8B-F6BEC80B8329","transform":{"columns":[[-0.18526028,-0.036440767,-0.98201346,0],[0.9826808,-0.011036334,-0.18497665,0],[-0.004097126,-0.9992748,0.03785421,0],[0.38195482,-0.646175,-0.19045365,1]]}},"label":"ARImageAnchor didUpdate","timestamp":1742640777.510216},{"timestamp":1742640777.526073,"label":"ARImageAnchor didUpdate","content":{"name":"Lenna","identifier":"6BAD7D5D-D14A-EF93-1C8B-F6BEC80B8329","transform":{"columns":[[-0.18526028,-0.036440767,-0.98201346,0],[0.9826808,-0.011036334,-0.18497665,0],[-0.004097126,-0.9992748,0.03785421,0],[0.38195482,-0.646175,-0.19045365,1]]}}},{"content":{"identifier":"B08E24AE-6649-4FDC-AC88-299C0F4ABC29","transform":{"columns":[[0.99652475,-0.0011311637,-0.08328969,0],[0.0012247293,0.99999726,0.0010723134,0],[0.08328838,-0.0011705959,0.9965248,0],[-0.034224045,-0.6027027,-0.3153559,1]]},"name":"bunny"},"label":"Bunny didUpdate","timestamp":1742640777.691825},{"label":"Bunny didUpdate","content":{"name":"bunny","identifier":"B08E24AE-6649-4FDC-AC88-299C0F4ABC29","transform":{"columns":[[0.99652475,-0.0011311637,-0.08328969,0],[0.0012247292,0.9999971,0.0010723132,0],[0.08328838,-0.0011705959,0.9965248,0],[-0.034224045,-0.6027027,-0.3153559,1]]}},"timestamp":1742640777.991812}]