[{"timestamp":1742576542.062656,"label":"Application launched"},{"label":"Initialize ARViewModel","timestamp":1742576542.062766},{"timestamp":1742576542.063844,"label":"Finished Initialize ARViewModel"},{"timestamp":1742576542.063859,"label":"Initialize RoomManager"},{"timestamp":1742576542.063863,"label":"Initialize BeaconManager"},{"timestamp":1742576542.0638762,"label":"Fininshed Initialize BeaconManager"},{"timestamp":1742576542.063881,"label":"Fininshed Initialize RoomManager"},{"label":"ContentView Initialize","timestamp":1742576542.063885},{"timestamp":1742576542.064501,"label":"Initialize ARWorldMapManager"},{"label":"Fininshed Initialize ARWorldMapManager","timestamp":1742576542.064509},{"content":"Tracking is limited due to: initializing","label":"Tracking Limited","timestamp":1742576542.284418},{"label":"Room Update","content":{"id":"3F39F93D-AB52-4382-80AA-E0ED5264C1F0","name":"Test Room"},"timestamp":1742576543.338455},{"content":{"name":"Test Room","id":"3F39F93D-AB52-4382-80AA-E0ED5264C1F0"},"timestamp":1742576543.338486,"label":"Downloading WorldMap"},{"content":{"name":"Test Room","id":"3F39F93D-AB52-4382-80AA-E0ED5264C1F0"},"timestamp":1742576543.408057,"label":"Finished Downloading WorldMap"},{"label":"Gesture Raycast","content":{"columns":[[0.9966079,0,-0.08229641,0],[0,1,0,0],[0.08229641,0,0.9966078,0],[-0.03382315,-0.60262656,-0.3149426,1]]},"timestamp":1742576552.9441628},{"label":"Bunny didAdd","timestamp":1742576552.975884,"content":{"identifier":"B08E24AE-6649-4FDC-AC88-299C0F4ABC29","transform":{"columns":[[0.9966079,0,-0.08229641,0],[0,1,0,0],[0.08229641,0,0.9966078,0],[-0.03382315,-0.60262656,-0.3149426,1]]},"name":"bunny"}},{"content":{"name":"bunny","identifier":"B08E24AE-6649-4FDC-AC88-299C0F4ABC29","transform":{"columns":[[0.996533,-0.0012840496,-0.083188996,0],[0.0013539256,0.9999986,0.000783564,0],[0.08318789,-0.0008934792,0.99653333,0],[-0.034270495,-0.60270274,-0.31525213,1.0000001]]}},"label":"Bunny didUpdate","timestamp":1742576568.79393},{"timestamp":1742576584.2081552,"label":"Uploading WorldMap Request","content":{"room":{"name":"Test Room","id":"3F39F93D-AB52-4382-80AA-E0ED5264C1F0"}}},{"label":"Retrieving WorldMap from local ARSession","timestamp":1742576584.209188,"content":{"id":"3F39F93D-AB52-4382-80AA-E0ED5264C1F0","name":"Test Room"}},{"timestamp":1742576584.25946,"content":{"id":"3F39F93D-AB52-4382-80AA-E0ED5264C1F0","name":"Test Room"},"label":"Finished Retrieving WorldMap"},{"timestamp":1742576584.260262,"label":"Archived WorldMap","content":{"room":{"name":"Test Room","id":"3F39F93D-AB52-4382-80AA-E0ED5264C1F0"},"worldMapDataSize":1868265}},{"content":{"room":{"name":"Test Room","id":"3F39F93D-AB52-4382-80AA-E0ED5264C1F0"}},"timestamp":1742576584.364958,"label":"Uploading WorldMap"},{"timestamp":1742576585.548705,"label":"Finished Uploading WorldMap","content":{"room":{"id":"3F39F93D-AB52-4382-80AA-E0ED5264C1F0","name":"Test Room"}}},{"content":{"name":"Car","identifier":"FF85DBE1-76D3-E459-2D24-8EDCEE263300","transform":{"columns":[[0.9754254,0.0060035405,-0.22024748,0],[0.22029403,-0.008698126,0.97539455,0],[0.0039400817,-0.9999441,-0.009806927,0],[-0.279118,-0.66817486,0.049850598,1]]}},"label":"ARImageAnchor didAdd","timestamp":1742576592.939502},{"label":"ARImageAnchor didUpdate","content":{"identifier":"FF85DBE1-76D3-E459-2D24-8EDCEE263300","transform":{"columns":[[0.9754254,0.0060035405,-0.22024748,0],[0.22029403,-0.008698126,0.97539455,0],[0.0039400817,-0.9999441,-0.009806927,0],[-0.279118,-0.66817486,0.049850598,1]]},"name":"Car"},"timestamp":1742576593.0717878},{"content":{"name":"Earth","identifier":"088EF783-5990-B052-BE99-B8AA15BA6C68","transform":{"columns":[[0.9626685,-0.008543578,-0.27054808,0],[0.27005592,-0.03767867,0.96210694,0],[-0.01841373,-0.99925333,-0.03396482,0],[-1.4002666,0.6058195,-0.23654775,1]]}},"timestamp":1742576596.106213,"label":"ARImageAnchor didAdd"},{"content":{"name":"Earth","identifier":"088EF783-5990-B052-BE99-B8AA15BA6C68","transform":{"columns":[[0.9626685,-0.008543578,-0.27054808,0],[0.27005592,-0.03767867,0.96210694,0],[-0.01841373,-0.99925333,-0.03396482,0],[-1.4002666,0.6058195,-0.23654775,1]]}},"timestamp":1742576596.1237411,"label":"ARImageAnchor didUpdate"},{"timestamp":1742576600.3389912,"label":"ARImageAnchor didAdd","content":{"name":"Lenna","transform":{"columns":[[-0.23355243,-0.02432873,-0.9720396,0],[0.9721315,-0.026738342,-0.23290536,0],[-0.020324452,-0.9993462,0.029895518,0],[0.40108028,-0.67171556,-0.20416787,0.9999999]]},"identifier":"6BAD7D5D-D14A-EF93-1C8B-F6BEC80B8329"}},{"timestamp":1742576600.34488,"label":"ARImageAnchor didUpdate","content":{"name":"Lenna","identifier":"6BAD7D5D-D14A-EF93-1C8B-F6BEC80B8329","transform":{"columns":[[-0.23355243,-0.02432873,-0.9720396,0],[0.9721315,-0.026738342,-0.23290536,0],[-0.020324452,-0.9993462,0.029895518,0],[0.40108028,-0.67171556,-0.20416787,0.9999999]]}}},{"content":{"name":"Sailboat","identifier":"C35EAC54-3E90-1B97-807B-5E3B8F238DB7","transform":{"columns":[[0.963659,0.0009809645,-0.26713297,0],[0.26712883,-0.010227451,0.9636064,0],[-0.0017868235,-0.99994713,-0.01011782,0],[0.40867612,0.766738,-0.71465194,1]]}},"timestamp":1742576602.458599,"label":"ARImageAnchor didAdd"},{"label":"ARImageAnchor didUpdate","timestamp":1742576602.463042,"content":{"transform":{"columns":[[0.963659,0.0009809645,-0.26713297,0],[0.26712883,-0.010227451,0.9636064,0],[-0.0017868235,-0.99994713,-0.01011782,0],[0.40867612,0.766738,-0.71465194,1]]},"name":"Sailboat","identifier":"C35EAC54-3E90-1B97-807B-5E3B8F238DB7"}},{"label":"ARImageAnchor didAdd","content":{"identifier":"A19C2489-597B-2BED-432C-244B551E75FD","transform":{"columns":[[0.27413172,-0.017476153,0.9615332,0],[-0.96041363,0.046560295,0.27465877,0],[-0.04956924,-0.99876255,-0.0040206807,0],[1.2554086,0.78400266,-0.3543399,1]]},"name":"Mandrill"},"timestamp":1742576604.073875},{"content":{"identifier":"A19C2489-597B-2BED-432C-244B551E75FD","transform":{"columns":[[0.27413172,-0.017476153,0.9615332,0],[-0.96041363,0.046560295,0.27465877,0],[-0.04956924,-0.99876255,-0.0040206807,0],[1.2554086,0.78400266,-0.3543399,1]]},"name":"Mandrill"},"timestamp":1742576604.080224,"label":"ARImageAnchor didUpdate"},{"label":"ARImageAnchor didUpdate","timestamp":1742576604.596041,"content":{"identifier":"A19C2489-597B-2BED-432C-244B551E75FD","transform":{"columns":[[0.26366812,-0.016658233,0.9644695,0],[-0.96348906,0.043710656,0.26415506,0],[-0.046557955,-0.99890524,-0.0045249118,0],[1.2481568,0.7846565,-0.3584035,1]]},"name":"Mandrill"}},{"timestamp":1742576604.623088,"content":{"transform":{"columns":[[0.26366812,-0.016658233,0.9644695,0],[-0.96348906,0.043710656,0.26415506,0],[-0.046557955,-0.99890524,-0.0045249118,0],[1.2481568,0.7846565,-0.3584035,1]]},"name":"Mandrill","identifier":"A19C2489-597B-2BED-432C-244B551E75FD"},"label":"ARImageAnchor didUpdate"},{"label":"ARImageAnchor didAdd","content":{"identifier":"61BB3DDD-C96C-6E82-3432-BD712CCBCB28","name":"Peppers","transform":{"columns":[[0.24394353,-0.00624573,0.9697692,0],[-0.9697858,0.0011052962,0.24395481,0],[-0.0025955574,-0.99997985,-0.0057873894,0],[1.5047402,0.16347316,0.33689186,1]]}},"timestamp":1742576606.188565},{"timestamp":1742576606.198619,"label":"ARImageAnchor didUpdate","content":{"name":"Peppers","identifier":"61BB3DDD-C96C-6E82-3432-BD712CCBCB28","transform":{"columns":[[0.24394353,-0.00624573,0.9697692,0],[-0.9697858,0.0011052962,0.24395481,0],[-0.0025955574,-0.99997985,-0.0057873894,0],[1.5047402,0.16347316,0.33689186,1]]}}},{"timestamp":1742576614.1809201,"label":"Bunny didUpdate","content":{"transform":{"columns":[[0.99648184,-0.001188825,-0.08380077,0],[0.0012944062,0.99999815,0.0012055937,0],[0.0837992,-0.0013098249,0.9964817,0],[-0.034237675,-0.6027085,-0.31542477,1.0000001]]},"identifier":"B08E24AE-6649-4FDC-AC88-299C0F4ABC29","name":"bunny"}},{"timestamp":1742576616.4642792,"label":"Bunny didUpdate","content":{"transform":{"columns":[[0.99646693,-0.0013847376,-0.08397302,0],[0.0014863922,0.99999774,0.0011480647,0],[0.08397129,-0.0012688263,0.9964672,0],[-0.034300193,-0.6027158,-0.31541273,0.9999999]]},"name":"bunny","identifier":"B08E24AE-6649-4FDC-AC88-299C0F4ABC29"}},{"content":{"identifier":"61BB3DDD-C96C-6E82-3432-BD712CCBCB28","transform":{"columns":[[0.24485558,-0.012127057,0.96948344,0],[-0.96954983,-0.007494528,0.2447785,0],[0.0042973547,-0.99989825,-0.013592834,0],[1.5155038,0.16771804,0.34843385,0.9999999]]},"name":"Peppers"},"timestamp":1742576622.063212,"label":"ARImageAnchor didUpdate"},{"timestamp":1742576622.0802221,"label":"ARImageAnchor didUpdate","content":{"identifier":"61BB3DDD-C96C-6E82-3432-BD712CCBCB28","transform":{"columns":[[0.24485558,-0.012127057,0.96948344,0],[-0.96954983,-0.007494528,0.2447785,0],[0.0042973547,-0.99989825,-0.013592834,0],[1.5155038,0.16771804,0.34843385,0.9999999]]},"name":"Peppers"}},{"content":{"identifier":"A19C2489-597B-2BED-432C-244B551E75FD","name":"Mandrill","transform":{"columns":[[0.25684857,-0.016557653,0.96630967,0],[-0.96474195,0.05505151,0.2573752,0],[-0.05745834,-0.9983461,-0.0018339473,0],[1.2599074,0.7955294,-0.34653902,1]]}},"timestamp":1742576626.262809,"label":"ARImageAnchor didUpdate"},{"label":"ARImageAnchor didUpdate","content":{"name":"Mandrill","transform":{"columns":[[0.25684857,-0.016557653,0.96630967,0],[-0.96474195,0.05505151,0.2573752,0],[-0.05745834,-0.9983461,-0.0018339473,0],[1.2599074,0.7955294,-0.34653902,1]]},"identifier":"A19C2489-597B-2BED-432C-244B551E75FD"},"timestamp":1742576626.279599}]