[{"label":"Application launched","timestamp":1742635913.258892},{"timestamp":1742635913.25908,"label":"Initialize ARViewModel"},{"timestamp":1742635913.2612019,"label":"Finished Initialize ARViewModel"},{"timestamp":1742635913.261259,"label":"Initialize RoomManager"},{"label":"Initialize BeaconManager","timestamp":1742635913.261273},{"timestamp":1742635913.261306,"label":"Fininshed Initialize BeaconManager"},{"label":"Fininshed Initialize RoomManager","timestamp":1742635913.261322},{"label":"ContentView Initialize","timestamp":1742635913.261335},{"timestamp":1742635913.263962,"label":"Initialize ARWorldMapManager"},{"label":"Fininshed Initialize ARWorldMapManager","timestamp":1742635913.2640429},{"label":"Tracking Limited","content":"Tracking is limited due to: initializing","timestamp":1742635913.635865},{"content":{"name":"Test Room","id":"3F39F93D-AB52-4382-80AA-E0ED5264C1F0"},"timestamp":1742635914.625145,"label":"Room Update"},{"timestamp":1742635914.625163,"label":"Downloading WorldMap","content":{"name":"Test Room","id":"3F39F93D-AB52-4382-80AA-E0ED5264C1F0"}},{"timestamp":1742635915.269006,"label":"Finished Downloading WorldMap","content":{"name":"Test Room","id":"3F39F93D-AB52-4382-80AA-E0ED5264C1F0"}},{"label":"Tracking Limited","content":"Tracking is limited due to: initializing","timestamp":1742635915.423217},{"timestamp":1742635916.439956,"content":"Tracking is limited due to: relocalizing","label":"Tracking Limited"},{"timestamp":1742635918.100018,"label":"Bunny didAdd","content":{"transform":{"columns":[[0.99652475,-0.0011311637,-0.08328969,0],[0.0012247307,0.99999833,0.0010723146,0],[0.08328837,-0.0011705958,0.9965247,0],[-0.034224045,-0.6027027,-0.3153559,1]]},"identifier":"B08E24AE-6649-4FDC-AC88-299C0F4ABC29","name":"bunny"}},{"label":"Tracking Available","content":{"center":[0.017977595,-3.4131691,0.45404088],"extent":[2.897366,6.354778,2.8408394]},"timestamp":1742635918.124192},{"content":{"name":"bunny","transform":{"columns":[[0.99652475,-0.0011311637,-0.08328969,0],[0.0012247305,0.99999815,0.0010723145,0],[0.08328838,-0.0011705958,0.99652475,0],[-0.034224045,-0.6027027,-0.3153559,1]]},"identifier":"B08E24AE-6649-4FDC-AC88-299C0F4ABC29"},"label":"Bunny didUpdate","timestamp":1742635918.124212},{"content":{"name":"Car","identifier":"FF85DBE1-76D3-E459-2D24-8EDCEE263300","transform":{"columns":[[0.9737232,-0.007761902,-0.22760256,0],[0.22757013,-0.004842243,0.9737495,0],[-0.008660254,-0.9999582,-0.0029486052,0],[-0.27615455,-0.6409476,0.051278234,1]]}},"label":"ARImageAnchor didAdd","timestamp":1742635921.426058},{"label":"ARImageAnchor didUpdate","content":{"transform":{"columns":[[0.9737232,-0.007761902,-0.22760256,0],[0.22757013,-0.004842243,0.9737495,0],[-0.008660254,-0.9999582,-0.0029486052,0],[-0.27615455,-0.6409476,0.051278234,1]]},"name":"Car","identifier":"FF85DBE1-76D3-E459-2D24-8EDCEE263300"},"timestamp":1742635921.433975},{"timestamp":1742635924.098238,"label":"ARImageAnchor didAdd","content":{"name":"Earth","identifier":"088EF783-5990-B052-BE99-B8AA15BA6C68","transform":{"columns":[[0.95975727,-0.013786249,-0.28049198,0],[0.28049585,-0.0016901207,0.95985365,0],[-0.013706847,-0.9999035,0.0022448774,0],[-1.3769807,0.6126743,-0.24474731,1]]}}},{"timestamp":1742635924.101661,"label":"ARImageAnchor didUpdate","content":{"name":"Earth","transform":{"columns":[[0.95975727,-0.013786249,-0.28049198,0],[0.28049585,-0.0016901207,0.95985365,0],[-0.013706847,-0.9999035,0.0022448774,0],[-1.3769807,0.6126743,-0.24474731,1]]},"identifier":"088EF783-5990-B052-BE99-B8AA15BA6C68"}},{"content":{"transform":{"columns":[[0.9599284,-0.011720357,-0.27999955,0],[0.28003934,0.0018687522,0.95998657,0],[-0.010728136,-0.99992955,0.0050760186,0],[0.41215405,0.7622297,-0.70843506,1]]},"name":"Sailboat","identifier":"C35EAC54-3E90-1B97-807B-5E3B8F238DB7"},"timestamp":1742635929.935604,"label":"ARImageAnchor didAdd"},{"label":"ARImageAnchor didUpdate","content":{"identifier":"C35EAC54-3E90-1B97-807B-5E3B8F238DB7","transform":{"columns":[[0.9599284,-0.011720357,-0.27999955,0],[0.28003934,0.0018687522,0.95998657,0],[-0.010728136,-0.99992955,0.0050760186,0],[0.41215405,0.7622297,-0.70843506,1]]},"name":"Sailboat"},"timestamp":1742635929.9391398},{"label":"ARImageAnchor didAdd","timestamp":1742635932.033401,"content":{"identifier":"6BAD7D5D-D14A-EF93-1C8B-F6BEC80B8329","name":"Lenna","transform":{"columns":[[-0.2585068,-0.04947986,-0.9647413,0],[0.96597606,-0.021520475,-0.25773388,0],[-0.008009031,-0.9985432,0.05335952,0],[0.41336417,-0.67148507,-0.1874834,1]]}}},{"timestamp":1742635932.03939,"content":{"identifier":"6BAD7D5D-D14A-EF93-1C8B-F6BEC80B8329","transform":{"columns":[[-0.2585068,-0.04947986,-0.9647413,0],[0.96597606,-0.021520475,-0.25773388,0],[-0.008009031,-0.9985432,0.05335952,0],[0.41336417,-0.67148507,-0.1874834,1]]},"name":"Lenna"},"label":"ARImageAnchor didUpdate"},{"content":{"identifier":"6BAD7D5D-D14A-EF93-1C8B-F6BEC80B8329","name":"Lenna","transform":{"columns":[[-0.23153694,-0.04451707,-0.9718069,0],[0.9727923,-0.0022879837,-0.23166695,0],[0.008089626,-0.99900603,0.043835644,0],[0.39826742,-0.6636316,-0.19996604,1]]}},"timestamp":1742635932.568593,"label":"ARImageAnchor didUpdate"},{"timestamp":1742635932.576278,"label":"ARImageAnchor didUpdate","content":{"identifier":"6BAD7D5D-D14A-EF93-1C8B-F6BEC80B8329","name":"Lenna","transform":{"columns":[[-0.23153694,-0.04451707,-0.9718069,0],[0.9727923,-0.0022879837,-0.23166695,0],[0.008089626,-0.99900603,0.043835644,0],[0.39826742,-0.6636316,-0.19996604,1]]}}},{"label":"Bunny didUpdate","content":{"name":"bunny","identifier":"B08E24AE-6649-4FDC-AC88-299C0F4ABC29","transform":{"columns":[[0.99652475,-0.0011311637,-0.08328969,0],[0.0012247302,0.999998,0.0010723142,0],[0.08328838,-0.0011705959,0.9965248,0],[-0.034224045,-0.6027027,-0.3153559,1]]}},"timestamp":1742635935.6701941},{"label":"Bunny didUpdate","timestamp":1742635936.162741,"content":{"identifier":"B08E24AE-6649-4FDC-AC88-299C0F4ABC29","transform":{"columns":[[0.99652475,-0.0011311637,-0.08328969,0],[0.00122473,0.9999978,0.001072314,0],[0.08328838,-0.0011705959,0.9965248,0],[-0.034224045,-0.6027027,-0.3153559,1]]},"name":"bunny"}},{"content":{"name":"Mandrill","identifier":"A19C2489-597B-2BED-432C-244B551E75FD","transform":{"columns":[[0.26268408,-0.021474037,0.9646427,0],[-0.96349865,0.047670458,0.2634337,0],[-0.051641952,-0.9986321,-0.008167936,0],[1.2667255,0.79475945,-0.37582856,0.9999999]]}},"label":"ARImageAnchor didAdd","timestamp":1742635938.820873},{"label":"ARImageAnchor didUpdate","content":{"name":"Mandrill","transform":{"columns":[[0.26268408,-0.021474037,0.9646427,0],[-0.96349865,0.047670458,0.2634337,0],[-0.051641952,-0.9986321,-0.008167936,0],[1.2667255,0.79475945,-0.37582856,0.9999999]]},"identifier":"A19C2489-597B-2BED-432C-244B551E75FD"},"timestamp":1742635938.826579},{"timestamp":1742635940.4034681,"label":"ARImageAnchor didAdd","content":{"transform":{"columns":[[0.2575248,-0.013719025,0.9661741,0],[-0.96624935,0.003110749,0.257589,0],[-0.006539406,-0.99990094,-0.0124549065,0],[1.5322657,0.17026857,0.3088701,0.99999994]]},"name":"Peppers","identifier":"61BB3DDD-C96C-6E82-3432-BD712CCBCB28"}},{"label":"ARImageAnchor didUpdate","content":{"identifier":"61BB3DDD-C96C-6E82-3432-BD712CCBCB28","transform":{"columns":[[0.2575248,-0.013719025,0.9661741,0],[-0.96624935,0.003110749,0.257589,0],[-0.006539406,-0.99990094,-0.0124549065,0],[1.5322657,0.17026857,0.3088701,0.99999994]]},"name":"Peppers"},"timestamp":1742635940.412271},{"content":{"identifier":"61BB3DDD-C96C-6E82-3432-BD712CCBCB28","name":"Peppers","transform":{"columns":[[0.25300407,-0.014296176,0.9673595,0],[-0.967419,0.0060186256,0.25310856,0],[-0.009440665,-0.9998796,-0.0123076495,0],[1.5313612,0.17216139,0.30442274,1]]}},"timestamp":1742635941.462987,"label":"ARImageAnchor didUpdate"},{"timestamp":1742635941.477869,"label":"ARImageAnchor didUpdate","content":{"transform":{"columns":[[0.25300407,-0.014296176,0.9673595,0],[-0.967419,0.0060186256,0.25310856,0],[-0.009440665,-0.9998796,-0.0123076495,0],[1.5313612,0.17216139,0.30442274,1]]},"name":"Peppers","identifier":"61BB3DDD-C96C-6E82-3432-BD712CCBCB28"}},{"timestamp":1742635945.365443,"content":{"identifier":"B08E24AE-6649-4FDC-AC88-299C0F4ABC29","transform":{"columns":[[0.99652475,-0.0011311637,-0.08328972,0],[0.0012247298,0.9999976,0.0010723138,0],[0.0832884,-0.001170596,0.9965248,0],[-0.03422425,-0.6027027,-0.31535584,1]]},"name":"bunny"},"label":"Bunny didUpdate"},{"label":"Bunny didUpdate","content":{"transform":{"columns":[[0.99652475,-0.0011311637,-0.0832897,0],[0.0012247296,0.99999744,0.0010723136,0],[0.08328838,-0.0011705959,0.9965248,0],[-0.03422408,-0.6027027,-0.3153559,1]]},"identifier":"B08E24AE-6649-4FDC-AC88-299C0F4ABC29","name":"bunny"},"timestamp":1742635948.466409},{"content":{"name":"bunny","transform":{"columns":[[0.99652475,-0.0011311637,-0.083289705,0],[0.0012247293,0.99999726,0.0010723134,0],[0.08328839,-0.0011705959,0.9965248,0],[-0.034224067,-0.6027027,-0.3153559,1]]},"identifier":"B08E24AE-6649-4FDC-AC88-299C0F4ABC29"},"timestamp":1742635948.7489738,"label":"Bunny didUpdate"},{"content":{"name":"Car","identifier":"FF85DBE1-76D3-E459-2D24-8EDCEE263300","transform":{"columns":[[0.974576,0.002568183,-0.22404179,0],[0.22403985,0.0010250637,0.97457933,0],[0.0027325517,-0.9999961,0.000423626,0],[-0.2789746,-0.6593428,0.03638868,0.99999994]]}},"label":"ARImageAnchor didUpdate","timestamp":1742635948.815611},{"timestamp":1742635948.831959,"label":"ARImageAnchor didUpdate","content":{"transform":{"columns":[[0.974576,0.002568183,-0.22404179,0],[0.22403985,0.0010250637,0.97457933,0],[0.0027325517,-0.9999961,0.000423626,0],[-0.2789746,-0.6593428,0.03638868,0.99999994]]},"name":"Car","identifier":"FF85DBE1-76D3-E459-2D24-8EDCEE263300"}},{"label":"ARImageAnchor didUpdate","timestamp":1742635952.5066419,"content":{"identifier":"C35EAC54-3E90-1B97-807B-5E3B8F238DB7","transform":{"columns":[[0.95731306,-0.0044721426,-0.28901777,0],[0.28883597,-0.023884328,0.9570804,0],[-0.011183196,-0.99970466,-0.02157307,0],[0.41101235,0.7756669,-0.7291001,1]]},"name":"Sailboat"}},{"timestamp":1742635952.510652,"label":"ARImageAnchor didUpdate","content":{"name":"Sailboat","transform":{"columns":[[0.95731306,-0.0044721426,-0.28901777,0],[0.28883597,-0.023884328,0.9570804,0],[-0.011183196,-0.99970466,-0.02157307,0],[0.41101235,0.7756669,-0.7291001,1]]},"identifier":"C35EAC54-3E90-1B97-807B-5E3B8F238DB7"}},{"timestamp":1742635954.596393,"label":"ARImageAnchor didUpdate","content":{"name":"Earth","identifier":"088EF783-5990-B052-BE99-B8AA15BA6C68","transform":{"columns":[[0.9660734,-0.007159569,-0.25816742,0],[0.25817868,0.00067003135,0.96609676,0],[-0.0067438567,-0.999974,0.0024957487,0],[-1.3558298,0.61040235,-0.23044303,1]]}}},{"timestamp":1742635954.614771,"label":"ARImageAnchor didUpdate","content":{"identifier":"088EF783-5990-B052-BE99-B8AA15BA6C68","transform":{"columns":[[0.9660734,-0.007159569,-0.25816742,0],[0.25817868,0.00067003135,0.96609676,0],[-0.0067438567,-0.999974,0.0024957487,0],[-1.3558298,0.61040235,-0.23044303,1]]},"name":"Earth"}},{"content":{"transform":{"columns":[[0.938217,-0.0056513837,-0.346001,0],[0.34592435,-0.0113156745,0.9381939,0],[-0.009217336,-0.99991983,-0.008661614,0],[-1.3771727,0.6143546,-0.23752949,0.9999999]]},"name":"Earth","identifier":"088EF783-5990-B052-BE99-B8AA15BA6C68"},"timestamp":1742635955.130209,"label":"ARImageAnchor didUpdate"},{"timestamp":1742635955.148147,"label":"ARImageAnchor didUpdate","content":{"name":"Earth","transform":{"columns":[[0.938217,-0.0056513837,-0.346001,0],[0.34592435,-0.0113156745,0.9381939,0],[-0.009217336,-0.99991983,-0.008661614,0],[-1.3771727,0.6143546,-0.23752949,0.9999999]]},"identifier":"088EF783-5990-B052-BE99-B8AA15BA6C68"}},{"content":{"identifier":"B08E24AE-6649-4FDC-AC88-299C0F4ABC29","transform":{"columns":[[0.99652475,-0.0011311637,-0.08328976,0],[0.0012247293,0.9999971,0.001072313,0],[0.08328844,-0.001170596,0.9965248,0],[-0.034223836,-0.6027027,-0.31535593,1]]},"name":"bunny"},"timestamp":1742635955.967026,"label":"Bunny didUpdate"},{"label":"Bunny didUpdate","timestamp":1742635957.465054,"content":{"transform":{"columns":[[0.99652475,-0.0011311637,-0.083289705,0],[0.001224729,0.9999969,0.001072313,0],[0.08328839,-0.0011705959,0.9965248,0],[-0.034224022,-0.6027027,-0.31535593,1]]},"name":"bunny","identifier":"B08E24AE-6649-4FDC-AC88-299C0F4ABC29"}}]