[{"label":"Application launched","timestamp":1742642073.552064},{"label":"Initialize ARViewModel","timestamp":1742642073.552143},{"timestamp":1742642073.5536199,"label":"Finished Initialize ARViewModel"},{"timestamp":1742642073.553636,"label":"Initialize RoomManager"},{"timestamp":1742642073.5536408,"label":"Initialize BeaconManager"},{"timestamp":1742642073.553657,"label":"Fininshed Initialize BeaconManager"},{"timestamp":1742642073.553664,"label":"Fininshed Initialize RoomManager"},{"timestamp":1742642073.553668,"label":"ContentView Initialize"},{"timestamp":1742642073.5568361,"label":"Initialize ARWorldMapManager"},{"timestamp":1742642073.556859,"label":"Fininshed Initialize ARWorldMapManager"},{"label":"Tracking Not Available","timestamp":1742642073.752684},{"label":"Tracking Limited","timestamp":1742642073.76701,"content":"Tracking is limited due to: initializing"},{"label":"Room Update","content":{"id":"3F39F93D-AB52-4382-80AA-E0ED5264C1F0","name":"Test Room"},"timestamp":1742642074.89081},{"timestamp":1742642074.890832,"content":{"id":"3F39F93D-AB52-4382-80AA-E0ED5264C1F0","name":"Test Room"},"label":"Downloading WorldMap"},{"timestamp":1742642075.5554261,"label":"Finished Downloading WorldMap","content":{"name":"Test Room","id":"3F39F93D-AB52-4382-80AA-E0ED5264C1F0"}},{"content":"Tracking is limited due to: initializing","label":"Tracking Limited","timestamp":1742642075.705247},{"content":"Tracking is limited due to: relocalizing","timestamp":1742642076.785236,"label":"Tracking Limited"},{"timestamp":1742642078.309997,"content":{"identifier":"B08E24AE-6649-4FDC-AC88-299C0F4ABC29","transform":{"columns":[[0.99652475,-0.0011311637,-0.08328969,0],[0.0012247307,0.99999833,0.0010723146,0],[0.08328837,-0.0011705958,0.9965247,0],[-0.034224045,-0.6027027,-0.3153559,1]]},"name":"bunny"},"label":"Bunny didAdd"},{"label":"Tracking Available","content":{"extent":[2.897366,6.354778,2.8408394],"center":[0.017977595,-3.4131691,0.45404088]},"timestamp":1742642078.351387},{"content":{"identifier":"B08E24AE-6649-4FDC-AC88-299C0F4ABC29","name":"bunny","transform":{"columns":[[0.99652475,-0.0011311637,-0.08328969,0],[0.0012247305,0.99999815,0.0010723145,0],[0.08328838,-0.0011705958,0.99652475,0],[-0.034224045,-0.6027027,-0.3153559,1]]}},"timestamp":1742642078.351408,"label":"Bunny didUpdate"},{"content":{"transform":{"columns":[[0.9744147,0.008096515,-0.2246109,0],[0.22467478,-0.008100671,0.97440004,0],[0.0060697235,-0.9999343,-0.009712515,0],[-0.27488992,-0.65741897,0.045263544,1]]},"name":"Car","identifier":"FF85DBE1-76D3-E459-2D24-8EDCEE263300"},"timestamp":1742642080.112104,"label":"ARImageAnchor didAdd"},{"timestamp":1742642080.122144,"content":{"name":"Car","transform":{"columns":[[0.9744147,0.008096515,-0.2246109,0],[0.22467478,-0.008100671,0.97440004,0],[0.0060697235,-0.9999343,-0.009712515,0],[-0.27488992,-0.65741897,0.045263544,1]]},"identifier":"FF85DBE1-76D3-E459-2D24-8EDCEE263300"},"label":"ARImageAnchor didUpdate"},{"label":"ARImageAnchor didAdd","timestamp":1742642082.2156382,"content":{"identifier":"088EF783-5990-B052-BE99-B8AA15BA6C68","name":"Earth","transform":{"columns":[[0.9617267,0.001187257,-0.27400726,0],[0.2739612,0.014669862,0.96162874,0],[0.0051613473,-0.9998916,0.013783131,0],[-1.4059231,0.5878429,-0.25766534,1]]}}},{"label":"ARImageAnchor didUpdate","content":{"transform":{"columns":[[0.9617267,0.001187257,-0.27400726,0],[0.2739612,0.014669862,0.96162874,0],[0.0051613473,-0.9998916,0.013783131,0],[-1.4059231,0.5878429,-0.25766534,1]]},"name":"Earth","identifier":"088EF783-5990-B052-BE99-B8AA15BA6C68"},"timestamp":1742642082.2207398},{"label":"ARImageAnchor didUpdate","content":{"identifier":"088EF783-5990-B052-BE99-B8AA15BA6C68","name":"Earth","transform":{"columns":[[0.9584285,3.3993416e-05,-0.28533196,0],[0.28530148,0.014500436,0.9583279,0],[0.0041700155,-0.99989474,0.013887941,0],[-1.4032464,0.59618056,-0.2521569,0.9999999]]}},"timestamp":1742642082.746334},{"timestamp":1742642082.7526178,"label":"ARImageAnchor didUpdate","content":{"name":"Earth","transform":{"columns":[[0.9584285,3.3993416e-05,-0.28533196,0],[0.28530148,0.014500436,0.9583279,0],[0.0041700155,-0.99989474,0.013887941,0],[-1.4032464,0.59618056,-0.2521569,0.9999999]]},"identifier":"088EF783-5990-B052-BE99-B8AA15BA6C68"}},{"timestamp":1742642086.4118152,"label":"ARImageAnchor didAdd","content":{"transform":{"columns":[[-0.2351516,-0.03856446,-0.97119325,0],[0.9696277,-0.07846644,-0.23165677,0],[-0.06727239,-0.9961705,0.055844687,0],[0.40905598,-0.66466165,-0.21541718,0.99999994]]},"name":"Lenna","identifier":"6BAD7D5D-D14A-EF93-1C8B-F6BEC80B8329"}},{"content":{"identifier":"6BAD7D5D-D14A-EF93-1C8B-F6BEC80B8329","name":"Lenna","transform":{"columns":[[-0.2351516,-0.03856446,-0.97119325,0],[0.9696277,-0.07846644,-0.23165677,0],[-0.06727239,-0.9961705,0.055844687,0],[0.40905598,-0.66466165,-0.21541718,0.99999994]]}},"timestamp":1742642086.422522,"label":"ARImageAnchor didUpdate"},{"label":"ARImageAnchor didUpdate","timestamp":1742642086.95265,"content":{"name":"Lenna","identifier":"6BAD7D5D-D14A-EF93-1C8B-F6BEC80B8329","transform":{"columns":[[-0.24397857,-0.03323219,-0.9692109,0],[0.9694013,-0.036301248,-0.24278179,0],[-0.0271154,-0.99878806,0.041072052,0],[0.4068522,-0.6612245,-0.21040183,1]]}}},{"content":{"name":"Lenna","transform":{"columns":[[-0.24397857,-0.03323219,-0.9692109,0],[0.9694013,-0.036301248,-0.24278179,0],[-0.0271154,-0.99878806,0.041072052,0],[0.4068522,-0.6612245,-0.21040183,1]]},"identifier":"6BAD7D5D-D14A-EF93-1C8B-F6BEC80B8329"},"label":"ARImageAnchor didUpdate","timestamp":1742642086.97117},{"timestamp":1742642088.013585,"label":"ARImageAnchor didAdd","content":{"transform":{"columns":[[0.9700523,-0.0018093358,-0.24288899,0],[0.2428536,0.025842378,0.9697185,0],[0.004522286,-0.99966437,0.02550786,0],[0.38888243,0.7729322,-0.7193506,1]]},"name":"Sailboat","identifier":"C35EAC54-3E90-1B97-807B-5E3B8F238DB7"}},{"label":"ARImageAnchor didUpdate","timestamp":1742642088.021144,"content":{"name":"Sailboat","identifier":"C35EAC54-3E90-1B97-807B-5E3B8F238DB7","transform":{"columns":[[0.9700523,-0.0018093358,-0.24288899,0],[0.2428536,0.025842378,0.9697185,0],[0.004522286,-0.99966437,0.02550786,0],[0.38888243,0.7729322,-0.7193506,1]]}}},{"timestamp":1742642088.5457392,"label":"ARImageAnchor didUpdate","content":{"identifier":"C35EAC54-3E90-1B97-807B-5E3B8F238DB7","transform":{"columns":[[0.96662354,0.0010576575,-0.25619805,0],[0.25614658,0.016479028,0.96649724,0],[0.005244114,-0.99986356,0.015658101,0],[0.39922652,0.77257514,-0.7209054,1]]},"name":"Sailboat"}},{"label":"ARImageAnchor didUpdate","content":{"identifier":"C35EAC54-3E90-1B97-807B-5E3B8F238DB7","name":"Sailboat","transform":{"columns":[[0.96662354,0.0010576575,-0.25619805,0],[0.25614658,0.016479028,0.96649724,0],[0.005244114,-0.99986356,0.015658101,0],[0.39922652,0.77257514,-0.7209054,1]]}},"timestamp":1742642088.5514178},{"label":"ARImageAnchor didAdd","timestamp":1742642089.61333,"content":{"transform":{"columns":[[0.27338982,-0.01244338,0.9618227,0],[-0.96040565,0.052243944,0.27366292,0],[-0.053654686,-0.9985568,0.002332254,0],[1.2490755,0.7988545,-0.37040883,1]]},"identifier":"A19C2489-597B-2BED-432C-244B551E75FD","name":"Mandrill"}},{"timestamp":1742642089.621095,"content":{"transform":{"columns":[[0.27338982,-0.01244338,0.9618227,0],[-0.96040565,0.052243944,0.27366292,0],[-0.053654686,-0.9985568,0.002332254,0],[1.2490755,0.7988545,-0.37040883,1]]},"identifier":"A19C2489-597B-2BED-432C-244B551E75FD","name":"Mandrill"},"label":"ARImageAnchor didUpdate"},{"content":{"name":"Peppers","transform":{"columns":[[0.25620118,-0.0039421315,0.9666152,0],[-0.96647877,0.01624471,0.25623125,0],[-0.016712481,-0.9998601,0.00035192483,0],[1.5068474,0.1787886,0.3234705,0.9999999]]},"identifier":"61BB3DDD-C96C-6E82-3432-BD712CCBCB28"},"timestamp":1742642091.211627,"label":"ARImageAnchor didAdd"},{"content":{"identifier":"61BB3DDD-C96C-6E82-3432-BD712CCBCB28","name":"Peppers","transform":{"columns":[[0.25620118,-0.0039421315,0.9666152,0],[-0.96647877,0.01624471,0.25623125,0],[-0.016712481,-0.9998601,0.00035192483,0],[1.5068474,0.1787886,0.3234705,0.9999999]]}},"timestamp":1742642091.220603,"label":"ARImageAnchor didUpdate"}]