[{"label":"Application launched","timestamp":1742655200.746027},{"timestamp":1742655200.746144,"label":"Initialize ARViewModel"},{"timestamp":1742655200.751462,"label":"Finished Initialize ARViewModel"},{"label":"Initialize RoomManager","timestamp":1742655200.7515311},{"timestamp":1742655200.751546,"label":"Initialize BeaconManager"},{"timestamp":1742655200.751576,"label":"Fininshed Initialize BeaconManager"},{"label":"Fininshed Initialize RoomManager","timestamp":1742655200.751593},{"timestamp":1742655200.751606,"label":"ContentView Initialize"},{"timestamp":1742655200.752677,"label":"Initialize ARWorldMapManager"},{"timestamp":1742655200.7527199,"label":"Fininshed Initialize ARWorldMapManager"},{"timestamp":1742655201.119911,"label":"Tracking Limited","content":"Tracking is limited due to: initializing"},{"content":{"id":"3F39F93D-AB52-4382-80AA-E0ED5264C1F0","name":"Test Room"},"label":"Room Update","timestamp":1742655202.073494},{"label":"Downloading WorldMap","content":{"id":"3F39F93D-AB52-4382-80AA-E0ED5264C1F0","name":"Test Room"},"timestamp":1742655202.0735312},{"label":"Finished Downloading WorldMap","timestamp":1742655202.578844,"content":{"id":"3F39F93D-AB52-4382-80AA-E0ED5264C1F0","name":"Test Room"}},{"content":"Tracking is limited due to: initializing","timestamp":1742655202.753351,"label":"Tracking Limited"},{"timestamp":1742655203.8338509,"content":"Tracking is limited due to: relocalizing","label":"Tracking Limited"},{"timestamp":1742655205.368719,"label":"Bunny didAdd","content":{"name":"bunny","identifier":"B08E24AE-6649-4FDC-AC88-299C0F4ABC29","transform":{"columns":[[0.99652475,-0.0011311637,-0.08328969,0],[0.0012247307,0.99999833,0.0010723146,0],[0.08328837,-0.0011705958,0.9965247,0],[-0.034224045,-0.6027027,-0.3153559,1]]}}},{"label":"Tracking Available","content":{"extent":[2.897366,6.354778,2.8408394],"center":[0.017977595,-3.4131691,0.45404088]},"timestamp":1742655205.421112},{"label":"Bunny didUpdate","content":{"identifier":"B08E24AE-6649-4FDC-AC88-299C0F4ABC29","name":"bunny","transform":{"columns":[[0.99652475,-0.0011311637,-0.08328969,0],[0.0012247305,0.99999815,0.0010723145,0],[0.08328838,-0.0011705958,0.99652475,0],[-0.034224045,-0.6027027,-0.3153559,1]]}},"timestamp":1742655205.4211721},{"timestamp":1742655208.7333279,"content":{"identifier":"FF85DBE1-76D3-E459-2D24-8EDCEE263300","transform":{"columns":[[0.97450817,0.010868008,-0.22408837,0],[0.22417083,-0.007059527,0.97452414,0],[0.009009155,-0.99991596,-0.009315829,0],[-0.27591363,-0.66268206,0.041524068,1]]},"name":"Car"},"label":"ARImageAnchor didAdd"},{"label":"ARImageAnchor didUpdate","timestamp":1742655208.735718,"content":{"name":"Car","identifier":"FF85DBE1-76D3-E459-2D24-8EDCEE263300","transform":{"columns":[[0.97450817,0.010868008,-0.22408837,0],[0.22417083,-0.007059527,0.97452414,0],[0.009009155,-0.99991596,-0.009315829,0],[-0.27591363,-0.66268206,0.041524068,1]]}}},{"timestamp":1742655211.3613281,"label":"ARImageAnchor didAdd","content":{"transform":{"columns":[[0.9614742,-0.004021883,-0.2748654,0],[0.27452567,-0.037751634,0.9608383,0],[-0.014240991,-0.999279,-0.035193108,0],[-1.3795825,0.5953061,-0.23524684,1]]},"name":"Earth","identifier":"088EF783-5990-B052-BE99-B8AA15BA6C68"}},{"content":{"transform":{"columns":[[0.9614742,-0.004021883,-0.2748654,0],[0.27452567,-0.037751634,0.9608383,0],[-0.014240991,-0.999279,-0.035193108,0],[-1.3795825,0.5953061,-0.23524684,1]]},"name":"Earth","identifier":"088EF783-5990-B052-BE99-B8AA15BA6C68"},"timestamp":1742655211.379068,"label":"ARImageAnchor didUpdate"},{"label":"ARImageAnchor didUpdate","timestamp":1742655211.884135,"content":{"transform":{"columns":[[0.9597456,-0.0008739719,-0.28086898,0],[0.28082106,-0.015750593,0.9596307,0],[-0.005262545,-0.9998754,-0.014871133,0],[-1.3912473,0.5989164,-0.23761958,1]]},"name":"Earth","identifier":"088EF783-5990-B052-BE99-B8AA15BA6C68"}},{"content":{"identifier":"088EF783-5990-B052-BE99-B8AA15BA6C68","name":"Earth","transform":{"columns":[[0.9597456,-0.0008739719,-0.28086898,0],[0.28082106,-0.015750593,0.9596307,0],[-0.005262545,-0.9998754,-0.014871133,0],[-1.3912473,0.5989164,-0.23761958,1]]}},"label":"ARImageAnchor didUpdate","timestamp":1742655211.903116},{"content":{"name":"Sailboat","transform":{"columns":[[0.96866876,0.009920702,-0.24815767,0],[0.2482982,-0.017145693,0.9685318,0],[0.005353679,-0.9998038,-0.019071791,0],[0.37086514,0.78085685,-0.70755196,1.0000001]]},"identifier":"C35EAC54-3E90-1B97-807B-5E3B8F238DB7"},"timestamp":1742655214.562368,"label":"ARImageAnchor didAdd"},{"content":{"transform":{"columns":[[0.96866876,0.009920702,-0.24815767,0],[0.2482982,-0.017145693,0.9685318,0],[0.005353679,-0.9998038,-0.019071791,0],[0.37086514,0.78085685,-0.70755196,1.0000001]]},"name":"Sailboat","identifier":"C35EAC54-3E90-1B97-807B-5E3B8F238DB7"},"timestamp":1742655214.585604,"label":"ARImageAnchor didUpdate"},{"label":"ARImageAnchor didAdd","content":{"name":"Lenna","identifier":"6BAD7D5D-D14A-EF93-1C8B-F6BEC80B8329","transform":{"columns":[[-0.23419628,-0.033504244,-0.97161156,0],[0.97202873,0.0100797,-0.23464441,0],[0.017655153,-0.99938756,0.030206442,0],[0.33190134,-0.65592694,-0.21609241,0.9999999]]}},"timestamp":1742655216.6942601},{"label":"ARImageAnchor didUpdate","content":{"identifier":"6BAD7D5D-D14A-EF93-1C8B-F6BEC80B8329","name":"Lenna","transform":{"columns":[[-0.23419628,-0.033504244,-0.97161156,0],[0.97202873,0.0100797,-0.23464441,0],[0.017655153,-0.99938756,0.030206442,0],[0.33190134,-0.65592694,-0.21609241,0.9999999]]}},"timestamp":1742655216.7022262},{"content":{"name":"Lenna","identifier":"6BAD7D5D-D14A-EF93-1C8B-F6BEC80B8329","transform":{"columns":[[-0.24385591,-0.030453272,-0.969333,0],[0.96979827,-0.0024771548,-0.2438951,0],[0.00502619,-0.99953306,0.030137613,0],[0.3520872,-0.6468079,-0.21211106,1]]}},"timestamp":1742655217.219665,"label":"ARImageAnchor didUpdate"},{"content":{"identifier":"6BAD7D5D-D14A-EF93-1C8B-F6BEC80B8329","transform":{"columns":[[-0.24385591,-0.030453272,-0.969333,0],[0.96979827,-0.0024771548,-0.2438951,0],[0.00502619,-0.99953306,0.030137613,0],[0.3520872,-0.6468079,-0.21211106,1]]},"name":"Lenna"},"label":"ARImageAnchor didUpdate","timestamp":1742655217.2349858},{"timestamp":1742655221.430182,"content":{"identifier":"A19C2489-597B-2BED-432C-244B551E75FD","name":"Mandrill","transform":{"columns":[[0.25808394,-0.0116610825,0.966052,0],[-0.9649045,0.047082882,0.25834572,0],[-0.048497107,-0.99882287,0.00089950423,0],[1.2119738,0.806242,-0.35260528,1]]}},"label":"ARImageAnchor didAdd"},{"timestamp":1742655221.432759,"label":"ARImageAnchor didUpdate","content":{"identifier":"A19C2489-597B-2BED-432C-244B551E75FD","transform":{"columns":[[0.25808394,-0.0116610825,0.966052,0],[-0.9649045,0.047082882,0.25834572,0],[-0.048497107,-0.99882287,0.00089950423,0],[1.2119738,0.806242,-0.35260528,1]]},"name":"Mandrill"}},{"label":"ARImageAnchor didAdd","content":{"name":"Peppers","identifier":"61BB3DDD-C96C-6E82-3432-BD712CCBCB28","transform":{"columns":[[0.25467134,-0.0053490447,0.96701276,0],[-0.9670033,-0.008497004,0.25462174,0],[0.006854731,-0.9999495,-0.0073364833,0],[1.4705603,0.19024388,0.33556128,1]]}},"timestamp":1742655224.0938668},{"content":{"identifier":"61BB3DDD-C96C-6E82-3432-BD712CCBCB28","name":"Peppers","transform":{"columns":[[0.25467134,-0.0053490447,0.96701276,0],[-0.9670033,-0.008497004,0.25462174,0],[0.006854731,-0.9999495,-0.0073364833,0],[1.4705603,0.19024388,0.33556128,1]]}},"label":"ARImageAnchor didUpdate","timestamp":1742655224.101332},{"label":"Bunny didUpdate","timestamp":1742655230.7062712,"content":{"transform":{"columns":[[0.99652475,-0.0011311637,-0.08328969,0],[0.0012247302,0.999998,0.0010723142,0],[0.08328838,-0.0011705959,0.9965248,0],[-0.034224045,-0.6027027,-0.3153559,1]]},"identifier":"B08E24AE-6649-4FDC-AC88-299C0F4ABC29","name":"bunny"}},{"content":{"identifier":"FF85DBE1-76D3-E459-2D24-8EDCEE263300","name":"Car","transform":{"columns":[[0.9802705,0.0065607685,-0.1975511,0],[0.19762145,-0.012777556,0.98019505,0],[0.0039066193,-0.99989676,-0.013821963,0],[-0.3208336,-0.64286846,0.033015743,1]]}},"label":"ARImageAnchor didUpdate","timestamp":1742655231.0385199},{"timestamp":1742655231.054582,"content":{"identifier":"FF85DBE1-76D3-E459-2D24-8EDCEE263300","transform":{"columns":[[0.9802705,0.0065607685,-0.1975511,0],[0.19762145,-0.012777556,0.98019505,0],[0.0039066193,-0.99989676,-0.013821963,0],[-0.3208336,-0.64286846,0.033015743,1]]},"name":"Car"},"label":"ARImageAnchor didUpdate"},{"timestamp":1742655233.634256,"label":"ARImageAnchor didUpdate","content":{"name":"Earth","identifier":"088EF783-5990-B052-BE99-B8AA15BA6C68","transform":{"columns":[[0.96466184,-0.0038271423,-0.26346263,0],[0.26335505,-0.018051364,0.96453,0],[-0.008447256,-0.99982965,-0.01640556,0],[-1.3969595,0.6036597,-0.22965223,1]]}}},{"timestamp":1742655233.660952,"content":{"identifier":"088EF783-5990-B052-BE99-B8AA15BA6C68","name":"Earth","transform":{"columns":[[0.96466184,-0.0038271423,-0.26346263,0],[0.26335505,-0.018051364,0.96453,0],[-0.008447256,-0.99982965,-0.01640556,0],[-1.3969595,0.6036597,-0.22965223,1]]}},"label":"ARImageAnchor didUpdate"},{"timestamp":1742655238.4114041,"label":"ARImageAnchor didUpdate","content":{"identifier":"61BB3DDD-C96C-6E82-3432-BD712CCBCB28","name":"Peppers","transform":{"columns":[[0.25582668,-0.00509277,0.96670914,0],[-0.9667138,0.002892926,0.25584316,0],[-0.004099607,-0.9999828,-0.00418316,0],[1.4754755,0.20146583,0.34271726,1]]}}},{"label":"ARImageAnchor didUpdate","timestamp":1742655238.419272,"content":{"name":"Peppers","identifier":"61BB3DDD-C96C-6E82-3432-BD712CCBCB28","transform":{"columns":[[0.25582668,-0.00509277,0.96670914,0],[-0.9667138,0.002892926,0.25584316,0],[-0.004099607,-0.9999828,-0.00418316,0],[1.4754755,0.20146583,0.34271726,1]]}}},{"content":{"name":"Mandrill","identifier":"A19C2489-597B-2BED-432C-244B551E75FD","transform":{"columns":[[0.25746408,-0.015932713,0.96615636,0],[-0.9648048,0.051132385,0.25794724,0],[-0.053511675,-0.9985648,-0.0022072142,0],[1.2209553,0.8264944,-0.36377582,1]]}},"timestamp":1742655241.018719,"label":"ARImageAnchor didUpdate"},{"timestamp":1742655241.035214,"label":"ARImageAnchor didUpdate","content":{"name":"Mandrill","identifier":"A19C2489-597B-2BED-432C-244B551E75FD","transform":{"columns":[[0.25746408,-0.015932713,0.96615636,0],[-0.9648048,0.051132385,0.25794724,0],[-0.053511675,-0.9985648,-0.0022072142,0],[1.2209553,0.8264944,-0.36377582,1]]}}},{"content":{"transform":{"columns":[[0.96813995,0.005441388,-0.25035053,0],[0.25034592,0.0015178612,0.9681551,0],[0.005648112,-0.9999839,0.00010728184,0],[0.37241897,0.80287135,-0.7258972,1]]},"identifier":"C35EAC54-3E90-1B97-807B-5E3B8F238DB7","name":"Sailboat"},"label":"ARImageAnchor didUpdate","timestamp":1742655243.134619},{"label":"ARImageAnchor didUpdate","timestamp":1742655243.151228,"content":{"name":"Sailboat","transform":{"columns":[[0.96813995,0.005441388,-0.25035053,0],[0.25034592,0.0015178612,0.9681551,0],[0.005648112,-0.9999839,0.00010728184,0],[0.37241897,0.80287135,-0.7258972,1]]},"identifier":"C35EAC54-3E90-1B97-807B-5E3B8F238DB7"}},{"content":{"identifier":"B08E24AE-6649-4FDC-AC88-299C0F4ABC29","transform":{"columns":[[0.99652475,-0.0011311637,-0.08328969,0],[0.00122473,0.9999978,0.001072314,0],[0.08328838,-0.0011705959,0.9965248,0],[-0.034224045,-0.6027027,-0.3153559,1]]},"name":"bunny"},"timestamp":1742655245.70045,"label":"Bunny didUpdate"}]