[{"label":"Application launched","timestamp":1742660964.877542},{"timestamp":1742660964.877646,"label":"Initialize ARViewModel"},{"timestamp":1742660964.879527,"label":"Finished Initialize ARViewModel"},{"timestamp":1742660964.879592,"label":"Initialize RoomManager"},{"timestamp":1742660964.879605,"label":"Initialize BeaconManager"},{"timestamp":1742660964.87964,"label":"Fininshed Initialize BeaconManager"},{"label":"Fininshed Initialize RoomManager","timestamp":1742660964.879675},{"timestamp":1742660964.879689,"label":"ContentView Initialize"},{"timestamp":1742660964.880851,"label":"Initialize ARWorldMapManager"},{"timestamp":1742660964.8809052,"label":"Fininshed Initialize ARWorldMapManager"},{"timestamp":1742660965.266365,"label":"Tracking Limited","content":"Tracking is limited due to: initializing"},{"content":{"name":"Test Room","id":"3F39F93D-AB52-4382-80AA-E0ED5264C1F0"},"label":"Room Update","timestamp":1742660966.3046231},{"content":{"name":"Test Room","id":"3F39F93D-AB52-4382-80AA-E0ED5264C1F0"},"timestamp":1742660966.304671,"label":"Downloading WorldMap"},{"timestamp":1742660967.05614,"label":"Finished Downloading WorldMap","content":{"name":"Test Room","id":"3F39F93D-AB52-4382-80AA-E0ED5264C1F0"}},{"timestamp":1742660967.2003899,"label":"Tracking Limited","content":"Tracking is limited due to: initializing"},{"timestamp":1742660968.298483,"content":"Tracking is limited due to: relocalizing","label":"Tracking Limited"},{"label":"Bunny didAdd","content":{"name":"bunny","identifier":"B08E24AE-6649-4FDC-AC88-299C0F4ABC29","transform":{"columns":[[0.99652475,-0.0011311637,-0.08328969,0],[0.0012247307,0.99999833,0.0010723146,0],[0.08328837,-0.0011705958,0.9965247,0],[-0.034224045,-0.6027027,-0.3153559,1]]}},"timestamp":1742660970.926538},{"timestamp":1742660970.964882,"label":"Tracking Available","content":{"extent":[2.897366,6.354778,2.8408394],"center":[0.017977595,-3.4131691,0.45404088]}},{"label":"Bunny didUpdate","timestamp":1742660970.9649072,"content":{"name":"bunny","identifier":"B08E24AE-6649-4FDC-AC88-299C0F4ABC29","transform":{"columns":[[0.99652475,-0.0011311637,-0.08328969,0],[0.0012247305,0.99999815,0.0010723145,0],[0.08328838,-0.0011705958,0.99652475,0],[-0.034224045,-0.6027027,-0.3153559,1]]}}},{"timestamp":1742660973.726124,"label":"ARImageAnchor didAdd","content":{"name":"Car","transform":{"columns":[[0.97672665,0.017256148,-0.21379165,0],[0.21361116,0.0117239915,0.9768483,0],[0.019363105,-0.99978226,0.0077649956,0],[-0.28152254,-0.6574169,0.049046308,1]]},"identifier":"FF85DBE1-76D3-E459-2D24-8EDCEE263300"}},{"timestamp":1742660973.738106,"label":"ARImageAnchor didUpdate","content":{"name":"Car","identifier":"FF85DBE1-76D3-E459-2D24-8EDCEE263300","transform":{"columns":[[0.97672665,0.017256148,-0.21379165,0],[0.21361116,0.0117239915,0.9768483,0],[0.019363105,-0.99978226,0.0077649956,0],[-0.28152254,-0.6574169,0.049046308,1]]}}},{"timestamp":1742660978.475858,"label":"ARImageAnchor didAdd","content":{"transform":{"columns":[[0.9585059,0.0034939577,-0.28505048,0],[0.28506622,-0.01806049,0.9583374,0],[-0.0017997588,-0.9998307,-0.0183071,0],[-1.3930752,0.59761566,-0.21822521,1]]},"name":"Earth","identifier":"088EF783-5990-B052-BE99-B8AA15BA6C68"}},{"label":"ARImageAnchor didUpdate","content":{"name":"Earth","identifier":"088EF783-5990-B052-BE99-B8AA15BA6C68","transform":{"columns":[[0.9585059,0.0034939577,-0.28505048,0],[0.28506622,-0.01806049,0.9583374,0],[-0.0017997588,-0.9998307,-0.0183071,0],[-1.3930752,0.59761566,-0.21822521,1]]}},"timestamp":1742660978.4939342},{"label":"ARImageAnchor didAdd","content":{"transform":{"columns":[[-0.22982298,-0.03516038,-0.972597,0],[0.9732317,-0.009380743,-0.22963381,0],[-0.0010496454,-0.9993376,0.036375113,0],[0.37520105,-0.6652859,-0.19867608,1]]},"name":"Lenna","identifier":"6BAD7D5D-D14A-EF93-1C8B-F6BEC80B8329"},"timestamp":1742660984.25876},{"timestamp":1742660984.269458,"label":"ARImageAnchor didUpdate","content":{"name":"Lenna","identifier":"6BAD7D5D-D14A-EF93-1C8B-F6BEC80B8329","transform":{"columns":[[-0.22982298,-0.03516038,-0.972597,0],[0.9732317,-0.009380743,-0.22963381,0],[-0.0010496454,-0.9993376,0.036375113,0],[0.37520105,-0.6652859,-0.19867608,1]]}}},{"timestamp":1742660988.458601,"content":{"transform":{"columns":[[0.9606792,0.0071788616,-0.2775677,0],[0.27764985,-0.016064167,0.9605479,0],[0.0024367492,-0.9998451,-0.017425722,0],[0.3933084,0.77764726,-0.6967139,1]]},"identifier":"C35EAC54-3E90-1B97-807B-5E3B8F238DB7","name":"Sailboat"},"label":"ARImageAnchor didAdd"},{"content":{"name":"Sailboat","identifier":"C35EAC54-3E90-1B97-807B-5E3B8F238DB7","transform":{"columns":[[0.9606792,0.0071788616,-0.2775677,0],[0.27764985,-0.016064167,0.9605479,0],[0.0024367492,-0.9998451,-0.017425722,0],[0.3933084,0.77764726,-0.6967139,1]]}},"label":"ARImageAnchor didUpdate","timestamp":1742660988.476284},{"timestamp":1742660990.592013,"label":"ARImageAnchor didAdd","content":{"identifier":"A19C2489-597B-2BED-432C-244B551E75FD","name":"Mandrill","transform":{"columns":[[0.23450889,-0.014537084,0.97200507,0],[-0.9711208,0.041678764,0.23491892,0],[-0.043927003,-0.9990253,-0.004343222,0],[1.2474753,0.8064221,-0.33291084,0.99999994]]}}},{"label":"ARImageAnchor didUpdate","timestamp":1742660990.598808,"content":{"name":"Mandrill","transform":{"columns":[[0.23450889,-0.014537084,0.97200507,0],[-0.9711208,0.041678764,0.23491892,0],[-0.043927003,-0.9990253,-0.004343222,0],[1.2474753,0.8064221,-0.33291084,0.99999994]]},"identifier":"A19C2489-597B-2BED-432C-244B551E75FD"}},{"label":"ARImageAnchor didUpdate","timestamp":1742660991.117608,"content":{"name":"Mandrill","identifier":"A19C2489-597B-2BED-432C-244B551E75FD","transform":{"columns":[[0.24795516,-0.010316205,0.96871644,0],[-0.96756625,0.04722308,0.24816363,0],[-0.048305888,-0.99883103,0.0017275967,0],[1.2301675,0.8069391,-0.3380134,1]]}}},{"content":{"identifier":"A19C2489-597B-2BED-432C-244B551E75FD","transform":{"columns":[[0.24795516,-0.010316205,0.96871644,0],[-0.96756625,0.04722308,0.24816363,0],[-0.048305888,-0.99883103,0.0017275967,0],[1.2301675,0.8069391,-0.3380134,1]]},"name":"Mandrill"},"timestamp":1742660991.1344361,"label":"ARImageAnchor didUpdate"},{"label":"ARImageAnchor didAdd","timestamp":1742660992.724928,"content":{"transform":{"columns":[[0.22233534,-0.0025923664,0.97496665,0],[-0.974937,0.0076512606,0.22234891,0],[-0.008036138,-0.9999672,-0.000826248,0],[1.487813,0.1883571,0.36051664,1]]},"name":"Peppers","identifier":"61BB3DDD-C96C-6E82-3432-BD712CCBCB28"}},{"content":{"transform":{"columns":[[0.22233534,-0.0025923664,0.97496665,0],[-0.974937,0.0076512606,0.22234891,0],[-0.008036138,-0.9999672,-0.000826248,0],[1.487813,0.1883571,0.36051664,1]]},"identifier":"61BB3DDD-C96C-6E82-3432-BD712CCBCB28","name":"Peppers"},"timestamp":1742660992.735059,"label":"ARImageAnchor didUpdate"},{"timestamp":1742660993.79279,"content":{"transform":{"columns":[[0.23835243,-0.002323659,0.97117573,0],[-0.97117764,0.00075832824,0.23835471,0],[-0.0012903241,-0.99999684,-0.0020759336,0],[1.485363,0.19114299,0.3548574,1]]},"name":"Peppers","identifier":"61BB3DDD-C96C-6E82-3432-BD712CCBCB28"},"label":"ARImageAnchor didUpdate"},{"timestamp":1742660993.799159,"content":{"transform":{"columns":[[0.23835243,-0.002323659,0.97117573,0],[-0.97117764,0.00075832824,0.23835471,0],[-0.0012903241,-0.99999684,-0.0020759336,0],[1.485363,0.19114299,0.3548574,1]]},"identifier":"61BB3DDD-C96C-6E82-3432-BD712CCBCB28","name":"Peppers"},"label":"ARImageAnchor didUpdate"},{"label":"ARImageAnchor didUpdate","content":{"identifier":"61BB3DDD-C96C-6E82-3432-BD712CCBCB28","transform":{"columns":[[0.25018075,-0.008480581,0.9681618,0],[-0.9681717,-0.009692544,0.25009835,0],[0.007262951,-0.99991703,-0.010635521,0],[1.4980489,0.1799521,0.34462327,1]]},"name":"Peppers"},"timestamp":1742661000.114445},{"timestamp":1742661000.142838,"label":"ARImageAnchor didUpdate","content":{"transform":{"columns":[[0.25018075,-0.008480581,0.9681618,0],[-0.9681717,-0.009692544,0.25009835,0],[0.007262951,-0.99991703,-0.010635521,0],[1.4980489,0.1799521,0.34462327,1]]},"identifier":"61BB3DDD-C96C-6E82-3432-BD712CCBCB28","name":"Peppers"}},{"label":"ARImageAnchor didUpdate","content":{"identifier":"A19C2489-597B-2BED-432C-244B551E75FD","name":"Mandrill","transform":{"columns":[[0.25792652,-0.012793838,0.9660797,0],[-0.9645642,0.054114126,0.25823855,0],[-0.05558244,-0.9984527,0.00161701,0],[1.2419603,0.8040323,-0.3474727,1]]}},"timestamp":1742661004.3922381},{"timestamp":1742661004.3982038,"label":"ARImageAnchor didUpdate","content":{"name":"Mandrill","identifier":"A19C2489-597B-2BED-432C-244B551E75FD","transform":{"columns":[[0.25792652,-0.012793838,0.9660797,0],[-0.9645642,0.054114126,0.25823855,0],[-0.05558244,-0.9984527,0.00161701,0],[1.2419603,0.8040323,-0.3474727,1]]}}}]