[{"timestamp":1742666380.0582762,"label":"Application launched"},{"label":"Initialize ARViewModel","timestamp":1742666380.058567},{"timestamp":1742666380.0604,"label":"Finished Initialize ARViewModel"},{"timestamp":1742666380.060446,"label":"Initialize RoomManager"},{"label":"Initialize BeaconManager","timestamp":1742666380.06045},{"label":"Fininshed Initialize BeaconManager","timestamp":1742666380.060472},{"label":"Fininshed Initialize RoomManager","timestamp":1742666380.060477},{"label":"ContentView Initialize","timestamp":1742666380.060481},{"label":"Initialize ARWorldMapManager","timestamp":1742666380.060987},{"timestamp":1742666380.0609941,"label":"Fininshed Initialize ARWorldMapManager"},{"timestamp":1742666380.560629,"label":"Tracking Limited","content":"Tracking is limited due to: initializing"},{"content":{"id":"3F39F93D-AB52-4382-80AA-E0ED5264C1F0","name":"Test Room"},"timestamp":1742666381.399965,"label":"Room Update"},{"timestamp":1742666381.4000049,"label":"Downloading WorldMap","content":{"id":"3F39F93D-AB52-4382-80AA-E0ED5264C1F0","name":"Test Room"}},{"content":{"name":"Test Room","id":"3F39F93D-AB52-4382-80AA-E0ED5264C1F0"},"label":"Finished Downloading WorldMap","timestamp":1742666381.8999372},{"label":"Tracking Limited","content":"Tracking is limited due to: initializing","timestamp":1742666382.05939},{"timestamp":1742666383.163646,"content":"Tracking is limited due to: relocalizing","label":"Tracking Limited"},{"label":"Bunny didAdd","content":{"transform":{"columns":[[0.99652475,-0.0011311637,-0.08328969,0],[0.0012247307,0.99999833,0.0010723146,0],[0.08328837,-0.0011705958,0.9965247,0],[-0.034224045,-0.6027027,-0.3153559,1]]},"name":"bunny","identifier":"B08E24AE-6649-4FDC-AC88-299C0F4ABC29"},"timestamp":1742666433.952554},{"content":{"transform":{"columns":[[0.99652475,-0.0011311637,-0.08328969,0],[0.0012247305,0.99999815,0.0010723145,0],[0.08328838,-0.0011705958,0.99652475,0],[-0.034224045,-0.6027027,-0.3153559,1]]},"identifier":"B08E24AE-6649-4FDC-AC88-299C0F4ABC29","name":"bunny"},"timestamp":1742666434.4412498,"label":"Bunny didUpdate"},{"timestamp":1742666434.4412951,"label":"Tracking Available","content":{"center":[-0.75862813,-2.9180021,0.031777024],"extent":[5.6341276,7.345112,3.6853666]}},{"content":{"name":"Car","transform":{"columns":[[0.9732107,0.008079485,-0.22977285,0],[0.2298135,-0.004513852,0.97322416,0],[0.0068259947,-0.99995714,-0.006249758,0],[-0.28015983,-0.64973575,0.05075328,1]]},"identifier":"FF85DBE1-76D3-E459-2D24-8EDCEE263300"},"timestamp":1742666436.252365,"label":"ARImageAnchor didAdd"},{"label":"ARImageAnchor didUpdate","content":{"name":"Car","transform":{"columns":[[0.9732107,0.008079485,-0.22977285,0],[0.2298135,-0.004513852,0.97322416,0],[0.0068259947,-0.99995714,-0.006249758,0],[-0.28015983,-0.64973575,0.05075328,1]]},"identifier":"FF85DBE1-76D3-E459-2D24-8EDCEE263300"},"timestamp":1742666436.2634401},{"timestamp":1742666440.518934,"label":"ARImageAnchor didAdd","content":{"transform":{"columns":[[0.9590292,-0.00025888204,-0.28330696,0],[0.28328064,-0.012767311,0.95895195,0],[-0.003865321,-0.99991846,-0.012170888,0],[-1.3640825,0.59649694,-0.18105562,1]]},"name":"Earth","identifier":"088EF783-5990-B052-BE99-B8AA15BA6C68"}},{"label":"ARImageAnchor didUpdate","content":{"name":"Earth","identifier":"088EF783-5990-B052-BE99-B8AA15BA6C68","transform":{"columns":[[0.9590292,-0.00025888204,-0.28330696,0],[0.28328064,-0.012767311,0.95895195,0],[-0.003865321,-0.99991846,-0.012170888,0],[-1.3640825,0.59649694,-0.18105562,1]]}},"timestamp":1742666440.526387},{"timestamp":1742666441.0275621,"content":{"transform":{"columns":[[0.95977837,-0.00020698803,-0.28075838,0],[0.28074032,-0.010652837,0.9597245,0],[-0.0031895253,-0.9999432,-0.010166252,0],[-1.3814021,0.6020479,-0.19788843,0.99999994]]},"name":"Earth","identifier":"088EF783-5990-B052-BE99-B8AA15BA6C68"},"label":"ARImageAnchor didUpdate"},{"timestamp":1742666441.0605578,"label":"ARImageAnchor didUpdate","content":{"name":"Earth","transform":{"columns":[[0.95977837,-0.00020698803,-0.28075838,0],[0.28074032,-0.010652837,0.9597245,0],[-0.0031895253,-0.9999432,-0.010166252,0],[-1.3814021,0.6020479,-0.19788843,0.99999994]]},"identifier":"088EF783-5990-B052-BE99-B8AA15BA6C68"}},{"content":{"identifier":"6BAD7D5D-D14A-EF93-1C8B-F6BEC80B8329","transform":{"columns":[[-0.24152069,-0.03762077,-0.969666,0],[0.9694329,-0.053852815,-0.23937324,0],[-0.04321385,-0.99783987,0.04947738,0],[0.37960905,-0.66122794,-0.2082348,1]]},"name":"Lenna"},"label":"ARImageAnchor didAdd","timestamp":1742666445.3185248},{"timestamp":1742666445.326511,"label":"ARImageAnchor didUpdate","content":{"transform":{"columns":[[-0.24152069,-0.03762077,-0.969666,0],[0.9694329,-0.053852815,-0.23937324,0],[-0.04321385,-0.99783987,0.04947738,0],[0.37960905,-0.66122794,-0.2082348,1]]},"name":"Lenna","identifier":"6BAD7D5D-D14A-EF93-1C8B-F6BEC80B8329"}},{"label":"ARImageAnchor didUpdate","content":{"identifier":"6BAD7D5D-D14A-EF93-1C8B-F6BEC80B8329","transform":{"columns":[[-0.23151122,-0.03823001,-0.97208065,0],[0.9720852,-0.048239723,-0.22961512,0],[-0.03811471,-0.99810386,0.04833086,0],[0.38439408,-0.65512526,-0.2078642,1]]},"name":"Lenna"},"timestamp":1742666445.827629},{"timestamp":1742666445.860759,"content":{"identifier":"6BAD7D5D-D14A-EF93-1C8B-F6BEC80B8329","name":"Lenna","transform":{"columns":[[-0.23151122,-0.03823001,-0.97208065,0],[0.9720852,-0.048239723,-0.22961512,0],[-0.03811471,-0.99810386,0.04833086,0],[0.38439408,-0.65512526,-0.2078642,1]]}},"label":"ARImageAnchor didUpdate"},{"timestamp":1742666448.5185199,"label":"ARImageAnchor didAdd","content":{"name":"Sailboat","transform":{"columns":[[0.96119,0.0034529872,-0.27586558,0],[0.2758865,-0.009753337,0.9611406,0],[0.00062819273,-0.9999465,-0.010327441,0],[0.39485997,0.7728316,-0.7004874,1]]},"identifier":"C35EAC54-3E90-1B97-807B-5E3B8F238DB7"}},{"label":"ARImageAnchor didUpdate","content":{"identifier":"C35EAC54-3E90-1B97-807B-5E3B8F238DB7","name":"Sailboat","transform":{"columns":[[0.96119,0.0034529872,-0.27586558,0],[0.2758865,-0.009753337,0.9611406,0],[0.00062819273,-0.9999465,-0.010327441,0],[0.39485997,0.7728316,-0.7004874,1]]}},"timestamp":1742666448.52697},{"label":"ARImageAnchor didAdd","content":{"transform":{"columns":[[0.21215281,-0.019373652,0.9770444,0],[-0.97514874,0.06112145,0.21295305,0],[-0.06384406,-0.9979422,-0.005925114,0],[1.2341474,0.8028769,-0.34772906,1]]},"identifier":"A19C2489-597B-2BED-432C-244B551E75FD","name":"Mandrill"},"timestamp":1742666450.118397},{"timestamp":1742666450.128128,"content":{"transform":{"columns":[[0.21215281,-0.019373652,0.9770444,0],[-0.97514874,0.06112145,0.21295305,0],[-0.06384406,-0.9979422,-0.005925114,0],[1.2341474,0.8028769,-0.34772906,1]]},"name":"Mandrill","identifier":"A19C2489-597B-2BED-432C-244B551E75FD"},"label":"ARImageAnchor didUpdate"},{"content":{"transform":{"columns":[[0.27419293,-0.013343537,0.961582,0],[-0.96070635,0.041059237,0.27451298,0],[-0.043144807,-0.9990675,-0.0015610675,0],[1.2342656,0.80392706,-0.35290438,1]]},"name":"Mandrill","identifier":"A19C2489-597B-2BED-432C-244B551E75FD"},"timestamp":1742666450.628762,"label":"ARImageAnchor didUpdate"},{"label":"ARImageAnchor didUpdate","content":{"name":"Mandrill","identifier":"A19C2489-597B-2BED-432C-244B551E75FD","transform":{"columns":[[0.27419293,-0.013343537,0.961582,0],[-0.96070635,0.041059237,0.27451298,0],[-0.043144807,-0.9990675,-0.0015610675,0],[1.2342656,0.80392706,-0.35290438,1]]}},"timestamp":1742666450.661121},{"content":{"identifier":"61BB3DDD-C96C-6E82-3432-BD712CCBCB28","transform":{"columns":[[0.26386765,-0.0053746,0.96454376,0],[-0.96454424,-0.0069598216,0.26382896,0],[0.0052950787,-0.99996126,-0.007020507,0],[1.4992108,0.18851769,0.33255544,1]]},"name":"Peppers"},"timestamp":1742666452.784976,"label":"ARImageAnchor didAdd"},{"label":"ARImageAnchor didUpdate","timestamp":1742666452.791934,"content":{"name":"Peppers","identifier":"61BB3DDD-C96C-6E82-3432-BD712CCBCB28","transform":{"columns":[[0.26386765,-0.0053746,0.96454376,0],[-0.96454424,-0.0069598216,0.26382896,0],[0.0052950787,-0.99996126,-0.007020507,0],[1.4992108,0.18851769,0.33255544,1]]}}},{"content":{"transform":{"columns":[[0.99653536,-0.0011311637,-0.08316229,0],[0.001224593,0.999998,0.0010724708,0],[0.08316098,-0.0011705959,0.9965354,0],[-0.0341768,-0.6026942,-0.31526574,1]]},"name":"bunny","identifier":"B08E24AE-6649-4FDC-AC88-299C0F4ABC29"},"label":"Bunny didUpdate","timestamp":1742666464.92763}]