[{"label":"Application launched","timestamp":1742636243.022743},{"label":"Initialize ARViewModel","timestamp":1742636243.022945},{"timestamp":1742636243.030262,"label":"Finished Initialize ARViewModel"},{"timestamp":1742636243.030319,"label":"Initialize RoomManager"},{"label":"Initialize BeaconManager","timestamp":1742636243.030325},{"timestamp":1742636243.030344,"label":"Fininshed Initialize BeaconManager"},{"label":"Fininshed Initialize RoomManager","timestamp":1742636243.03035},{"label":"ContentView Initialize","timestamp":1742636243.030354},{"timestamp":1742636243.031942,"label":"Initialize ARWorldMapManager"},{"timestamp":1742636243.031966,"label":"Fininshed Initialize ARWorldMapManager"},{"timestamp":1742636243.2669969,"label":"Tracking Limited","content":"Tracking is limited due to: initializing"},{"content":{"id":"3F39F93D-AB52-4382-80AA-E0ED5264C1F0","name":"Test Room"},"timestamp":1742636244.300583,"label":"Room Update"},{"label":"Downloading WorldMap","timestamp":1742636244.3006039,"content":{"name":"Test Room","id":"3F39F93D-AB52-4382-80AA-E0ED5264C1F0"}},{"label":"Finished Downloading WorldMap","content":{"name":"Test Room","id":"3F39F93D-AB52-4382-80AA-E0ED5264C1F0"},"timestamp":1742636244.861973},{"label":"Tracking Limited","timestamp":1742636245.032948,"content":"Tracking is limited due to: initializing"},{"content":"Tracking is limited due to: relocalizing","label":"Tracking Limited","timestamp":1742636246.0797582},{"timestamp":1742636248.014436,"content":{"transform":{"columns":[[0.99652475,-0.0011311637,-0.08328969,0],[0.0012247307,0.99999833,0.0010723146,0],[0.08328837,-0.0011705958,0.9965247,0],[-0.034224045,-0.6027027,-0.3153559,1]]},"identifier":"B08E24AE-6649-4FDC-AC88-299C0F4ABC29","name":"bunny"},"label":"Bunny didAdd"},{"content":{"extent":[2.897366,6.354778,2.8408394],"center":[0.017977595,-3.4131691,0.45404088]},"timestamp":1742636248.0516639,"label":"Tracking Available"},{"timestamp":1742636248.051724,"label":"Bunny didUpdate","content":{"name":"bunny","identifier":"B08E24AE-6649-4FDC-AC88-299C0F4ABC29","transform":{"columns":[[0.99652475,-0.0011311637,-0.08328969,0],[0.0012247305,0.99999815,0.0010723145,0],[0.08328838,-0.0011705958,0.99652475,0],[-0.034224045,-0.6027027,-0.3153559,1]]}}},{"label":"ARImageAnchor didAdd","timestamp":1742636250.157296,"content":{"name":"Car","identifier":"FF85DBE1-76D3-E459-2D24-8EDCEE263300","transform":{"columns":[[0.9749663,0.004515647,-0.22230591,0],[0.22235171,-0.020491218,0.97475106,0],[-0.00015367838,-0.9997797,-0.02098231,0],[-0.27441436,-0.65239275,0.050031453,0.99999994]]}}},{"content":{"transform":{"columns":[[0.9749663,0.004515647,-0.22230591,0],[0.22235171,-0.020491218,0.97475106,0],[-0.00015367838,-0.9997797,-0.02098231,0],[-0.27441436,-0.65239275,0.050031453,0.99999994]]},"name":"Car","identifier":"FF85DBE1-76D3-E459-2D24-8EDCEE263300"},"timestamp":1742636250.1837912,"label":"ARImageAnchor didUpdate"},{"timestamp":1742636253.3071852,"label":"ARImageAnchor didAdd","content":{"name":"Earth","transform":{"columns":[[0.96050876,-0.0026543834,-0.27823657,0],[0.27816173,-0.015915487,0.9604023,0],[-0.0069775414,-0.9998697,-0.014548619,0],[-1.3914313,0.5975706,-0.24137287,1]]},"identifier":"088EF783-5990-B052-BE99-B8AA15BA6C68"}},{"timestamp":1742636253.3135471,"content":{"name":"Earth","transform":{"columns":[[0.96050876,-0.0026543834,-0.27823657,0],[0.27816173,-0.015915487,0.9604023,0],[-0.0069775414,-0.9998697,-0.014548619,0],[-1.3914313,0.5975706,-0.24137287,1]]},"identifier":"088EF783-5990-B052-BE99-B8AA15BA6C68"},"label":"ARImageAnchor didUpdate"},{"timestamp":1742636256.2517462,"label":"Bunny didUpdate","content":{"identifier":"B08E24AE-6649-4FDC-AC88-299C0F4ABC29","transform":{"columns":[[0.9964917,-0.0011311636,-0.08368317,0],[0.0012251534,0.999998,0.0010718304,0],[0.08368186,-0.0011705959,0.9964918,0],[-0.03388641,-0.6026012,-0.315221,1]]},"name":"bunny"}},{"timestamp":1742636258.04016,"label":"ARImageAnchor didAdd","content":{"name":"Lenna","identifier":"6BAD7D5D-D14A-EF93-1C8B-F6BEC80B8329","transform":{"columns":[[-0.25573003,-0.03451946,-0.9661316,0],[0.96622175,-0.042099427,-0.2542497,0],[-0.031897034,-0.99851686,0.04411954,0],[0.40779448,-0.66409594,-0.21472135,1]]}}},{"content":{"name":"Lenna","identifier":"6BAD7D5D-D14A-EF93-1C8B-F6BEC80B8329","transform":{"columns":[[-0.25573003,-0.03451946,-0.9661316,0],[0.96622175,-0.042099427,-0.2542497,0],[-0.031897034,-0.99851686,0.04411954,0],[0.40779448,-0.66409594,-0.21472135,1]]}},"label":"ARImageAnchor didUpdate","timestamp":1742636258.057856},{"label":"ARImageAnchor didAdd","content":{"identifier":"C35EAC54-3E90-1B97-807B-5E3B8F238DB7","transform":{"columns":[[0.9691822,-0.004932226,-0.24629562,0],[0.24625333,-0.007870997,0.96917343,0],[-0.0067187757,-0.9999568,-0.0064138407,0],[0.3988737,0.7571791,-0.713869,1]]},"name":"Sailboat"},"timestamp":1742636260.6735},{"timestamp":1742636260.680928,"label":"ARImageAnchor didUpdate","content":{"name":"Sailboat","transform":{"columns":[[0.9691822,-0.004932226,-0.24629562,0],[0.24625333,-0.007870997,0.96917343,0],[-0.0067187757,-0.9999568,-0.0064138407,0],[0.3988737,0.7571791,-0.713869,1]]},"identifier":"C35EAC54-3E90-1B97-807B-5E3B8F238DB7"}},{"label":"ARImageAnchor didAdd","timestamp":1742636262.806518,"content":{"name":"Mandrill","transform":{"columns":[[0.2561551,-0.015130417,0.9665172,0],[-0.9619935,0.09388268,0.25642586,0],[-0.094619066,-0.99546814,0.009493174,0],[1.2535574,0.78740346,-0.374779,1]]},"identifier":"A19C2489-597B-2BED-432C-244B551E75FD"}},{"timestamp":1742636262.8141088,"content":{"transform":{"columns":[[0.2561551,-0.015130417,0.9665172,0],[-0.9619935,0.09388268,0.25642586,0],[-0.094619066,-0.99546814,0.009493174,0],[1.2535574,0.78740346,-0.374779,1]]},"identifier":"A19C2489-597B-2BED-432C-244B551E75FD","name":"Mandrill"},"label":"ARImageAnchor didUpdate"},{"content":{"name":"Mandrill","transform":{"columns":[[0.265925,-0.015256422,0.9638729,0],[-0.9622383,0.05610975,0.2663621,0],[-0.058146413,-0.9983079,0.00024068565,0],[1.2466068,0.78873354,-0.3822531,1]]},"identifier":"A19C2489-597B-2BED-432C-244B551E75FD"},"label":"ARImageAnchor didUpdate","timestamp":1742636263.340891},{"label":"ARImageAnchor didUpdate","content":{"name":"Mandrill","identifier":"A19C2489-597B-2BED-432C-244B551E75FD","transform":{"columns":[[0.265925,-0.015256422,0.9638729,0],[-0.9622383,0.05610975,0.2663621,0],[-0.058146413,-0.9983079,0.00024068565,0],[1.2466068,0.78873354,-0.3822531,1]]}},"timestamp":1742636263.347989},{"timestamp":1742636265.956357,"content":{"name":"Peppers","transform":{"columns":[[0.27337134,-0.005888369,0.9618904,0],[-0.9617323,-0.020808218,0.27319905,0],[0.018406553,-0.99976605,-0.011351418,0],[1.516392,0.16953059,0.3074689,1]]},"identifier":"61BB3DDD-C96C-6E82-3432-BD712CCBCB28"},"label":"ARImageAnchor didAdd"},{"content":{"transform":{"columns":[[0.27337134,-0.005888369,0.9618904,0],[-0.9617323,-0.020808218,0.27319905,0],[0.018406553,-0.99976605,-0.011351418,0],[1.516392,0.16953059,0.3074689,1]]},"identifier":"61BB3DDD-C96C-6E82-3432-BD712CCBCB28","name":"Peppers"},"label":"ARImageAnchor didUpdate","timestamp":1742636265.9643621}]