[{"label":"Application launched","timestamp":1737483135.465406},{"label":"Initialize ARViewModel","timestamp":1737483135.4655108},{"label":"Finished Initialize ARViewModel","timestamp":1737483135.468185},{"timestamp":1737483135.46823,"label":"Initialize RoomManager"},{"timestamp":1737483135.468235,"label":"Initialize BeaconManager"},{"timestamp":1737483135.4682488,"label":"Fininshed Initialize BeaconManager"},{"timestamp":1737483135.4688911,"label":"Fininshed Initialize RoomManager"},{"label":"ContentView Initialize","timestamp":1737483135.468917},{"timestamp":1737483135.823049,"label":"Tracking Limited","content":"Tracking is limited due to: initializing"},{"timestamp":1737483136.839469,"label":"Tracking Limited","content":"Tracking is limited due to: excessiveMotion"},{"content":{"name":"Room w\/ the Table","id":"2D11FD77-5009-46EE-B13B-FEF68B77A669"},"timestamp":1737483137.294856,"label":"Room Update"},{"label":"Downloading WorldMap","timestamp":1737483137.2948918,"content":{"id":"2D11FD77-5009-46EE-B13B-FEF68B77A669","name":"Room w\/ the Table"}},{"label":"Finished Downloading WorldMap","timestamp":1737483139.094291,"content":{"name":"Room w\/ the Table","id":"2D11FD77-5009-46EE-B13B-FEF68B77A669"}},{"content":"Tracking is limited due to: initializing","timestamp":1737483139.306802,"label":"Tracking Limited"},{"label":"Tracking Limited","timestamp":1737483140.373066,"content":"Tracking is limited due to: relocalizing"},{"label":"Bunny didAdd","timestamp":1737483174.410665,"content":{"identifier":"ABD555B5-FE7F-4BD0-ABEC-2F236636F0DC","transform":{"columns":[[0.62148124,0.006974325,0.78339785,0],[-0.0015799401,0.99996924,-0.0076489975,0],[-0.78342724,0.0035159877,0.62147325,0],[-0.011414457,-0.4862724,-0.2254554,1]]},"name":"bunny"}},{"label":"Bunny didUpdate","timestamp":1737483174.4345021,"content":{"transform":{"columns":[[0.6214812,0.006974324,0.78339773,0],[-0.0015799401,0.9999691,-0.0076489965,0],[-0.7834271,0.0035159872,0.6214732,0],[-0.011414457,-0.4862724,-0.2254554,1]]},"name":"bunny","identifier":"ABD555B5-FE7F-4BD0-ABEC-2F236636F0DC"}},{"timestamp":1737483174.440733,"label":"Tracking Available","content":{"center":[-1.9869962,-3.696662,0.17009568],"extent":[8.098322,8.39764,5.8832273]}},{"label":"Tracking Limited","timestamp":1737483174.4857988,"content":"Tracking is limited due to: initializing"},{"timestamp":1737483174.5395231,"label":"Tracking Limited","content":"Tracking is limited due to: relocalizing"},{"label":"Bunny didUpdate","timestamp":1737483176.4378362,"content":{"identifier":"ABD555B5-FE7F-4BD0-ABEC-2F236636F0DC","transform":{"columns":[[0.6214811,0.0069743237,0.7833977,0],[-0.0015799397,0.999969,-0.007648996,0],[-0.78342706,0.003515987,0.62147313,0],[-0.011414457,-0.4862724,-0.2254554,1]]},"name":"bunny"}},{"content":{"center":[-1.9869962,-3.696662,0.13428235],"extent":[8.098322,8.39764,5.8116007]},"timestamp":1737483176.526699,"label":"Tracking Available"},{"content":{"identifier":"61BB3DDD-C96C-6E82-3432-BD712CCBCB28","name":"Peppers","transform":{"columns":[[0.8820659,0.012884583,0.47094992,0],[-0.47070783,-0.018012604,0.8821052,0],[0.01984856,-0.9997546,-0.009823469,0],[-0.27227122,-0.5869265,-0.172497,1]]}},"timestamp":1737483178.762892,"label":"ARImageAnchor didAdd"},{"content":{"name":"Peppers","identifier":"61BB3DDD-C96C-6E82-3432-BD712CCBCB28","transform":{"columns":[[0.8820659,0.012884583,0.47094992,0],[-0.47070783,-0.018012604,0.8821052,0],[0.01984856,-0.9997546,-0.009823469,0],[-0.27227122,-0.5869265,-0.172497,1]]}},"label":"ARImageAnchor didUpdate","timestamp":1737483178.773879},{"timestamp":1737483181.862926,"label":"ARImageAnchor didAdd","content":{"name":"Earth","identifier":"088EF783-5990-B052-BE99-B8AA15BA6C68","transform":{"columns":[[0.93635607,-0.015206408,0.35072234,0],[-0.35095245,-0.016780298,0.93624294,0],[-0.008351657,-0.9997436,-0.021049088,0],[-0.6526163,0.11725465,-0.9277892,1]]}}},{"label":"ARImageAnchor didUpdate","content":{"identifier":"088EF783-5990-B052-BE99-B8AA15BA6C68","transform":{"columns":[[0.93635607,-0.015206408,0.35072234,0],[-0.35095245,-0.016780298,0.93624294,0],[-0.008351657,-0.9997436,-0.021049088,0],[-0.6526163,0.11725465,-0.9277892,1]]},"name":"Earth"},"timestamp":1737483181.870274},{"content":{"identifier":"C35EAC54-3E90-1B97-807B-5E3B8F238DB7","transform":{"columns":[[0.44437668,-0.007756436,-0.89580655,0],[0.8957995,-0.0056675873,0.44442227,0],[-0.008524211,-0.9999538,0.0044296538,0],[0.39469582,-0.6313223,0.034555882,1.0000001]]},"name":"Sailboat"},"timestamp":1737483187.029043,"label":"ARImageAnchor didAdd"},{"content":{"transform":{"columns":[[0.44437668,-0.007756436,-0.89580655,0],[0.8957995,-0.0056675873,0.44442227,0],[-0.008524211,-0.9999538,0.0044296538,0],[0.39469582,-0.6313223,0.034555882,1.0000001]]},"name":"Sailboat","identifier":"C35EAC54-3E90-1B97-807B-5E3B8F238DB7"},"timestamp":1737483187.0374131,"label":"ARImageAnchor didUpdate"},{"timestamp":1737483191.162302,"label":"ARImageAnchor didAdd","content":{"transform":{"columns":[[0.92058027,0.016923798,0.39018673,0],[-0.39048463,0.021123825,0.92036706,0],[0.007333863,-0.9996335,0.026054656,0],[0.75755775,0.8646363,-0.33982658,0.99999994]]},"name":"Mandrill","identifier":"A19C2489-597B-2BED-432C-244B551E75FD"}},{"label":"ARImageAnchor didUpdate","timestamp":1737483191.16978,"content":{"transform":{"columns":[[0.92058027,0.016923798,0.39018673,0],[-0.39048463,0.021123825,0.92036706,0],[0.007333863,-0.9996335,0.026054656,0],[0.75755775,0.8646363,-0.33982658,0.99999994]]},"name":"Mandrill","identifier":"A19C2489-597B-2BED-432C-244B551E75FD"}},{"content":{"identifier":"FF85DBE1-76D3-E459-2D24-8EDCEE263300","transform":{"columns":[[-0.38351685,-0.018231448,0.923354,0],[-0.9234544,-0.0055498076,-0.38366818,0],[0.012119249,-0.9998184,-0.014707472,0],[1.4550116,0.16949958,0.42699653,1]]},"name":"Car"},"timestamp":1737483195.295239,"label":"ARImageAnchor didAdd"},{"label":"ARImageAnchor didUpdate","content":{"name":"Car","transform":{"columns":[[-0.38351685,-0.018231448,0.923354,0],[-0.9234544,-0.0055498076,-0.38366818,0],[0.012119249,-0.9998184,-0.014707472,0],[1.4550116,0.16949958,0.42699653,1]]},"identifier":"FF85DBE1-76D3-E459-2D24-8EDCEE263300"},"timestamp":1737483195.306172},{"timestamp":1737483197.361778,"content":{"transform":{"columns":[[-0.39245877,0.046382032,0.9185994,0],[-0.9196399,-0.0030160483,-0.39275107,0],[-0.015446087,-0.9989191,0.043838438,0],[1.1327503,-0.12477,1.0604525,1]]},"name":"Lenna","identifier":"6BAD7D5D-D14A-EF93-1C8B-F6BEC80B8329"},"label":"ARImageAnchor didAdd"},{"label":"ARImageAnchor didUpdate","content":{"transform":{"columns":[[-0.39245877,0.046382032,0.9185994,0],[-0.9196399,-0.0030160483,-0.39275107,0],[-0.015446087,-0.9989191,0.043838438,0],[1.1327503,-0.12477,1.0604525,1]]},"name":"Lenna","identifier":"6BAD7D5D-D14A-EF93-1C8B-F6BEC80B8329"},"timestamp":1737483197.373848}]