[{"label":"Application launched","timestamp":1737476830.58881},{"timestamp":1737476830.588948,"label":"Initialize ARViewModel"},{"timestamp":1737476830.5915132,"label":"Finished Initialize ARViewModel"},{"label":"Initialize RoomManager","timestamp":1737476830.591589},{"label":"Initialize BeaconManager","timestamp":1737476830.591613},{"label":"Fininshed Initialize BeaconManager","timestamp":1737476830.591658},{"label":"Fininshed Initialize RoomManager","timestamp":1737476830.5916638},{"timestamp":1737476830.5916681,"label":"ContentView Initialize"},{"label":"Tracking Limited","content":"Tracking is limited due to: initializing","timestamp":1737476830.90618},{"content":{"name":"Room w\/ the Table","id":"2D11FD77-5009-46EE-B13B-FEF68B77A669"},"label":"Room Update","timestamp":1737476832.392585},{"content":{"id":"2D11FD77-5009-46EE-B13B-FEF68B77A669","name":"Room w\/ the Table"},"timestamp":1737476832.39263,"label":"Downloading WorldMap"},{"timestamp":1737476832.551424,"content":{"name":"Room w\/ the Table","id":"2D11FD77-5009-46EE-B13B-FEF68B77A669"},"label":"Finished Downloading WorldMap"},{"content":{"columns":[[0.6301084,0,0.77650744,0],[0,1,0,0],[-0.7765074,0,0.63010836,0],[-0.012834365,-0.48654062,-0.2339715,1]]},"timestamp":1737476837.1504931,"label":"Gesture Raycast"},{"content":{"name":"bunny","transform":{"columns":[[0.6301084,0,0.77650744,0],[0,1,0,0],[-0.7765074,0,0.63010836,0],[-0.012834365,-0.48654062,-0.2339715,1]]},"identifier":"ABD555B5-FE7F-4BD0-ABEC-2F236636F0DC"},"timestamp":1737476837.1829839,"label":"Bunny didAdd"},{"content":{"room":{"name":"Room w\/ the Table","id":"2D11FD77-5009-46EE-B13B-FEF68B77A669"}},"timestamp":1737476860.1314359,"label":"Uploading WorldMap Request"},{"timestamp":1737476860.132107,"label":"Retrieving WorldMap from local ARSession","content":{"id":"2D11FD77-5009-46EE-B13B-FEF68B77A669","name":"Room w\/ the Table"}},{"timestamp":1737476860.160114,"content":{"name":"Room w\/ the Table","id":"2D11FD77-5009-46EE-B13B-FEF68B77A669"},"label":"Finished Retrieving WorldMap"},{"timestamp":1737476860.161573,"label":"Archived WorldMap","content":{"room":{"name":"Room w\/ the Table","id":"2D11FD77-5009-46EE-B13B-FEF68B77A669"},"worldMapDataSize":1554580}},{"timestamp":1737476860.257046,"content":{"room":{"name":"Room w\/ the Table","id":"2D11FD77-5009-46EE-B13B-FEF68B77A669"}},"label":"Uploading WorldMap"},{"label":"Finished Uploading WorldMap","content":{"room":{"id":"2D11FD77-5009-46EE-B13B-FEF68B77A669","name":"Room w\/ the Table"}},"timestamp":1737476861.5424318},{"label":"ARImageAnchor didAdd","timestamp":1737476869.963372,"content":{"transform":{"columns":[[0.9296133,-0.016328258,0.36817458,0],[-0.36849496,-0.056175616,0.9279309,0],[0.005530935,-0.9982873,-0.058238547,0],[-0.6829314,0.11293008,-0.901659,1]]},"name":"Earth","identifier":"088EF783-5990-B052-BE99-B8AA15BA6C68"}},{"timestamp":1737476869.971513,"label":"ARImageAnchor didUpdate","content":{"transform":{"columns":[[0.9296133,-0.016328258,0.36817458,0],[-0.36849496,-0.056175616,0.9279309,0],[0.005530935,-0.9982873,-0.058238547,0],[-0.6829314,0.11293008,-0.901659,1]]},"identifier":"088EF783-5990-B052-BE99-B8AA15BA6C68","name":"Earth"}},{"label":"ARImageAnchor didUpdate","content":{"identifier":"088EF783-5990-B052-BE99-B8AA15BA6C68","name":"Earth","transform":{"columns":[[0.9372803,-0.01055155,0.34841684,0],[-0.3485747,-0.025112122,0.9369445,0],[-0.0011367352,-0.9996289,-0.027215112,0],[-0.689254,0.11083785,-0.90078175,1]]}},"timestamp":1737476871.021013},{"timestamp":1737476871.038188,"label":"ARImageAnchor didUpdate","content":{"name":"Earth","identifier":"088EF783-5990-B052-BE99-B8AA15BA6C68","transform":{"columns":[[0.9372803,-0.01055155,0.34841684,0],[-0.3485747,-0.025112122,0.9369445,0],[-0.0011367352,-0.9996289,-0.027215112,0],[-0.689254,0.11083785,-0.90078175,1]]}}},{"timestamp":1737476872.621457,"label":"ARImageAnchor didUpdate","content":{"identifier":"088EF783-5990-B052-BE99-B8AA15BA6C68","transform":{"columns":[[0.93299335,-0.007809302,0.35980877,0],[-0.35985035,-0.0047667185,0.9329979,0],[-0.0055709486,-0.99995804,-0.007257509,0],[-0.68400955,0.1069364,-0.9133886,1]]},"name":"Earth"}},{"timestamp":1737476872.638382,"content":{"transform":{"columns":[[0.93299335,-0.007809302,0.35980877,0],[-0.35985035,-0.0047667185,0.9329979,0],[-0.0055709486,-0.99995804,-0.007257509,0],[-0.68400955,0.1069364,-0.9133886,1]]},"identifier":"088EF783-5990-B052-BE99-B8AA15BA6C68","name":"Earth"},"label":"ARImageAnchor didUpdate"},{"label":"ARImageAnchor didAdd","content":{"identifier":"61BB3DDD-C96C-6E82-3432-BD712CCBCB28","transform":{"columns":[[0.87274224,0.016635833,0.48789787,0],[-0.4874586,-0.024665756,0.87279767,0],[0.026554082,-0.9995572,-0.01341751,0],[-0.30358118,-0.60097766,-0.14053491,1]]},"name":"Peppers"},"timestamp":1737476876.879544},{"content":{"name":"Peppers","identifier":"61BB3DDD-C96C-6E82-3432-BD712CCBCB28","transform":{"columns":[[0.87274224,0.016635833,0.48789787,0],[-0.4874586,-0.024665756,0.87279767,0],[0.026554082,-0.9995572,-0.01341751,0],[-0.30358118,-0.60097766,-0.14053491,1]]}},"timestamp":1737476876.887169,"label":"ARImageAnchor didUpdate"},{"content":{"transform":{"columns":[[0.879963,0.018287785,0.47469005,0],[-0.47414064,-0.027723541,0.88001263,0],[0.029253585,-0.9994483,-0.015724747,0],[-0.30597296,-0.59503645,-0.1397913,1]]},"identifier":"61BB3DDD-C96C-6E82-3432-BD712CCBCB28","name":"Peppers"},"timestamp":1737476877.937983,"label":"ARImageAnchor didUpdate"},{"timestamp":1737476877.9547892,"label":"ARImageAnchor didUpdate","content":{"name":"Peppers","identifier":"61BB3DDD-C96C-6E82-3432-BD712CCBCB28","transform":{"columns":[[0.879963,0.018287785,0.47469005,0],[-0.47414064,-0.027723541,0.88001263,0],[0.029253585,-0.9994483,-0.015724747,0],[-0.30597296,-0.59503645,-0.1397913,1]]}}},{"label":"ARImageAnchor didAdd","content":{"name":"Mandrill","identifier":"A19C2489-597B-2BED-432C-244B551E75FD","transform":{"columns":[[0.92870384,0.035501447,0.36911893,0],[-0.36906925,-0.008180568,0.9293658,0],[0.03601344,-0.99933606,0.005505171,0],[0.74232805,0.86264735,-0.29850996,0.9999999]]}},"timestamp":1737476885.878982},{"label":"ARImageAnchor didUpdate","content":{"name":"Mandrill","identifier":"A19C2489-597B-2BED-432C-244B551E75FD","transform":{"columns":[[0.92870384,0.035501447,0.36911893,0],[-0.36906925,-0.008180568,0.9293658,0],[0.03601344,-0.99933606,0.005505171,0],[0.74232805,0.86264735,-0.29850996,0.9999999]]}},"timestamp":1737476885.8875341},{"content":{"transform":{"columns":[[0.91784173,0.026756948,0.39604375,0],[-0.3962997,0.004831526,0.9181085,0],[0.022652285,-0.9996302,0.015038351,0],[0.7364657,0.86119574,-0.2995568,1]]},"name":"Mandrill","identifier":"A19C2489-597B-2BED-432C-244B551E75FD"},"label":"ARImageAnchor didUpdate","timestamp":1737476886.402894},{"content":{"transform":{"columns":[[0.91784173,0.026756948,0.39604375,0],[-0.3962997,0.004831526,0.9181085,0],[0.022652285,-0.9996302,0.015038351,0],[0.7364657,0.86119574,-0.2995568,1]]},"identifier":"A19C2489-597B-2BED-432C-244B551E75FD","name":"Mandrill"},"timestamp":1737476886.421356,"label":"ARImageAnchor didUpdate"},{"label":"ARImageAnchor didUpdate","content":{"name":"Mandrill","transform":{"columns":[[0.9283571,0.019108001,0.37119803,0],[-0.37167817,0.03993221,0.92750245,0],[0.0028999632,-0.9990196,0.044173382,0],[0.7345466,0.85765713,-0.30108798,0.99999994]]},"identifier":"A19C2489-597B-2BED-432C-244B551E75FD"},"timestamp":1737476886.9379048},{"timestamp":1737476886.9545422,"label":"ARImageAnchor didUpdate","content":{"name":"Mandrill","identifier":"A19C2489-597B-2BED-432C-244B551E75FD","transform":{"columns":[[0.9283571,0.019108001,0.37119803,0],[-0.37167817,0.03993221,0.92750245,0],[0.0028999632,-0.9990196,0.044173382,0],[0.7345466,0.85765713,-0.30108798,0.99999994]]}}},{"content":{"name":"Car","identifier":"FF85DBE1-76D3-E459-2D24-8EDCEE263300","transform":{"columns":[[-0.3835893,-0.011948431,0.9234265,0],[-0.9235037,0.00496692,-0.38355717,0],[-3.6860713e-06,-0.99991614,-0.01293971,0],[1.4293426,0.18074316,0.4701483,1]]}},"label":"ARImageAnchor didAdd","timestamp":1737476893.294889},{"content":{"identifier":"FF85DBE1-76D3-E459-2D24-8EDCEE263300","transform":{"columns":[[-0.3835893,-0.011948431,0.9234265,0],[-0.9235037,0.00496692,-0.38355717,0],[-3.6860713e-06,-0.99991614,-0.01293971,0],[1.4293426,0.18074316,0.4701483,1]]},"name":"Car"},"label":"ARImageAnchor didUpdate","timestamp":1737476893.304719},{"content":{"name":"Lenna","transform":{"columns":[[-0.38846165,0.044849977,0.9203727,0],[-0.92111653,0.008561367,-0.3891928,0],[-0.025334945,-0.998957,0.03798629,0],[1.0915931,-0.10865547,1.1227429,1]]},"identifier":"6BAD7D5D-D14A-EF93-1C8B-F6BEC80B8329"},"timestamp":1737476899.094431,"label":"ARImageAnchor didAdd"},{"content":{"transform":{"columns":[[-0.38846165,0.044849977,0.9203727,0],[-0.92111653,0.008561367,-0.3891928,0],[-0.025334945,-0.998957,0.03798629,0],[1.0915931,-0.10865547,1.1227429,1]]},"name":"Lenna","identifier":"6BAD7D5D-D14A-EF93-1C8B-F6BEC80B8329"},"timestamp":1737476899.106601,"label":"ARImageAnchor didUpdate"},{"content":{"transform":{"columns":[[0.93252754,0.022173466,0.36041746,0],[-0.36074516,0.013039562,0.93257326,0],[0.015978685,-0.999669,0.02015874,0],[0.7329262,0.8620814,-0.31366277,1]]},"name":"Mandrill","identifier":"A19C2489-597B-2BED-432C-244B551E75FD"},"timestamp":1737476911.668478,"label":"ARImageAnchor didUpdate"},{"timestamp":1737476911.684427,"content":{"identifier":"A19C2489-597B-2BED-432C-244B551E75FD","name":"Mandrill","transform":{"columns":[[0.93252754,0.022173466,0.36041746,0],[-0.36074516,0.013039562,0.93257326,0],[0.015978685,-0.999669,0.02015874,0],[0.7329262,0.8620814,-0.31366277,1]]}},"label":"ARImageAnchor didUpdate"},{"timestamp":1737476916.954277,"label":"ARImageAnchor didUpdate","content":{"transform":{"columns":[[-0.37331656,0.04382057,0.92666864,0],[-0.9276068,-0.0031653242,-0.37354487,0],[-0.013435723,-0.9990344,0.041829936,0],[1.1015302,-0.110914305,1.115418,1]]},"name":"Lenna","identifier":"6BAD7D5D-D14A-EF93-1C8B-F6BEC80B8329"}},{"timestamp":1737476916.9708781,"label":"ARImageAnchor didUpdate","content":{"transform":{"columns":[[-0.37331656,0.04382057,0.92666864,0],[-0.9276068,-0.0031653242,-0.37354487,0],[-0.013435723,-0.9990344,0.041829936,0],[1.1015302,-0.110914305,1.115418,1]]},"name":"Lenna","identifier":"6BAD7D5D-D14A-EF93-1C8B-F6BEC80B8329"}},{"label":"ARImageAnchor didUpdate","timestamp":1737476922.733821,"content":{"identifier":"088EF783-5990-B052-BE99-B8AA15BA6C68","transform":{"columns":[[0.9407643,-0.012317114,0.3388377,0],[-0.33900023,-0.015175223,0.9406639,0],[-0.0064443364,-0.99980897,-0.018451864,0],[-0.7042292,0.12690625,-0.8805844,0.99999994]]},"name":"Earth"}},{"content":{"transform":{"columns":[[0.9407643,-0.012317114,0.3388377,0],[-0.33900023,-0.015175223,0.9406639,0],[-0.0064443364,-0.99980897,-0.018451864,0],[-0.7042292,0.12690625,-0.8805844,0.99999994]]},"name":"Earth","identifier":"088EF783-5990-B052-BE99-B8AA15BA6C68"},"label":"ARImageAnchor didUpdate","timestamp":1737476922.7509089},{"content":{"transform":{"columns":[[0.9396933,-0.009620708,0.34188268,0],[-0.34201592,-0.022974538,0.93941313,0],[-0.0011832167,-0.9996895,-0.024879452,0],[-0.699134,0.12318433,-0.87849057,1]]},"name":"Earth","identifier":"088EF783-5990-B052-BE99-B8AA15BA6C68"},"timestamp":1737476923.817436,"label":"ARImageAnchor didUpdate"},{"timestamp":1737476923.8351312,"label":"ARImageAnchor didUpdate","content":{"identifier":"088EF783-5990-B052-BE99-B8AA15BA6C68","transform":{"columns":[[0.9396933,-0.009620708,0.34188268,0],[-0.34201592,-0.022974538,0.93941313,0],[-0.0011832167,-0.9996895,-0.024879452,0],[-0.699134,0.12318433,-0.87849057,1]]},"name":"Earth"}},{"label":"ARImageAnchor didUpdate","timestamp":1737476925.935367,"content":{"identifier":"61BB3DDD-C96C-6E82-3432-BD712CCBCB28","transform":{"columns":[[0.87913096,0.023471838,0.47600183,0],[-0.47564724,-0.019247593,0.87942547,0],[0.02980361,-0.99953914,-0.0057568657,0],[-0.3096863,-0.58239865,-0.11894226,0.99999994]]},"name":"Peppers"}},{"timestamp":1737476925.9525208,"label":"ARImageAnchor didUpdate","content":{"transform":{"columns":[[0.87913096,0.023471838,0.47600183,0],[-0.47564724,-0.019247593,0.87942547,0],[0.02980361,-0.99953914,-0.0057568657,0],[-0.3096863,-0.58239865,-0.11894226,0.99999994]]},"name":"Peppers","identifier":"61BB3DDD-C96C-6E82-3432-BD712CCBCB28"}}]