[{"timestamp":1737481501.34017,"label":"Application launched"},{"timestamp":1737481501.3402572,"label":"Initialize ARViewModel"},{"timestamp":1737481501.3413491,"label":"Finished Initialize ARViewModel"},{"timestamp":1737481501.341368,"label":"Initialize RoomManager"},{"timestamp":1737481501.341373,"label":"Initialize BeaconManager"},{"label":"Fininshed Initialize BeaconManager","timestamp":1737481501.341387},{"timestamp":1737481501.341392,"label":"Fininshed Initialize RoomManager"},{"label":"ContentView Initialize","timestamp":1737481501.3413959},{"timestamp":1737481501.785402,"label":"Tracking Limited","content":"Tracking is limited due to: initializing"},{"timestamp":1737481502.726121,"content":{"name":"Room w\/ the Table","id":"2D11FD77-5009-46EE-B13B-FEF68B77A669"},"label":"Room Update"},{"content":{"id":"2D11FD77-5009-46EE-B13B-FEF68B77A669","name":"Room w\/ the Table"},"timestamp":1737481502.726151,"label":"Downloading WorldMap"},{"timestamp":1737481502.751682,"label":"Tracking Limited","content":"Tracking is limited due to: excessiveMotion"},{"content":{"id":"2D11FD77-5009-46EE-B13B-FEF68B77A669","name":"Room w\/ the Table"},"label":"Finished Downloading WorldMap","timestamp":1737481505.446466},{"label":"Tracking Limited","timestamp":1737481505.6563358,"content":"Tracking is limited due to: initializing"},{"label":"Tracking Limited","content":"Tracking is limited due to: relocalizing","timestamp":1737481506.789299},{"label":"Bunny didAdd","content":{"identifier":"ABD555B5-FE7F-4BD0-ABEC-2F236636F0DC","transform":{"columns":[[0.62148124,0.006974325,0.78339785,0],[-0.0015799401,0.99996924,-0.0076489975,0],[-0.78342724,0.0035159877,0.62147325,0],[-0.011414457,-0.4862724,-0.2254554,1]]},"name":"bunny"},"timestamp":1737481509.7050781},{"timestamp":1737481509.7347322,"content":{"identifier":"ABD555B5-FE7F-4BD0-ABEC-2F236636F0DC","name":"bunny","transform":{"columns":[[0.6214812,0.006974324,0.78339773,0],[-0.0015799401,0.9999691,-0.0076489965,0],[-0.7834271,0.0035159872,0.6214732,0],[-0.011414457,-0.4862724,-0.2254554,1]]}},"label":"Bunny didUpdate"},{"label":"Tracking Available","timestamp":1737481509.735657,"content":{"center":[-1.987721,-3.696662,0.13428235],"extent":[8.096872,8.39764,5.8116007]}},{"label":"ARImageAnchor didAdd","content":{"transform":{"columns":[[0.879879,0.011318229,0.4750631,0],[-0.47479233,-0.020355567,0.87986237,0],[0.019628664,-0.9997286,-0.01253661,0],[-0.28461733,-0.59315044,-0.16324429,1]]},"identifier":"61BB3DDD-C96C-6E82-3432-BD712CCBCB28","name":"Peppers"},"timestamp":1737481511.780113},{"content":{"transform":{"columns":[[0.879879,0.011318229,0.4750631,0],[-0.47479233,-0.020355567,0.87986237,0],[0.019628664,-0.9997286,-0.01253661,0],[-0.28461733,-0.59315044,-0.16324429,1]]},"identifier":"61BB3DDD-C96C-6E82-3432-BD712CCBCB28","name":"Peppers"},"label":"ARImageAnchor didUpdate","timestamp":1737481511.7904658},{"content":{"name":"Peppers","transform":{"columns":[[0.8779489,0.013817126,0.47855487,0],[-0.47829917,-0.018259002,0.878007,0],[0.020869462,-0.9997377,-0.009421691,0],[-0.28300095,-0.5871465,-0.16608708,0.99999994]]},"identifier":"61BB3DDD-C96C-6E82-3432-BD712CCBCB28"},"timestamp":1737481512.2898688,"label":"ARImageAnchor didUpdate"},{"timestamp":1737481512.3239331,"label":"ARImageAnchor didUpdate","content":{"transform":{"columns":[[0.8779489,0.013817126,0.47855487,0],[-0.47829917,-0.018259002,0.878007,0],[0.020869462,-0.9997377,-0.009421691,0],[-0.28300095,-0.5871465,-0.16608708,0.99999994]]},"identifier":"61BB3DDD-C96C-6E82-3432-BD712CCBCB28","name":"Peppers"}},{"content":{"transform":{"columns":[[0.93571895,-0.015484729,0.35240662,0],[-0.3526248,-0.014808574,0.9356476,0],[-0.009269607,-0.9997703,-0.019316984,0],[-0.66356957,0.108134635,-0.9490057,0.99999994]]},"identifier":"088EF783-5990-B052-BE99-B8AA15BA6C68","name":"Earth"},"timestamp":1737481514.446587,"label":"ARImageAnchor didAdd"},{"timestamp":1737481514.4538531,"label":"ARImageAnchor didUpdate","content":{"identifier":"088EF783-5990-B052-BE99-B8AA15BA6C68","name":"Earth","transform":{"columns":[[0.93571895,-0.015484729,0.35240662,0],[-0.3526248,-0.014808574,0.9356476,0],[-0.009269607,-0.9997703,-0.019316984,0],[-0.66356957,0.108134635,-0.9490057,0.99999994]]}}},{"content":{"transform":{"columns":[[0.93400455,-0.015205185,0.3569374,0],[-0.35719055,-0.019894449,0.93381965,0],[-0.0070978273,-0.99968636,-0.024012703,0],[-0.6594392,0.11127387,-0.95789206,1]]},"name":"Earth","identifier":"088EF783-5990-B052-BE99-B8AA15BA6C68"},"label":"ARImageAnchor didUpdate","timestamp":1737481514.953455},{"timestamp":1737481514.987771,"label":"ARImageAnchor didUpdate","content":{"name":"Earth","identifier":"088EF783-5990-B052-BE99-B8AA15BA6C68","transform":{"columns":[[0.93400455,-0.015205185,0.3569374,0],[-0.35719055,-0.019894449,0.93381965,0],[-0.0070978273,-0.99968636,-0.024012703,0],[-0.6594392,0.11127387,-0.95789206,1]]}}},{"label":"ARImageAnchor didAdd","content":{"transform":{"columns":[[0.91819704,0.014730793,0.39585018,0],[-0.39606598,0.017018382,0.91806436,0],[0.0067870854,-0.9997465,0.02146061,0],[0.78050256,0.850842,-0.34707308,1]]},"name":"Mandrill","identifier":"A19C2489-597B-2BED-432C-244B551E75FD"},"timestamp":1737481518.179698},{"timestamp":1737481518.187876,"content":{"transform":{"columns":[[0.91819704,0.014730793,0.39585018,0],[-0.39606598,0.017018382,0.91806436,0],[0.0067870854,-0.9997465,0.02146061,0],[0.78050256,0.850842,-0.34707308,1]]},"name":"Mandrill","identifier":"A19C2489-597B-2BED-432C-244B551E75FD"},"label":"ARImageAnchor didUpdate"},{"content":{"name":"Sailboat","transform":{"columns":[[0.4588601,-0.0077784895,-0.8884745,0],[0.88850814,0.0029619464,0.45885143,0],[-0.00093756034,-0.99996525,0.008270429,0],[0.39990288,-0.673252,-0.0009946227,1]]},"identifier":"C35EAC54-3E90-1B97-807B-5E3B8F238DB7"},"timestamp":1737481520.312862,"label":"ARImageAnchor didAdd"},{"content":{"name":"Sailboat","transform":{"columns":[[0.4588601,-0.0077784895,-0.8884745,0],[0.88850814,0.0029619464,0.45885143,0],[-0.00093756034,-0.99996525,0.008270429,0],[0.39990288,-0.673252,-0.0009946227,1]]},"identifier":"C35EAC54-3E90-1B97-807B-5E3B8F238DB7"},"label":"ARImageAnchor didUpdate","timestamp":1737481520.3223948},{"timestamp":1737481521.913155,"label":"ARImageAnchor didAdd","content":{"name":"Car","transform":{"columns":[[-0.3804712,-0.012333892,0.9247105,0],[-0.9246778,0.020838508,-0.38017985,0],[-0.014580521,-0.9997067,-0.019333348,0],[1.4679922,0.14746982,0.39658418,1]]},"identifier":"FF85DBE1-76D3-E459-2D24-8EDCEE263300"}},{"timestamp":1737481521.922346,"label":"ARImageAnchor didUpdate","content":{"identifier":"FF85DBE1-76D3-E459-2D24-8EDCEE263300","name":"Car","transform":{"columns":[[-0.3804712,-0.012333892,0.9247105,0],[-0.9246778,0.020838508,-0.38017985,0],[-0.014580521,-0.9997067,-0.019333348,0],[1.4679922,0.14746982,0.39658418,1]]}}},{"label":"ARImageAnchor didUpdate","content":{"name":"Car","identifier":"FF85DBE1-76D3-E459-2D24-8EDCEE263300","transform":{"columns":[[-0.3923146,-0.017245192,0.91966945,0],[-0.91983116,0.007182493,-0.39224893,0],[0.00015887871,-0.9998255,-0.018680455,0],[1.4584608,0.15134445,0.40910727,1]]}},"timestamp":1737481522.421514},{"content":{"identifier":"FF85DBE1-76D3-E459-2D24-8EDCEE263300","name":"Car","transform":{"columns":[[-0.3923146,-0.017245192,0.91966945,0],[-0.91983116,0.007182493,-0.39224893,0],[0.00015887871,-0.9998255,-0.018680455,0],[1.4584608,0.15134445,0.40910727,1]]}},"timestamp":1737481522.454684,"label":"ARImageAnchor didUpdate"},{"label":"ARImageAnchor didAdd","content":{"identifier":"6BAD7D5D-D14A-EF93-1C8B-F6BEC80B8329","transform":{"columns":[[-0.39573035,0.041502923,0.9174283,0],[-0.9183069,-0.006490114,-0.3958157,0],[-0.010473291,-0.9991171,0.040680755,0],[1.1234963,-0.14589912,1.0561107,0.9999999]]},"name":"Lenna"},"timestamp":1737481524.579392},{"timestamp":1737481524.587336,"label":"ARImageAnchor didUpdate","content":{"identifier":"6BAD7D5D-D14A-EF93-1C8B-F6BEC80B8329","name":"Lenna","transform":{"columns":[[-0.39573035,0.041502923,0.9174283,0],[-0.9183069,-0.006490114,-0.3958157,0],[-0.010473291,-0.9991171,0.040680755,0],[1.1234963,-0.14589912,1.0561107,0.9999999]]}}}]