[{"timestamp":1737482752.113775,"label":"Application launched"},{"label":"Initialize ARViewModel","timestamp":1737482752.113854},{"timestamp":1737482752.11468,"label":"Finished Initialize ARViewModel"},{"timestamp":1737482752.114692,"label":"Initialize RoomManager"},{"label":"Initialize BeaconManager","timestamp":1737482752.114696},{"label":"Fininshed Initialize BeaconManager","timestamp":1737482752.114708},{"timestamp":1737482752.114713,"label":"Fininshed Initialize RoomManager"},{"timestamp":1737482752.114717,"label":"ContentView Initialize"},{"content":"Tracking is limited due to: initializing","timestamp":1737482752.559099,"label":"Tracking Limited"},{"timestamp":1737482753.768588,"label":"Room Update","content":{"id":"2D11FD77-5009-46EE-B13B-FEF68B77A669","name":"Room w\/ the Table"}},{"timestamp":1737482753.768629,"label":"Downloading WorldMap","content":{"name":"Room w\/ the Table","id":"2D11FD77-5009-46EE-B13B-FEF68B77A669"}},{"content":{"name":"Room w\/ the Table","id":"2D11FD77-5009-46EE-B13B-FEF68B77A669"},"timestamp":1737482755.741118,"label":"Finished Downloading WorldMap"},{"content":"Tracking is limited due to: initializing","timestamp":1737482755.961084,"label":"Tracking Limited"},{"label":"Tracking Limited","content":"Tracking is limited due to: relocalizing","timestamp":1737482757.0249119},{"label":"Bunny didAdd","content":{"identifier":"ABD555B5-FE7F-4BD0-ABEC-2F236636F0DC","name":"bunny","transform":{"columns":[[0.62148124,0.006974325,0.78339785,0],[-0.0015799401,0.99996924,-0.0076489975,0],[-0.78342724,0.0035159877,0.62147325,0],[-0.011414457,-0.4862724,-0.2254554,1]]}},"timestamp":1737482786.607244},{"content":{"name":"bunny","identifier":"ABD555B5-FE7F-4BD0-ABEC-2F236636F0DC","transform":{"columns":[[0.6214812,0.006974324,0.78339773,0],[-0.0015799401,0.9999691,-0.0076489965,0],[-0.7834271,0.0035159872,0.6214732,0],[-0.011414457,-0.4862724,-0.2254554,1]]}},"timestamp":1737482786.61666,"label":"Bunny didUpdate"},{"timestamp":1737482786.625457,"content":{"center":[-2.0762997,-3.696662,0.13428235],"extent":[7.919715,8.39764,5.8116007]},"label":"Tracking Available"},{"timestamp":1737482786.656327,"content":"Tracking is limited due to: initializing","label":"Tracking Limited"},{"content":"Tracking is limited due to: relocalizing","label":"Tracking Limited","timestamp":1737482786.7079191},{"content":{"identifier":"ABD555B5-FE7F-4BD0-ABEC-2F236636F0DC","name":"bunny","transform":{"columns":[[0.6214811,0.0069743237,0.7833977,0],[-0.0015799397,0.999969,-0.007648996,0],[-0.78342706,0.003515987,0.62147313,0],[-0.011414457,-0.4862724,-0.2254554,1]]}},"timestamp":1737482789.8910809,"label":"Bunny didUpdate"},{"content":{"center":[-2.0825233,-3.696662,0.13428235],"extent":[7.9072676,8.39764,5.8116007]},"label":"Tracking Available","timestamp":1737482789.959805},{"label":"ARImageAnchor didAdd","content":{"name":"Peppers","transform":{"columns":[[0.876787,0.010124339,0.480772,0],[-0.4805822,-0.016645202,0.8767916,0],[0.016879484,-0.99981004,-0.009728678,0],[-0.27470982,-0.6085025,-0.18301323,0.9999999]]},"identifier":"61BB3DDD-C96C-6E82-3432-BD712CCBCB28"},"timestamp":1737482792.9003072},{"label":"ARImageAnchor didUpdate","content":{"name":"Peppers","transform":{"columns":[[0.876787,0.010124339,0.480772,0],[-0.4805822,-0.016645202,0.8767916,0],[0.016879484,-0.99981004,-0.009728678,0],[-0.27470982,-0.6085025,-0.18301323,0.9999999]]},"identifier":"61BB3DDD-C96C-6E82-3432-BD712CCBCB28"},"timestamp":1737482792.908288},{"label":"ARImageAnchor didAdd","timestamp":1737482795.5179,"content":{"name":"Earth","transform":{"columns":[[0.9337438,-0.0162617,0.3575727,0],[-0.35780448,-0.014684939,0.933681,0],[-0.009932314,-0.9997599,-0.019530457,0],[-0.66373134,0.10242437,-0.94298685,1]]},"identifier":"088EF783-5990-B052-BE99-B8AA15BA6C68"}},{"content":{"transform":{"columns":[[0.9337438,-0.0162617,0.3575727,0],[-0.35780448,-0.014684939,0.933681,0],[-0.009932314,-0.9997599,-0.019530457,0],[-0.66373134,0.10242437,-0.94298685,1]]},"name":"Earth","identifier":"088EF783-5990-B052-BE99-B8AA15BA6C68"},"label":"ARImageAnchor didUpdate","timestamp":1737482795.524636},{"timestamp":1737482796.050905,"label":"ARImageAnchor didUpdate","content":{"identifier":"088EF783-5990-B052-BE99-B8AA15BA6C68","name":"Earth","transform":{"columns":[[0.93417656,-0.019085377,0.3563001,0],[-0.356712,-0.026455494,0.9338397,0],[-0.008396586,-0.99946755,-0.031522118,0],[-0.66969883,0.090536796,-0.9150189,0.9999999]]}}},{"timestamp":1737482796.084521,"label":"ARImageAnchor didUpdate","content":{"name":"Earth","identifier":"088EF783-5990-B052-BE99-B8AA15BA6C68","transform":{"columns":[[0.93417656,-0.019085377,0.3563001,0],[-0.356712,-0.026455494,0.9338397,0],[-0.008396586,-0.99946755,-0.031522118,0],[-0.66969883,0.090536796,-0.9150189,0.9999999]]}}},{"label":"ARImageAnchor didAdd","timestamp":1737482800.2846022,"content":{"identifier":"A19C2489-597B-2BED-432C-244B551E75FD","name":"Mandrill","transform":{"columns":[[0.91920584,0.015994608,0.3934527,0],[-0.393737,0.022980446,0.91893584,0],[0.0056562964,-0.99960786,0.027421439,0],[0.763948,0.8435398,-0.3218506,0.99999994]]}}},{"label":"ARImageAnchor didUpdate","content":{"name":"Mandrill","transform":{"columns":[[0.91920584,0.015994608,0.3934527,0],[-0.393737,0.022980446,0.91893584,0],[0.0056562964,-0.99960786,0.027421439,0],[0.763948,0.8435398,-0.3218506,0.99999994]]},"identifier":"A19C2489-597B-2BED-432C-244B551E75FD"},"timestamp":1737482800.291472},{"timestamp":1737482804.519318,"label":"ARImageAnchor didAdd","content":{"identifier":"C35EAC54-3E90-1B97-807B-5E3B8F238DB7","transform":{"columns":[[0.46387327,-0.0072787865,-0.88587165,0],[0.8858498,-0.006999288,0.4639193,0],[-0.009577321,-0.9999489,0.003201089,0],[0.39729214,-0.6627073,0.035806865,0.99999994]]},"name":"Sailboat"}},{"label":"ARImageAnchor didUpdate","content":{"identifier":"C35EAC54-3E90-1B97-807B-5E3B8F238DB7","name":"Sailboat","transform":{"columns":[[0.46387327,-0.0072787865,-0.88587165,0],[0.8858498,-0.006999288,0.4639193,0],[-0.009577321,-0.9999489,0.003201089,0],[0.39729214,-0.6627073,0.035806865,0.99999994]]}},"timestamp":1737482804.523195},{"content":{"name":"Car","transform":{"columns":[[-0.3985454,-0.01639477,0.91700196,0],[-0.9171195,-0.000837763,-0.3986115,0],[0.0073033525,-0.9998651,-0.014702083,0],[1.440799,0.15636998,0.44126666,1]]},"identifier":"FF85DBE1-76D3-E459-2D24-8EDCEE263300"},"label":"ARImageAnchor didAdd","timestamp":1737482807.166271},{"content":{"transform":{"columns":[[-0.3985454,-0.01639477,0.91700196,0],[-0.9171195,-0.000837763,-0.3986115,0],[0.0073033525,-0.9998651,-0.014702083,0],[1.440799,0.15636998,0.44126666,1]]},"name":"Car","identifier":"FF85DBE1-76D3-E459-2D24-8EDCEE263300"},"timestamp":1737482807.17528,"label":"ARImageAnchor didUpdate"},{"content":{"name":"Lenna","identifier":"6BAD7D5D-D14A-EF93-1C8B-F6BEC80B8329","transform":{"columns":[[-0.3987648,0.043549713,0.9160186,0],[-0.9169491,-0.0038814673,-0.39898536,0],[-0.013820173,-0.99904364,0.041480694,0],[1.1045854,-0.13462399,1.0802681,1]]}},"label":"ARImageAnchor didAdd","timestamp":1737482808.732832},{"label":"ARImageAnchor didUpdate","timestamp":1737482808.74453,"content":{"name":"Lenna","identifier":"6BAD7D5D-D14A-EF93-1C8B-F6BEC80B8329","transform":{"columns":[[-0.3987648,0.043549713,0.9160186,0],[-0.9169491,-0.0038814673,-0.39898536,0],[-0.013820173,-0.99904364,0.041480694,0],[1.1045854,-0.13462399,1.0802681,1]]}}}]