[{"label":"Application launched","timestamp":1737481842.496422},{"timestamp":1737481842.4964972,"label":"Initialize ARViewModel"},{"timestamp":1737481842.497898,"label":"Finished Initialize ARViewModel"},{"timestamp":1737481842.497919,"label":"Initialize RoomManager"},{"label":"Initialize BeaconManager","timestamp":1737481842.497923},{"label":"Fininshed Initialize BeaconManager","timestamp":1737481842.497937},{"timestamp":1737481842.497942,"label":"Fininshed Initialize RoomManager"},{"label":"ContentView Initialize","timestamp":1737481842.497946},{"timestamp":1737481842.877363,"label":"Tracking Not Available"},{"timestamp":1737481842.8925571,"label":"Tracking Limited","content":"Tracking is limited due to: initializing"},{"content":{"name":"Room w\/ the Table","id":"2D11FD77-5009-46EE-B13B-FEF68B77A669"},"timestamp":1737481843.87362,"label":"Room Update"},{"timestamp":1737481843.873682,"label":"Downloading WorldMap","content":{"id":"2D11FD77-5009-46EE-B13B-FEF68B77A669","name":"Room w\/ the Table"}},{"label":"Finished Downloading WorldMap","content":{"id":"2D11FD77-5009-46EE-B13B-FEF68B77A669","name":"Room w\/ the Table"},"timestamp":1737481845.845199},{"timestamp":1737481846.060149,"label":"Tracking Limited","content":"Tracking is limited due to: initializing"},{"content":"Tracking is limited due to: relocalizing","label":"Tracking Limited","timestamp":1737481847.110112},{"content":{"identifier":"ABD555B5-FE7F-4BD0-ABEC-2F236636F0DC","transform":{"columns":[[0.62148124,0.006974325,0.78339785,0],[-0.0015799401,0.99996924,-0.0076489975,0],[-0.78342724,0.0035159877,0.62147325,0],[-0.011414457,-0.4862724,-0.2254554,1]]},"name":"bunny"},"timestamp":1737481849.1392732,"label":"Bunny didAdd"},{"label":"Bunny didUpdate","timestamp":1737481849.187463,"content":{"transform":{"columns":[[0.6214812,0.006974324,0.78339773,0],[-0.0015799401,0.9999691,-0.0076489965,0],[-0.7834271,0.0035159872,0.6214732,0],[-0.011414457,-0.4862724,-0.2254554,1]]},"name":"bunny","identifier":"ABD555B5-FE7F-4BD0-ABEC-2F236636F0DC"}},{"timestamp":1737481849.1941628,"label":"Tracking Available","content":{"extent":[7.9072676,8.39764,5.8116007],"center":[-2.0825233,-3.696662,0.13428235]}},{"timestamp":1737481849.208569,"label":"Tracking Limited","content":"Tracking is limited due to: initializing"},{"content":"Tracking is limited due to: relocalizing","timestamp":1737481849.242975,"label":"Tracking Limited"},{"label":"ARImageAnchor didAdd","content":{"transform":{"columns":[[0.9997549,0.0069458857,-0.021013228,0],[0.021132581,-0.017583493,0.9996219,0],[0.006573769,-0.9998212,-0.017726058,0],[0.0615151,-0.7345419,-0.3501361,0.99999994]]},"name":"Peppers","identifier":"61BB3DDD-C96C-6E82-3432-BD712CCBCB28"},"timestamp":1737481851.285184},{"label":"ARImageAnchor didUpdate","timestamp":1737481851.295784,"content":{"name":"Peppers","identifier":"61BB3DDD-C96C-6E82-3432-BD712CCBCB28","transform":{"columns":[[0.9997549,0.0069458857,-0.021013228,0],[0.021132581,-0.017583493,0.9996219,0],[0.006573769,-0.9998212,-0.017726058,0],[0.0615151,-0.7345419,-0.3501361,0.99999994]]}}},{"content":{"name":"Peppers","identifier":"61BB3DDD-C96C-6E82-3432-BD712CCBCB28","transform":{"columns":[[0.99998176,0.0042219064,-0.0043432857,0],[0.0044204555,-0.018431846,0.9998205,0],[0.0041410555,-0.9998213,-0.018450266,0],[0.055203937,-0.72645026,-0.3384797,0.99999994]]}},"label":"ARImageAnchor didUpdate","timestamp":1737481852.9922662},{"label":"Bunny didUpdate","content":{"identifier":"ABD555B5-FE7F-4BD0-ABEC-2F236636F0DC","transform":{"columns":[[0.6214811,0.0069743237,0.7833977,0],[-0.0015799397,0.999969,-0.007648996,0],[-0.78342706,0.003515987,0.62147313,0],[-0.011414457,-0.4862724,-0.2254554,1]]},"name":"bunny"},"timestamp":1737481852.992291},{"timestamp":1737481853.060781,"label":"Tracking Available","content":{"extent":[7.972699,8.39764,5.8116007],"center":[-2.0498075,-3.696662,0.13428235]}},{"timestamp":1737481855.461318,"label":"ARImageAnchor didUpdate","content":{"identifier":"61BB3DDD-C96C-6E82-3432-BD712CCBCB28","name":"Peppers","transform":{"columns":[[0.8780297,0.010617091,0.47848833,0],[-0.4782422,-0.019516326,0.87801105,0],[0.018660255,-0.9997531,-0.012058354,0],[-0.27991647,-0.5849477,-0.16608766,1]]}}},{"label":"ARImageAnchor didUpdate","timestamp":1737481855.4770432,"content":{"name":"Peppers","transform":{"columns":[[0.8780297,0.010617091,0.47848833,0],[-0.4782422,-0.019516326,0.87801105,0],[0.018660255,-0.9997531,-0.012058354,0],[-0.27991647,-0.5849477,-0.16608766,1]]},"identifier":"61BB3DDD-C96C-6E82-3432-BD712CCBCB28"}},{"content":{"name":"Earth","transform":{"columns":[[0.9333093,-0.021980297,0.3584003,0],[-0.35895187,-0.03112089,0.93283707,0],[-0.009350278,-0.99927384,-0.036935307,0],[-0.65249944,0.12967086,-0.9079689,1]]},"identifier":"088EF783-5990-B052-BE99-B8AA15BA6C68"},"timestamp":1737481858.638143,"label":"ARImageAnchor didAdd"},{"content":{"transform":{"columns":[[0.9333093,-0.021980297,0.3584003,0],[-0.35895187,-0.03112089,0.93283707,0],[-0.009350278,-0.99927384,-0.036935307,0],[-0.65249944,0.12967086,-0.9079689,1]]},"identifier":"088EF783-5990-B052-BE99-B8AA15BA6C68","name":"Earth"},"label":"ARImageAnchor didUpdate","timestamp":1737481858.6417398},{"content":{"name":"Earth","transform":{"columns":[[0.9369472,-0.02093165,0.3488434,0],[-0.34922123,-0.018361581,0.93686044,0],[-0.013204722,-0.9996123,-0.024513636,0],[-0.65104586,0.12916666,-0.9254787,1]]},"identifier":"088EF783-5990-B052-BE99-B8AA15BA6C68"},"timestamp":1737481859.1691089,"label":"ARImageAnchor didUpdate"},{"label":"ARImageAnchor didUpdate","timestamp":1737481859.175097,"content":{"identifier":"088EF783-5990-B052-BE99-B8AA15BA6C68","transform":{"columns":[[0.9369472,-0.02093165,0.3488434,0],[-0.34922123,-0.018361581,0.93686044,0],[-0.013204722,-0.9996123,-0.024513636,0],[-0.65104586,0.12916666,-0.9254787,1]]},"name":"Earth"}},{"label":"ARImageAnchor didAdd","timestamp":1737481862.8346028,"content":{"name":"Mandrill","transform":{"columns":[[0.92440075,0.010417293,0.38128054,0],[-0.38135344,0.0061815404,0.9244087,0],[0.0072729304,-0.99992645,0.009686911,0],[0.762363,0.86561716,-0.34450394,1]]},"identifier":"A19C2489-597B-2BED-432C-244B551E75FD"}},{"label":"ARImageAnchor didUpdate","content":{"identifier":"A19C2489-597B-2BED-432C-244B551E75FD","name":"Mandrill","transform":{"columns":[[0.92440075,0.010417293,0.38128054,0],[-0.38135344,0.0061815404,0.9244087,0],[0.0072729304,-0.99992645,0.009686911,0],[0.762363,0.86561716,-0.34450394,1]]}},"timestamp":1737481862.8413491},{"content":{"identifier":"C35EAC54-3E90-1B97-807B-5E3B8F238DB7","transform":{"columns":[[0.4634403,-0.010166254,-0.8860698,0],[0.8860991,-0.0027877993,0.46348757,0],[-0.0071821883,-0.9999444,0.00771632,0],[0.39156055,-0.6459499,0.037223727,1]]},"name":"Sailboat"},"timestamp":1737481865.467667,"label":"ARImageAnchor didAdd"},{"timestamp":1737481865.477906,"label":"ARImageAnchor didUpdate","content":{"name":"Sailboat","identifier":"C35EAC54-3E90-1B97-807B-5E3B8F238DB7","transform":{"columns":[[0.4634403,-0.010166254,-0.8860698,0],[0.8860991,-0.0027877993,0.46348757,0],[-0.0071821883,-0.9999444,0.00771632,0],[0.39156055,-0.6459499,0.037223727,1]]}}},{"content":{"name":"Car","transform":{"columns":[[-0.38820696,-0.02524084,0.9212264,0],[-0.9214442,-0.0060345917,-0.3884639,0],[0.015364398,-0.9996631,-0.020915352,0],[1.4449549,0.17546427,0.45352677,1]]},"identifier":"FF85DBE1-76D3-E459-2D24-8EDCEE263300"},"timestamp":1737481868.652411,"label":"ARImageAnchor didAdd"},{"content":{"transform":{"columns":[[-0.38820696,-0.02524084,0.9212264,0],[-0.9214442,-0.0060345917,-0.3884639,0],[0.015364398,-0.9996631,-0.020915352,0],[1.4449549,0.17546427,0.45352677,1]]},"name":"Car","identifier":"FF85DBE1-76D3-E459-2D24-8EDCEE263300"},"timestamp":1737481868.659698,"label":"ARImageAnchor didUpdate"},{"content":{"identifier":"6BAD7D5D-D14A-EF93-1C8B-F6BEC80B8329","transform":{"columns":[[-0.38055292,0.035893265,0.9240623,0],[-0.9246367,0.0014958826,-0.3808476,0],[-0.015052104,-0.99935436,0.032618966,0],[1.1025385,-0.12383861,1.0901101,0.99999994]]},"name":"Lenna"},"label":"ARImageAnchor didAdd","timestamp":1737481870.217499},{"label":"ARImageAnchor didUpdate","content":{"identifier":"6BAD7D5D-D14A-EF93-1C8B-F6BEC80B8329","transform":{"columns":[[-0.38055292,0.035893265,0.9240623,0],[-0.9246367,0.0014958826,-0.3808476,0],[-0.015052104,-0.99935436,0.032618966,0],[1.1025385,-0.12383861,1.0901101,0.99999994]]},"name":"Lenna"},"timestamp":1737481870.227984},{"timestamp":1737481873.891233,"label":"ARImageAnchor didUpdate","content":{"identifier":"6BAD7D5D-D14A-EF93-1C8B-F6BEC80B8329","transform":{"columns":[[-0.38780013,0.032218043,0.9211803,0],[-0.921737,-0.009821926,-0.38769102,0],[-0.0034428549,-0.99943256,0.033505518,0],[1.1012487,-0.119874544,1.085163,1]]},"name":"Lenna"}},{"timestamp":1737481873.90942,"content":{"transform":{"columns":[[-0.38780013,0.032218043,0.9211803,0],[-0.921737,-0.009821926,-0.38769102,0],[-0.0034428549,-0.99943256,0.033505518,0],[1.1012487,-0.119874544,1.085163,1]]},"name":"Lenna","identifier":"6BAD7D5D-D14A-EF93-1C8B-F6BEC80B8329"},"label":"ARImageAnchor didUpdate"}]