[{"timestamp":1737484122.360954,"label":"Application launched"},{"timestamp":1737484122.361075,"label":"Initialize ARViewModel"},{"label":"Finished Initialize ARViewModel","timestamp":1737484122.362407},{"timestamp":1737484122.362423,"label":"Initialize RoomManager"},{"label":"Initialize BeaconManager","timestamp":1737484122.362427},{"timestamp":1737484122.362443,"label":"Fininshed Initialize BeaconManager"},{"label":"Fininshed Initialize RoomManager","timestamp":1737484122.362448},{"timestamp":1737484122.362452,"label":"ContentView Initialize"},{"timestamp":1737484122.747973,"label":"Tracking Limited","content":"Tracking is limited due to: initializing"},{"label":"Room Update","content":{"name":"Room w\/ the Table","id":"2D11FD77-5009-46EE-B13B-FEF68B77A669"},"timestamp":1737484123.939472},{"content":{"id":"2D11FD77-5009-46EE-B13B-FEF68B77A669","name":"Room w\/ the Table"},"timestamp":1737484123.939508,"label":"Downloading WorldMap"},{"content":{"name":"Room w\/ the Table","id":"2D11FD77-5009-46EE-B13B-FEF68B77A669"},"label":"Finished Downloading WorldMap","timestamp":1737484125.7493749},{"label":"Tracking Limited","content":"Tracking is limited due to: initializing","timestamp":1737484125.9650478},{"timestamp":1737484127.131701,"label":"Tracking Limited","content":"Tracking is limited due to: relocalizing"},{"content":{"identifier":"ABD555B5-FE7F-4BD0-ABEC-2F236636F0DC","transform":{"columns":[[0.62148124,0.006974325,0.78339785,0],[-0.0015799401,0.99996924,-0.0076489975,0],[-0.78342724,0.0035159877,0.62147325,0],[-0.011414457,-0.4862724,-0.2254554,1]]},"name":"bunny"},"label":"Bunny didAdd","timestamp":1737484136.083055},{"timestamp":1737484136.1128259,"label":"Bunny didUpdate","content":{"name":"bunny","identifier":"ABD555B5-FE7F-4BD0-ABEC-2F236636F0DC","transform":{"columns":[[0.6214812,0.006974324,0.78339773,0],[-0.0015799401,0.9999691,-0.0076489965,0],[-0.7834271,0.0035159872,0.6214732,0],[-0.011414457,-0.4862724,-0.2254554,1]]}}},{"label":"Tracking Available","timestamp":1737484136.118289,"content":{"extent":[12.421321,8.926456,5.8116007],"center":[0.17450333,-3.4322538,0.13428235]}},{"label":"Tracking Limited","timestamp":1737484136.147217,"content":"Tracking is limited due to: initializing"},{"timestamp":1737484136.182874,"label":"Tracking Limited","content":"Tracking is limited due to: relocalizing"},{"timestamp":1737484145.916051,"label":"Bunny didUpdate","content":{"identifier":"ABD555B5-FE7F-4BD0-ABEC-2F236636F0DC","name":"bunny","transform":{"columns":[[0.6214811,0.0069743237,0.7833977,0],[-0.0015799397,0.999969,-0.007648996,0],[-0.78342706,0.003515987,0.62147313,0],[-0.011414457,-0.4862724,-0.2254554,1]]}}},{"label":"Tracking Available","content":{"extent":[8.80341,9.071886,5.802044],"center":[-1.6532745,-3.3588343,0.15049124]},"timestamp":1737484145.997484},{"label":"ARImageAnchor didAdd","content":{"transform":{"columns":[[0.8707568,0.012277216,0.49156067,0],[-0.49140188,-0.013884032,0.87082225,0],[0.017516106,-0.99982816,-0.006056546,0],[-0.27531168,-0.5868515,-0.21408173,1]]},"name":"Peppers","identifier":"61BB3DDD-C96C-6E82-3432-BD712CCBCB28"},"timestamp":1737484148.356498},{"timestamp":1737484148.3649101,"content":{"name":"Peppers","identifier":"61BB3DDD-C96C-6E82-3432-BD712CCBCB28","transform":{"columns":[[0.8707568,0.012277216,0.49156067,0],[-0.49140188,-0.013884032,0.87082225,0],[0.017516106,-0.99982816,-0.006056546,0],[-0.27531168,-0.5868515,-0.21408173,1]]}},"label":"ARImageAnchor didUpdate"},{"label":"ARImageAnchor didAdd","content":{"name":"Earth","identifier":"088EF783-5990-B052-BE99-B8AA15BA6C68","transform":{"columns":[[0.92821735,-0.019314798,0.37153676,0],[-0.3718516,-0.016520184,0.92814523,0],[-0.011789081,-0.99967694,-0.02251656,0],[-0.6459705,0.122779965,-1.0023341,1]]}},"timestamp":1737484150.489842},{"content":{"identifier":"088EF783-5990-B052-BE99-B8AA15BA6C68","transform":{"columns":[[0.92821735,-0.019314798,0.37153676,0],[-0.3718516,-0.016520184,0.92814523,0],[-0.011789081,-0.99967694,-0.02251656,0],[-0.6459705,0.122779965,-1.0023341,1]]},"name":"Earth"},"label":"ARImageAnchor didUpdate","timestamp":1737484150.4971771},{"timestamp":1737484154.1728249,"label":"ARImageAnchor didAdd","content":{"transform":{"columns":[[0.4659895,-0.011490579,-0.8847156,0],[0.8847849,0.009551832,0.4659019,0],[0.0030971225,-0.9998883,0.014617683,0],[0.39021772,-0.6462545,-0.037312433,1]]},"identifier":"C35EAC54-3E90-1B97-807B-5E3B8F238DB7","name":"Sailboat"}},{"label":"ARImageAnchor didUpdate","timestamp":1737484154.1796942,"content":{"identifier":"C35EAC54-3E90-1B97-807B-5E3B8F238DB7","transform":{"columns":[[0.4659895,-0.011490579,-0.8847156,0],[0.8847849,0.009551832,0.4659019,0],[0.0030971225,-0.9998883,0.014617683,0],[0.39021772,-0.6462545,-0.037312433,1]]},"name":"Sailboat"}},{"timestamp":1737484156.8237262,"content":{"name":"Mandrill","identifier":"A19C2489-597B-2BED-432C-244B551E75FD","transform":{"columns":[[0.9180077,0.010047001,0.39643544,0],[-0.39656264,0.02279133,0.91772467,0],[0.000185092,-0.99968964,0.024906877,0],[0.7584363,0.85902375,-0.40733406,1]]}},"label":"ARImageAnchor didAdd"},{"timestamp":1737484156.829373,"label":"ARImageAnchor didUpdate","content":{"name":"Mandrill","identifier":"A19C2489-597B-2BED-432C-244B551E75FD","transform":{"columns":[[0.9180077,0.010047001,0.39643544,0],[-0.39656264,0.02279133,0.91772467,0],[0.000185092,-0.99968964,0.024906877,0],[0.7584363,0.85902375,-0.40733406,1]]}}},{"content":{"transform":{"columns":[[-0.39788258,-0.013234508,0.91734076,0],[-0.9174302,0.009364933,-0.39778626,0],[-0.0033263685,-0.99986845,-0.015867898,0],[1.4615986,0.16826603,0.37214613,0.99999994]]},"name":"Car","identifier":"FF85DBE1-76D3-E459-2D24-8EDCEE263300"},"label":"ARImageAnchor didAdd","timestamp":1737484158.9077349},{"label":"ARImageAnchor didUpdate","content":{"name":"Car","transform":{"columns":[[-0.39788258,-0.013234508,0.91734076,0],[-0.9174302,0.009364933,-0.39778626,0],[-0.0033263685,-0.99986845,-0.015867898,0],[1.4615986,0.16826603,0.37214613,0.99999994]]},"identifier":"FF85DBE1-76D3-E459-2D24-8EDCEE263300"},"timestamp":1737484158.916078},{"timestamp":1737484160.972445,"content":{"identifier":"6BAD7D5D-D14A-EF93-1C8B-F6BEC80B8329","name":"Lenna","transform":{"columns":[[-0.39202762,0.039514627,0.9191045,0],[-0.9199182,-0.008090237,-0.39202693,0],[-0.008054985,-0.99918616,0.039521787,0],[1.1116292,-0.1222059,1.0071267,1]]}},"label":"ARImageAnchor didAdd"},{"timestamp":1737484160.984819,"content":{"identifier":"6BAD7D5D-D14A-EF93-1C8B-F6BEC80B8329","transform":{"columns":[[-0.39202762,0.039514627,0.9191045,0],[-0.9199182,-0.008090237,-0.39202693,0],[-0.008054985,-0.99918616,0.039521787,0],[1.1116292,-0.1222059,1.0071267,1]]},"name":"Lenna"},"label":"ARImageAnchor didUpdate"}]