[{"label":"Application launched","timestamp":1737479104.374542},{"timestamp":1737479104.3746219,"label":"Initialize ARViewModel"},{"timestamp":1737479104.3755789,"label":"Finished Initialize ARViewModel"},{"timestamp":1737479104.375597,"label":"Initialize RoomManager"},{"label":"Initialize BeaconManager","timestamp":1737479104.3756042},{"timestamp":1737479104.375618,"label":"Fininshed Initialize BeaconManager"},{"timestamp":1737479104.375624,"label":"Fininshed Initialize RoomManager"},{"timestamp":1737479104.375628,"label":"ContentView Initialize"},{"content":"Tracking is limited due to: initializing","timestamp":1737479104.846211,"label":"Tracking Limited"},{"label":"Room Update","timestamp":1737479105.7534719,"content":{"name":"Room w\/ the Table","id":"2D11FD77-5009-46EE-B13B-FEF68B77A669"}},{"timestamp":1737479105.753521,"label":"Downloading WorldMap","content":{"name":"Room w\/ the Table","id":"2D11FD77-5009-46EE-B13B-FEF68B77A669"}},{"content":"Tracking is limited due to: excessiveMotion","timestamp":1737479105.846338,"label":"Tracking Limited"},{"label":"Finished Downloading WorldMap","content":{"id":"2D11FD77-5009-46EE-B13B-FEF68B77A669","name":"Room w\/ the Table"},"timestamp":1737479106.509179},{"content":"Tracking is limited due to: initializing","timestamp":1737479106.6473541,"label":"Tracking Limited"},{"label":"Tracking Limited","content":"Tracking is limited due to: relocalizing","timestamp":1737479107.663346},{"timestamp":1737479110.398155,"label":"Bunny didAdd","content":{"name":"bunny","identifier":"ABD555B5-FE7F-4BD0-ABEC-2F236636F0DC","transform":{"columns":[[0.6301084,0,0.77650744,0],[0,1,0,0],[-0.7765074,0,0.63010836,0],[-0.012834365,-0.48654062,-0.2339715,1]]}}},{"timestamp":1737479110.4430761,"content":{"transform":{"columns":[[0.62148136,0.0069743264,0.783398,0],[-0.0015799403,0.99996936,-0.007648999,0],[-0.78342736,0.0035159881,0.6214734,0],[-0.011414457,-0.4862724,-0.2254554,1]]},"identifier":"ABD555B5-FE7F-4BD0-ABEC-2F236636F0DC","name":"bunny"},"label":"Bunny didUpdate"},{"content":{"center":[-1.6144743,-1.9398761,-0.48308516],"extent":[6.9707403,4.275919,3.9196033]},"timestamp":1737479110.4511452,"label":"Tracking Available"},{"content":{"name":"Peppers","identifier":"61BB3DDD-C96C-6E82-3432-BD712CCBCB28","transform":{"columns":[[0.86971474,0.008566821,0.4934804,0],[-0.49314737,-0.025530579,0.86957103,0],[0.020048315,-0.9996373,-0.017979689,0],[-0.2984309,-0.6158399,-0.16124472,1]]}},"label":"ARImageAnchor didAdd","timestamp":1737479116.857345},{"content":{"name":"Peppers","identifier":"61BB3DDD-C96C-6E82-3432-BD712CCBCB28","transform":{"columns":[[0.86971474,0.008566821,0.4934804,0],[-0.49314737,-0.025530579,0.86957103,0],[0.020048315,-0.9996373,-0.017979689,0],[-0.2984309,-0.6158399,-0.16124472,1]]}},"timestamp":1737479116.864853,"label":"ARImageAnchor didUpdate"},{"label":"ARImageAnchor didAdd","timestamp":1737479120.522811,"content":{"identifier":"088EF783-5990-B052-BE99-B8AA15BA6C68","transform":{"columns":[[0.92755604,-0.0215924,0.37306,0],[-0.3736382,-0.037912246,0.9267994,0],[-0.0058683087,-0.99904776,-0.043233436,0],[-0.6623071,0.09294697,-0.9419393,0.99999994]]},"name":"Earth"}},{"label":"ARImageAnchor didUpdate","content":{"name":"Earth","identifier":"088EF783-5990-B052-BE99-B8AA15BA6C68","transform":{"columns":[[0.92755604,-0.0215924,0.37306,0],[-0.3736382,-0.037912246,0.9267994,0],[-0.0058683087,-0.99904776,-0.043233436,0],[-0.6623071,0.09294697,-0.9419393,0.99999994]]}},"timestamp":1737479120.5310988},{"timestamp":1737479126.3379369,"label":"ARImageAnchor didAdd","content":{"name":"Sailboat","transform":{"columns":[[0.46561876,-0.0101285875,-0.8849275,0],[0.88491154,-0.007593479,0.46569732,0],[-0.011436567,-0.99991983,0.005427302,0],[0.37219357,-0.6954855,0.03564906,1.0000001]]},"identifier":"C35EAC54-3E90-1B97-807B-5E3B8F238DB7"}},{"timestamp":1737479126.355813,"content":{"name":"Sailboat","transform":{"columns":[[0.46561876,-0.0101285875,-0.8849275,0],[0.88491154,-0.007593479,0.46569732,0],[-0.011436567,-0.99991983,0.005427302,0],[0.37219357,-0.6954855,0.03564906,1.0000001]]},"identifier":"C35EAC54-3E90-1B97-807B-5E3B8F238DB7"},"label":"ARImageAnchor didUpdate"},{"label":"ARImageAnchor didAdd","timestamp":1737479129.489102,"content":{"name":"Mandrill","identifier":"A19C2489-597B-2BED-432C-244B551E75FD","transform":{"columns":[[0.9198224,0.012584961,0.39213306,0],[-0.3921774,0.0011720456,0.91988885,0],[0.011117153,-0.99992,0.006013639,0],[0.7431551,0.8156808,-0.31855756,1]]}}},{"timestamp":1737479129.4962258,"label":"ARImageAnchor didUpdate","content":{"name":"Mandrill","identifier":"A19C2489-597B-2BED-432C-244B551E75FD","transform":{"columns":[[0.9198224,0.012584961,0.39213306,0],[-0.3921774,0.0011720456,0.91988885,0],[0.011117153,-0.99992,0.006013639,0],[0.7431551,0.8156808,-0.31855756,1]]}}},{"timestamp":1737479131.58759,"content":{"name":"Car","identifier":"FF85DBE1-76D3-E459-2D24-8EDCEE263300","transform":{"columns":[[-0.39721563,-0.019828064,0.91751105,0],[-0.91772515,0.00795215,-0.39713648,0],[0.0005782721,-0.9997717,-0.021355426,0],[1.4174919,0.12677215,0.46648905,1]]}},"label":"ARImageAnchor didAdd"},{"content":{"transform":{"columns":[[-0.39721563,-0.019828064,0.91751105,0],[-0.91772515,0.00795215,-0.39713648,0],[0.0005782721,-0.9997717,-0.021355426,0],[1.4174919,0.12677215,0.46648905,1]]},"identifier":"FF85DBE1-76D3-E459-2D24-8EDCEE263300","name":"Car"},"timestamp":1737479131.6058211,"label":"ARImageAnchor didUpdate"},{"label":"ARImageAnchor didAdd","content":{"name":"Lenna","identifier":"6BAD7D5D-D14A-EF93-1C8B-F6BEC80B8329","transform":{"columns":[[-0.4045171,0.033968747,0.91389924,0],[-0.9145302,-0.0145572275,-0.40425533,0],[-0.00042828365,-0.9993167,0.036954097,0],[1.0764393,-0.16612121,1.0988564,0.9999999]]}},"timestamp":1737479136.807119},{"content":{"transform":{"columns":[[-0.4045171,0.033968747,0.91389924,0],[-0.9145302,-0.0145572275,-0.40425533,0],[-0.00042828365,-0.9993167,0.036954097,0],[1.0764393,-0.16612121,1.0988564,0.9999999]]},"identifier":"6BAD7D5D-D14A-EF93-1C8B-F6BEC80B8329","name":"Lenna"},"timestamp":1737479136.8124819,"label":"ARImageAnchor didUpdate"}]