[{"timestamp":1737476940.000479,"label":"Application launched"},{"label":"Initialize ARViewModel","timestamp":1737476940.000557},{"timestamp":1737476940.0013509,"label":"Finished Initialize ARViewModel"},{"label":"Initialize RoomManager","timestamp":1737476940.0013661},{"label":"Initialize BeaconManager","timestamp":1737476940.00137},{"timestamp":1737476940.001381,"label":"Fininshed Initialize BeaconManager"},{"label":"Fininshed Initialize RoomManager","timestamp":1737476940.0013862},{"label":"ContentView Initialize","timestamp":1737476940.00139},{"label":"Tracking Limited","timestamp":1737476940.365557,"content":"Tracking is limited due to: initializing"},{"content":{"id":"2D11FD77-5009-46EE-B13B-FEF68B77A669","name":"Room w\/ the Table"},"timestamp":1737476941.413478,"label":"Room Update"},{"content":{"name":"Room w\/ the Table","id":"2D11FD77-5009-46EE-B13B-FEF68B77A669"},"timestamp":1737476941.413519,"label":"Downloading WorldMap"},{"content":{"id":"2D11FD77-5009-46EE-B13B-FEF68B77A669","name":"Room w\/ the Table"},"timestamp":1737476942.584485,"label":"Finished Downloading WorldMap"},{"content":"Tracking is limited due to: initializing","label":"Tracking Limited","timestamp":1737476942.713968},{"timestamp":1737476943.798737,"content":"Tracking is limited due to: relocalizing","label":"Tracking Limited"},{"timestamp":1737476956.142278,"content":{"name":"bunny","identifier":"ABD555B5-FE7F-4BD0-ABEC-2F236636F0DC","transform":{"columns":[[0.6301084,0,0.77650744,0],[0,1,0,0],[-0.7765074,0,0.63010836,0],[-0.012834365,-0.48654062,-0.2339715,1]]}},"label":"Bunny didAdd"},{"content":{"identifier":"ABD555B5-FE7F-4BD0-ABEC-2F236636F0DC","name":"bunny","transform":{"columns":[[0.62148136,0.0069743264,0.783398,0],[-0.0015799403,0.99996936,-0.007648999,0],[-0.78342736,0.0035159881,0.6214734,0],[-0.011414457,-0.4862724,-0.2254554,1]]}},"timestamp":1737476956.1856499,"label":"Bunny didUpdate"},{"label":"Tracking Available","timestamp":1737476956.19102,"content":{"extent":[5.909337,4.275919,4.271243],"center":[-1.0837722,-1.9398761,-0.7365997]}},{"label":"Tracking Limited","content":"Tracking is limited due to: initializing","timestamp":1737476956.198605},{"label":"Tracking Limited","content":"Tracking is limited due to: relocalizing","timestamp":1737476956.230464},{"timestamp":1737476967.0961552,"label":"Bunny didUpdate","content":{"name":"bunny","identifier":"ABD555B5-FE7F-4BD0-ABEC-2F236636F0DC","transform":{"columns":[[0.62148124,0.006974325,0.78339785,0],[-0.0015799401,0.99996924,-0.0076489975,0],[-0.78342724,0.0035159877,0.62147325,0],[-0.011414457,-0.4862724,-0.2254554,1]]}}},{"timestamp":1737476967.1423001,"label":"Tracking Available","content":{"center":[-2.1902452,-1.710424,-0.50954604],"extent":[8.122283,4.8024406,4.7281833]}},{"content":{"transform":{"columns":[[0.90997404,-0.018039955,0.414273,0],[-0.41439515,-0.003486409,0.91009045,0],[-0.014973659,-0.9998312,-0.010648231,0],[-0.6253377,0.07633521,-0.9337892,1.0000001]]},"identifier":"088EF783-5990-B052-BE99-B8AA15BA6C68","name":"Earth"},"label":"ARImageAnchor didAdd","timestamp":1737476979.5566049},{"timestamp":1737476979.564231,"label":"ARImageAnchor didUpdate","content":{"transform":{"columns":[[0.90997404,-0.018039955,0.414273,0],[-0.41439515,-0.003486409,0.91009045,0],[-0.014973659,-0.9998312,-0.010648231,0],[-0.6253377,0.07633521,-0.9337892,1.0000001]]},"name":"Earth","identifier":"088EF783-5990-B052-BE99-B8AA15BA6C68"}},{"label":"ARImageAnchor didAdd","timestamp":1737476986.45427,"content":{"name":"Peppers","transform":{"columns":[[0.83258873,0.008689454,0.5538234,0],[-0.5535784,-0.02056612,0.8325431,0],[0.018624363,-0.99975073,-0.012312828,0],[-0.31027898,-0.6397927,-0.14842732,0.99999994]]},"identifier":"61BB3DDD-C96C-6E82-3432-BD712CCBCB28"}},{"content":{"transform":{"columns":[[0.83258873,0.008689454,0.5538234,0],[-0.5535784,-0.02056612,0.8325431,0],[0.018624363,-0.99975073,-0.012312828,0],[-0.31027898,-0.6397927,-0.14842732,0.99999994]]},"identifier":"61BB3DDD-C96C-6E82-3432-BD712CCBCB28","name":"Peppers"},"label":"ARImageAnchor didUpdate","timestamp":1737476986.47247},{"content":{"identifier":"A19C2489-597B-2BED-432C-244B551E75FD","transform":{"columns":[[0.87287,0.009795983,0.4878546,0],[-0.4879279,0.027648233,0.872446,0],[-0.004941863,-0.99956965,0.028913083,0],[0.74360454,0.80004644,-0.1989778,1]]},"name":"Mandrill"},"label":"ARImageAnchor didAdd","timestamp":1737476999.754777},{"label":"ARImageAnchor didUpdate","content":{"name":"Mandrill","identifier":"A19C2489-597B-2BED-432C-244B551E75FD","transform":{"columns":[[0.87287,0.009795983,0.4878546,0],[-0.4879279,0.027648233,0.872446,0],[-0.004941863,-0.99956965,0.028913083,0],[0.74360454,0.80004644,-0.1989778,1]]}},"timestamp":1737476999.7602758},{"label":"ARImageAnchor didUpdate","content":{"identifier":"088EF783-5990-B052-BE99-B8AA15BA6C68","name":"Earth","transform":{"columns":[[0.89152616,-0.021390615,0.45246407,0],[-0.45281684,-0.0161619,0.891457,0],[-0.011756154,-0.99964046,-0.024094785,0],[-0.59496963,0.06651063,-0.94747,1]]}},"timestamp":1737477009.204011},{"timestamp":1737477009.2109451,"content":{"transform":{"columns":[[0.89152616,-0.021390615,0.45246407,0],[-0.45281684,-0.0161619,0.891457,0],[-0.011756154,-0.99964046,-0.024094785,0],[-0.59496963,0.06651063,-0.94747,1]]},"identifier":"088EF783-5990-B052-BE99-B8AA15BA6C68","name":"Earth"},"label":"ARImageAnchor didUpdate"},{"label":"ARImageAnchor didAdd","timestamp":1737477017.137227,"content":{"transform":{"columns":[[0.5474104,-0.011689739,-0.83678275,0],[0.83680964,-0.0037914007,0.54748094,0],[-0.00957248,-0.9999245,0.0077066603,0],[0.33512804,-0.689435,0.12188749,1]]},"name":"Sailboat","identifier":"C35EAC54-3E90-1B97-807B-5E3B8F238DB7"}},{"timestamp":1737477017.142941,"content":{"name":"Sailboat","transform":{"columns":[[0.5474104,-0.011689739,-0.83678275,0],[0.83680964,-0.0037914007,0.54748094,0],[-0.00957248,-0.9999245,0.0077066603,0],[0.33512804,-0.689435,0.12188749,1]]},"identifier":"C35EAC54-3E90-1B97-807B-5E3B8F238DB7"},"label":"ARImageAnchor didUpdate"},{"label":"ARImageAnchor didAdd","timestamp":1737477022.968213,"content":{"identifier":"FF85DBE1-76D3-E459-2D24-8EDCEE263300","name":"Car","transform":{"columns":[[-0.4786558,-0.021212125,0.8777464,0],[-0.8780024,0.010957347,-0.4785307,0],[0.00053281884,-0.99971485,-0.023869148,0],[1.347928,0.11835976,0.64411175,0.99999994]]}}},{"content":{"transform":{"columns":[[-0.4786558,-0.021212125,0.8777464,0],[-0.8780024,0.010957347,-0.4785307,0],[0.00053281884,-0.99971485,-0.023869148,0],[1.347928,0.11835976,0.64411175,0.99999994]]},"name":"Car","identifier":"FF85DBE1-76D3-E459-2D24-8EDCEE263300"},"timestamp":1737477022.978654,"label":"ARImageAnchor didUpdate"},{"label":"ARImageAnchor didAdd","timestamp":1737477027.737787,"content":{"transform":{"columns":[[-0.48574108,0.036875486,0.87332445,0],[-0.8740448,-0.008990086,-0.48576212,0],[-0.010061418,-0.9992793,0.036597658,0],[0.9361091,-0.17485607,1.2476102,0.99999994]]},"name":"Lenna","identifier":"6BAD7D5D-D14A-EF93-1C8B-F6BEC80B8329"}},{"label":"ARImageAnchor didUpdate","content":{"identifier":"6BAD7D5D-D14A-EF93-1C8B-F6BEC80B8329","transform":{"columns":[[-0.48574108,0.036875486,0.87332445,0],[-0.8740448,-0.008990086,-0.48576212,0],[-0.010061418,-0.9992793,0.036597658,0],[0.9361091,-0.17485607,1.2476102,0.99999994]]},"name":"Lenna"},"timestamp":1737477027.745558},{"timestamp":1737477029.8103352,"label":"ARImageAnchor didUpdate","content":{"identifier":"6BAD7D5D-D14A-EF93-1C8B-F6BEC80B8329","transform":{"columns":[[-0.48531926,0.0376041,0.873528,0],[-0.8742016,-0.0032812578,-0.4855522,0],[-0.015392511,-0.99928725,0.03446602,0],[0.94031346,-0.17434323,1.2424992,1]]},"name":"Lenna"}},{"content":{"identifier":"6BAD7D5D-D14A-EF93-1C8B-F6BEC80B8329","name":"Lenna","transform":{"columns":[[-0.48531926,0.0376041,0.873528,0],[-0.8742016,-0.0032812578,-0.4855522,0],[-0.015392511,-0.99928725,0.03446602,0],[0.94031346,-0.17434323,1.2424992,1]]}},"timestamp":1737477029.83581,"label":"ARImageAnchor didUpdate"},{"label":"ARImageAnchor didUpdate","content":{"name":"Lenna","identifier":"6BAD7D5D-D14A-EF93-1C8B-F6BEC80B8329","transform":{"columns":[[-0.48085442,0.032702543,0.87619036,0],[-0.8767376,-0.005970426,-0.4809321,0],[-0.010496468,-0.99944717,0.031542473,0],[0.94053197,-0.17563099,1.2375662,1]]}},"timestamp":1737477032.443932},{"content":{"identifier":"6BAD7D5D-D14A-EF93-1C8B-F6BEC80B8329","transform":{"columns":[[-0.48085442,0.032702543,0.87619036,0],[-0.8767376,-0.005970426,-0.4809321,0],[-0.010496468,-0.99944717,0.031542473,0],[0.94053197,-0.17563099,1.2375662,1]]},"name":"Lenna"},"timestamp":1737477032.45889,"label":"ARImageAnchor didUpdate"}]