[{"label":"Application launched","timestamp":1737484050.907707},{"timestamp":1737484050.908136,"label":"Initialize ARViewModel"},{"timestamp":1737484050.909591,"label":"Finished Initialize ARViewModel"},{"label":"Initialize RoomManager","timestamp":1737484050.90962},{"timestamp":1737484050.909625,"label":"Initialize BeaconManager"},{"label":"Fininshed Initialize BeaconManager","timestamp":1737484050.909641},{"label":"Fininshed Initialize RoomManager","timestamp":1737484050.909647},{"label":"ContentView Initialize","timestamp":1737484050.909651},{"label":"Tracking Limited","timestamp":1737484051.351944,"content":"Tracking is limited due to: initializing"},{"label":"Room Update","timestamp":1737484052.517422,"content":{"name":"Room w\/ the Table","id":"2D11FD77-5009-46EE-B13B-FEF68B77A669"}},{"timestamp":1737484052.5175881,"label":"Downloading WorldMap","content":{"id":"2D11FD77-5009-46EE-B13B-FEF68B77A669","name":"Room w\/ the Table"}},{"content":{"name":"Room w\/ the Table","id":"2D11FD77-5009-46EE-B13B-FEF68B77A669"},"timestamp":1737484054.338482,"label":"Finished Downloading WorldMap"},{"timestamp":1737484054.584513,"label":"Tracking Limited","content":"Tracking is limited due to: initializing"},{"label":"Tracking Limited","content":"Tracking is limited due to: relocalizing","timestamp":1737484055.685996},{"timestamp":1737484069.854165,"label":"Bunny didAdd","content":{"name":"bunny","identifier":"ABD555B5-FE7F-4BD0-ABEC-2F236636F0DC","transform":{"columns":[[0.62148124,0.006974325,0.78339785,0],[-0.0015799401,0.99996924,-0.0076489975,0],[-0.78342724,0.0035159877,0.62147325,0],[-0.011414457,-0.4862724,-0.2254554,1]]}}},{"label":"Bunny didUpdate","content":{"transform":{"columns":[[0.6214812,0.006974324,0.78339773,0],[-0.0015799401,0.9999691,-0.0076489965,0],[-0.7834271,0.0035159872,0.6214732,0],[-0.011414457,-0.4862724,-0.2254554,1]]},"identifier":"ABD555B5-FE7F-4BD0-ABEC-2F236636F0DC","name":"bunny"},"timestamp":1737484069.870045},{"label":"Tracking Available","content":{"extent":[8.903042,8.39764,5.8116007],"center":[-1.5846362,-3.696662,0.13428235]},"timestamp":1737484069.8708658},{"content":"Tracking is limited due to: initializing","timestamp":1737484069.9164171,"label":"Tracking Limited"},{"label":"Tracking Limited","content":"Tracking is limited due to: relocalizing","timestamp":1737484069.983766},{"content":{"name":"bunny","transform":{"columns":[[0.6214811,0.0069743237,0.7833977,0],[-0.0015799397,0.999969,-0.007648996,0],[-0.78342706,0.003515987,0.62147313,0],[-0.011414457,-0.4862724,-0.2254554,1]]},"identifier":"ABD555B5-FE7F-4BD0-ABEC-2F236636F0DC"},"timestamp":1737484087.878082,"label":"Bunny didUpdate"},{"label":"Tracking Available","content":{"extent":[9.230988,8.416726,6.218404],"center":[-1.4263458,-3.6868372,-0.063137054]},"timestamp":1737484087.9626908},{"label":"ARImageAnchor didAdd","content":{"name":"Peppers","identifier":"61BB3DDD-C96C-6E82-3432-BD712CCBCB28","transform":{"columns":[[0.8760925,-0.0013060055,0.48214135,0],[-0.4818782,-0.03551688,0.875518,0],[0.015980694,-0.99936813,-0.031745385,0],[-0.3012758,-0.60910255,-0.18122806,0.99999994]]}},"timestamp":1737484092.7929978},{"content":{"identifier":"61BB3DDD-C96C-6E82-3432-BD712CCBCB28","name":"Peppers","transform":{"columns":[[0.8760925,-0.0013060055,0.48214135,0],[-0.4818782,-0.03551688,0.875518,0],[0.015980694,-0.99936813,-0.031745385,0],[-0.3012758,-0.60910255,-0.18122806,0.99999994]]}},"timestamp":1737484092.801914,"label":"ARImageAnchor didUpdate"},{"label":"ARImageAnchor didAdd","timestamp":1737484095.992816,"content":{"identifier":"088EF783-5990-B052-BE99-B8AA15BA6C68","transform":{"columns":[[0.9381866,-0.026605371,0.3451061,0],[-0.3458486,-0.031852983,0.93774956,0],[-0.013956532,-0.99913836,-0.03908545,0],[-0.6741767,0.1146265,-0.9336692,1]]},"name":"Earth"}},{"label":"ARImageAnchor didUpdate","timestamp":1737484096.000582,"content":{"identifier":"088EF783-5990-B052-BE99-B8AA15BA6C68","name":"Earth","transform":{"columns":[[0.9381866,-0.026605371,0.3451061,0],[-0.3458486,-0.031852983,0.93774956,0],[-0.013956532,-0.99913836,-0.03908545,0],[-0.6741767,0.1146265,-0.9336692,1]]}}},{"label":"ARImageAnchor didAdd","timestamp":1737484102.3424,"content":{"identifier":"C35EAC54-3E90-1B97-807B-5E3B8F238DB7","transform":{"columns":[[0.46181244,-0.0070370915,-0.8869497,0],[0.8869156,-0.008152052,0.46185946,0],[-0.010480634,-0.999942,0.0024765807,0],[0.3822862,-0.6699059,0.016050115,1]]},"name":"Sailboat"}},{"content":{"name":"Sailboat","transform":{"columns":[[0.46181244,-0.0070370915,-0.8869497,0],[0.8869156,-0.008152052,0.46185946,0],[-0.010480634,-0.999942,0.0024765807,0],[0.3822862,-0.6699059,0.016050115,1]]},"identifier":"C35EAC54-3E90-1B97-807B-5E3B8F238DB7"},"timestamp":1737484102.351924,"label":"ARImageAnchor didUpdate"},{"timestamp":1737484104.9601479,"content":{"identifier":"A19C2489-597B-2BED-432C-244B551E75FD","name":"Mandrill","transform":{"columns":[[0.9244229,0.008564641,0.3812731,0],[-0.38135794,0.013077886,0.924335,0],[0.0029303574,-0.9998778,0.015355691,0],[0.7554424,0.84163576,-0.35088757,1]]}},"label":"ARImageAnchor didAdd"},{"content":{"name":"Mandrill","transform":{"columns":[[0.9244229,0.008564641,0.3812731,0],[-0.38135794,0.013077886,0.924335,0],[0.0029303574,-0.9998778,0.015355691,0],[0.7554424,0.84163576,-0.35088757,1]]},"identifier":"A19C2489-597B-2BED-432C-244B551E75FD"},"label":"ARImageAnchor didUpdate","timestamp":1737484104.967555},{"content":{"name":"Car","identifier":"FF85DBE1-76D3-E459-2D24-8EDCEE263300","transform":{"columns":[[-0.3853638,-0.022023546,0.9225019,0],[-0.92270666,-0.0020116335,-0.38549742,0],[0.010345744,-0.9997554,-0.01954608,0],[1.4436659,0.15803999,0.41331849,1]]}},"label":"ARImageAnchor didAdd","timestamp":1737484107.0587668},{"timestamp":1737484107.06909,"content":{"transform":{"columns":[[-0.3853638,-0.022023546,0.9225019,0],[-0.92270666,-0.0020116335,-0.38549742,0],[0.010345744,-0.9997554,-0.01954608,0],[1.4436659,0.15803999,0.41331849,1]]},"name":"Car","identifier":"FF85DBE1-76D3-E459-2D24-8EDCEE263300"},"label":"ARImageAnchor didUpdate"},{"timestamp":1737484109.1253371,"label":"ARImageAnchor didAdd","content":{"transform":{"columns":[[-0.40170068,0.036214896,0.9150546,0],[-0.9156688,-0.030817807,-0.40075064,0],[0.01368684,-0.99886864,0.04554038,0],[1.1001654,-0.14114662,1.058835,1]]},"name":"Lenna","identifier":"6BAD7D5D-D14A-EF93-1C8B-F6BEC80B8329"}},{"content":{"name":"Lenna","identifier":"6BAD7D5D-D14A-EF93-1C8B-F6BEC80B8329","transform":{"columns":[[-0.40170068,0.036214896,0.9150546,0],[-0.9156688,-0.030817807,-0.40075064,0],[0.01368684,-0.99886864,0.04554038,0],[1.1001654,-0.14114662,1.058835,1]]}},"timestamp":1737484109.138128,"label":"ARImageAnchor didUpdate"}]