[{"label":"Application launched","timestamp":1737481740.6684952},{"label":"Initialize ARViewModel","timestamp":1737481740.6686292},{"timestamp":1737481740.6694288,"label":"Finished Initialize ARViewModel"},{"timestamp":1737481740.6694422,"label":"Initialize RoomManager"},{"timestamp":1737481740.669446,"label":"Initialize BeaconManager"},{"label":"Fininshed Initialize BeaconManager","timestamp":1737481740.66946},{"label":"Fininshed Initialize RoomManager","timestamp":1737481740.669465},{"label":"ContentView Initialize","timestamp":1737481740.6694689},{"label":"Tracking Limited","content":"Tracking is limited due to: initializing","timestamp":1737481741.050138},{"timestamp":1737481741.999926,"label":"Room Update","content":{"name":"Room w\/ the Table","id":"2D11FD77-5009-46EE-B13B-FEF68B77A669"}},{"label":"Downloading WorldMap","timestamp":1737481741.999961,"content":{"id":"2D11FD77-5009-46EE-B13B-FEF68B77A669","name":"Room w\/ the Table"}},{"content":{"id":"2D11FD77-5009-46EE-B13B-FEF68B77A669","name":"Room w\/ the Table"},"timestamp":1737481743.744913,"label":"Finished Downloading WorldMap"},{"timestamp":1737481743.9665651,"label":"Tracking Limited","content":"Tracking is limited due to: initializing"},{"timestamp":1737481744.9817939,"content":"Tracking is limited due to: relocalizing","label":"Tracking Limited"},{"content":{"transform":{"columns":[[0.62148124,0.006974325,0.78339785,0],[-0.0015799401,0.99996924,-0.0076489975,0],[-0.78342724,0.0035159877,0.62147325,0],[-0.011414457,-0.4862724,-0.2254554,1]]},"name":"bunny","identifier":"ABD555B5-FE7F-4BD0-ABEC-2F236636F0DC"},"label":"Bunny didAdd","timestamp":1737481746.7131739},{"content":{"identifier":"ABD555B5-FE7F-4BD0-ABEC-2F236636F0DC","name":"bunny","transform":{"columns":[[0.6214812,0.006974324,0.78339773,0],[-0.0015799401,0.9999691,-0.0076489965,0],[-0.7834271,0.0035159872,0.6214732,0],[-0.011414457,-0.4862724,-0.2254554,1]]}},"timestamp":1737481746.736188,"label":"Bunny didUpdate"},{"content":{"center":[-2.0825233,-3.696662,0.13428235],"extent":[7.9072676,8.39764,5.8116007]},"label":"Tracking Available","timestamp":1737481746.74824},{"timestamp":1737481746.779175,"label":"Tracking Limited","content":"Tracking is limited due to: initializing"},{"content":"Tracking is limited due to: relocalizing","label":"Tracking Limited","timestamp":1737481746.81447},{"content":{"name":"Peppers","transform":{"columns":[[0.9959295,0.0029841268,0.09008576,0],[-0.090085,-0.0004013896,0.9959339,0],[0.003008156,-0.9999954,-0.00013081722,0],[-0.22562733,-0.73371285,-0.13113159,1]]},"identifier":"61BB3DDD-C96C-6E82-3432-BD712CCBCB28"},"timestamp":1737481749.457217,"label":"ARImageAnchor didAdd"},{"label":"ARImageAnchor didUpdate","content":{"identifier":"61BB3DDD-C96C-6E82-3432-BD712CCBCB28","transform":{"columns":[[0.9959295,0.0029841268,0.09008576,0],[-0.090085,-0.0004013896,0.9959339,0],[0.003008156,-0.9999954,-0.00013081722,0],[-0.22562733,-0.73371285,-0.13113159,1]]},"name":"Peppers"},"timestamp":1737481749.4647598},{"content":{"identifier":"088EF783-5990-B052-BE99-B8AA15BA6C68","transform":{"columns":[[0.9976945,-0.026639884,-0.062417854,0],[0.06212708,-0.011608577,0.9980008,0],[-0.027311193,-0.99957764,-0.009926731,0],[-0.8792072,-0.028242536,-0.681842,1]]},"name":"Earth"},"timestamp":1737481751.574833,"label":"ARImageAnchor didAdd"},{"content":{"transform":{"columns":[[0.9976945,-0.026639884,-0.062417854,0],[0.06212708,-0.011608577,0.9980008,0],[-0.027311193,-0.99957764,-0.009926731,0],[-0.8792072,-0.028242536,-0.681842,1]]},"name":"Earth","identifier":"088EF783-5990-B052-BE99-B8AA15BA6C68"},"timestamp":1737481751.582172,"label":"ARImageAnchor didUpdate"},{"label":"ARImageAnchor didUpdate","timestamp":1737481752.098796,"content":{"transform":{"columns":[[0.99787414,-0.026096413,-0.059714757,0],[0.059438128,-0.011251226,0.99816847,0],[-0.026720464,-0.999596,-0.009676186,0],[-0.8800545,-0.022790954,-0.69473255,0.9999999]]},"identifier":"088EF783-5990-B052-BE99-B8AA15BA6C68","name":"Earth"}},{"label":"ARImageAnchor didUpdate","timestamp":1737481752.132144,"content":{"name":"Earth","identifier":"088EF783-5990-B052-BE99-B8AA15BA6C68","transform":{"columns":[[0.99787414,-0.026096413,-0.059714757,0],[0.059438128,-0.011251226,0.99816847,0],[-0.026720464,-0.999596,-0.009676186,0],[-0.8800545,-0.022790954,-0.69473255,0.9999999]]}}},{"content":{"transform":{"columns":[[0.99964744,0.008693292,-0.025087997,0],[0.024808556,0.030892316,0.99921477,0],[0.009461492,-0.99948484,0.030665755,0],[0.6638167,0.7119525,-0.74106014,1]]},"name":"Mandrill","identifier":"A19C2489-597B-2BED-432C-244B551E75FD"},"label":"ARImageAnchor didAdd","timestamp":1737481754.707083},{"label":"ARImageAnchor didUpdate","content":{"name":"Mandrill","identifier":"A19C2489-597B-2BED-432C-244B551E75FD","transform":{"columns":[[0.99964744,0.008693292,-0.025087997,0],[0.024808556,0.030892316,0.99921477,0],[0.009461492,-0.99948484,0.030665755,0],[0.6638167,0.7119525,-0.74106014,1]]}},"timestamp":1737481754.731683},{"content":{"transform":{"columns":[[0.065580055,-0.019567892,-0.99765533,0],[0.9978429,0.0042078923,0.06550988,0],[0.0029161393,-0.99979955,0.019801611,0],[0.47535396,-0.7967518,-0.24600479,1]]},"name":"Sailboat","identifier":"C35EAC54-3E90-1B97-807B-5E3B8F238DB7"},"timestamp":1737481756.80824,"label":"ARImageAnchor didAdd"},{"label":"ARImageAnchor didUpdate","content":{"identifier":"C35EAC54-3E90-1B97-807B-5E3B8F238DB7","transform":{"columns":[[0.065580055,-0.019567892,-0.99765533,0],[0.9978429,0.0042078923,0.06550988,0],[0.0029161393,-0.99979955,0.019801611,0],[0.47535396,-0.7967518,-0.24600479,1]]},"name":"Sailboat"},"timestamp":1737481756.816071},{"timestamp":1737481759.4566522,"label":"ARImageAnchor didAdd","content":{"identifier":"FF85DBE1-76D3-E459-2D24-8EDCEE263300","name":"Car","transform":{"columns":[[0.025379622,-0.02218047,0.9994317,0],[-0.9996682,0.0038247427,0.0254704,0],[-0.0043875384,-0.9997466,-0.022076046,0],[1.601863,0.02120097,-0.31315327,0.99999994]]}}},{"content":{"identifier":"FF85DBE1-76D3-E459-2D24-8EDCEE263300","name":"Car","transform":{"columns":[[0.025379622,-0.02218047,0.9994317,0],[-0.9996682,0.0038247427,0.0254704,0],[-0.0043875384,-0.9997466,-0.022076046,0],[1.601863,0.02120097,-0.31315327,0.99999994]]}},"label":"ARImageAnchor didUpdate","timestamp":1737481759.474698},{"timestamp":1737481762.607589,"label":"ARImageAnchor didAdd","content":{"identifier":"6BAD7D5D-D14A-EF93-1C8B-F6BEC80B8329","transform":{"columns":[[0.020823477,0.034688994,0.9991811,0],[-0.9997795,-0.0019298376,0.020902798,0],[0.0026533066,-0.9993962,0.03464119,0],[1.5519241,-0.27512306,0.4097403,1]]},"name":"Lenna"}},{"label":"ARImageAnchor didUpdate","timestamp":1737481762.614553,"content":{"name":"Lenna","identifier":"6BAD7D5D-D14A-EF93-1C8B-F6BEC80B8329","transform":{"columns":[[0.020823477,0.034688994,0.9991811,0],[-0.9997795,-0.0019298376,0.020902798,0],[0.0026533066,-0.9993962,0.03464119,0],[1.5519241,-0.27512306,0.4097403,1]]}}}]