[{"label":"Application launched","timestamp":1737482830.491858},{"timestamp":1737482830.492121,"label":"Initialize ARViewModel"},{"timestamp":1737482830.493923,"label":"Finished Initialize ARViewModel"},{"timestamp":1737482830.4939752,"label":"Initialize RoomManager"},{"timestamp":1737482830.493989,"label":"Initialize BeaconManager"},{"label":"Fininshed Initialize BeaconManager","timestamp":1737482830.4940171},{"timestamp":1737482830.4940329,"label":"Fininshed Initialize RoomManager"},{"label":"ContentView Initialize","timestamp":1737482830.494045},{"label":"Tracking Limited","content":"Tracking is limited due to: initializing","timestamp":1737482830.8722281},{"label":"Room Update","timestamp":1737482832.0532808,"content":{"id":"2D11FD77-5009-46EE-B13B-FEF68B77A669","name":"Room w\/ the Table"}},{"timestamp":1737482832.05334,"content":{"name":"Room w\/ the Table","id":"2D11FD77-5009-46EE-B13B-FEF68B77A669"},"label":"Downloading WorldMap"},{"timestamp":1737482833.557407,"label":"Finished Downloading WorldMap","content":{"id":"2D11FD77-5009-46EE-B13B-FEF68B77A669","name":"Room w\/ the Table"}},{"timestamp":1737482833.7715259,"content":"Tracking is limited due to: initializing","label":"Tracking Limited"},{"label":"Tracking Limited","timestamp":1737482834.789159,"content":"Tracking is limited due to: relocalizing"},{"label":"Bunny didAdd","timestamp":1737482844.933948,"content":{"identifier":"ABD555B5-FE7F-4BD0-ABEC-2F236636F0DC","name":"bunny","transform":{"columns":[[0.62148124,0.006974325,0.78339785,0],[-0.0015799401,0.99996924,-0.0076489975,0],[-0.78342724,0.0035159877,0.62147325,0],[-0.011414457,-0.4862724,-0.2254554,1]]}}},{"timestamp":1737482844.9764209,"label":"Bunny didUpdate","content":{"name":"bunny","identifier":"ABD555B5-FE7F-4BD0-ABEC-2F236636F0DC","transform":{"columns":[[0.6214812,0.006974324,0.78339773,0],[-0.0015799401,0.9999691,-0.0076489965,0],[-0.7834271,0.0035159872,0.6214732,0],[-0.011414457,-0.4862724,-0.2254554,1]]}}},{"content":{"extent":[7.9072676,8.39764,5.8116007],"center":[-2.0825233,-3.696662,0.13428235]},"label":"Tracking Available","timestamp":1737482844.982486},{"content":"Tracking is limited due to: initializing","timestamp":1737482845.004116,"label":"Tracking Limited"},{"content":"Tracking is limited due to: relocalizing","timestamp":1737482845.0395288,"label":"Tracking Limited"},{"content":{"name":"bunny","identifier":"ABD555B5-FE7F-4BD0-ABEC-2F236636F0DC","transform":{"columns":[[0.6214811,0.0069743237,0.7833977,0],[-0.0015799397,0.999969,-0.007648996,0],[-0.78342706,0.003515987,0.62147313,0],[-0.011414457,-0.4862724,-0.2254554,1]]}},"label":"Bunny didUpdate","timestamp":1737482848.671678},{"label":"Tracking Available","timestamp":1737482848.7505,"content":{"center":[-2.0825233,-3.696662,0.13428235],"extent":[7.9072676,8.39764,5.8116007]}},{"label":"ARImageAnchor didAdd","content":{"identifier":"61BB3DDD-C96C-6E82-3432-BD712CCBCB28","name":"Peppers","transform":{"columns":[[0.87908,0.009160861,0.47658637,0],[-0.4764276,-0.015280276,0.87908095,0],[0.01533549,-0.99984115,-0.009068077,0],[-0.27836162,-0.591495,-0.15709274,0.99999994]]}},"timestamp":1737482850.697453},{"label":"ARImageAnchor didUpdate","timestamp":1737482850.710585,"content":{"transform":{"columns":[[0.87908,0.009160861,0.47658637,0],[-0.4764276,-0.015280276,0.87908095,0],[0.01533549,-0.99984115,-0.009068077,0],[-0.27836162,-0.591495,-0.15709274,0.99999994]]},"identifier":"61BB3DDD-C96C-6E82-3432-BD712CCBCB28","name":"Peppers"}},{"timestamp":1737482853.347286,"label":"ARImageAnchor didAdd","content":{"transform":{"columns":[[0.9306665,-0.013529105,0.3656185,0],[-0.36572877,-0.0067652683,0.93069685,0],[-0.010117994,-0.99988556,-0.011244169,0],[-0.66144705,0.12024059,-0.9250003,0.99999994]]},"identifier":"088EF783-5990-B052-BE99-B8AA15BA6C68","name":"Earth"}},{"label":"ARImageAnchor didUpdate","content":{"transform":{"columns":[[0.9306665,-0.013529105,0.3656185,0],[-0.36572877,-0.0067652683,0.93069685,0],[-0.010117994,-0.99988556,-0.011244169,0],[-0.66144705,0.12024059,-0.9250003,0.99999994]]},"name":"Earth","identifier":"088EF783-5990-B052-BE99-B8AA15BA6C68"},"timestamp":1737482853.365264},{"timestamp":1737482857.530432,"label":"ARImageAnchor didAdd","content":{"name":"Sailboat","identifier":"C35EAC54-3E90-1B97-807B-5E3B8F238DB7","transform":{"columns":[[0.4446591,-0.011077618,-0.89563125,0],[0.89567035,-0.0026122718,0.44471082,0],[-0.007265922,-0.9999351,0.008760346,0],[0.40044427,-0.64308876,0.048104927,1]]}}},{"timestamp":1737482857.540839,"content":{"transform":{"columns":[[0.4446591,-0.011077618,-0.89563125,0],[0.89567035,-0.0026122718,0.44471082,0],[-0.007265922,-0.9999351,0.008760346,0],[0.40044427,-0.64308876,0.048104927,1]]},"name":"Sailboat","identifier":"C35EAC54-3E90-1B97-807B-5E3B8F238DB7"},"label":"ARImageAnchor didUpdate"},{"label":"ARImageAnchor didAdd","content":{"transform":{"columns":[[0.92323536,0.011886987,0.38405097,0],[-0.38423368,0.0260597,0.9228681,0],[0.0009618536,-0.9995897,0.028626645,0],[0.75762063,0.86893326,-0.29595917,1]]},"identifier":"A19C2489-597B-2BED-432C-244B551E75FD","name":"Mandrill"},"timestamp":1737482859.663712},{"content":{"transform":{"columns":[[0.92323536,0.011886987,0.38405097,0],[-0.38423368,0.0260597,0.9228681,0],[0.0009618536,-0.9995897,0.028626645,0],[0.75762063,0.86893326,-0.29595917,1]]},"identifier":"A19C2489-597B-2BED-432C-244B551E75FD","name":"Mandrill"},"timestamp":1737482859.6811,"label":"ARImageAnchor didUpdate"},{"label":"ARImageAnchor didAdd","content":{"name":"Car","identifier":"FF85DBE1-76D3-E459-2D24-8EDCEE263300","transform":{"columns":[[-0.37372097,-0.016563598,0.9273933,0],[-0.92753416,0.0105575565,-0.37358925,0],[-0.0036030642,-0.99980706,-0.019308887,0],[1.4530199,0.17875412,0.46488056,0.99999994]]}},"timestamp":1737482861.2490702},{"content":{"transform":{"columns":[[-0.37372097,-0.016563598,0.9273933,0],[-0.92753416,0.0105575565,-0.37358925,0],[-0.0036030642,-0.99980706,-0.019308887,0],[1.4530199,0.17875412,0.46488056,0.99999994]]},"name":"Car","identifier":"FF85DBE1-76D3-E459-2D24-8EDCEE263300"},"label":"ARImageAnchor didUpdate","timestamp":1737482861.255048},{"label":"ARImageAnchor didUpdate","content":{"identifier":"FF85DBE1-76D3-E459-2D24-8EDCEE263300","transform":{"columns":[[-0.38230085,-0.016184058,0.92389625,0],[-0.9240237,0.0122428555,-0.38213924,0],[-0.0051265475,-0.999794,-0.019634902,0],[1.4443693,0.18452354,0.45533904,1]]},"name":"Car"},"timestamp":1737482861.757306},{"timestamp":1737482861.7739592,"content":{"transform":{"columns":[[-0.38230085,-0.016184058,0.92389625,0],[-0.9240237,0.0122428555,-0.38213924,0],[-0.0051265475,-0.999794,-0.019634902,0],[1.4443693,0.18452354,0.45533904,1]]},"identifier":"FF85DBE1-76D3-E459-2D24-8EDCEE263300","name":"Car"},"label":"ARImageAnchor didUpdate"},{"label":"ARImageAnchor didAdd","timestamp":1737482863.313428,"content":{"identifier":"6BAD7D5D-D14A-EF93-1C8B-F6BEC80B8329","name":"Lenna","transform":{"columns":[[-0.38939136,0.04063292,0.9201758,0],[-0.9209387,-0.00015243223,-0.38970748,0],[-0.015694732,-0.99917406,0.03747977,0],[1.1174834,-0.110162094,1.0866636,1]]}}},{"timestamp":1737482863.3253632,"label":"ARImageAnchor didUpdate","content":{"identifier":"6BAD7D5D-D14A-EF93-1C8B-F6BEC80B8329","name":"Lenna","transform":{"columns":[[-0.38939136,0.04063292,0.9201758,0],[-0.9209387,-0.00015243223,-0.38970748,0],[-0.015694732,-0.99917406,0.03747977,0],[1.1174834,-0.110162094,1.0866636,1]]}}},{"timestamp":1737482863.824084,"label":"ARImageAnchor didUpdate","content":{"name":"Lenna","identifier":"6BAD7D5D-D14A-EF93-1C8B-F6BEC80B8329","transform":{"columns":[[-0.38156047,0.03879175,0.9235296,0],[-0.924301,-0.0063932776,-0.38161072,0],[-0.008898921,-0.99922675,0.038294654,0],[1.1162362,-0.10787267,1.0810096,1]]}}},{"content":{"identifier":"6BAD7D5D-D14A-EF93-1C8B-F6BEC80B8329","transform":{"columns":[[-0.38156047,0.03879175,0.9235296,0],[-0.924301,-0.0063932776,-0.38161072,0],[-0.008898921,-0.99922675,0.038294654,0],[1.1162362,-0.10787267,1.0810096,1]]},"name":"Lenna"},"label":"ARImageAnchor didUpdate","timestamp":1737482863.840663}]