[{"timestamp":1737477181.3105578,"label":"Application launched"},{"label":"Initialize ARViewModel","timestamp":1737477181.310792},{"timestamp":1737477181.3127651,"label":"Finished Initialize ARViewModel"},{"timestamp":1737477181.312821,"label":"Initialize RoomManager"},{"label":"Initialize BeaconManager","timestamp":1737477181.312834},{"timestamp":1737477181.312865,"label":"Fininshed Initialize BeaconManager"},{"label":"Fininshed Initialize RoomManager","timestamp":1737477181.312881},{"timestamp":1737477181.3128939,"label":"ContentView Initialize"},{"timestamp":1737477181.678194,"label":"Tracking Limited","content":"Tracking is limited due to: initializing"},{"timestamp":1737477182.8610969,"label":"Room Update","content":{"id":"2D11FD77-5009-46EE-B13B-FEF68B77A669","name":"Room w\/ the Table"}},{"timestamp":1737477182.861151,"label":"Downloading WorldMap","content":{"id":"2D11FD77-5009-46EE-B13B-FEF68B77A669","name":"Room w\/ the Table"}},{"content":{"id":"2D11FD77-5009-46EE-B13B-FEF68B77A669","name":"Room w\/ the Table"},"timestamp":1737477183.659066,"label":"Finished Downloading WorldMap"},{"content":"Tracking is limited due to: initializing","label":"Tracking Limited","timestamp":1737477183.7777},{"timestamp":1737477184.9137,"content":"Tracking is limited due to: relocalizing","label":"Tracking Limited"},{"content":{"transform":{"columns":[[-0.3543047,0.010094013,0.9350755,0],[-0.9348863,-0.026649421,-0.3539453,0],[0.021346483,-0.9995938,0.018878749,0],[0.69284755,-0.7384783,0.7467185,0.99999994]]},"name":"Peppers","identifier":"61BB3DDD-C96C-6E82-3432-BD712CCBCB28"},"timestamp":1737477211.5867429,"label":"ARImageAnchor didAdd"},{"timestamp":1737477211.5956569,"label":"ARImageAnchor didUpdate","content":{"name":"Peppers","identifier":"61BB3DDD-C96C-6E82-3432-BD712CCBCB28","transform":{"columns":[[-0.3543047,0.010094013,0.9350755,0],[-0.9348863,-0.026649421,-0.3539453,0],[0.021346483,-0.9995938,0.018878749,0],[0.69284755,-0.7384783,0.7467185,0.99999994]]}}},{"timestamp":1737477224.2022371,"label":"ARImageAnchor didAdd","content":{"identifier":"C35EAC54-3E90-1B97-807B-5E3B8F238DB7","name":"Sailboat","transform":{"columns":[[0.939846,-0.005298533,0.3415575,0],[-0.34157547,-0.0029693388,0.9398497,0],[-0.00396557,-0.9999815,-0.0046006027,0],[0.59696424,-0.80614364,1.4244677,0.99999994]]}}},{"label":"ARImageAnchor didUpdate","content":{"name":"Sailboat","transform":{"columns":[[0.939846,-0.005298533,0.3415575,0],[-0.34157547,-0.0029693388,0.9398497,0],[-0.00396557,-0.9999815,-0.0046006027,0],[0.59696424,-0.80614364,1.4244677,0.99999994]]},"identifier":"C35EAC54-3E90-1B97-807B-5E3B8F238DB7"},"timestamp":1737477224.219996},{"content":{"transform":{"columns":[[-0.23693813,-0.01794248,0.9713589,0],[-0.97116274,-0.02291002,-0.23731348,0],[0.026511816,-0.99957633,-0.011996814,0],[1.4364638,-0.04695265,0.26300576,0.9999998]]},"identifier":"088EF783-5990-B052-BE99-B8AA15BA6C68","name":"Earth"},"label":"ARImageAnchor didAdd","timestamp":1737477229.51929},{"label":"ARImageAnchor didUpdate","content":{"name":"Earth","identifier":"088EF783-5990-B052-BE99-B8AA15BA6C68","transform":{"columns":[[-0.23693813,-0.01794248,0.9713589,0],[-0.97116274,-0.02291002,-0.23731348,0],[0.026511816,-0.99957633,-0.011996814,0],[1.4364638,-0.04695265,0.26300576,0.9999998]]}},"timestamp":1737477229.525288},{"label":"ARImageAnchor didUpdate","timestamp":1737477232.537013,"content":{"identifier":"61BB3DDD-C96C-6E82-3432-BD712CCBCB28","name":"Peppers","transform":{"columns":[[-0.48765507,0.008975856,0.87299013,0],[-0.8729022,-0.022528907,-0.48737434,0],[0.015292922,-0.99970573,0.018821344,0],[0.44942674,-0.73831373,0.84019023,0.99999994]]}}},{"content":{"transform":{"columns":[[0.8795286,-0.0094048595,0.475753,0],[-0.47580418,-0.004143362,0.8795414,0],[-0.006300671,-0.999947,-0.00811912,0],[0.25491834,-0.80734533,1.4963284,0.99999994]]},"identifier":"C35EAC54-3E90-1B97-807B-5E3B8F238DB7","name":"Sailboat"},"timestamp":1737477232.537041,"label":"ARImageAnchor didUpdate"},{"label":"ARImageAnchor didUpdate","content":{"name":"Earth","identifier":"088EF783-5990-B052-BE99-B8AA15BA6C68","transform":{"columns":[[-0.37696972,-0.019557212,0.92601895,0],[-0.9258896,-0.018956373,-0.37731743,0],[0.02493323,-0.9996287,-0.010961871,0],[1.2580836,-0.048153967,0.47289678,0.9999998]]}},"timestamp":1737477232.537047},{"label":"Bunny didAdd","content":{"name":"bunny","identifier":"ABD555B5-FE7F-4BD0-ABEC-2F236636F0DC","transform":{"columns":[[0.6301084,0,0.77650744,0],[0,1,0,0],[-0.7765074,0,0.63010836,0],[-0.012834365,-0.48654062,-0.2339715,1]]}},"timestamp":1737477232.5370522},{"label":"Bunny didUpdate","timestamp":1737477232.6074529,"content":{"name":"bunny","transform":{"columns":[[0.62148136,0.0069743264,0.783398,0],[-0.0015799403,0.99996936,-0.007648999,0],[-0.78342736,0.0035159881,0.6214734,0],[-0.011414457,-0.4862724,-0.2254554,1]]},"identifier":"ABD555B5-FE7F-4BD0-ABEC-2F236636F0DC"}},{"timestamp":1737477232.638562,"label":"Tracking Available","content":{"center":[-1.0878551,-1.9550612,0.068164825],"extent":[5.904904,4.2759194,4.5185065]}},{"timestamp":1737477242.2520928,"label":"ARImageAnchor didAdd","content":{"name":"Mandrill","transform":{"columns":[[0.91523767,0.013673183,0.40268233,0],[-0.40288776,0.019578343,0.9150401,0],[0.004627647,-0.9997147,0.023427634,0],[0.71266425,0.8354479,-0.2931858,1]]},"identifier":"A19C2489-597B-2BED-432C-244B551E75FD"}},{"label":"ARImageAnchor didUpdate","content":{"transform":{"columns":[[0.91523767,0.013673183,0.40268233,0],[-0.40288776,0.019578343,0.9150401,0],[0.004627647,-0.9997147,0.023427634,0],[0.71266425,0.8354479,-0.2931858,1]]},"name":"Mandrill","identifier":"A19C2489-597B-2BED-432C-244B551E75FD"},"timestamp":1737477242.257609},{"label":"ARImageAnchor didUpdate","content":{"transform":{"columns":[[0.47733897,-0.004176125,-0.8787094,0],[0.8786849,-0.00657348,0.47735694,0],[-0.0077696787,-0.9999696,0.00053169427,0],[0.35346663,-0.6669921,0.049380526,1]]},"identifier":"C35EAC54-3E90-1B97-807B-5E3B8F238DB7","name":"Sailboat"},"timestamp":1737477249.7178411},{"content":{"name":"Sailboat","transform":{"columns":[[0.47733897,-0.004176125,-0.8787094,0],[0.8786849,-0.00657348,0.47735694,0],[-0.0077696787,-0.9999696,0.00053169427,0],[0.35346663,-0.6669921,0.049380526,1]]},"identifier":"C35EAC54-3E90-1B97-807B-5E3B8F238DB7"},"timestamp":1737477249.723394,"label":"ARImageAnchor didUpdate"},{"content":{"transform":{"columns":[[0.8792934,0.0015693909,0.47627816,0],[-0.47624415,-0.009502196,0.87926185,0],[0.005905632,-0.9999535,-0.00760781,0],[-0.30935982,-0.6102011,-0.16700456,1]]},"identifier":"61BB3DDD-C96C-6E82-3432-BD712CCBCB28","name":"Peppers"},"timestamp":1737477252.343217,"label":"ARImageAnchor didUpdate"},{"timestamp":1737477252.359632,"label":"ARImageAnchor didUpdate","content":{"name":"Peppers","identifier":"61BB3DDD-C96C-6E82-3432-BD712CCBCB28","transform":{"columns":[[0.8792934,0.0015693909,0.47627816,0],[-0.47624415,-0.009502196,0.87926185,0],[0.005905632,-0.9999535,-0.00760781,0],[-0.30935982,-0.6102011,-0.16700456,1]]}}},{"label":"ARImageAnchor didUpdate","content":{"name":"Earth","identifier":"088EF783-5990-B052-BE99-B8AA15BA6C68","transform":{"columns":[[0.92768455,-0.01925561,0.37286836,0],[-0.37323764,-0.021724384,0.9274814,0],[-0.009758889,-0.9995785,-0.027340313,0],[-0.66277117,0.107215434,-0.9436332,1]]}},"timestamp":1737477257.075109},{"timestamp":1737477257.100323,"label":"ARImageAnchor didUpdate","content":{"identifier":"088EF783-5990-B052-BE99-B8AA15BA6C68","transform":{"columns":[[0.92768455,-0.01925561,0.37286836,0],[-0.37323764,-0.021724384,0.9274814,0],[-0.009758889,-0.9995785,-0.027340313,0],[-0.66277117,0.107215434,-0.9436332,1]]},"name":"Earth"}},{"content":{"identifier":"6BAD7D5D-D14A-EF93-1C8B-F6BEC80B8329","transform":{"columns":[[-0.4165904,0.04063638,0.9081856,0],[-0.9089939,-0.0037724536,-0.41679236,0],[-0.013510821,-0.9991668,0.03850981,0],[1.05486,-0.13552622,1.1417464,1]]},"name":"Lenna"},"label":"ARImageAnchor didAdd","timestamp":1737477262.3505669},{"timestamp":1737477262.356618,"content":{"name":"Lenna","identifier":"6BAD7D5D-D14A-EF93-1C8B-F6BEC80B8329","transform":{"columns":[[-0.4165904,0.04063638,0.9081856,0],[-0.9089939,-0.0037724536,-0.41679236,0],[-0.013510821,-0.9991668,0.03850981,0],[1.05486,-0.13552622,1.1417464,1]]}},"label":"ARImageAnchor didUpdate"},{"content":{"transform":{"columns":[[-0.41023585,-0.020785287,0.91174257,0],[-0.911853,-0.0072908197,-0.41045183,0],[0.015178709,-0.99975723,-0.01596218,0],[1.4022465,0.16394484,0.5018101,0.9999999]]},"name":"Car","identifier":"FF85DBE1-76D3-E459-2D24-8EDCEE263300"},"label":"ARImageAnchor didAdd","timestamp":1737477266.481916},{"content":{"transform":{"columns":[[-0.41023585,-0.020785287,0.91174257,0],[-0.911853,-0.0072908197,-0.41045183,0],[0.015178709,-0.99975723,-0.01596218,0],[1.4022465,0.16394484,0.5018101,0.9999999]]},"name":"Car","identifier":"FF85DBE1-76D3-E459-2D24-8EDCEE263300"},"label":"ARImageAnchor didUpdate","timestamp":1737477266.496408},{"label":"ARImageAnchor didUpdate","timestamp":1737477271.706231,"content":{"name":"Mandrill","transform":{"columns":[[0.9099147,0.012780675,0.41459864,0],[-0.4147555,0.014147036,0.90982294,0],[0.0057628127,-0.99981815,0.018173445,0],[0.7417381,0.8467904,-0.2887044,0.99999994]]},"identifier":"A19C2489-597B-2BED-432C-244B551E75FD"}},{"label":"ARImageAnchor didUpdate","timestamp":1737477271.7327251,"content":{"name":"Mandrill","transform":{"columns":[[0.9099147,0.012780675,0.41459864,0],[-0.4147555,0.014147036,0.90982294,0],[0.0057628127,-0.99981815,0.018173445,0],[0.7417381,0.8467904,-0.2887044,0.99999994]]},"identifier":"A19C2489-597B-2BED-432C-244B551E75FD"}},{"timestamp":1737477276.5156112,"content":{"transform":{"columns":[[0.921587,-0.019033384,0.3877052,0],[-0.38807994,-0.023412444,0.9213283,0],[-0.008458879,-0.9995446,-0.02896303,0],[-0.64572793,0.11297625,-0.97462654,0.99999994]]},"name":"Earth","identifier":"088EF783-5990-B052-BE99-B8AA15BA6C68"},"label":"ARImageAnchor didUpdate"},{"timestamp":1737477276.522732,"label":"ARImageAnchor didUpdate","content":{"identifier":"088EF783-5990-B052-BE99-B8AA15BA6C68","transform":{"columns":[[0.921587,-0.019033384,0.3877052,0],[-0.38807994,-0.023412444,0.9213283,0],[-0.008458879,-0.9995446,-0.02896303,0],[-0.64572793,0.11297625,-0.97462654,0.99999994]]},"name":"Earth"}}]