[{"timestamp":1737484172.131126,"label":"Application launched"},{"label":"Initialize ARViewModel","timestamp":1737484172.131208},{"label":"Finished Initialize ARViewModel","timestamp":1737484172.1320782},{"timestamp":1737484172.1320891,"label":"Initialize RoomManager"},{"label":"Initialize BeaconManager","timestamp":1737484172.132094},{"timestamp":1737484172.1321058,"label":"Fininshed Initialize BeaconManager"},{"timestamp":1737484172.132111,"label":"Fininshed Initialize RoomManager"},{"label":"ContentView Initialize","timestamp":1737484172.132115},{"content":"Tracking is limited due to: initializing","label":"Tracking Limited","timestamp":1737484172.411289},{"content":"Tracking is limited due to: excessiveMotion","timestamp":1737484173.413279,"label":"Tracking Limited"},{"timestamp":1737484173.432746,"label":"Room Update","content":{"id":"2D11FD77-5009-46EE-B13B-FEF68B77A669","name":"Room w\/ the Table"}},{"content":{"id":"2D11FD77-5009-46EE-B13B-FEF68B77A669","name":"Room w\/ the Table"},"timestamp":1737484173.43279,"label":"Downloading WorldMap"},{"timestamp":1737484175.196913,"content":{"name":"Room w\/ the Table","id":"2D11FD77-5009-46EE-B13B-FEF68B77A669"},"label":"Finished Downloading WorldMap"},{"label":"Tracking Limited","content":"Tracking is limited due to: initializing","timestamp":1737484175.394686},{"content":"Tracking is limited due to: relocalizing","label":"Tracking Limited","timestamp":1737484176.4465399},{"content":{"identifier":"ABD555B5-FE7F-4BD0-ABEC-2F236636F0DC","name":"bunny","transform":{"columns":[[0.62148124,0.006974325,0.78339785,0],[-0.0015799401,0.99996924,-0.0076489975,0],[-0.78342724,0.0035159877,0.62147325,0],[-0.011414457,-0.4862724,-0.2254554,1]]}},"timestamp":1737484179.9404469,"label":"Bunny didAdd"},{"content":{"identifier":"ABD555B5-FE7F-4BD0-ABEC-2F236636F0DC","name":"bunny","transform":{"columns":[[0.6214812,0.006974324,0.78339773,0],[-0.0015799401,0.9999691,-0.0076489965,0],[-0.7834271,0.0035159872,0.6214732,0],[-0.011414457,-0.4862724,-0.2254554,1]]}},"timestamp":1737484179.98342,"label":"Bunny didUpdate"},{"timestamp":1737484179.998116,"content":{"center":[-1.7193198,-3.4614224,0.13428235],"extent":[8.633675,8.868119,5.8116007]},"label":"Tracking Available"},{"content":"Tracking is limited due to: initializing","timestamp":1737484180.011121,"label":"Tracking Limited"},{"timestamp":1737484180.062525,"label":"Tracking Limited","content":"Tracking is limited due to: relocalizing"},{"timestamp":1737484183.20444,"content":{"name":"Peppers","transform":{"columns":[[0.86330163,0.00012493209,0.5046881,0],[-0.5046602,-0.010288718,0.8632566,0],[0.0053004543,-0.99994713,-0.008819239,0],[-0.32482946,-0.72841275,-0.30400318,1]]},"identifier":"61BB3DDD-C96C-6E82-3432-BD712CCBCB28"},"label":"ARImageAnchor didAdd"},{"timestamp":1737484183.2138062,"label":"ARImageAnchor didUpdate","content":{"name":"Peppers","transform":{"columns":[[0.86330163,0.00012493209,0.5046881,0],[-0.5046602,-0.010288718,0.8632566,0],[0.0053004543,-0.99994713,-0.008819239,0],[-0.32482946,-0.72841275,-0.30400318,1]]},"identifier":"61BB3DDD-C96C-6E82-3432-BD712CCBCB28"}},{"timestamp":1737484185.8711271,"content":{"name":"Earth","identifier":"088EF783-5990-B052-BE99-B8AA15BA6C68","transform":{"columns":[[0.92611563,-0.027082238,0.37626594,0],[-0.3767979,-0.018175596,0.926117,0],[-0.018242463,-0.9994679,-0.027037242,0],[-0.68141997,-0.009955138,-1.0839247,1]]}},"label":"ARImageAnchor didAdd"},{"timestamp":1737484185.888241,"content":{"name":"Earth","identifier":"088EF783-5990-B052-BE99-B8AA15BA6C68","transform":{"columns":[[0.92611563,-0.027082238,0.37626594,0],[-0.3767979,-0.018175596,0.926117,0],[-0.018242463,-0.9994679,-0.027037242,0],[-0.68141997,-0.009955138,-1.0839247,1]]}},"label":"ARImageAnchor didUpdate"},{"content":{"identifier":"A19C2489-597B-2BED-432C-244B551E75FD","transform":{"columns":[[0.914257,0.013994279,0.4048926,0],[-0.40505078,0.011280739,0.91422457,0],[0.0082264235,-0.9998384,0.01598193,0],[0.72426486,0.7278923,-0.43780267,1]]},"name":"Mandrill"},"label":"ARImageAnchor didAdd","timestamp":1737484189.071789},{"label":"ARImageAnchor didUpdate","content":{"identifier":"A19C2489-597B-2BED-432C-244B551E75FD","transform":{"columns":[[0.914257,0.013994279,0.4048926,0],[-0.40505078,0.011280739,0.91422457,0],[0.0082264235,-0.9998384,0.01598193,0],[0.72426486,0.7278923,-0.43780267,1]]},"name":"Mandrill"},"timestamp":1737484189.078963},{"content":{"identifier":"FF85DBE1-76D3-E459-2D24-8EDCEE263300","name":"Car","transform":{"columns":[[-0.42467895,-0.018736508,0.90515,0],[-0.9053427,0.010387422,-0.42455444,0],[-0.0014475072,-0.9997705,-0.021374278,0],[1.3793409,0.042750597,0.3551001,1]]}},"timestamp":1737484191.1873589,"label":"ARImageAnchor didAdd"},{"label":"ARImageAnchor didUpdate","timestamp":1737484191.1972508,"content":{"name":"Car","identifier":"FF85DBE1-76D3-E459-2D24-8EDCEE263300","transform":{"columns":[[-0.42467895,-0.018736508,0.90515,0],[-0.9053427,0.010387422,-0.42455444,0],[-0.0014475072,-0.9997705,-0.021374278,0],[1.3793409,0.042750597,0.3551001,1]]}}},{"label":"ARImageAnchor didUpdate","content":{"transform":{"columns":[[-0.44603845,-0.01900661,0.8948118,0],[-0.8950127,0.008055147,-0.44596758,0],[0.0012684582,-0.9997869,-0.020604072,0],[1.374655,0.049227737,0.34997872,1]]},"name":"Car","identifier":"FF85DBE1-76D3-E459-2D24-8EDCEE263300"},"timestamp":1737484191.714736},{"content":{"transform":{"columns":[[-0.44603845,-0.01900661,0.8948118,0],[-0.8950127,0.008055147,-0.44596758,0],[0.0012684582,-0.9997869,-0.020604072,0],[1.374655,0.049227737,0.34997872,1]]},"identifier":"FF85DBE1-76D3-E459-2D24-8EDCEE263300","name":"Car"},"label":"ARImageAnchor didUpdate","timestamp":1737484191.7311149},{"timestamp":1737484193.303934,"label":"ARImageAnchor didAdd","content":{"transform":{"columns":[[0.5002473,-0.014444884,-0.86576194,0],[0.86578065,-0.00698447,0.5003747,0],[-0.013274735,-0.99987125,0.009012119,0],[0.3448243,-0.76305175,-0.12781286,0.99999994]]},"identifier":"C35EAC54-3E90-1B97-807B-5E3B8F238DB7","name":"Sailboat"}},{"timestamp":1737484193.322167,"label":"ARImageAnchor didUpdate","content":{"transform":{"columns":[[0.5002473,-0.014444884,-0.86576194,0],[0.86578065,-0.00698447,0.5003747,0],[-0.013274735,-0.99987125,0.009012119,0],[0.3448243,-0.76305175,-0.12781286,0.99999994]]},"identifier":"C35EAC54-3E90-1B97-807B-5E3B8F238DB7","name":"Sailboat"}},{"label":"ARImageAnchor didUpdate","timestamp":1737484193.828017,"content":{"name":"Sailboat","identifier":"C35EAC54-3E90-1B97-807B-5E3B8F238DB7","transform":{"columns":[[0.49515387,-0.012407291,-0.8687165,0],[0.8687457,-0.0046291426,0.4952366,0],[-0.010165957,-0.9999124,0.008486603,0],[0.33567047,-0.7684072,-0.11413973,1]]}}},{"timestamp":1737484193.855278,"label":"ARImageAnchor didUpdate","content":{"name":"Sailboat","identifier":"C35EAC54-3E90-1B97-807B-5E3B8F238DB7","transform":{"columns":[[0.49515387,-0.012407291,-0.8687165,0],[0.8687457,-0.0046291426,0.4952366,0],[-0.010165957,-0.9999124,0.008486603,0],[0.33567047,-0.7684072,-0.11413973,1]]}}},{"content":{"name":"Lenna","identifier":"6BAD7D5D-D14A-EF93-1C8B-F6BEC80B8329","transform":{"columns":[[-0.43504038,0.03659021,0.899667,0],[-0.9004056,-0.014323249,-0.4348151,0],[-0.003023853,-0.99922764,0.039177217,0],[1.0202966,-0.2441342,0.9790018,0.9999999]]}},"label":"ARImageAnchor didAdd","timestamp":1737484195.937159},{"label":"ARImageAnchor didUpdate","timestamp":1737484195.94601,"content":{"transform":{"columns":[[-0.43504038,0.03659021,0.899667,0],[-0.9004056,-0.014323249,-0.4348151,0],[-0.003023853,-0.99922764,0.039177217,0],[1.0202966,-0.2441342,0.9790018,0.9999999]]},"identifier":"6BAD7D5D-D14A-EF93-1C8B-F6BEC80B8329","name":"Lenna"}}]