[{"timestamp":1737480061.346314,"label":"Application launched"},{"label":"Initialize ARViewModel","timestamp":1737480061.3464},{"timestamp":1737480061.348311,"label":"Finished Initialize ARViewModel"},{"label":"Initialize RoomManager","timestamp":1737480061.3483648},{"label":"Initialize BeaconManager","timestamp":1737480061.3483791},{"label":"Fininshed Initialize BeaconManager","timestamp":1737480061.348411},{"timestamp":1737480061.3484259,"label":"Fininshed Initialize RoomManager"},{"timestamp":1737480061.348439,"label":"ContentView Initialize"},{"label":"Tracking Not Available","timestamp":1737480061.7922878},{"content":"Tracking is limited due to: initializing","timestamp":1737480061.8081741,"label":"Tracking Limited"},{"timestamp":1737480062.939814,"content":{"name":"Room w\/ the Table","id":"2D11FD77-5009-46EE-B13B-FEF68B77A669"},"label":"Room Update"},{"content":{"name":"Room w\/ the Table","id":"2D11FD77-5009-46EE-B13B-FEF68B77A669"},"timestamp":1737480062.939873,"label":"Downloading WorldMap"},{"timestamp":1737480064.210448,"label":"Finished Downloading WorldMap","content":{"id":"2D11FD77-5009-46EE-B13B-FEF68B77A669","name":"Room w\/ the Table"}},{"content":"Tracking is limited due to: initializing","timestamp":1737480064.39242,"label":"Tracking Limited"},{"content":"Tracking is limited due to: relocalizing","timestamp":1737480065.424038,"label":"Tracking Limited"},{"timestamp":1737480072.171433,"label":"Bunny didAdd","content":{"transform":{"columns":[[0.62148136,0.0069743264,0.783398,0],[-0.0015799403,0.99996936,-0.007648999,0],[-0.78342736,0.0035159881,0.6214734,0],[-0.011414457,-0.4862724,-0.2254554,1]]},"identifier":"ABD555B5-FE7F-4BD0-ABEC-2F236636F0DC","name":"bunny"}},{"content":{"name":"bunny","transform":{"columns":[[0.62148124,0.006974325,0.78339785,0],[-0.0015799401,0.99996924,-0.0076489975,0],[-0.78342724,0.0035159877,0.62147325,0],[-0.011414457,-0.4862724,-0.2254554,1]]},"identifier":"ABD555B5-FE7F-4BD0-ABEC-2F236636F0DC"},"label":"Bunny didUpdate","timestamp":1737480072.234569},{"label":"Tracking Available","timestamp":1737480072.246832,"content":{"center":[-2.0833445,-1.9400554,0.134727],"extent":[7.9084816,4.6242504,5.810427]}},{"content":"Tracking is limited due to: initializing","timestamp":1737480072.2468948,"label":"Tracking Limited"},{"content":"Tracking is limited due to: relocalizing","label":"Tracking Limited","timestamp":1737480072.285345},{"label":"Bunny didUpdate","timestamp":1737480074.6915889,"content":{"transform":{"columns":[[0.6214812,0.006974324,0.78339773,0],[-0.0015799401,0.9999691,-0.0076489965,0],[-0.7834271,0.0035159872,0.6214732,0],[-0.011414457,-0.4862724,-0.2254554,1]]},"name":"bunny","identifier":"ABD555B5-FE7F-4BD0-ABEC-2F236636F0DC"}},{"content":{"extent":[7.9084816,4.6242504,5.810427],"center":[-2.0833445,-1.9400554,0.134727]},"label":"Tracking Available","timestamp":1737480074.74716},{"label":"ARImageAnchor didAdd","content":{"transform":{"columns":[[0.86138046,0.015532932,0.5077229,0],[-0.50761884,-0.010326132,0.86151975,0],[0.018624721,-0.99982595,-0.001009942,0],[-0.2898935,-0.59667915,-0.17526655,1]]},"name":"Peppers","identifier":"61BB3DDD-C96C-6E82-3432-BD712CCBCB28"},"timestamp":1737480078.483237},{"timestamp":1737480078.492408,"label":"ARImageAnchor didUpdate","content":{"transform":{"columns":[[0.86138046,0.015532932,0.5077229,0],[-0.50761884,-0.010326132,0.86151975,0],[0.018624721,-0.99982595,-0.001009942,0],[-0.2898935,-0.59667915,-0.17526655,1]]},"name":"Peppers","identifier":"61BB3DDD-C96C-6E82-3432-BD712CCBCB28"}},{"content":{"name":"Earth","identifier":"088EF783-5990-B052-BE99-B8AA15BA6C68","transform":{"columns":[[0.92638725,-0.017061565,0.37618577,0],[-0.37634674,-0.007363866,0.92644966,0],[-0.013036507,-0.99982727,-0.013242841,0],[-0.63717115,0.10674279,-0.9877877,1]]}},"timestamp":1737480083.783043,"label":"ARImageAnchor didAdd"},{"content":{"transform":{"columns":[[0.92638725,-0.017061565,0.37618577,0],[-0.37634674,-0.007363866,0.92644966,0],[-0.013036507,-0.99982727,-0.013242841,0],[-0.63717115,0.10674279,-0.9877877,1]]},"name":"Earth","identifier":"088EF783-5990-B052-BE99-B8AA15BA6C68"},"timestamp":1737480083.800249,"label":"ARImageAnchor didUpdate"},{"label":"ARImageAnchor didAdd","timestamp":1737480088.017325,"content":{"identifier":"A19C2489-597B-2BED-432C-244B551E75FD","name":"Mandrill","transform":{"columns":[[0.9009234,0.01035486,0.4338549,0],[-0.43380776,-0.006545764,0.90098166,0],[0.012169441,-0.9999249,-0.001405189,0],[0.7661881,0.8596191,-0.34115577,1]]}}},{"timestamp":1737480088.023489,"label":"ARImageAnchor didUpdate","content":{"identifier":"A19C2489-597B-2BED-432C-244B551E75FD","transform":{"columns":[[0.9009234,0.01035486,0.4338549,0],[-0.43380776,-0.006545764,0.90098166,0],[0.012169441,-0.9999249,-0.001405189,0],[0.7661881,0.8596191,-0.34115577,1]]},"name":"Mandrill"}},{"content":{"name":"Sailboat","transform":{"columns":[[0.49244234,-0.008510238,-0.87030345,0],[0.8703356,0.00014860457,0.4924591,0],[-0.004061642,-0.99996376,0.0074799447,0],[0.38297808,-0.6557035,0.014192224,1]]},"identifier":"C35EAC54-3E90-1B97-807B-5E3B8F238DB7"},"timestamp":1737480090.649153,"label":"ARImageAnchor didAdd"},{"content":{"name":"Sailboat","identifier":"C35EAC54-3E90-1B97-807B-5E3B8F238DB7","transform":{"columns":[[0.49244234,-0.008510238,-0.87030345,0],[0.8703356,0.00014860457,0.4924591,0],[-0.004061642,-0.99996376,0.0074799447,0],[0.38297808,-0.6557035,0.014192224,1]]}},"timestamp":1737480090.65802,"label":"ARImageAnchor didUpdate"},{"content":{"identifier":"6BAD7D5D-D14A-EF93-1C8B-F6BEC80B8329","transform":{"columns":[[-0.419728,0.03946093,0.9067916,0],[-0.9076067,-0.008504311,-0.41973516,0],[-0.008851504,-0.99918485,0.03938452,0],[1.0650908,-0.12470299,1.0616834,1]]},"name":"Lenna"},"label":"ARImageAnchor didAdd","timestamp":1737480093.299073},{"content":{"transform":{"columns":[[-0.419728,0.03946093,0.9067916,0],[-0.9076067,-0.008504311,-0.41973516,0],[-0.008851504,-0.99918485,0.03938452,0],[1.0650908,-0.12470299,1.0616834,1]]},"identifier":"6BAD7D5D-D14A-EF93-1C8B-F6BEC80B8329","name":"Lenna"},"label":"ARImageAnchor didUpdate","timestamp":1737480093.30973},{"timestamp":1737480095.359437,"label":"ARImageAnchor didUpdate","content":{"transform":{"columns":[[-0.41809016,0.039423008,0.9075497,0],[-0.9083265,-0.0049601183,-0.41823256,0],[-0.011986379,-0.99921024,0.03788273,0],[1.0740932,-0.12742314,1.0764141,1]]},"identifier":"6BAD7D5D-D14A-EF93-1C8B-F6BEC80B8329","name":"Lenna"}},{"content":{"name":"Lenna","identifier":"6BAD7D5D-D14A-EF93-1C8B-F6BEC80B8329","transform":{"columns":[[-0.41809016,0.039423008,0.9075497,0],[-0.9083265,-0.0049601183,-0.41823256,0],[-0.011986379,-0.99921024,0.03788273,0],[1.0740932,-0.12742314,1.0764141,1]]}},"timestamp":1737480095.376246,"label":"ARImageAnchor didUpdate"},{"timestamp":1737480097.948699,"content":{"name":"Car","identifier":"FF85DBE1-76D3-E459-2D24-8EDCEE263300","transform":{"columns":[[-0.41340658,-0.023680829,0.91023844,0],[-0.91043246,-0.0050666896,-0.41362664,0],[0.014406927,-0.9997066,-0.019465182,0],[1.4287655,0.16635066,0.43837112,0.99999994]]}},"label":"ARImageAnchor didAdd"},{"label":"ARImageAnchor didUpdate","content":{"name":"Car","transform":{"columns":[[-0.41340658,-0.023680829,0.91023844,0],[-0.91043246,-0.0050666896,-0.41362664,0],[0.014406927,-0.9997066,-0.019465182,0],[1.4287655,0.16635066,0.43837112,0.99999994]]},"identifier":"FF85DBE1-76D3-E459-2D24-8EDCEE263300"},"timestamp":1737480097.9605021},{"content":{"transform":{"columns":[[0.8634166,0.008901992,0.50441295,0],[-0.5041631,-0.020848079,0.8633567,0],[0.018201664,-0.9997429,-0.013512562,0],[-0.29436523,-0.6046787,-0.2350578,1]]},"name":"Peppers","identifier":"61BB3DDD-C96C-6E82-3432-BD712CCBCB28"},"label":"ARImageAnchor didUpdate","timestamp":1737480105.790787},{"content":{"transform":{"columns":[[0.8634166,0.008901992,0.50441295,0],[-0.5041631,-0.020848079,0.8633567,0],[0.018201664,-0.9997429,-0.013512562,0],[-0.29436523,-0.6046787,-0.2350578,1]]},"name":"Peppers","identifier":"61BB3DDD-C96C-6E82-3432-BD712CCBCB28"},"label":"ARImageAnchor didUpdate","timestamp":1737480105.807695},{"label":"ARImageAnchor didUpdate","timestamp":1737480108.923563,"content":{"name":"Earth","transform":{"columns":[[0.92395884,-0.017080791,0.38211042,0],[-0.38232312,-0.0115632005,0.9239563,0],[-0.0113635,-0.99978715,-0.017214274,0],[-0.6417069,0.10550207,-1.0201398,1]]},"identifier":"088EF783-5990-B052-BE99-B8AA15BA6C68"}},{"timestamp":1737480108.949096,"label":"ARImageAnchor didUpdate","content":{"identifier":"088EF783-5990-B052-BE99-B8AA15BA6C68","name":"Earth","transform":{"columns":[[0.92395884,-0.017080791,0.38211042,0],[-0.38232312,-0.0115632005,0.9239563,0],[-0.0113635,-0.99978715,-0.017214274,0],[-0.6417069,0.10550207,-1.0201398,1]]}}}]