[{"label":"Application launched","timestamp":1737481783.295583},{"label":"Initialize ARViewModel","timestamp":1737481783.2958732},{"label":"Finished Initialize ARViewModel","timestamp":1737481783.2978358},{"timestamp":1737481783.2978911,"label":"Initialize RoomManager"},{"timestamp":1737481783.297905,"label":"Initialize BeaconManager"},{"timestamp":1737481783.297934,"label":"Fininshed Initialize BeaconManager"},{"label":"Fininshed Initialize RoomManager","timestamp":1737481783.2979488},{"timestamp":1737481783.297962,"label":"ContentView Initialize"},{"timestamp":1737481783.6790528,"label":"Tracking Limited","content":"Tracking is limited due to: initializing"},{"label":"Room Update","timestamp":1737481784.559842,"content":{"name":"Room w\/ the Table","id":"2D11FD77-5009-46EE-B13B-FEF68B77A669"}},{"content":{"id":"2D11FD77-5009-46EE-B13B-FEF68B77A669","name":"Room w\/ the Table"},"timestamp":1737481784.559887,"label":"Downloading WorldMap"},{"timestamp":1737481786.1918569,"label":"Finished Downloading WorldMap","content":{"id":"2D11FD77-5009-46EE-B13B-FEF68B77A669","name":"Room w\/ the Table"}},{"content":"Tracking is limited due to: initializing","timestamp":1737481786.413927,"label":"Tracking Limited"},{"content":"Tracking is limited due to: relocalizing","timestamp":1737481787.660351,"label":"Tracking Limited"},{"label":"Bunny didAdd","timestamp":1737481792.7945461,"content":{"identifier":"ABD555B5-FE7F-4BD0-ABEC-2F236636F0DC","name":"bunny","transform":{"columns":[[0.62148124,0.006974325,0.78339785,0],[-0.0015799401,0.99996924,-0.0076489975,0],[-0.78342724,0.0035159877,0.62147325,0],[-0.011414457,-0.4862724,-0.2254554,1]]}}},{"timestamp":1737481792.839882,"label":"Bunny didUpdate","content":{"identifier":"ABD555B5-FE7F-4BD0-ABEC-2F236636F0DC","transform":{"columns":[[0.6214812,0.006974324,0.78339773,0],[-0.0015799401,0.9999691,-0.0076489965,0],[-0.7834271,0.0035159872,0.6214732,0],[-0.011414457,-0.4862724,-0.2254554,1]]},"name":"bunny"}},{"label":"Tracking Available","content":{"extent":[8.114862,8.39764,5.8116007],"center":[-1.9787259,-3.696662,0.13428235]},"timestamp":1737481792.8458629},{"timestamp":1737481792.8464332,"label":"Tracking Limited","content":"Tracking is limited due to: initializing"},{"label":"Tracking Limited","content":"Tracking is limited due to: relocalizing","timestamp":1737481792.8793259},{"label":"ARImageAnchor didAdd","content":{"name":"Peppers","identifier":"61BB3DDD-C96C-6E82-3432-BD712CCBCB28","transform":{"columns":[[0.99992573,0.0072099576,-0.009805329,0],[0.009985343,-0.025377415,0.99962795,0],[0.00695843,-0.9996518,-0.025447566,0],[0.029442374,-0.72133493,-0.20469102,1.0000001]]}},"timestamp":1737481794.554916},{"content":{"transform":{"columns":[[0.99992573,0.0072099576,-0.009805329,0],[0.009985343,-0.025377415,0.99962795,0],[0.00695843,-0.9996518,-0.025447566,0],[0.029442374,-0.72133493,-0.20469102,1.0000001]]},"name":"Peppers","identifier":"61BB3DDD-C96C-6E82-3432-BD712CCBCB28"},"timestamp":1737481794.565566,"label":"ARImageAnchor didUpdate"},{"label":"ARImageAnchor didUpdate","content":{"transform":{"columns":[[0.9997042,0.007952338,-0.02297856,0],[0.023067744,-0.01131306,0.99966985,0],[0.007689759,-0.99990416,-0.011493281,0],[0.030182932,-0.7364306,-0.20762762,1]]},"identifier":"61BB3DDD-C96C-6E82-3432-BD712CCBCB28","name":"Peppers"},"timestamp":1737481795.081903},{"timestamp":1737481795.098805,"label":"ARImageAnchor didUpdate","content":{"transform":{"columns":[[0.9997042,0.007952338,-0.02297856,0],[0.023067744,-0.01131306,0.99966985,0],[0.007689759,-0.99990416,-0.011493281,0],[0.030182932,-0.7364306,-0.20762762,1]]},"name":"Peppers","identifier":"61BB3DDD-C96C-6E82-3432-BD712CCBCB28"}},{"label":"ARImageAnchor didUpdate","content":{"name":"Peppers","transform":{"columns":[[0.9999327,0.0062423516,-0.00977687,0],[0.00984439,-0.010883411,0.99989235,0],[0.006135269,-0.9999211,-0.01094432,0],[0.017575327,-0.7340318,-0.19215362,0.9999999]]},"identifier":"61BB3DDD-C96C-6E82-3432-BD712CCBCB28"},"timestamp":1737481796.845593},{"timestamp":1737481796.8456159,"label":"Bunny didUpdate","content":{"transform":{"columns":[[0.6214811,0.0069743237,0.7833977,0],[-0.0015799397,0.999969,-0.007648996,0],[-0.78342706,0.003515987,0.62147313,0],[-0.011414457,-0.4862724,-0.2254554,1]]},"identifier":"ABD555B5-FE7F-4BD0-ABEC-2F236636F0DC","name":"bunny"}},{"label":"Tracking Available","content":{"center":[-1.9787259,-3.696662,0.13428235],"extent":[8.114862,8.39764,5.8116007]},"timestamp":1737481796.918829},{"content":{"identifier":"61BB3DDD-C96C-6E82-3432-BD712CCBCB28","transform":{"columns":[[0.8805715,0.0093821185,0.4738206,0],[-0.4736823,-0.013793521,0.88058776,0],[0.014797465,-0.9998607,-0.0077020894,0],[-0.2819302,-0.5759597,-0.14137487,1]]},"name":"Peppers"},"timestamp":1737481798.748167,"label":"ARImageAnchor didUpdate"},{"label":"ARImageAnchor didUpdate","timestamp":1737481798.764672,"content":{"identifier":"61BB3DDD-C96C-6E82-3432-BD712CCBCB28","transform":{"columns":[[0.8805715,0.0093821185,0.4738206,0],[-0.4736823,-0.013793521,0.88058776,0],[0.014797465,-0.9998607,-0.0077020894,0],[-0.2819302,-0.5759597,-0.14137487,1]]},"name":"Peppers"}},{"timestamp":1737481801.89201,"content":{"identifier":"088EF783-5990-B052-BE99-B8AA15BA6C68","transform":{"columns":[[0.93673235,-0.018005976,0.34958315,0],[-0.34950587,0.0073738536,0.9369052,0],[-0.019447671,-0.9998106,0.00061408634,0],[-0.66820633,0.14389125,-0.8954185,1]]},"name":"Earth"},"label":"ARImageAnchor didAdd"},{"content":{"name":"Earth","identifier":"088EF783-5990-B052-BE99-B8AA15BA6C68","transform":{"columns":[[0.93673235,-0.018005976,0.34958315,0],[-0.34950587,0.0073738536,0.9369052,0],[-0.019447671,-0.9998106,0.00061408634,0],[-0.66820633,0.14389125,-0.8954185,1]]}},"timestamp":1737481801.921966,"label":"ARImageAnchor didUpdate"},{"timestamp":1737481806.0876179,"content":{"transform":{"columns":[[0.4486332,-0.0070353225,-0.89368826,0],[0.8936041,-0.012295366,0.44868773,0],[-0.014144885,-0.9998995,0.0007706773,0],[0.38946557,-0.63982904,0.04074429,1]]},"name":"Sailboat","identifier":"C35EAC54-3E90-1B97-807B-5E3B8F238DB7"},"label":"ARImageAnchor didAdd"},{"content":{"name":"Sailboat","identifier":"C35EAC54-3E90-1B97-807B-5E3B8F238DB7","transform":{"columns":[[0.4486332,-0.0070353225,-0.89368826,0],[0.8936041,-0.012295366,0.44868773,0],[-0.014144885,-0.9998995,0.0007706773,0],[0.38946557,-0.63982904,0.04074429,1]]}},"label":"ARImageAnchor didUpdate","timestamp":1737481806.1058412},{"timestamp":1737481811.887476,"label":"ARImageAnchor didAdd","content":{"transform":{"columns":[[0.92426354,0.011716064,0.38157526,0],[-0.38163975,0.052917436,0.9227951,0],[-0.009380446,-0.9985302,0.053380966,0],[0.76251966,0.86134535,-0.32551032,1]]},"name":"Mandrill","identifier":"A19C2489-597B-2BED-432C-244B551E75FD"}},{"timestamp":1737481811.905147,"label":"ARImageAnchor didUpdate","content":{"transform":{"columns":[[0.92426354,0.011716064,0.38157526,0],[-0.38163975,0.052917436,0.9227951,0],[-0.009380446,-0.9985302,0.053380966,0],[0.76251966,0.86134535,-0.32551032,1]]},"identifier":"A19C2489-597B-2BED-432C-244B551E75FD","name":"Mandrill"}},{"timestamp":1737481813.4872441,"label":"ARImageAnchor didAdd","content":{"transform":{"columns":[[-0.37084395,-0.02321111,0.9284052,0],[-0.9286921,0.006625263,-0.37079293,0],[0.0024555733,-0.9997086,-0.024012921,0],[1.4541444,0.1759297,0.43568206,1.0000001]]},"identifier":"FF85DBE1-76D3-E459-2D24-8EDCEE263300","name":"Car"}},{"content":{"identifier":"FF85DBE1-76D3-E459-2D24-8EDCEE263300","transform":{"columns":[[-0.37084395,-0.02321111,0.9284052,0],[-0.9286921,0.006625263,-0.37079293,0],[0.0024555733,-0.9997086,-0.024012921,0],[1.4541444,0.1759297,0.43568206,1.0000001]]},"name":"Car"},"label":"ARImageAnchor didUpdate","timestamp":1737481813.50521},{"label":"ARImageAnchor didAdd","timestamp":1737481815.570497,"content":{"name":"Lenna","identifier":"6BAD7D5D-D14A-EF93-1C8B-F6BEC80B8329","transform":{"columns":[[-0.3740944,0.03678212,0.926661,0],[-0.92736083,-0.006821316,-0.3741062,0],[-0.0074393107,-0.99929994,0.036662124,0],[1.1230388,-0.12171267,1.0705786,1]]}}},{"content":{"name":"Lenna","identifier":"6BAD7D5D-D14A-EF93-1C8B-F6BEC80B8329","transform":{"columns":[[-0.3740944,0.03678212,0.926661,0],[-0.92736083,-0.006821316,-0.3741062,0],[-0.0074393107,-0.99929994,0.036662124,0],[1.1230388,-0.12171267,1.0705786,1]]}},"timestamp":1737481815.5817251,"label":"ARImageAnchor didUpdate"}]