[{"timestamp":1737482403.279948,"label":"Application launched"},{"timestamp":1737482403.2812061,"label":"Initialize ARViewModel"},{"timestamp":1737482403.283752,"label":"Finished Initialize ARViewModel"},{"timestamp":1737482403.283782,"label":"Initialize RoomManager"},{"timestamp":1737482403.283787,"label":"Initialize BeaconManager"},{"label":"Fininshed Initialize BeaconManager","timestamp":1737482403.283801},{"timestamp":1737482403.2838058,"label":"Fininshed Initialize RoomManager"},{"label":"ContentView Initialize","timestamp":1737482403.2838101},{"content":"Tracking is limited due to: initializing","timestamp":1737482403.737249,"label":"Tracking Limited"},{"label":"Room Update","content":{"name":"Room w\/ the Table","id":"2D11FD77-5009-46EE-B13B-FEF68B77A669"},"timestamp":1737482404.595324},{"label":"Downloading WorldMap","timestamp":1737482404.595366,"content":{"id":"2D11FD77-5009-46EE-B13B-FEF68B77A669","name":"Room w\/ the Table"}},{"label":"Finished Downloading WorldMap","content":{"id":"2D11FD77-5009-46EE-B13B-FEF68B77A669","name":"Room w\/ the Table"},"timestamp":1737482406.6371598},{"content":"Tracking is limited due to: initializing","timestamp":1737482406.852148,"label":"Tracking Limited"},{"content":"Tracking is limited due to: relocalizing","label":"Tracking Limited","timestamp":1737482407.952361},{"timestamp":1737482410.07979,"label":"Bunny didAdd","content":{"identifier":"ABD555B5-FE7F-4BD0-ABEC-2F236636F0DC","transform":{"columns":[[0.62148124,0.006974325,0.78339785,0],[-0.0015799401,0.99996924,-0.0076489975,0],[-0.78342724,0.0035159877,0.62147325,0],[-0.011414457,-0.4862724,-0.2254554,1]]},"name":"bunny"}},{"timestamp":1737482410.121129,"label":"Bunny didUpdate","content":{"transform":{"columns":[[0.6214812,0.006974324,0.78339773,0],[-0.0015799401,0.9999691,-0.0076489965,0],[-0.7834271,0.0035159872,0.6214732,0],[-0.011414457,-0.4862724,-0.2254554,1]]},"name":"bunny","identifier":"ABD555B5-FE7F-4BD0-ABEC-2F236636F0DC"}},{"timestamp":1737482410.129179,"label":"Tracking Available","content":{"center":[-2.0825233,-3.696662,0.13428235],"extent":[7.9072676,8.39764,5.8116007]}},{"label":"Tracking Limited","content":"Tracking is limited due to: initializing","timestamp":1737482410.1368918},{"content":"Tracking is limited due to: relocalizing","label":"Tracking Limited","timestamp":1737482410.185601},{"label":"ARImageAnchor didAdd","content":{"identifier":"61BB3DDD-C96C-6E82-3432-BD712CCBCB28","transform":{"columns":[[0.99589765,0.01475873,0.08927482,0],[-0.08901444,-0.017449556,0.99587727,0],[0.016255675,-0.99973875,-0.016064113,0],[0.037448574,-0.76525766,-0.3332148,1]]},"name":"Peppers"},"timestamp":1737482416.5442429},{"timestamp":1737482416.5540252,"content":{"transform":{"columns":[[0.99589765,0.01475873,0.08927482,0],[-0.08901444,-0.017449556,0.99587727,0],[0.016255675,-0.99973875,-0.016064113,0],[0.037448574,-0.76525766,-0.3332148,1]]},"name":"Peppers","identifier":"61BB3DDD-C96C-6E82-3432-BD712CCBCB28"},"label":"ARImageAnchor didUpdate"},{"timestamp":1737482419.743981,"label":"ARImageAnchor didAdd","content":{"transform":{"columns":[[0.998237,-0.01785201,-0.056604754,0],[0.05613003,-0.026054922,0.99808323,0],[-0.01929263,-0.9995011,-0.02500694,0],[-0.61402804,-0.056667775,-0.8732156,1]]},"name":"Earth","identifier":"088EF783-5990-B052-BE99-B8AA15BA6C68"}},{"timestamp":1737482419.751862,"label":"ARImageAnchor didUpdate","content":{"identifier":"088EF783-5990-B052-BE99-B8AA15BA6C68","transform":{"columns":[[0.998237,-0.01785201,-0.056604754,0],[0.05613003,-0.026054922,0.99808323,0],[-0.01929263,-0.9995011,-0.02500694,0],[-0.61402804,-0.056667775,-0.8732156,1]]},"name":"Earth"}},{"label":"ARImageAnchor didUpdate","content":{"identifier":"61BB3DDD-C96C-6E82-3432-BD712CCBCB28","transform":{"columns":[[0.97916573,0.017128976,0.20233917,0],[-0.20086984,-0.064344436,0.9775024,0],[0.029762954,-0.9977805,-0.0595631,0],[0.12363152,-0.73513496,-0.38821962,0.99999976]]},"name":"Peppers"},"timestamp":1737482423.853726},{"timestamp":1737482423.85378,"label":"ARImageAnchor didUpdate","content":{"name":"Earth","identifier":"088EF783-5990-B052-BE99-B8AA15BA6C68","transform":{"columns":[[0.99837446,-0.008643861,0.056337226,0],[-0.056814898,-0.072089806,0.99577856,0],[-0.0045460784,-0.9973606,-0.072463766,0],[-0.47090277,-0.0064841,-0.9659039,0.99999976]]}}},{"timestamp":1737482423.8537889,"label":"Bunny didUpdate","content":{"name":"bunny","identifier":"ABD555B5-FE7F-4BD0-ABEC-2F236636F0DC","transform":{"columns":[[0.6214811,0.0069743237,0.7833977,0],[-0.0015799397,0.999969,-0.007648996,0],[-0.78342706,0.003515987,0.62147313,0],[-0.011414457,-0.4862724,-0.2254554,1]]}}},{"timestamp":1737482423.942111,"content":{"extent":[7.9072676,8.39764,5.8116007],"center":[-2.0825233,-3.696662,0.13428235]},"label":"Tracking Available"},{"timestamp":1737482429.043489,"label":"ARImageAnchor didAdd","content":{"name":"Mandrill","identifier":"A19C2489-597B-2BED-432C-244B551E75FD","transform":{"columns":[[0.9245813,0.01526555,0.3806789,0],[-0.38098294,0.03392268,0.92395955,0],[0.0011911097,-0.9993078,0.037180178,0],[0.7763632,0.8518933,-0.30753496,0.99999994]]}}},{"timestamp":1737482429.0525908,"label":"ARImageAnchor didUpdate","content":{"name":"Mandrill","transform":{"columns":[[0.9245813,0.01526555,0.3806789,0],[-0.38098294,0.03392268,0.92395955,0],[0.0011911097,-0.9993078,0.037180178,0],[0.7763632,0.8518933,-0.30753496,0.99999994]]},"identifier":"A19C2489-597B-2BED-432C-244B551E75FD"}},{"content":{"transform":{"columns":[[0.47538182,-0.0071340743,-0.87975067,0],[0.8797744,0.0004081199,0.47539133,0],[-0.003032504,-0.9999743,0.0064703883,0],[0.404368,-0.65363044,0.047805235,0.99999994]]},"name":"Sailboat","identifier":"C35EAC54-3E90-1B97-807B-5E3B8F238DB7"},"timestamp":1737482431.10996,"label":"ARImageAnchor didAdd"},{"timestamp":1737482431.119226,"label":"ARImageAnchor didUpdate","content":{"identifier":"C35EAC54-3E90-1B97-807B-5E3B8F238DB7","name":"Sailboat","transform":{"columns":[[0.47538182,-0.0071340743,-0.87975067,0],[0.8797744,0.0004081199,0.47539133,0],[-0.003032504,-0.9999743,0.0064703883,0],[0.404368,-0.65363044,0.047805235,0.99999994]]}}},{"timestamp":1737482433.1765041,"content":{"name":"Car","identifier":"FF85DBE1-76D3-E459-2D24-8EDCEE263300","transform":{"columns":[[-0.40624502,-0.020491868,0.9135344,0],[-0.91363555,-0.0076673264,-0.406462,0],[0.015333541,-0.9997605,-0.015607324,0],[1.445687,0.17071228,0.47476944,1]]}},"label":"ARImageAnchor didAdd"},{"content":{"transform":{"columns":[[-0.40624502,-0.020491868,0.9135344,0],[-0.91363555,-0.0076673264,-0.406462,0],[0.015333541,-0.9997605,-0.015607324,0],[1.445687,0.17071228,0.47476944,1]]},"name":"Car","identifier":"FF85DBE1-76D3-E459-2D24-8EDCEE263300"},"label":"ARImageAnchor didUpdate","timestamp":1737482433.1880221},{"label":"ARImageAnchor didAdd","timestamp":1737482435.243078,"content":{"identifier":"6BAD7D5D-D14A-EF93-1C8B-F6BEC80B8329","name":"Lenna","transform":{"columns":[[-0.40765703,0.042309377,0.91215444,0],[-0.9130971,-0.009765259,-0.4076254,0],[-0.008338914,-0.99905676,0.04261345,0],[1.1118318,-0.1294137,1.106055,0.99999994]]}}},{"label":"ARImageAnchor didUpdate","content":{"identifier":"6BAD7D5D-D14A-EF93-1C8B-F6BEC80B8329","transform":{"columns":[[-0.40765703,0.042309377,0.91215444,0],[-0.9130971,-0.009765259,-0.4076254,0],[-0.008338914,-0.99905676,0.04261345,0],[1.1118318,-0.1294137,1.106055,0.99999994]]},"name":"Lenna"},"timestamp":1737482435.2531319},{"content":{"transform":{"columns":[[0.8718231,0.008896874,0.48974016,0],[-0.48948643,-0.021123113,0.87175494,0],[0.018100733,-0.99973726,-0.014060677,0],[-0.26627377,-0.6072954,-0.17255595,1]]},"name":"Peppers","identifier":"61BB3DDD-C96C-6E82-3432-BD712CCBCB28"},"timestamp":1737482439.3844562,"label":"ARImageAnchor didUpdate"},{"label":"ARImageAnchor didUpdate","content":{"name":"Peppers","identifier":"61BB3DDD-C96C-6E82-3432-BD712CCBCB28","transform":{"columns":[[0.8718231,0.008896874,0.48974016,0],[-0.48948643,-0.021123113,0.87175494,0],[0.018100733,-0.99973726,-0.014060677,0],[-0.26627377,-0.6072954,-0.17255595,1]]}},"timestamp":1737482439.417361},{"content":{"name":"Earth","transform":{"columns":[[0.93408704,-0.018103927,0.3565863,0],[-0.3567117,-0.0041397545,0.9342054,0],[-0.015436607,-0.9998274,-0.010324827,0],[-0.6216834,0.098595366,-0.9674931,1]]},"identifier":"088EF783-5990-B052-BE99-B8AA15BA6C68"},"timestamp":1737482442.483729,"label":"ARImageAnchor didUpdate"},{"timestamp":1737482442.517612,"content":{"name":"Earth","transform":{"columns":[[0.93408704,-0.018103927,0.3565863,0],[-0.3567117,-0.0041397545,0.9342054,0],[-0.015436607,-0.9998274,-0.010324827,0],[-0.6216834,0.098595366,-0.9674931,1]]},"identifier":"088EF783-5990-B052-BE99-B8AA15BA6C68"},"label":"ARImageAnchor didUpdate"}]