[{"label":"Application launched","timestamp":1737482715.431909},{"timestamp":1737482715.431982,"label":"Initialize ARViewModel"},{"label":"Finished Initialize ARViewModel","timestamp":1737482715.434118},{"timestamp":1737482715.4341822,"label":"Initialize RoomManager"},{"label":"Initialize BeaconManager","timestamp":1737482715.434201},{"label":"Fininshed Initialize BeaconManager","timestamp":1737482715.434252},{"label":"Fininshed Initialize RoomManager","timestamp":1737482715.434273},{"label":"ContentView Initialize","timestamp":1737482715.434286},{"timestamp":1737482715.877543,"label":"Tracking Limited","content":"Tracking is limited due to: initializing"},{"timestamp":1737482716.756504,"content":{"id":"2D11FD77-5009-46EE-B13B-FEF68B77A669","name":"Room w\/ the Table"},"label":"Room Update"},{"label":"Downloading WorldMap","timestamp":1737482716.756575,"content":{"name":"Room w\/ the Table","id":"2D11FD77-5009-46EE-B13B-FEF68B77A669"}},{"timestamp":1737482716.812222,"content":"Tracking is limited due to: excessiveMotion","label":"Tracking Limited"},{"content":{"id":"2D11FD77-5009-46EE-B13B-FEF68B77A669","name":"Room w\/ the Table"},"timestamp":1737482718.655416,"label":"Finished Downloading WorldMap"},{"content":"Tracking is limited due to: initializing","timestamp":1737482718.880439,"label":"Tracking Limited"},{"label":"Tracking Limited","content":"Tracking is limited due to: relocalizing","timestamp":1737482719.928681},{"content":{"name":"bunny","identifier":"ABD555B5-FE7F-4BD0-ABEC-2F236636F0DC","transform":{"columns":[[0.62148124,0.006974325,0.78339785,0],[-0.0015799401,0.99996924,-0.0076489975,0],[-0.78342724,0.0035159877,0.62147325,0],[-0.011414457,-0.4862724,-0.2254554,1]]}},"timestamp":1737482725.179153,"label":"Bunny didAdd"},{"label":"Bunny didUpdate","timestamp":1737482725.215251,"content":{"identifier":"ABD555B5-FE7F-4BD0-ABEC-2F236636F0DC","transform":{"columns":[[0.6214812,0.006974324,0.78339773,0],[-0.0015799401,0.9999691,-0.0076489965,0],[-0.7834271,0.0035159872,0.6214732,0],[-0.011414457,-0.4862724,-0.2254554,1]]},"name":"bunny"}},{"timestamp":1737482725.238024,"label":"Tracking Available","content":{"extent":[7.9072676,8.39764,5.8116007],"center":[-2.0825233,-3.696662,0.13428235]}},{"label":"Tracking Limited","content":"Tracking is limited due to: initializing","timestamp":1737482725.240859},{"timestamp":1737482725.2776551,"label":"Tracking Limited","content":"Tracking is limited due to: relocalizing"},{"label":"Bunny didUpdate","content":{"transform":{"columns":[[0.6214811,0.0069743237,0.7833977,0],[-0.0015799397,0.999969,-0.007648996,0],[-0.78342706,0.003515987,0.62147313,0],[-0.011414457,-0.4862724,-0.2254554,1]]},"identifier":"ABD555B5-FE7F-4BD0-ABEC-2F236636F0DC","name":"bunny"},"timestamp":1737482728.7117891},{"label":"Tracking Available","timestamp":1737482728.807086,"content":{"center":[-2.0825233,-3.696662,0.13428235],"extent":[7.9072676,8.39764,5.8116007]}},{"timestamp":1737482730.586742,"label":"ARImageAnchor didAdd","content":{"identifier":"61BB3DDD-C96C-6E82-3432-BD712CCBCB28","transform":{"columns":[[0.870992,0.017958436,0.490969,0],[-0.49068707,-0.017994845,0.87114996,0],[0.024479385,-0.9996767,-0.0068613775,0],[-0.2990716,-0.592193,-0.16506922,0.9999999]]},"name":"Peppers"}},{"label":"ARImageAnchor didUpdate","content":{"identifier":"61BB3DDD-C96C-6E82-3432-BD712CCBCB28","transform":{"columns":[[0.870992,0.017958436,0.490969,0],[-0.49068707,-0.017994845,0.87114996,0],[0.024479385,-0.9996767,-0.0068613775,0],[-0.2990716,-0.592193,-0.16506922,0.9999999]]},"name":"Peppers"},"timestamp":1737482730.614126},{"content":{"identifier":"088EF783-5990-B052-BE99-B8AA15BA6C68","transform":{"columns":[[0.9319576,-0.013365608,0.36232108,0],[-0.36255988,-0.027879667,0.93154347,0],[-0.0023492493,-0.99952185,-0.03082852,0],[-0.6785874,0.12010911,-0.91332006,1.0000001]]},"name":"Earth"},"label":"ARImageAnchor didAdd","timestamp":1737482732.686779},{"content":{"transform":{"columns":[[0.9319576,-0.013365608,0.36232108,0],[-0.36255988,-0.027879667,0.93154347,0],[-0.0023492493,-0.99952185,-0.03082852,0],[-0.6785874,0.12010911,-0.91332006,1.0000001]]},"name":"Earth","identifier":"088EF783-5990-B052-BE99-B8AA15BA6C68"},"timestamp":1737482732.695547,"label":"ARImageAnchor didUpdate"},{"label":"ARImageAnchor didUpdate","timestamp":1737482733.221189,"content":{"name":"Earth","identifier":"088EF783-5990-B052-BE99-B8AA15BA6C68","transform":{"columns":[[0.92732996,-0.012645979,0.3740312,0],[-0.37422696,-0.021547616,0.92708683,0],[-0.0036644372,-0.9996878,-0.02471422,0],[-0.67311406,0.12211313,-0.907354,1]]}}},{"timestamp":1737482733.2271252,"label":"ARImageAnchor didUpdate","content":{"transform":{"columns":[[0.92732996,-0.012645979,0.3740312,0],[-0.37422696,-0.021547616,0.92708683,0],[-0.0036644372,-0.9996878,-0.02471422,0],[-0.67311406,0.12211313,-0.907354,1]]},"name":"Earth","identifier":"088EF783-5990-B052-BE99-B8AA15BA6C68"}},{"content":{"name":"Sailboat","identifier":"C35EAC54-3E90-1B97-807B-5E3B8F238DB7","transform":{"columns":[[0.4733828,-0.0031121196,-0.8808513,0],[0.8808521,-0.0015789082,0.47338882,0],[-0.002864036,-0.9999938,0.001993915,0],[0.3810384,-0.6539087,0.043308556,0.99999994]]}},"timestamp":1737482737.3879042,"label":"ARImageAnchor didAdd"},{"timestamp":1737482737.395508,"content":{"transform":{"columns":[[0.4733828,-0.0031121196,-0.8808513,0],[0.8808521,-0.0015789082,0.47338882,0],[-0.002864036,-0.9999938,0.001993915,0],[0.3810384,-0.6539087,0.043308556,0.99999994]]},"name":"Sailboat","identifier":"C35EAC54-3E90-1B97-807B-5E3B8F238DB7"},"label":"ARImageAnchor didUpdate"},{"timestamp":1737482741.6696901,"label":"ARImageAnchor didAdd","content":{"name":"Mandrill","identifier":"A19C2489-597B-2BED-432C-244B551E75FD","transform":{"columns":[[0.919268,0.018843565,0.393181,0],[-0.3936051,0.05572554,0.917589,0],[-0.004619575,-0.9982681,0.058643628,0],[0.7530117,0.85450214,-0.32454884,0.99999994]]}}},{"timestamp":1737482741.686913,"content":{"transform":{"columns":[[0.919268,0.018843565,0.393181,0],[-0.3936051,0.05572554,0.917589,0],[-0.004619575,-0.9982681,0.058643628,0],[0.7530117,0.85450214,-0.32454884,0.99999994]]},"name":"Mandrill","identifier":"A19C2489-597B-2BED-432C-244B551E75FD"},"label":"ARImageAnchor didUpdate"},{"content":{"transform":{"columns":[[-0.3987021,-0.012226236,0.91699886,0],[-0.91705894,0.0121583585,-0.39856616,0],[-0.0062762513,-0.99985117,-0.016059749,0],[1.4328287,0.17388141,0.4623464,0.9999999]]},"name":"Car","identifier":"FF85DBE1-76D3-E459-2D24-8EDCEE263300"},"timestamp":1737482743.252849,"label":"ARImageAnchor didAdd"},{"timestamp":1737482743.2619991,"content":{"name":"Car","identifier":"FF85DBE1-76D3-E459-2D24-8EDCEE263300","transform":{"columns":[[-0.3987021,-0.012226236,0.91699886,0],[-0.91705894,0.0121583585,-0.39856616,0],[-0.0062762513,-0.99985117,-0.016059749,0],[1.4328287,0.17388141,0.4623464,0.9999999]]}},"label":"ARImageAnchor didUpdate"},{"timestamp":1737482743.779835,"label":"ARImageAnchor didUpdate","content":{"name":"Car","transform":{"columns":[[-0.42064872,-0.011272133,0.9071536,0],[-0.90722096,0.0027834792,-0.4206454,0],[0.0022165515,-0.9999325,-0.011397178,0],[1.4259417,0.18059352,0.45784646,1]]},"identifier":"FF85DBE1-76D3-E459-2D24-8EDCEE263300"}},{"label":"ARImageAnchor didUpdate","content":{"transform":{"columns":[[-0.42064872,-0.011272133,0.9071536,0],[-0.90722096,0.0027834792,-0.4206454,0],[0.0022165515,-0.9999325,-0.011397178,0],[1.4259417,0.18059352,0.45784646,1]]},"name":"Car","identifier":"FF85DBE1-76D3-E459-2D24-8EDCEE263300"},"timestamp":1737482743.7962642},{"timestamp":1737482745.8705912,"content":{"name":"Lenna","identifier":"6BAD7D5D-D14A-EF93-1C8B-F6BEC80B8329","transform":{"columns":[[-0.4011243,0.045161918,0.91490984,0],[-0.91595197,-0.0072712833,-0.40122232,0],[-0.011467347,-0.9989532,0.04428284,0],[1.0809815,-0.11106293,1.0797548,1]]}},"label":"ARImageAnchor didAdd"},{"timestamp":1737482745.878201,"content":{"transform":{"columns":[[-0.4011243,0.045161918,0.91490984,0],[-0.91595197,-0.0072712833,-0.40122232,0],[-0.011467347,-0.9989532,0.04428284,0],[1.0809815,-0.11106293,1.0797548,1]]},"name":"Lenna","identifier":"6BAD7D5D-D14A-EF93-1C8B-F6BEC80B8329"},"label":"ARImageAnchor didUpdate"}]