[{"timestamp":1737481418.809057,"label":"Application launched"},{"timestamp":1737481418.809157,"label":"Initialize ARViewModel"},{"timestamp":1737481418.8106508,"label":"Finished Initialize ARViewModel"},{"label":"Initialize RoomManager","timestamp":1737481418.810666},{"timestamp":1737481418.810672,"label":"Initialize BeaconManager"},{"label":"Fininshed Initialize BeaconManager","timestamp":1737481418.810687},{"label":"Fininshed Initialize RoomManager","timestamp":1737481418.810693},{"label":"ContentView Initialize","timestamp":1737481418.810697},{"timestamp":1737481419.175498,"label":"Tracking Not Available"},{"label":"Tracking Limited","timestamp":1737481419.191383,"content":"Tracking is limited due to: initializing"},{"timestamp":1737481420.657106,"content":{"id":"2D11FD77-5009-46EE-B13B-FEF68B77A669","name":"Room w\/ the Table"},"label":"Room Update"},{"timestamp":1737481420.657155,"label":"Downloading WorldMap","content":{"id":"2D11FD77-5009-46EE-B13B-FEF68B77A669","name":"Room w\/ the Table"}},{"content":{"id":"2D11FD77-5009-46EE-B13B-FEF68B77A669","name":"Room w\/ the Table"},"timestamp":1737481423.578289,"label":"Finished Downloading WorldMap"},{"label":"Tracking Limited","timestamp":1737481423.792381,"content":"Tracking is limited due to: initializing"},{"timestamp":1737481424.908349,"content":"Tracking is limited due to: relocalizing","label":"Tracking Limited"},{"timestamp":1737481428.261979,"label":"Bunny didAdd","content":{"name":"bunny","transform":{"columns":[[0.62148124,0.006974325,0.78339785,0],[-0.0015799401,0.99996924,-0.0076489975,0],[-0.78342724,0.0035159877,0.62147325,0],[-0.011414457,-0.4862724,-0.2254554,1]]},"identifier":"ABD555B5-FE7F-4BD0-ABEC-2F236636F0DC"}},{"timestamp":1737481428.299438,"content":{"identifier":"ABD555B5-FE7F-4BD0-ABEC-2F236636F0DC","transform":{"columns":[[0.6214812,0.006974324,0.78339773,0],[-0.0015799401,0.9999691,-0.0076489965,0],[-0.7834271,0.0035159872,0.6214732,0],[-0.011414457,-0.4862724,-0.2254554,1]]},"name":"bunny"},"label":"Bunny didUpdate"},{"timestamp":1737481428.321362,"label":"Tracking Available","content":{"extent":[7.9072676,8.39764,5.8116007],"center":[-2.0825233,-3.696662,0.13428235]}},{"timestamp":1737481428.324913,"label":"Tracking Limited","content":"Tracking is limited due to: initializing"},{"label":"Tracking Limited","content":"Tracking is limited due to: relocalizing","timestamp":1737481428.360711},{"timestamp":1737481436.084299,"label":"ARImageAnchor didAdd","content":{"identifier":"61BB3DDD-C96C-6E82-3432-BD712CCBCB28","transform":{"columns":[[0.98175704,0.0066672405,0.19002226,0],[-0.18988469,-0.017318098,0.9816536,0],[0.009835733,-0.99982756,-0.015736226,0],[-0.49992308,-0.7086823,-0.22618085,1]]},"name":"Peppers"}},{"content":{"transform":{"columns":[[0.98175704,0.0066672405,0.19002226,0],[-0.18988469,-0.017318098,0.9816536,0],[0.009835733,-0.99982756,-0.015736226,0],[-0.49992308,-0.7086823,-0.22618085,1]]},"name":"Peppers","identifier":"61BB3DDD-C96C-6E82-3432-BD712CCBCB28"},"label":"ARImageAnchor didUpdate","timestamp":1737481436.095398},{"content":{"identifier":"088EF783-5990-B052-BE99-B8AA15BA6C68","name":"Earth","transform":{"columns":[[0.9982341,-0.021365728,0.055426434,0],[-0.05589422,-0.02195379,0.9981953,0],[-0.020110345,-0.99953055,-0.023109293,0],[-1.0925566,0.0035399199,-0.83823323,1]]}},"timestamp":1737481439.736052,"label":"ARImageAnchor didAdd"},{"timestamp":1737481439.769436,"label":"ARImageAnchor didUpdate","content":{"transform":{"columns":[[0.9982341,-0.021365728,0.055426434,0],[-0.05589422,-0.02195379,0.9981953,0],[-0.020110345,-0.99953055,-0.023109293,0],[-1.0925566,0.0035399199,-0.83823323,1]]},"name":"Earth","identifier":"088EF783-5990-B052-BE99-B8AA15BA6C68"}},{"timestamp":1737481447.102541,"label":"ARImageAnchor didAdd","content":{"transform":{"columns":[[0.99647033,0.008751924,0.08348861,0],[-0.08368737,0.025543194,0.9961646,0],[0.006585788,-0.99963534,0.026185477,0],[0.45297354,0.7279918,-0.68315816,1]]},"identifier":"A19C2489-597B-2BED-432C-244B551E75FD","name":"Mandrill"}},{"label":"ARImageAnchor didUpdate","content":{"identifier":"A19C2489-597B-2BED-432C-244B551E75FD","transform":{"columns":[[0.99647033,0.008751924,0.08348861,0],[-0.08368737,0.025543194,0.9961646,0],[0.006585788,-0.99963534,0.026185477,0],[0.45297354,0.7279918,-0.68315816,1]]},"name":"Mandrill"},"timestamp":1737481447.1080651},{"timestamp":1737481451.416858,"label":"ARImageAnchor didAdd","content":{"name":"Sailboat","identifier":"C35EAC54-3E90-1B97-807B-5E3B8F238DB7","transform":{"columns":[[0.16542372,-0.011918285,-0.98615056,0],[0.98616457,-0.008848644,0.16553295,0],[-0.010698981,-0.9998898,0.010289628,0],[0.21404676,-0.77095336,-0.21751805,1.0000001]]}}},{"timestamp":1737481451.4249558,"label":"ARImageAnchor didUpdate","content":{"transform":{"columns":[[0.16542372,-0.011918285,-0.98615056,0],[0.98616457,-0.008848644,0.16553295,0],[-0.010698981,-0.9998898,0.010289628,0],[0.21404676,-0.77095336,-0.21751805,1.0000001]]},"name":"Sailboat","identifier":"C35EAC54-3E90-1B97-807B-5E3B8F238DB7"}},{"timestamp":1737481453.483319,"label":"ARImageAnchor didAdd","content":{"identifier":"FF85DBE1-76D3-E459-2D24-8EDCEE263300","name":"Car","transform":{"columns":[[-0.073289804,-0.015992304,0.9971825,0],[-0.99729645,0.006509911,-0.07319379,0],[-0.0053210277,-0.99985087,-0.016426187,0],[1.3422313,0.038919672,-0.15508369,1.0000001]]}}},{"timestamp":1737481453.4931479,"content":{"identifier":"FF85DBE1-76D3-E459-2D24-8EDCEE263300","name":"Car","transform":{"columns":[[-0.073289804,-0.015992304,0.9971825,0],[-0.99729645,0.006509911,-0.07319379,0],[-0.0053210277,-0.99985087,-0.016426187,0],[1.3422313,0.038919672,-0.15508369,1.0000001]]}},"label":"ARImageAnchor didUpdate"},{"label":"ARImageAnchor didUpdate","timestamp":1737481454.49152,"content":{"transform":{"columns":[[-0.090385735,-0.020479722,0.9956963,0],[-0.9959027,0.00473463,-0.09030709,0],[-0.002864767,-0.99977905,-0.020823756,0],[1.3425465,0.043140657,-0.14412524,1.0000001]]},"name":"Car","identifier":"FF85DBE1-76D3-E459-2D24-8EDCEE263300"}},{"content":{"identifier":"FF85DBE1-76D3-E459-2D24-8EDCEE263300","name":"Car","transform":{"columns":[[-0.090385735,-0.020479722,0.9956963,0],[-0.9959027,0.00473463,-0.09030709,0],[-0.002864767,-0.99977905,-0.020823756,0],[1.3425465,0.043140657,-0.14412524,1.0000001]]}},"timestamp":1737481454.5249782,"label":"ARImageAnchor didUpdate"},{"content":{"name":"Sailboat","transform":{"columns":[[0.15508743,-0.0100552,-0.98784953,0],[0.9878183,-0.011345614,0.15519804,0],[-0.012768315,-0.9998851,0.008173126,0],[0.22256252,-0.7682002,-0.20878744,1.0000001]]},"identifier":"C35EAC54-3E90-1B97-807B-5E3B8F238DB7"},"label":"ARImageAnchor didUpdate","timestamp":1737481456.524092},{"timestamp":1737481456.524117,"label":"ARImageAnchor didUpdate","content":{"name":"Peppers","transform":{"columns":[[0.98370063,0.004124576,0.17976658,0],[-0.17965765,-0.019118225,0.9835433,0],[0.0074935113,-0.9998085,-0.018065702,0],[-0.49132168,-0.7043719,-0.20984977,1]]},"identifier":"61BB3DDD-C96C-6E82-3432-BD712CCBCB28"}},{"timestamp":1737481456.524123,"content":{"transform":{"columns":[[0.99870974,-0.023640838,0.044943795,0],[-0.045512117,-0.024079774,0.9986735,0],[-0.02252723,-0.9994304,-0.025124736,0],[-1.0887636,0.010501023,-0.8140872,1]]},"name":"Earth","identifier":"088EF783-5990-B052-BE99-B8AA15BA6C68"},"label":"ARImageAnchor didUpdate"},{"timestamp":1737481456.524129,"label":"ARImageAnchor didUpdate","content":{"name":"Mandrill","identifier":"A19C2489-597B-2BED-432C-244B551E75FD","transform":{"columns":[[0.9973048,0.0064173136,0.07308989,0],[-0.07322144,0.023481423,0.9970392,0],[0.0046820664,-0.99970365,0.023888003,0],[0.45987603,0.7312709,-0.6735583,1]]}}},{"label":"ARImageAnchor didUpdate","timestamp":1737481456.5241342,"content":{"identifier":"FF85DBE1-76D3-E459-2D24-8EDCEE263300","transform":{"columns":[[-0.08002457,-0.022525785,0.99653846,0],[-0.9967791,0.0070832977,-0.07988388,0],[-0.005259304,-0.99972117,-0.023020107,0],[1.3535374,0.043293554,-0.14537828,1.0000001]]},"name":"Car"}},{"label":"Bunny didUpdate","content":{"identifier":"ABD555B5-FE7F-4BD0-ABEC-2F236636F0DC","transform":{"columns":[[0.6214811,0.0069743237,0.7833977,0],[-0.0015799397,0.999969,-0.007648996,0],[-0.78342706,0.003515987,0.62147313,0],[-0.011414457,-0.4862724,-0.2254554,1]]},"name":"bunny"},"timestamp":1737481456.52414},{"content":{"name":"Lenna","identifier":"6BAD7D5D-D14A-EF93-1C8B-F6BEC80B8329","transform":{"columns":[[-0.07919143,0.03708594,0.99616927,0],[-0.99684346,-0.008616451,-0.078924276,0],[0.0056564617,-0.99927485,0.03765124,0],[1.2411624,-0.25330845,0.55143,0.99999994]]}},"timestamp":1737481456.583328,"label":"ARImageAnchor didAdd"},{"content":{"name":"Lenna","identifier":"6BAD7D5D-D14A-EF93-1C8B-F6BEC80B8329","transform":{"columns":[[-0.07919143,0.03708594,0.99616927,0],[-0.99684346,-0.008616451,-0.078924276,0],[0.0056564617,-0.99927485,0.03765124,0],[1.2411624,-0.25330845,0.55143,0.99999994]]}},"label":"ARImageAnchor didUpdate","timestamp":1737481456.592705},{"label":"Tracking Available","timestamp":1737481456.603435,"content":{"extent":[7.9072676,8.781446,5.8116007],"center":[-2.0825233,-3.5047588,0.13428235]}},{"timestamp":1737481457.593031,"content":{"identifier":"6BAD7D5D-D14A-EF93-1C8B-F6BEC80B8329","transform":{"columns":[[-0.38638237,0.036295652,0.92162424,0],[-0.9223046,-0.0066203647,-0.386407,0],[-0.0079234755,-0.99931914,0.036033623,0],[1.1238816,-0.13230401,1.071962,1]]},"name":"Lenna"},"label":"ARImageAnchor didUpdate"},{"timestamp":1737481457.625174,"label":"ARImageAnchor didUpdate","content":{"name":"Lenna","transform":{"columns":[[-0.38638237,0.036295652,0.92162424,0],[-0.9223046,-0.0066203647,-0.386407,0],[-0.0079234755,-0.99931914,0.036033623,0],[1.1238816,-0.13230401,1.071962,1]]},"identifier":"6BAD7D5D-D14A-EF93-1C8B-F6BEC80B8329"}},{"content":{"name":"Peppers","transform":{"columns":[[0.8829729,0.0070206164,0.46937153,0],[-0.4691903,-0.018345099,0.88290644,0],[0.014809201,-0.99980694,-0.012904173,0],[-0.28071877,-0.58406657,-0.16825736,0.99999994]]},"identifier":"61BB3DDD-C96C-6E82-3432-BD712CCBCB28"},"label":"ARImageAnchor didUpdate","timestamp":1737481467.9220362},{"timestamp":1737481467.957477,"label":"ARImageAnchor didUpdate","content":{"identifier":"61BB3DDD-C96C-6E82-3432-BD712CCBCB28","name":"Peppers","transform":{"columns":[[0.8829729,0.0070206164,0.46937153,0],[-0.4691903,-0.018345099,0.88290644,0],[0.014809201,-0.99980694,-0.012904173,0],[-0.28071877,-0.58406657,-0.16825736,0.99999994]]}}},{"content":{"name":"Sailboat","identifier":"C35EAC54-3E90-1B97-807B-5E3B8F238DB7","transform":{"columns":[[0.44969928,-0.00791179,-0.893145,0],[0.89313865,-0.005649529,0.44974616,0],[-0.008604094,-0.9999527,0.0045257797,0],[0.39553183,-0.6432561,0.032496512,1.0000001]]}},"timestamp":1737481471.02655,"label":"ARImageAnchor didUpdate"},{"content":{"name":"Sailboat","identifier":"C35EAC54-3E90-1B97-807B-5E3B8F238DB7","transform":{"columns":[[0.44969928,-0.00791179,-0.893145,0],[0.89313865,-0.005649529,0.44974616,0],[-0.008604094,-0.9999527,0.0045257797,0],[0.39553183,-0.6432561,0.032496512,1.0000001]]}},"label":"ARImageAnchor didUpdate","timestamp":1737481471.059458},{"content":{"identifier":"A19C2489-597B-2BED-432C-244B551E75FD","transform":{"columns":[[0.9286913,0.012988301,0.37062624,0],[-0.37083572,0.042373214,0.92773134,0],[-0.0036549657,-0.99901736,0.04416815,0],[0.75732315,0.84809065,-0.3438296,1]]},"name":"Mandrill"},"timestamp":1737481476.225165,"label":"ARImageAnchor didUpdate"},{"timestamp":1737481476.2581391,"label":"ARImageAnchor didUpdate","content":{"name":"Mandrill","transform":{"columns":[[0.9286913,0.012988301,0.37062624,0],[-0.37083572,0.042373214,0.92773134,0],[-0.0036549657,-0.99901736,0.04416815,0],[0.75732315,0.84809065,-0.3438296,1]]},"identifier":"A19C2489-597B-2BED-432C-244B551E75FD"}},{"content":{"transform":{"columns":[[-0.37904626,-0.022380354,0.92510706,0],[-0.9253161,-0.0023708025,-0.37918925,0],[0.010679654,-0.9997467,-0.019810267,0],[1.4475294,0.16170171,0.42640707,1]]},"name":"Car","identifier":"FF85DBE1-76D3-E459-2D24-8EDCEE263300"},"timestamp":1737481479.325646,"label":"ARImageAnchor didUpdate"},{"label":"ARImageAnchor didUpdate","content":{"transform":{"columns":[[-0.37904626,-0.022380354,0.92510706,0],[-0.9253161,-0.0023708025,-0.37918925,0],[0.010679654,-0.9997467,-0.019810267,0],[1.4475294,0.16170171,0.42640707,1]]},"identifier":"FF85DBE1-76D3-E459-2D24-8EDCEE263300","name":"Car"},"timestamp":1737481479.3555279},{"timestamp":1737481482.4262838,"label":"ARImageAnchor didUpdate","content":{"identifier":"6BAD7D5D-D14A-EF93-1C8B-F6BEC80B8329","name":"Lenna","transform":{"columns":[[-0.37882045,0.034321122,0.9248334,0],[-0.92540675,-0.0023417391,-0.37896827,0],[-0.010840854,-0.99940807,0.032648116,0],[1.1102533,-0.13561516,1.0645738,1]]}}},{"label":"ARImageAnchor didUpdate","content":{"identifier":"6BAD7D5D-D14A-EF93-1C8B-F6BEC80B8329","transform":{"columns":[[-0.37882045,0.034321122,0.9248334,0],[-0.92540675,-0.0023417391,-0.37896827,0],[-0.010840854,-0.99940807,0.032648116,0],[1.1102533,-0.13561516,1.0645738,1]]},"name":"Lenna"},"timestamp":1737481482.458847},{"label":"ARImageAnchor didUpdate","timestamp":1737481486.591683,"content":{"identifier":"088EF783-5990-B052-BE99-B8AA15BA6C68","transform":{"columns":[[0.9381328,-0.020845857,0.34564763,0],[-0.34607753,-0.022682901,0.9379317,0],[-0.011711709,-0.99952525,-0.028493797,0],[-0.65440553,0.117458366,-0.9373976,1]]},"name":"Earth"}},{"timestamp":1737481486.624543,"label":"ARImageAnchor didUpdate","content":{"transform":{"columns":[[0.9381328,-0.020845857,0.34564763,0],[-0.34607753,-0.022682901,0.9379317,0],[-0.011711709,-0.99952525,-0.028493797,0],[-0.65440553,0.117458366,-0.9373976,1]]},"identifier":"088EF783-5990-B052-BE99-B8AA15BA6C68","name":"Earth"}}]