[{"timestamp":1737477098.544503,"label":"Application launched"},{"label":"Initialize ARViewModel","timestamp":1737477098.544723},{"label":"Finished Initialize ARViewModel","timestamp":1737477098.5459518},{"label":"Initialize RoomManager","timestamp":1737477098.5459719},{"label":"Initialize BeaconManager","timestamp":1737477098.545977},{"label":"Fininshed Initialize BeaconManager","timestamp":1737477098.545991},{"label":"Fininshed Initialize RoomManager","timestamp":1737477098.5459971},{"timestamp":1737477098.546001,"label":"ContentView Initialize"},{"timestamp":1737477098.970844,"content":"Tracking is limited due to: initializing","label":"Tracking Limited"},{"content":"Tracking is limited due to: excessiveMotion","timestamp":1737477099.968995,"label":"Tracking Limited"},{"content":{"id":"2D11FD77-5009-46EE-B13B-FEF68B77A669","name":"Room w\/ the Table"},"label":"Room Update","timestamp":1737477099.974615},{"content":{"id":"2D11FD77-5009-46EE-B13B-FEF68B77A669","name":"Room w\/ the Table"},"label":"Downloading WorldMap","timestamp":1737477099.9746618},{"content":{"name":"Room w\/ the Table","id":"2D11FD77-5009-46EE-B13B-FEF68B77A669"},"timestamp":1737477102.313621,"label":"Finished Downloading WorldMap"},{"timestamp":1737477102.43476,"content":"Tracking is limited due to: initializing","label":"Tracking Limited"},{"label":"Tracking Limited","content":"Tracking is limited due to: relocalizing","timestamp":1737477103.484519},{"content":{"identifier":"ABD555B5-FE7F-4BD0-ABEC-2F236636F0DC","name":"bunny","transform":{"columns":[[0.6301084,0,0.77650744,0],[0,1,0,0],[-0.7765074,0,0.63010836,0],[-0.012834365,-0.48654062,-0.2339715,1]]}},"timestamp":1737477119.336605,"label":"Bunny didAdd"},{"timestamp":1737477119.3687692,"content":{"name":"bunny","transform":{"columns":[[0.62148136,0.0069743264,0.783398,0],[-0.0015799403,0.99996936,-0.007648999,0],[-0.78342736,0.0035159881,0.6214734,0],[-0.011414457,-0.4862724,-0.2254554,1]]},"identifier":"ABD555B5-FE7F-4BD0-ABEC-2F236636F0DC"},"label":"Bunny didUpdate"},{"timestamp":1737477119.374298,"label":"Tracking Available","content":{"extent":[6.0819006,9.250943,4.8164673],"center":[-1.1700544,-3.1142821,0.14391947]}},{"label":"Tracking Limited","content":"Tracking is limited due to: initializing","timestamp":1737477119.384296},{"content":"Tracking is limited due to: relocalizing","label":"Tracking Limited","timestamp":1737477119.419101},{"content":{"name":"bunny","identifier":"ABD555B5-FE7F-4BD0-ABEC-2F236636F0DC","transform":{"columns":[[0.62148124,0.006974325,0.78339785,0],[-0.0015799401,0.99996924,-0.0076489975,0],[-0.78342724,0.0035159877,0.62147325,0],[-0.011414457,-0.4862724,-0.2254554,1]]}},"timestamp":1737477132.067467,"label":"Bunny didUpdate"},{"content":{"extent":[6.136572,8.03951,4.7900343],"center":[-1.1973901,-3.7199988,0.26435852]},"label":"Tracking Available","timestamp":1737477132.096551},{"timestamp":1737477137.259284,"label":"ARImageAnchor didAdd","content":{"name":"Earth","identifier":"088EF783-5990-B052-BE99-B8AA15BA6C68","transform":{"columns":[[0.93610126,-0.018643623,0.35123613,0],[-0.35150796,-0.014063052,0.9360792,0],[-0.012512456,-0.9997272,-0.019717803,0],[-0.67455465,0.1166961,-0.9331895,1]]}}},{"timestamp":1737477137.268114,"content":{"transform":{"columns":[[0.93610126,-0.018643623,0.35123613,0],[-0.35150796,-0.014063052,0.9360792,0],[-0.012512456,-0.9997272,-0.019717803,0],[-0.67455465,0.1166961,-0.9331895,1]]},"name":"Earth","identifier":"088EF783-5990-B052-BE99-B8AA15BA6C68"},"label":"ARImageAnchor didUpdate"},{"label":"ARImageAnchor didUpdate","content":{"transform":{"columns":[[0.93705565,-0.018611597,0.348684,0],[-0.34892097,-0.011426016,0.93708265,0],[-0.013456535,-0.9997615,-0.01720081,0],[-0.6723924,0.114835165,-0.9545718,1]]},"name":"Earth","identifier":"088EF783-5990-B052-BE99-B8AA15BA6C68"},"timestamp":1737477138.317031},{"content":{"name":"Earth","identifier":"088EF783-5990-B052-BE99-B8AA15BA6C68","transform":{"columns":[[0.93705565,-0.018611597,0.348684,0],[-0.34892097,-0.011426016,0.93708265,0],[-0.013456535,-0.9997615,-0.01720081,0],[-0.6723924,0.114835165,-0.9545718,1]]}},"timestamp":1737477138.344091,"label":"ARImageAnchor didUpdate"},{"timestamp":1737477143.110539,"label":"ARImageAnchor didAdd","content":{"transform":{"columns":[[0.87067807,0.016265864,0.49158433,0],[-0.49129224,-0.018966021,0.8707883,0],[0.023487538,-0.99968773,-0.008522026,0],[-0.2994461,-0.59598196,-0.16717224,1]]},"name":"Peppers","identifier":"61BB3DDD-C96C-6E82-3432-BD712CCBCB28"}},{"label":"ARImageAnchor didUpdate","content":{"identifier":"61BB3DDD-C96C-6E82-3432-BD712CCBCB28","name":"Peppers","transform":{"columns":[[0.87067807,0.016265864,0.49158433,0],[-0.49129224,-0.018966021,0.8707883,0],[0.023487538,-0.99968773,-0.008522026,0],[-0.2994461,-0.59598196,-0.16717224,1]]}},"timestamp":1737477143.1172218},{"timestamp":1737477144.7007952,"content":{"transform":{"columns":[[0.8676919,0.014995523,0.49687633,0],[-0.49661383,-0.01816104,0.8677815,0],[0.02203661,-0.99972254,-0.008311154,0],[-0.30227733,-0.5918318,-0.16979998,0.99999994]]},"name":"Peppers","identifier":"61BB3DDD-C96C-6E82-3432-BD712CCBCB28"},"label":"ARImageAnchor didUpdate"},{"timestamp":1737477144.727398,"label":"ARImageAnchor didUpdate","content":{"name":"Peppers","identifier":"61BB3DDD-C96C-6E82-3432-BD712CCBCB28","transform":{"columns":[[0.8676919,0.014995523,0.49687633,0],[-0.49661383,-0.01816104,0.8677815,0],[0.02203661,-0.99972254,-0.008311154,0],[-0.30227733,-0.5918318,-0.16979998,0.99999994]]}}},{"timestamp":1737477151.044424,"label":"ARImageAnchor didAdd","content":{"identifier":"A19C2489-597B-2BED-432C-244B551E75FD","transform":{"columns":[[0.9141354,0.012599136,0.40521333,0],[-0.40540913,0.02857202,0.9136887,0],[-6.607304e-05,-0.99951226,0.031226497,0],[0.7254571,0.853832,-0.3226521,0.99999994]]},"name":"Mandrill"}},{"timestamp":1737477151.049896,"label":"ARImageAnchor didUpdate","content":{"identifier":"A19C2489-597B-2BED-432C-244B551E75FD","transform":{"columns":[[0.9141354,0.012599136,0.40521333,0],[-0.40540913,0.02857202,0.9136887,0],[-6.607304e-05,-0.99951226,0.031226497,0],[0.7254571,0.853832,-0.3226521,0.99999994]]},"name":"Mandrill"}},{"content":{"identifier":"C35EAC54-3E90-1B97-807B-5E3B8F238DB7","transform":{"columns":[[0.46267626,-0.009725076,-0.8864739,0],[0.8865186,0.00064107665,0.46269253,0],[-0.003931368,-0.99995244,0.00891811,0],[0.3514193,-0.6444056,0.043259382,1]]},"name":"Sailboat"},"timestamp":1737477157.410469,"label":"ARImageAnchor didAdd"},{"timestamp":1737477157.415779,"label":"ARImageAnchor didUpdate","content":{"transform":{"columns":[[0.46267626,-0.009725076,-0.8864739,0],[0.8865186,0.00064107665,0.46269253,0],[-0.003931368,-0.99995244,0.00891811,0],[0.3514193,-0.6444056,0.043259382,1]]},"name":"Sailboat","identifier":"C35EAC54-3E90-1B97-807B-5E3B8F238DB7"}},{"label":"ARImageAnchor didAdd","content":{"transform":{"columns":[[-0.3908762,-0.023100533,0.9201533,0],[-0.92033,-0.0058713616,-0.39109874,0],[0.014437152,-0.99971586,-0.018965138,0],[1.3953452,0.16345727,0.4599079,1]]},"name":"Car","identifier":"FF85DBE1-76D3-E459-2D24-8EDCEE263300"},"timestamp":1737477161.64059},{"timestamp":1737477161.651507,"content":{"name":"Car","identifier":"FF85DBE1-76D3-E459-2D24-8EDCEE263300","transform":{"columns":[[-0.3908762,-0.023100533,0.9201533,0],[-0.92033,-0.0058713616,-0.39109874,0],[0.014437152,-0.99971586,-0.018965138,0],[1.3953452,0.16345727,0.4599079,1]]}},"label":"ARImageAnchor didUpdate"},{"timestamp":1737477162.6754751,"label":"ARImageAnchor didUpdate","content":{"name":"Car","transform":{"columns":[[-0.3895857,-0.021332769,0.9207431,0],[-0.9209634,0.001405317,-0.38964638,0],[0.007018283,-0.99977136,-0.020194193,0],[1.4004534,0.1698385,0.45811227,0.99999994]]},"identifier":"FF85DBE1-76D3-E459-2D24-8EDCEE263300"}},{"content":{"name":"Car","identifier":"FF85DBE1-76D3-E459-2D24-8EDCEE263300","transform":{"columns":[[-0.3895857,-0.021332769,0.9207431,0],[-0.9209634,0.001405317,-0.38964638,0],[0.007018283,-0.99977136,-0.020194193,0],[1.4004534,0.1698385,0.45811227,0.99999994]]}},"label":"ARImageAnchor didUpdate","timestamp":1737477162.6830401},{"label":"ARImageAnchor didAdd","content":{"transform":{"columns":[[-0.3969753,0.037098996,0.9170792,0],[-0.91781163,-0.009846038,-0.39689407,0],[-0.005694757,-0.999263,0.03795851,0],[1.0606725,-0.124575764,1.0951573,0.99999994]]},"identifier":"6BAD7D5D-D14A-EF93-1C8B-F6BEC80B8329","name":"Lenna"},"timestamp":1737477166.823494},{"label":"ARImageAnchor didUpdate","content":{"identifier":"6BAD7D5D-D14A-EF93-1C8B-F6BEC80B8329","transform":{"columns":[[-0.3969753,0.037098996,0.9170792,0],[-0.91781163,-0.009846038,-0.39689407,0],[-0.005694757,-0.999263,0.03795851,0],[1.0606725,-0.124575764,1.0951573,0.99999994]]},"name":"Lenna"},"timestamp":1737477166.842259}]