[{"timestamp":1737483098.63434,"label":"Application launched"},{"timestamp":1737483098.634606,"label":"Initialize ARViewModel"},{"timestamp":1737483098.637054,"label":"Finished Initialize ARViewModel"},{"label":"Initialize RoomManager","timestamp":1737483098.6380281},{"label":"Initialize BeaconManager","timestamp":1737483098.6380491},{"label":"Fininshed Initialize BeaconManager","timestamp":1737483098.638092},{"timestamp":1737483098.6381001,"label":"Fininshed Initialize RoomManager"},{"timestamp":1737483098.638105,"label":"ContentView Initialize"},{"timestamp":1737483098.9085069,"label":"Tracking Limited","content":"Tracking is limited due to: initializing"},{"content":{"name":"Room w\/ the Table","id":"2D11FD77-5009-46EE-B13B-FEF68B77A669"},"label":"Room Update","timestamp":1737483100.018458},{"label":"Downloading WorldMap","content":{"name":"Room w\/ the Table","id":"2D11FD77-5009-46EE-B13B-FEF68B77A669"},"timestamp":1737483100.018526},{"content":{"id":"2D11FD77-5009-46EE-B13B-FEF68B77A669","name":"Room w\/ the Table"},"timestamp":1737483102.0461478,"label":"Finished Downloading WorldMap"},{"label":"Tracking Limited","content":"Tracking is limited due to: initializing","timestamp":1737483102.2731261},{"timestamp":1737483103.424413,"label":"Tracking Limited","content":"Tracking is limited due to: relocalizing"},{"label":"Bunny didAdd","content":{"transform":{"columns":[[0.62148124,0.006974325,0.78339785,0],[-0.0015799401,0.99996924,-0.0076489975,0],[-0.78342724,0.0035159877,0.62147325,0],[-0.011414457,-0.4862724,-0.2254554,1]]},"name":"bunny","identifier":"ABD555B5-FE7F-4BD0-ABEC-2F236636F0DC"},"timestamp":1737483108.870126},{"content":{"transform":{"columns":[[0.6214812,0.006974324,0.78339773,0],[-0.0015799401,0.9999691,-0.0076489965,0],[-0.7834271,0.0035159872,0.6214732,0],[-0.011414457,-0.4862724,-0.2254554,1]]},"identifier":"ABD555B5-FE7F-4BD0-ABEC-2F236636F0DC","name":"bunny"},"timestamp":1737483108.931061,"label":"Bunny didUpdate"},{"content":{"center":[-2.0825233,-3.696662,0.13428235],"extent":[7.9072676,8.39764,5.8116007]},"timestamp":1737483108.945578,"label":"Tracking Available"},{"content":"Tracking is limited due to: initializing","label":"Tracking Limited","timestamp":1737483108.946484},{"timestamp":1737483108.991825,"label":"Tracking Limited","content":"Tracking is limited due to: relocalizing"},{"timestamp":1737483110.549848,"content":{"transform":{"columns":[[0.9998287,0.018434105,0.0015714599,0],[-0.0010523313,-0.02813352,0.9996036,0],[0.01847104,-0.9994341,-0.02810937,0],[0.058384445,-0.7799106,-0.43080047,1.0000001]]},"identifier":"61BB3DDD-C96C-6E82-3432-BD712CCBCB28","name":"Peppers"},"label":"ARImageAnchor didAdd"},{"timestamp":1737483110.563436,"label":"ARImageAnchor didUpdate","content":{"transform":{"columns":[[0.9998287,0.018434105,0.0015714599,0],[-0.0010523313,-0.02813352,0.9996036,0],[0.01847104,-0.9994341,-0.02810937,0],[0.058384445,-0.7799106,-0.43080047,1.0000001]]},"name":"Peppers","identifier":"61BB3DDD-C96C-6E82-3432-BD712CCBCB28"}},{"label":"ARImageAnchor didUpdate","timestamp":1737483112.4902968,"content":{"identifier":"61BB3DDD-C96C-6E82-3432-BD712CCBCB28","transform":{"columns":[[0.99976766,0.018560285,-0.010984757,0],[0.011698013,-0.03876101,0.9991803,0],[0.01811936,-0.9990761,-0.038969107,0],[0.0453144,-0.777623,-0.44944516,1.0000002]]},"name":"Peppers"}},{"timestamp":1737483112.490313,"label":"Bunny didUpdate","content":{"name":"bunny","identifier":"ABD555B5-FE7F-4BD0-ABEC-2F236636F0DC","transform":{"columns":[[0.6214811,0.0069743237,0.7833977,0],[-0.0015799397,0.999969,-0.007648996,0],[-0.78342706,0.003515987,0.62147313,0],[-0.011414457,-0.4862724,-0.2254554,1]]}}},{"timestamp":1737483112.586959,"label":"Tracking Available","content":{"extent":[7.9072676,8.39764,5.8116007],"center":[-2.0825233,-3.696662,0.13428235]}},{"timestamp":1737483115.2605681,"label":"ARImageAnchor didUpdate","content":{"name":"Peppers","transform":{"columns":[[0.8770433,0.016201157,0.48013815,0],[-0.47986552,-0.018085698,0.8771556,0],[0.022894617,-0.9997051,-0.008087667,0],[-0.2788605,-0.58786345,-0.16071516,1]]},"identifier":"61BB3DDD-C96C-6E82-3432-BD712CCBCB28"}},{"content":{"transform":{"columns":[[0.8770433,0.016201157,0.48013815,0],[-0.47986552,-0.018085698,0.8771556,0],[0.022894617,-0.9997051,-0.008087667,0],[-0.2788605,-0.58786345,-0.16071516,1]]},"name":"Peppers","identifier":"61BB3DDD-C96C-6E82-3432-BD712CCBCB28"},"label":"ARImageAnchor didUpdate","timestamp":1737483115.277977},{"label":"ARImageAnchor didAdd","content":{"name":"Earth","identifier":"088EF783-5990-B052-BE99-B8AA15BA6C68","transform":{"columns":[[0.9319946,-0.016083982,0.36211497,0],[-0.36233428,-0.013810137,0.93194586,0],[-0.009988544,-0.9997752,-0.01869876,0],[-0.65341437,0.11931581,-0.9266323,1]]}},"timestamp":1737483117.367331},{"timestamp":1737483117.374217,"content":{"name":"Earth","identifier":"088EF783-5990-B052-BE99-B8AA15BA6C68","transform":{"columns":[[0.9319946,-0.016083982,0.36211497,0],[-0.36233428,-0.013810137,0.93194586,0],[-0.009988544,-0.9997752,-0.01869876,0],[-0.65341437,0.11931581,-0.9266323,1]]}},"label":"ARImageAnchor didUpdate"},{"content":{"name":"Sailboat","identifier":"C35EAC54-3E90-1B97-807B-5E3B8F238DB7","transform":{"columns":[[0.46276525,-0.005477705,-0.88646394,0],[0.8864354,-0.007268964,0.46279523,0],[-0.008978795,-0.99995846,0.0014917902,0],[0.38689482,-0.64492464,0.04070942,0.9999999]]}},"label":"ARImageAnchor didAdd","timestamp":1737483121.532726},{"label":"ARImageAnchor didUpdate","content":{"transform":{"columns":[[0.46276525,-0.005477705,-0.88646394,0],[0.8864354,-0.007268964,0.46279523,0],[-0.008978795,-0.99995846,0.0014917902,0],[0.38689482,-0.64492464,0.04070942,0.9999999]]},"name":"Sailboat","identifier":"C35EAC54-3E90-1B97-807B-5E3B8F238DB7"},"timestamp":1737483121.543417},{"timestamp":1737483124.6835442,"label":"ARImageAnchor didAdd","content":{"name":"Mandrill","identifier":"A19C2489-597B-2BED-432C-244B551E75FD","transform":{"columns":[[0.9188872,0.015263405,0.39422503,0],[-0.39451295,0.04168315,0.9179445,0],[-0.0024215826,-0.9990142,0.044323724,0],[0.7579132,0.86056834,-0.32666844,1]]}}},{"timestamp":1737483124.690311,"label":"ARImageAnchor didUpdate","content":{"identifier":"A19C2489-597B-2BED-432C-244B551E75FD","transform":{"columns":[[0.9188872,0.015263405,0.39422503,0],[-0.39451295,0.04168315,0.9179445,0],[-0.0024215826,-0.9990142,0.044323724,0],[0.7579132,0.86056834,-0.32666844,1]]},"name":"Mandrill"}},{"content":{"identifier":"FF85DBE1-76D3-E459-2D24-8EDCEE263300","transform":{"columns":[[-0.3976706,-0.021169994,0.917284,0],[-0.9174001,-0.0075305398,-0.3978948,0],[0.015331046,-0.9997475,-0.016426694,0],[1.4305799,0.1796655,0.4496859,1]]},"name":"Car"},"timestamp":1737483126.784117,"label":"ARImageAnchor didAdd"},{"timestamp":1737483126.793505,"label":"ARImageAnchor didUpdate","content":{"identifier":"FF85DBE1-76D3-E459-2D24-8EDCEE263300","transform":{"columns":[[-0.3976706,-0.021169994,0.917284,0],[-0.9174001,-0.0075305398,-0.3978948,0],[0.015331046,-0.9997475,-0.016426694,0],[1.4305799,0.1796655,0.4496859,1]]},"name":"Car"}},{"content":{"identifier":"6BAD7D5D-D14A-EF93-1C8B-F6BEC80B8329","name":"Lenna","transform":{"columns":[[-0.40595797,0.044295277,0.91281766,0],[-0.9136493,0.0033329548,-0.40648964,0],[-0.021047972,-0.9990128,0.039117314,0],[1.0928891,-0.11676641,1.0814714,1]]}},"label":"ARImageAnchor didAdd","timestamp":1737483128.8656158},{"timestamp":1737483128.875814,"content":{"transform":{"columns":[[-0.40595797,0.044295277,0.91281766,0],[-0.9136493,0.0033329548,-0.40648964,0],[-0.021047972,-0.9990128,0.039117314,0],[1.0928891,-0.11676641,1.0814714,1]]},"identifier":"6BAD7D5D-D14A-EF93-1C8B-F6BEC80B8329","name":"Lenna"},"label":"ARImageAnchor didUpdate"}]