[{"label":"Application launched","timestamp":1737482344.372268},{"label":"Initialize ARViewModel","timestamp":1737482344.3723478},{"label":"Finished Initialize ARViewModel","timestamp":1737482344.374232},{"timestamp":1737482344.374275,"label":"Initialize RoomManager"},{"label":"Initialize BeaconManager","timestamp":1737482344.374279},{"label":"Fininshed Initialize BeaconManager","timestamp":1737482344.3743},{"timestamp":1737482344.374305,"label":"Fininshed Initialize RoomManager"},{"label":"ContentView Initialize","timestamp":1737482344.374309},{"content":"Tracking is limited due to: initializing","timestamp":1737482344.804512,"label":"Tracking Limited"},{"timestamp":1737482345.6544771,"content":{"name":"Room w\/ the Table","id":"2D11FD77-5009-46EE-B13B-FEF68B77A669"},"label":"Room Update"},{"timestamp":1737482345.654509,"label":"Downloading WorldMap","content":{"name":"Room w\/ the Table","id":"2D11FD77-5009-46EE-B13B-FEF68B77A669"}},{"content":{"id":"2D11FD77-5009-46EE-B13B-FEF68B77A669","name":"Room w\/ the Table"},"timestamp":1737482347.45316,"label":"Finished Downloading WorldMap"},{"timestamp":1737482347.654337,"label":"Tracking Limited","content":"Tracking is limited due to: initializing"},{"content":"Tracking is limited due to: relocalizing","label":"Tracking Limited","timestamp":1737482348.688305},{"label":"Bunny didAdd","timestamp":1737482366.0351071,"content":{"name":"bunny","identifier":"ABD555B5-FE7F-4BD0-ABEC-2F236636F0DC","transform":{"columns":[[0.62148124,0.006974325,0.78339785,0],[-0.0015799401,0.99996924,-0.0076489975,0],[-0.78342724,0.0035159877,0.62147325,0],[-0.011414457,-0.4862724,-0.2254554,1]]}}},{"label":"Bunny didUpdate","timestamp":1737482366.0523329,"content":{"transform":{"columns":[[0.6214812,0.006974324,0.78339773,0],[-0.0015799401,0.9999691,-0.0076489965,0],[-0.7834271,0.0035159872,0.6214732,0],[-0.011414457,-0.4862724,-0.2254554,1]]},"name":"bunny","identifier":"ABD555B5-FE7F-4BD0-ABEC-2F236636F0DC"}},{"timestamp":1737482366.0602388,"content":{"center":[-1.0087914,-3.696662,0.13428235],"extent":[10.054731,8.39764,5.8116007]},"label":"Tracking Available"},{"label":"Tracking Limited","content":"Tracking is limited due to: initializing","timestamp":1737482366.070912},{"content":"Tracking is limited due to: relocalizing","timestamp":1737482366.120009,"label":"Tracking Limited"},{"content":{"name":"Peppers","transform":{"columns":[[0.99081016,0.01135035,0.13478273,0],[-0.13464928,-0.011809751,0.9908229,0],[0.012837874,-0.99986595,-0.01017292,0],[-0.25974682,-0.63077646,-0.13323605,0.9999999]]},"identifier":"61BB3DDD-C96C-6E82-3432-BD712CCBCB28"},"label":"ARImageAnchor didAdd","timestamp":1737482367.7298179},{"timestamp":1737482367.743547,"content":{"name":"Peppers","transform":{"columns":[[0.99081016,0.01135035,0.13478273,0],[-0.13464928,-0.011809751,0.9908229,0],[0.012837874,-0.99986595,-0.01017292,0],[-0.25974682,-0.63077646,-0.13323605,0.9999999]]},"identifier":"61BB3DDD-C96C-6E82-3432-BD712CCBCB28"},"label":"ARImageAnchor didUpdate"},{"label":"ARImageAnchor didAdd","timestamp":1737482370.897078,"content":{"identifier":"088EF783-5990-B052-BE99-B8AA15BA6C68","transform":{"columns":[[0.99923986,-0.029770607,0.025175028,0],[-0.025202408,-0.00054429175,0.9996823,0],[-0.02974744,-0.99955684,-0.0012941456,0],[-0.83654606,0.054923236,-0.77612174,0.99999994]]},"name":"Earth"}},{"content":{"transform":{"columns":[[0.99923986,-0.029770607,0.025175028,0],[-0.025202408,-0.00054429175,0.9996823,0],[-0.02974744,-0.99955684,-0.0012941456,0],[-0.83654606,0.054923236,-0.77612174,0.99999994]]},"name":"Earth","identifier":"088EF783-5990-B052-BE99-B8AA15BA6C68"},"timestamp":1737482370.930764,"label":"ARImageAnchor didUpdate"},{"content":{"name":"Earth","identifier":"088EF783-5990-B052-BE99-B8AA15BA6C68","transform":{"columns":[[0.9992767,-0.029192999,0.024374058,0],[-0.02439838,-0.0004768033,0.9997023,0],[-0.029172681,-0.9995739,-0.0011887281,0],[-0.8012887,0.044522315,-0.7969148,0.99999994]]}},"label":"ARImageAnchor didUpdate","timestamp":1737482371.430687},{"label":"ARImageAnchor didUpdate","timestamp":1737482371.464071,"content":{"name":"Earth","transform":{"columns":[[0.9992767,-0.029192999,0.024374058,0],[-0.02439838,-0.0004768033,0.9997023,0],[-0.029172681,-0.9995739,-0.0011887281,0],[-0.8012887,0.044522315,-0.7969148,0.99999994]]},"identifier":"088EF783-5990-B052-BE99-B8AA15BA6C68"}},{"label":"ARImageAnchor didUpdate","content":{"identifier":"088EF783-5990-B052-BE99-B8AA15BA6C68","name":"Earth","transform":{"columns":[[0.99918157,-0.027160577,0.029976811,0],[-0.029888539,0.0036488394,0.99954665,0],[-0.027257636,-0.9996246,0.0028340607,0],[-0.77289236,0.0392728,-0.82324225,0.99999994]]}},"timestamp":1737482371.980845},{"content":{"identifier":"088EF783-5990-B052-BE99-B8AA15BA6C68","name":"Earth","transform":{"columns":[[0.99918157,-0.027160577,0.029976811,0],[-0.029888539,0.0036488394,0.99954665,0],[-0.027257636,-0.9996246,0.0028340607,0],[-0.77289236,0.0392728,-0.82324225,0.99999994]]}},"label":"ARImageAnchor didUpdate","timestamp":1737482371.999292},{"label":"ARImageAnchor didUpdate","content":{"transform":{"columns":[[0.99910986,-0.029870566,0.029791541,0],[-0.030574385,-0.026100738,0.9991919,0],[-0.029068822,-0.9992132,-0.026990812,0],[-0.8254807,0.046222515,-0.83422667,1]]},"name":"Earth","identifier":"088EF783-5990-B052-BE99-B8AA15BA6C68"},"timestamp":1737482374.630672},{"timestamp":1737482374.653075,"content":{"name":"Earth","identifier":"088EF783-5990-B052-BE99-B8AA15BA6C68","transform":{"columns":[[0.99910986,-0.029870566,0.029791541,0],[-0.030574385,-0.026100738,0.9991919,0],[-0.029068822,-0.9992132,-0.026990812,0],[-0.8254807,0.046222515,-0.83422667,1]]}},"label":"ARImageAnchor didUpdate"},{"timestamp":1737482375.163698,"content":{"name":"Earth","identifier":"088EF783-5990-B052-BE99-B8AA15BA6C68","transform":{"columns":[[0.99914074,-0.02895358,0.029659083,0],[-0.03027502,-0.021071903,0.99931955,0],[-0.028308904,-0.9993589,-0.021930369,0],[-0.83054805,0.042715155,-0.85617083,0.99999994]]}},"label":"ARImageAnchor didUpdate"},{"content":{"name":"Earth","identifier":"088EF783-5990-B052-BE99-B8AA15BA6C68","transform":{"columns":[[0.99914074,-0.02895358,0.029659083,0],[-0.03027502,-0.021071903,0.99931955,0],[-0.028308904,-0.9993589,-0.021930369,0],[-0.83054805,0.042715155,-0.85617083,0.99999994]]}},"label":"ARImageAnchor didUpdate","timestamp":1737482375.182379},{"label":"ARImageAnchor didUpdate","content":{"transform":{"columns":[[0.9993084,-0.027024455,0.025543896,0],[-0.026035342,-0.01799276,0.9994991,0],[-0.026551316,-0.999473,-0.01868391,0],[-0.8342707,0.044065896,-0.83103466,0.9999998]]},"name":"Earth","identifier":"088EF783-5990-B052-BE99-B8AA15BA6C68"},"timestamp":1737482375.688593},{"timestamp":1737482375.721066,"content":{"transform":{"columns":[[0.9993084,-0.027024455,0.025543896,0],[-0.026035342,-0.01799276,0.9994991,0],[-0.026551316,-0.999473,-0.01868391,0],[-0.8342707,0.044065896,-0.83103466,0.9999998]]},"name":"Earth","identifier":"088EF783-5990-B052-BE99-B8AA15BA6C68"},"label":"ARImageAnchor didUpdate"},{"label":"ARImageAnchor didUpdate","timestamp":1737482377.554024,"content":{"identifier":"61BB3DDD-C96C-6E82-3432-BD712CCBCB28","name":"Peppers","transform":{"columns":[[0.9859388,0.005284867,0.1670234,0],[-0.16693532,-0.014150325,0.9858662,0],[0.007573537,-0.9998858,-0.013069168,0],[-0.23651314,-0.62517446,-0.14115053,0.99999994]]}}},{"label":"ARImageAnchor didUpdate","timestamp":1737482377.554043,"content":{"identifier":"088EF783-5990-B052-BE99-B8AA15BA6C68","name":"Earth","transform":{"columns":[[0.9977783,-0.032794897,0.05799255,0],[-0.058698125,-0.020978954,0.99805516,0],[-0.031514514,-0.9992418,-0.022857377,0],[-0.7842075,0.055113915,-0.85504913,0.9999999]]}}},{"timestamp":1737482377.554049,"content":{"name":"bunny","identifier":"ABD555B5-FE7F-4BD0-ABEC-2F236636F0DC","transform":{"columns":[[0.6214811,0.0069743237,0.7833977,0],[-0.0015799397,0.999969,-0.007648996,0],[-0.78342706,0.003515987,0.62147313,0],[-0.011414457,-0.4862724,-0.2254554,1]]}},"label":"Bunny didUpdate"},{"label":"Tracking Available","content":{"center":[-2.0825233,-3.696662,0.26532865],"extent":[7.9072676,8.39764,6.0736933]},"timestamp":1737482377.635098},{"timestamp":1737482379.89587,"label":"ARImageAnchor didAdd","content":{"name":"Mandrill","identifier":"A19C2489-597B-2BED-432C-244B551E75FD","transform":{"columns":[[0.9175684,0.010178062,0.3974478,0],[-0.39757088,0.029488474,0.9170975,0],[-0.0023858508,-0.99951327,0.031104192,0],[0.76589596,0.86205435,-0.3121453,1.0000001]]}}},{"content":{"transform":{"columns":[[0.9175684,0.010178062,0.3974478,0],[-0.39757088,0.029488474,0.9170975,0],[-0.0023858508,-0.99951327,0.031104192,0],[0.76589596,0.86205435,-0.3121453,1.0000001]]},"name":"Mandrill","identifier":"A19C2489-597B-2BED-432C-244B551E75FD"},"timestamp":1737482379.9046202,"label":"ARImageAnchor didUpdate"},{"content":{"identifier":"C35EAC54-3E90-1B97-807B-5E3B8F238DB7","transform":{"columns":[[0.47460827,-0.0074492623,-0.88016564,0],[0.8801947,0.0063652094,0.47457004,0],[0.0020671822,-0.99995196,0.009577753,0],[0.40797657,-0.6357103,0.03699109,1]]},"name":"Sailboat"},"label":"ARImageAnchor didAdd","timestamp":1737482382.029077},{"timestamp":1737482382.039392,"label":"ARImageAnchor didUpdate","content":{"name":"Sailboat","transform":{"columns":[[0.47460827,-0.0074492623,-0.88016564,0],[0.8801947,0.0063652094,0.47457004,0],[0.0020671822,-0.99995196,0.009577753,0],[0.40797657,-0.6357103,0.03699109,1]]},"identifier":"C35EAC54-3E90-1B97-807B-5E3B8F238DB7"}},{"content":{"name":"Car","identifier":"FF85DBE1-76D3-E459-2D24-8EDCEE263300","transform":{"columns":[[-0.39093918,-0.017476756,0.92025054,0],[-0.92040384,0.012661174,-0.3907639,0],[-0.0048221755,-0.99976707,-0.021035424,0],[1.4772373,0.17211396,0.42965657,1]]}},"timestamp":1737482384.145654,"label":"ARImageAnchor didAdd"},{"label":"ARImageAnchor didUpdate","content":{"name":"Car","identifier":"FF85DBE1-76D3-E459-2D24-8EDCEE263300","transform":{"columns":[[-0.39093918,-0.017476756,0.92025054,0],[-0.92040384,0.012661174,-0.3907639,0],[-0.0048221755,-0.99976707,-0.021035424,0],[1.4772373,0.17211396,0.42965657,1]]}},"timestamp":1737482384.155264},{"label":"ARImageAnchor didUpdate","content":{"transform":{"columns":[[-0.39213362,-0.019285806,0.91970605,0],[-0.9199033,0.004931428,-0.39211434,0],[0.0030267814,-0.9998018,-0.01967486,0],[1.4640329,0.17150468,0.43861225,1]]},"name":"Car","identifier":"FF85DBE1-76D3-E459-2D24-8EDCEE263300"},"timestamp":1737482384.6716151},{"timestamp":1737482384.689237,"label":"ARImageAnchor didUpdate","content":{"identifier":"FF85DBE1-76D3-E459-2D24-8EDCEE263300","name":"Car","transform":{"columns":[[-0.39213362,-0.019285806,0.91970605,0],[-0.9199033,0.004931428,-0.39211434,0],[0.0030267814,-0.9998018,-0.01967486,0],[1.4640329,0.17150468,0.43861225,1]]}}},{"label":"ARImageAnchor didAdd","timestamp":1737482386.7455,"content":{"identifier":"6BAD7D5D-D14A-EF93-1C8B-F6BEC80B8329","name":"Lenna","transform":{"columns":[[-0.40013847,0.041032054,0.91553557,0],[-0.91613215,0.008586741,-0.40078408,0],[-0.024306457,-0.9991208,0.0341549,0],[1.1224592,-0.120088935,1.0750917,0.9999999]]}}},{"label":"ARImageAnchor didUpdate","content":{"name":"Lenna","identifier":"6BAD7D5D-D14A-EF93-1C8B-F6BEC80B8329","transform":{"columns":[[-0.40013847,0.041032054,0.91553557,0],[-0.91613215,0.008586741,-0.40078408,0],[-0.024306457,-0.9991208,0.0341549,0],[1.1224592,-0.120088935,1.0750917,0.9999999]]}},"timestamp":1737482386.7570682}]