[{"timestamp":1737478915.9481921,"label":"Application launched"},{"timestamp":1737478915.9483042,"label":"Initialize ARViewModel"},{"label":"Finished Initialize ARViewModel","timestamp":1737478915.949667},{"timestamp":1737478915.949691,"label":"Initialize RoomManager"},{"label":"Initialize BeaconManager","timestamp":1737478915.949696},{"label":"Fininshed Initialize BeaconManager","timestamp":1737478915.949713},{"timestamp":1737478915.949718,"label":"Fininshed Initialize RoomManager"},{"label":"ContentView Initialize","timestamp":1737478915.949722},{"timestamp":1737478916.092107,"label":"Tracking Limited","content":"Tracking is limited due to: initializing"},{"timestamp":1737478917.3524399,"label":"Room Update","content":{"name":"Room w\/ the Table","id":"2D11FD77-5009-46EE-B13B-FEF68B77A669"}},{"content":{"id":"2D11FD77-5009-46EE-B13B-FEF68B77A669","name":"Room w\/ the Table"},"timestamp":1737478917.352478,"label":"Downloading WorldMap"},{"label":"Tracking Limited","content":"Tracking is limited due to: excessiveMotion","timestamp":1737478917.807279},{"content":{"name":"Room w\/ the Table","id":"2D11FD77-5009-46EE-B13B-FEF68B77A669"},"timestamp":1737478918.071826,"label":"Finished Downloading WorldMap"},{"timestamp":1737478918.207459,"content":"Tracking is limited due to: initializing","label":"Tracking Limited"},{"timestamp":1737478919.423954,"label":"Tracking Limited","content":"Tracking is limited due to: relocalizing"},{"content":{"name":"bunny","identifier":"ABD555B5-FE7F-4BD0-ABEC-2F236636F0DC","transform":{"columns":[[0.6301084,0,0.77650744,0],[0,1,0,0],[-0.7765074,0,0.63010836,0],[-0.012834365,-0.48654062,-0.2339715,1]]}},"timestamp":1737478936.463665,"label":"Bunny didAdd"},{"label":"Bunny didUpdate","content":{"name":"bunny","identifier":"ABD555B5-FE7F-4BD0-ABEC-2F236636F0DC","transform":{"columns":[[0.62148136,0.0069743264,0.783398,0],[-0.0015799403,0.99996936,-0.007648999,0],[-0.78342736,0.0035159881,0.6214734,0],[-0.011414457,-0.4862724,-0.2254554,1]]}},"timestamp":1737478936.535749},{"content":{"center":[-0.9896333,-2.9395902,-0.120648265],"extent":[6.279556,6.459267,3.414915]},"timestamp":1737478936.553827,"label":"Tracking Available"},{"timestamp":1737478936.556845,"label":"Tracking Limited","content":"Tracking is limited due to: initializing"},{"content":"Tracking is limited due to: relocalizing","timestamp":1737478936.56533,"label":"Tracking Limited"},{"timestamp":1737478945.691382,"content":{"identifier":"ABD555B5-FE7F-4BD0-ABEC-2F236636F0DC","transform":{"columns":[[0.62148124,0.006974325,0.78339785,0],[-0.0015799401,0.99996924,-0.0076489975,0],[-0.78342724,0.0035159877,0.62147325,0],[-0.011414457,-0.4862724,-0.2254554,1]]},"name":"bunny"},"label":"Bunny didUpdate"},{"timestamp":1737478945.716248,"label":"Tracking Available","content":{"extent":[6.2743683,6.459267,4.3349953],"center":[-0.98703957,-2.9395902,-0.5806887]}},{"label":"ARImageAnchor didAdd","timestamp":1737478978.214594,"content":{"identifier":"61BB3DDD-C96C-6E82-3432-BD712CCBCB28","transform":{"columns":[[0.8457887,0.013991619,0.5333347,0],[-0.5329506,-0.023939202,0.8458077,0],[0.024601826,-0.9996153,-0.012790707,0],[-0.29694116,-0.6041324,-0.17057866,0.99999994]]},"name":"Peppers"}},{"label":"ARImageAnchor didUpdate","content":{"identifier":"61BB3DDD-C96C-6E82-3432-BD712CCBCB28","transform":{"columns":[[0.8457887,0.013991619,0.5333347,0],[-0.5329506,-0.023939202,0.8458077,0],[0.024601826,-0.9996153,-0.012790707,0],[-0.29694116,-0.6041324,-0.17057866,0.99999994]]},"name":"Peppers"},"timestamp":1737478978.223207},{"timestamp":1737478988.280745,"label":"ARImageAnchor didAdd","content":{"name":"Earth","identifier":"088EF783-5990-B052-BE99-B8AA15BA6C68","transform":{"columns":[[0.9121049,-0.019790065,0.4094788,0],[-0.40986168,-0.022516392,0.91186965,0],[-0.008825959,-0.99955046,-0.028648557,0],[-0.63148385,0.11359738,-0.9511988,1]]}}},{"label":"ARImageAnchor didUpdate","timestamp":1737478988.287785,"content":{"transform":{"columns":[[0.9121049,-0.019790065,0.4094788,0],[-0.40986168,-0.022516392,0.91186965,0],[-0.008825959,-0.99955046,-0.028648557,0],[-0.63148385,0.11359738,-0.9511988,1]]},"name":"Earth","identifier":"088EF783-5990-B052-BE99-B8AA15BA6C68"}},{"label":"ARImageAnchor didAdd","content":{"transform":{"columns":[[0.9004475,0.011732646,0.4348065,0],[-0.4348969,0.0066305017,0.90045583,0],[0.0076817395,-0.99990904,0.01107292,0],[0.7436272,0.8501824,-0.26293612,1]]},"name":"Mandrill","identifier":"A19C2489-597B-2BED-432C-244B551E75FD"},"timestamp":1737478995.69712},{"timestamp":1737478995.705575,"label":"ARImageAnchor didUpdate","content":{"transform":{"columns":[[0.9004475,0.011732646,0.4348065,0],[-0.4348969,0.0066305017,0.90045583,0],[0.0076817395,-0.99990904,0.01107292,0],[0.7436272,0.8501824,-0.26293612,1]]},"identifier":"A19C2489-597B-2BED-432C-244B551E75FD","name":"Mandrill"}},{"label":"ARImageAnchor didAdd","timestamp":1737478998.313513,"content":{"transform":{"columns":[[0.5152291,-0.0095862895,-0.85699874,0],[0.85703766,-0.000114159586,0.5152537,0],[-0.0050371876,-0.9999539,0.008157028,0],[0.34544426,-0.6671951,0.058501944,0.99999994]]},"identifier":"C35EAC54-3E90-1B97-807B-5E3B8F238DB7","name":"Sailboat"}},{"content":{"name":"Sailboat","transform":{"columns":[[0.5152291,-0.0095862895,-0.85699874,0],[0.85703766,-0.000114159586,0.5152537,0],[-0.0050371876,-0.9999539,0.008157028,0],[0.34544426,-0.6671951,0.058501944,0.99999994]]},"identifier":"C35EAC54-3E90-1B97-807B-5E3B8F238DB7"},"timestamp":1737478998.331901,"label":"ARImageAnchor didUpdate"},{"label":"ARImageAnchor didAdd","timestamp":1737479002.013078,"content":{"identifier":"FF85DBE1-76D3-E459-2D24-8EDCEE263300","transform":{"columns":[[-0.4501207,-0.024898902,0.89262044,0],[-0.8928321,-0.0048669185,-0.4503632,0],[0.015557882,-0.9996781,-0.020039838,0],[1.3631376,0.15397018,0.54185337,1]]},"name":"Car"}},{"timestamp":1737479002.0241442,"label":"ARImageAnchor didUpdate","content":{"transform":{"columns":[[-0.4501207,-0.024898902,0.89262044,0],[-0.8928321,-0.0048669185,-0.4503632,0],[0.015557882,-0.9996781,-0.020039838,0],[1.3631376,0.15397018,0.54185337,1]]},"name":"Car","identifier":"FF85DBE1-76D3-E459-2D24-8EDCEE263300"}},{"timestamp":1737479004.6375809,"label":"ARImageAnchor didUpdate","content":{"transform":{"columns":[[-0.47050422,-0.018034691,0.8822135,0],[-0.8823887,0.005090467,-0.47049367,0],[0.003994327,-0.9998243,-0.018308697,0],[1.3640156,0.15871632,0.54485214,1]]},"identifier":"FF85DBE1-76D3-E459-2D24-8EDCEE263300","name":"Car"}},{"timestamp":1737479004.656149,"label":"ARImageAnchor didUpdate","content":{"identifier":"FF85DBE1-76D3-E459-2D24-8EDCEE263300","transform":{"columns":[[-0.47050422,-0.018034691,0.8822135,0],[-0.8823887,0.005090467,-0.47049367,0],[0.003994327,-0.9998243,-0.018308697,0],[1.3640156,0.15871632,0.54485214,1]]},"name":"Car"}},{"timestamp":1737479008.8292708,"label":"ARImageAnchor didAdd","content":{"name":"Lenna","identifier":"6BAD7D5D-D14A-EF93-1C8B-F6BEC80B8329","transform":{"columns":[[-0.45894042,0.037805457,0.8876623,0],[-0.8884495,-0.013261707,-0.4587826,0],[-0.005572561,-0.999197,0.039674588,0],[0.9820682,-0.1406448,1.1666005,0.99999994]]}}},{"content":{"name":"Lenna","identifier":"6BAD7D5D-D14A-EF93-1C8B-F6BEC80B8329","transform":{"columns":[[-0.45894042,0.037805457,0.8876623,0],[-0.8884495,-0.013261707,-0.4587826,0],[-0.005572561,-0.999197,0.039674588,0],[0.9820682,-0.1406448,1.1666005,0.99999994]]}},"label":"ARImageAnchor didUpdate","timestamp":1737479008.839525}]