[{"timestamp":1737480193.3037028,"label":"Application launched"},{"label":"Initialize ARViewModel","timestamp":1737480193.3038058},{"timestamp":1737480193.305279,"label":"Finished Initialize ARViewModel"},{"timestamp":1737480193.305352,"label":"Initialize RoomManager"},{"label":"Initialize BeaconManager","timestamp":1737480193.305365},{"timestamp":1737480193.3054,"label":"Fininshed Initialize BeaconManager"},{"label":"Fininshed Initialize RoomManager","timestamp":1737480193.305416},{"label":"ContentView Initialize","timestamp":1737480193.305429},{"timestamp":1737480193.8142,"label":"Tracking Limited","content":"Tracking is limited due to: initializing"},{"content":{"name":"Room w\/ the Table","id":"2D11FD77-5009-46EE-B13B-FEF68B77A669"},"label":"Room Update","timestamp":1737480194.675895},{"content":{"id":"2D11FD77-5009-46EE-B13B-FEF68B77A669","name":"Room w\/ the Table"},"timestamp":1737480194.675931,"label":"Downloading WorldMap"},{"content":"Tracking is limited due to: excessiveMotion","timestamp":1737480195.3519201,"label":"Tracking Limited"},{"timestamp":1737480195.936355,"content":{"name":"Room w\/ the Table","id":"2D11FD77-5009-46EE-B13B-FEF68B77A669"},"label":"Finished Downloading WorldMap"},{"timestamp":1737480196.114228,"label":"Tracking Limited","content":"Tracking is limited due to: initializing"},{"content":"Tracking is limited due to: relocalizing","timestamp":1737480197.1830301,"label":"Tracking Limited"},{"timestamp":1737480206.276103,"label":"Bunny didAdd","content":{"identifier":"ABD555B5-FE7F-4BD0-ABEC-2F236636F0DC","transform":{"columns":[[0.62148136,0.0069743264,0.783398,0],[-0.0015799403,0.99996936,-0.007648999,0],[-0.78342736,0.0035159881,0.6214734,0],[-0.011414457,-0.4862724,-0.2254554,1]]},"name":"bunny"}},{"label":"Bunny didUpdate","content":{"transform":{"columns":[[0.62148124,0.006974325,0.78339785,0],[-0.0015799401,0.99996924,-0.0076489975,0],[-0.78342724,0.0035159877,0.62147325,0],[-0.011414457,-0.4862724,-0.2254554,1]]},"name":"bunny","identifier":"ABD555B5-FE7F-4BD0-ABEC-2F236636F0DC"},"timestamp":1737480206.784782},{"content":{"extent":[8.0261755,4.5557594,5.810427],"center":[-2.0244975,-1.9058099,0.134727]},"timestamp":1737480206.792656,"label":"Tracking Available"},{"timestamp":1737480211.342266,"content":{"identifier":"61BB3DDD-C96C-6E82-3432-BD712CCBCB28","transform":{"columns":[[0.87418866,0.009668506,0.48549017,0],[-0.48529917,-0.016987186,0.8741831,0],[0.016699135,-0.9998089,-0.010157884,0],[-0.2902236,-0.6106183,-0.18326744,0.99999994]]},"name":"Peppers"},"label":"ARImageAnchor didAdd"},{"timestamp":1737480211.385005,"label":"ARImageAnchor didUpdate","content":{"identifier":"61BB3DDD-C96C-6E82-3432-BD712CCBCB28","transform":{"columns":[[0.87418866,0.009668506,0.48549017,0],[-0.48529917,-0.016987186,0.8741831,0],[0.016699135,-0.9998089,-0.010157884,0],[-0.2902236,-0.6106183,-0.18326744,0.99999994]]},"name":"Peppers"}},{"content":{"transform":{"columns":[[0.93524635,-0.01817336,0.35353115,0],[-0.35387388,-0.021560922,0.93504465,0],[-0.009370447,-0.9996023,-0.026595902,0],[-0.66665834,0.1012272,-0.9326058,1]]},"identifier":"088EF783-5990-B052-BE99-B8AA15BA6C68","name":"Earth"},"timestamp":1737480214.6088428,"label":"ARImageAnchor didAdd"},{"label":"ARImageAnchor didUpdate","content":{"name":"Earth","identifier":"088EF783-5990-B052-BE99-B8AA15BA6C68","transform":{"columns":[[0.93524635,-0.01817336,0.35353115,0],[-0.35387388,-0.021560922,0.93504465,0],[-0.009370447,-0.9996023,-0.026595902,0],[-0.66665834,0.1012272,-0.9326058,1]]}},"timestamp":1737480214.616805},{"label":"ARImageAnchor didUpdate","content":{"identifier":"088EF783-5990-B052-BE99-B8AA15BA6C68","name":"Earth","transform":{"columns":[[0.9338847,-0.02124617,0.3569427,0],[-0.35731828,-0.017671289,0.9338155,0],[-0.013532376,-0.99961805,-0.024094582,0],[-0.663998,0.10436002,-0.9491432,1]]}},"timestamp":1737480215.11656},{"timestamp":1737480215.1503382,"label":"ARImageAnchor didUpdate","content":{"name":"Earth","identifier":"088EF783-5990-B052-BE99-B8AA15BA6C68","transform":{"columns":[[0.9338847,-0.02124617,0.3569427,0],[-0.35731828,-0.017671289,0.9338155,0],[-0.013532376,-0.99961805,-0.024094582,0],[-0.663998,0.10436002,-0.9491432,1]]}}},{"label":"ARImageAnchor didAdd","content":{"identifier":"C35EAC54-3E90-1B97-807B-5E3B8F238DB7","transform":{"columns":[[0.4630701,-0.008926407,-0.8862767,0],[0.8863116,-0.00012124459,0.4630895,0],[-0.004241104,-0.99996006,0.007855506,0],[0.38269648,-0.66366524,0.030715734,1]]},"name":"Sailboat"},"timestamp":1737480220.441729},{"content":{"name":"Sailboat","transform":{"columns":[[0.4630701,-0.008926407,-0.8862767,0],[0.8863116,-0.00012124459,0.4630895,0],[-0.004241104,-0.99996006,0.007855506,0],[0.38269648,-0.66366524,0.030715734,1]]},"identifier":"C35EAC54-3E90-1B97-807B-5E3B8F238DB7"},"timestamp":1737480220.451747,"label":"ARImageAnchor didUpdate"},{"timestamp":1737480231.107851,"content":{"name":"Mandrill","identifier":"A19C2489-597B-2BED-432C-244B551E75FD","transform":{"columns":[[0.9178768,0.010749142,0.3967197,0],[-0.39686248,0.021109924,0.91763526,0],[0.0014890698,-0.9997193,0.023642195,0],[0.7483421,0.8415252,-0.32409582,1]]}},"label":"ARImageAnchor didAdd"},{"content":{"identifier":"A19C2489-597B-2BED-432C-244B551E75FD","transform":{"columns":[[0.9178768,0.010749142,0.3967197,0],[-0.39686248,0.021109924,0.91763526,0],[0.0014890698,-0.9997193,0.023642195,0],[0.7483421,0.8415252,-0.32409582,1]]},"name":"Mandrill"},"label":"ARImageAnchor didUpdate","timestamp":1737480231.1163812},{"content":{"identifier":"FF85DBE1-76D3-E459-2D24-8EDCEE263300","transform":{"columns":[[-0.38906792,-0.017891258,0.9210353,0],[-0.921209,0.006941528,-0.38900644,0],[0.000566433,-0.9998158,-0.019182313,0],[1.4381868,0.15467562,0.4668989,1]]},"name":"Car"},"timestamp":1737480233.241026,"label":"ARImageAnchor didAdd"},{"timestamp":1737480233.252008,"label":"ARImageAnchor didUpdate","content":{"name":"Car","identifier":"FF85DBE1-76D3-E459-2D24-8EDCEE263300","transform":{"columns":[[-0.38906792,-0.017891258,0.9210353,0],[-0.921209,0.006941528,-0.38900644,0],[0.000566433,-0.9998158,-0.019182313,0],[1.4381868,0.15467562,0.4668989,1]]}}},{"content":{"name":"Car","transform":{"columns":[[-0.3937608,-0.019669807,0.9190025,0],[-0.9191183,-0.0059226467,-0.39393723,0],[0.013191635,-0.99978894,-0.015746772,0],[1.4235874,0.16032524,0.46135962,1]]},"identifier":"FF85DBE1-76D3-E459-2D24-8EDCEE263300"},"timestamp":1737480233.752753,"label":"ARImageAnchor didUpdate"},{"label":"ARImageAnchor didUpdate","timestamp":1737480233.786021,"content":{"name":"Car","identifier":"FF85DBE1-76D3-E459-2D24-8EDCEE263300","transform":{"columns":[[-0.3937608,-0.019669807,0.9190025,0],[-0.9191183,-0.0059226467,-0.39393723,0],[0.013191635,-0.99978894,-0.015746772,0],[1.4235874,0.16032524,0.46135962,1]]}}},{"timestamp":1737480235.3743849,"label":"ARImageAnchor didAdd","content":{"transform":{"columns":[[-0.4063409,0.04083186,0.91280884,0],[-0.91356087,0.00058182015,-0.40670174,0],[-0.0171375,-0.99916583,0.03706596,0],[1.0888423,-0.13071217,1.0933704,1]]},"name":"Lenna","identifier":"6BAD7D5D-D14A-EF93-1C8B-F6BEC80B8329"}},{"content":{"name":"Lenna","identifier":"6BAD7D5D-D14A-EF93-1C8B-F6BEC80B8329","transform":{"columns":[[-0.4063409,0.04083186,0.91280884,0],[-0.91356087,0.00058182015,-0.40670174,0],[-0.0171375,-0.99916583,0.03706596,0],[1.0888423,-0.13071217,1.0933704,1]]}},"label":"ARImageAnchor didUpdate","timestamp":1737480235.385478},{"timestamp":1737480235.8843699,"label":"ARImageAnchor didUpdate","content":{"name":"Lenna","transform":{"columns":[[-0.3981038,0.036628194,0.9166088,0],[-0.9173395,-0.014531204,-0.39784044,0],[-0.0012527343,-0.9992232,0.03938539,0],[1.0854359,-0.12639846,1.0869942,1]]},"identifier":"6BAD7D5D-D14A-EF93-1C8B-F6BEC80B8329"}},{"content":{"name":"Lenna","identifier":"6BAD7D5D-D14A-EF93-1C8B-F6BEC80B8329","transform":{"columns":[[-0.3981038,0.036628194,0.9166088,0],[-0.9173395,-0.014531204,-0.39784044,0],[-0.0012527343,-0.9992232,0.03938539,0],[1.0854359,-0.12639846,1.0869942,1]]}},"label":"ARImageAnchor didUpdate","timestamp":1737480235.9170241},{"content":{"name":"Lenna","identifier":"6BAD7D5D-D14A-EF93-1C8B-F6BEC80B8329","transform":{"columns":[[-0.3947657,0.037944574,0.91799784,0],[-0.91876405,-0.010094246,-0.3946779,0],[-0.005709432,-0.9992288,0.038846973,0],[1.0876576,-0.12887527,1.091627,0.99999994]]}},"label":"ARImageAnchor didUpdate","timestamp":1737480236.415996},{"timestamp":1737480236.448355,"content":{"transform":{"columns":[[-0.3947657,0.037944574,0.91799784,0],[-0.91876405,-0.010094246,-0.3946779,0],[-0.005709432,-0.9992288,0.038846973,0],[1.0876576,-0.12887527,1.091627,0.99999994]]},"name":"Lenna","identifier":"6BAD7D5D-D14A-EF93-1C8B-F6BEC80B8329"},"label":"ARImageAnchor didUpdate"}]