[{"timestamp":1737480139.704685,"label":"Application launched"},{"label":"Initialize ARViewModel","timestamp":1737480139.704791},{"label":"Finished Initialize ARViewModel","timestamp":1737480139.7064261},{"label":"Initialize RoomManager","timestamp":1737480139.706491},{"timestamp":1737480139.7065039,"label":"Initialize BeaconManager"},{"label":"Fininshed Initialize BeaconManager","timestamp":1737480139.706538},{"label":"Fininshed Initialize RoomManager","timestamp":1737480139.706554},{"timestamp":1737480139.706567,"label":"ContentView Initialize"},{"content":"Tracking is limited due to: initializing","label":"Tracking Limited","timestamp":1737480140.2856488},{"content":{"id":"2D11FD77-5009-46EE-B13B-FEF68B77A669","name":"Room w\/ the Table"},"timestamp":1737480141.1156511,"label":"Room Update"},{"label":"Downloading WorldMap","content":{"id":"2D11FD77-5009-46EE-B13B-FEF68B77A669","name":"Room w\/ the Table"},"timestamp":1737480141.1157188},{"label":"Finished Downloading WorldMap","content":{"id":"2D11FD77-5009-46EE-B13B-FEF68B77A669","name":"Room w\/ the Table"},"timestamp":1737480142.80451},{"label":"Tracking Limited","content":"Tracking is limited due to: initializing","timestamp":1737480142.9859319},{"content":"Tracking is limited due to: relocalizing","timestamp":1737480144.1541681,"label":"Tracking Limited"},{"timestamp":1737480152.926655,"label":"Bunny didAdd","content":{"identifier":"ABD555B5-FE7F-4BD0-ABEC-2F236636F0DC","name":"bunny","transform":{"columns":[[0.62148136,0.0069743264,0.783398,0],[-0.0015799403,0.99996936,-0.007648999,0],[-0.78342736,0.0035159881,0.6214734,0],[-0.011414457,-0.4862724,-0.2254554,1]]}}},{"label":"Bunny didUpdate","content":{"name":"bunny","transform":{"columns":[[0.62148124,0.006974325,0.78339785,0],[-0.0015799401,0.99996924,-0.0076489975,0],[-0.78342724,0.0035159877,0.62147325,0],[-0.011414457,-0.4862724,-0.2254554,1]]},"identifier":"ABD555B5-FE7F-4BD0-ABEC-2F236636F0DC"},"timestamp":1737480152.9662561},{"timestamp":1737480152.967891,"label":"Tracking Available","content":{"center":[-2.0833445,-1.8528829,0.134727],"extent":[7.9084816,4.4499054,5.810427]}},{"timestamp":1737480158.178505,"content":{"name":"Peppers","transform":{"columns":[[0.8792038,0.013324286,0.4762596,0],[-0.47596857,-0.020169435,0.8792309,0],[0.021320982,-0.99970764,-0.011391068,0],[-0.28305545,-0.5953511,-0.17278248,0.99999994]]},"identifier":"61BB3DDD-C96C-6E82-3432-BD712CCBCB28"},"label":"ARImageAnchor didAdd"},{"timestamp":1737480158.186357,"content":{"transform":{"columns":[[0.8792038,0.013324286,0.4762596,0],[-0.47596857,-0.020169435,0.8792309,0],[0.021320982,-0.99970764,-0.011391068,0],[-0.28305545,-0.5953511,-0.17278248,0.99999994]]},"name":"Peppers","identifier":"61BB3DDD-C96C-6E82-3432-BD712CCBCB28"},"label":"ARImageAnchor didUpdate"},{"label":"ARImageAnchor didAdd","timestamp":1737480162.978374,"content":{"transform":{"columns":[[0.9392601,-0.011849895,0.34300148,0],[-0.3431643,-0.016839094,0.93912435,0],[-0.0053526815,-0.99978787,-0.019882776,0],[-0.6597004,0.10859032,-0.961271,0.99999994]]},"name":"Earth","identifier":"088EF783-5990-B052-BE99-B8AA15BA6C68"}},{"content":{"identifier":"088EF783-5990-B052-BE99-B8AA15BA6C68","transform":{"columns":[[0.9392601,-0.011849895,0.34300148,0],[-0.3431643,-0.016839094,0.93912435,0],[-0.0053526815,-0.99978787,-0.019882776,0],[-0.6597004,0.10859032,-0.961271,0.99999994]]},"name":"Earth"},"timestamp":1737480162.984817,"label":"ARImageAnchor didUpdate"},{"label":"ARImageAnchor didAdd","timestamp":1737480168.311285,"content":{"transform":{"columns":[[0.44310376,-0.005641441,-0.89645255,0],[0.89646554,-0.00044207482,0.4431131,0],[-0.0028960607,-0.9999839,0.004861445,0],[0.40477473,-0.6536858,0.02840276,0.9999999]]},"name":"Sailboat","identifier":"C35EAC54-3E90-1B97-807B-5E3B8F238DB7"}},{"content":{"identifier":"C35EAC54-3E90-1B97-807B-5E3B8F238DB7","name":"Sailboat","transform":{"columns":[[0.44310376,-0.005641441,-0.89645255,0],[0.89646554,-0.00044207482,0.4431131,0],[-0.0028960607,-0.9999839,0.004861445,0],[0.40477473,-0.6536858,0.02840276,0.9999999]]}},"timestamp":1737480168.3199282,"label":"ARImageAnchor didUpdate"},{"content":{"name":"Mandrill","identifier":"A19C2489-597B-2BED-432C-244B551E75FD","transform":{"columns":[[0.92747545,0.015118819,0.37357846,0],[-0.37380192,0.016527362,0.9273613,0],[0.0078463415,-0.99974906,0.020980163,0],[0.7613462,0.8481272,-0.33219135,1]]}},"label":"ARImageAnchor didAdd","timestamp":1737480172.044462},{"timestamp":1737480172.051917,"label":"ARImageAnchor didUpdate","content":{"transform":{"columns":[[0.92747545,0.015118819,0.37357846,0],[-0.37380192,0.016527362,0.9273613,0],[0.0078463415,-0.99974906,0.020980163,0],[0.7613462,0.8481272,-0.33219135,1]]},"identifier":"A19C2489-597B-2BED-432C-244B551E75FD","name":"Mandrill"}},{"label":"ARImageAnchor didAdd","content":{"name":"Car","identifier":"FF85DBE1-76D3-E459-2D24-8EDCEE263300","transform":{"columns":[[-0.37477946,-0.017019693,0.92695767,0],[-0.9270654,-0.003357961,-0.3748847,0],[0.009493087,-0.99984944,-0.014519882,0],[1.4616877,0.16779442,0.4317935,0.99999994]]}},"timestamp":1737480174.7109041},{"label":"ARImageAnchor didUpdate","content":{"name":"Car","identifier":"FF85DBE1-76D3-E459-2D24-8EDCEE263300","transform":{"columns":[[-0.37477946,-0.017019693,0.92695767,0],[-0.9270654,-0.003357961,-0.3748847,0],[0.009493087,-0.99984944,-0.014519882,0],[1.4616877,0.16779442,0.4317935,0.99999994]]}},"timestamp":1737480174.722036},{"label":"ARImageAnchor didAdd","content":{"name":"Lenna","identifier":"6BAD7D5D-D14A-EF93-1C8B-F6BEC80B8329","transform":{"columns":[[-0.3898681,0.042689905,0.9198807,0],[-0.92086935,-0.019832011,-0.38936675,0],[0.0016210077,-0.99889153,0.047043663,0],[1.1225677,-0.1266195,1.0870678,1]]}},"timestamp":1737480176.84403},{"content":{"identifier":"6BAD7D5D-D14A-EF93-1C8B-F6BEC80B8329","transform":{"columns":[[-0.3898681,0.042689905,0.9198807,0],[-0.92086935,-0.019832011,-0.38936675,0],[0.0016210077,-0.99889153,0.047043663,0],[1.1225677,-0.1266195,1.0870678,1]]},"name":"Lenna"},"timestamp":1737480176.856866,"label":"ARImageAnchor didUpdate"}]