[{"timestamp":1737483211.516834,"label":"Application launched"},{"timestamp":1737483211.517091,"label":"Initialize ARViewModel"},{"timestamp":1737483211.519067,"label":"Finished Initialize ARViewModel"},{"label":"Initialize RoomManager","timestamp":1737483211.519141},{"timestamp":1737483211.519155,"label":"Initialize BeaconManager"},{"label":"Fininshed Initialize BeaconManager","timestamp":1737483211.519191},{"timestamp":1737483211.519208,"label":"Fininshed Initialize RoomManager"},{"label":"ContentView Initialize","timestamp":1737483211.519222},{"timestamp":1737483212.066688,"content":"Tracking is limited due to: initializing","label":"Tracking Limited"},{"timestamp":1737483212.8590798,"label":"Room Update","content":{"id":"2D11FD77-5009-46EE-B13B-FEF68B77A669","name":"Room w\/ the Table"}},{"label":"Downloading WorldMap","content":{"id":"2D11FD77-5009-46EE-B13B-FEF68B77A669","name":"Room w\/ the Table"},"timestamp":1737483212.859123},{"content":{"id":"2D11FD77-5009-46EE-B13B-FEF68B77A669","name":"Room w\/ the Table"},"timestamp":1737483214.873447,"label":"Finished Downloading WorldMap"},{"timestamp":1737483215.101088,"label":"Tracking Limited","content":"Tracking is limited due to: initializing"},{"content":"Tracking is limited due to: relocalizing","timestamp":1737483216.269546,"label":"Tracking Limited"},{"label":"Bunny didAdd","content":{"identifier":"ABD555B5-FE7F-4BD0-ABEC-2F236636F0DC","name":"bunny","transform":{"columns":[[0.62148124,0.006974325,0.78339785,0],[-0.0015799401,0.99996924,-0.0076489975,0],[-0.78342724,0.0035159877,0.62147325,0],[-0.011414457,-0.4862724,-0.2254554,1]]}},"timestamp":1737483227.430527},{"label":"Bunny didUpdate","content":{"identifier":"ABD555B5-FE7F-4BD0-ABEC-2F236636F0DC","transform":{"columns":[[0.6214812,0.006974324,0.78339773,0],[-0.0015799401,0.9999691,-0.0076489965,0],[-0.7834271,0.0035159872,0.6214732,0],[-0.011414457,-0.4862724,-0.2254554,1]]},"name":"bunny"},"timestamp":1737483227.4502568},{"label":"Tracking Available","timestamp":1737483227.45115,"content":{"extent":[8.295753,8.39764,5.8116007],"center":[-1.8882809,-3.696662,0.13428235]}},{"timestamp":1737483229.926888,"content":{"name":"Peppers","identifier":"61BB3DDD-C96C-6E82-3432-BD712CCBCB28","transform":{"columns":[[0.872009,0.01270992,0.48932493,0],[-0.48905024,-0.019743446,0.87203217,0],[0.020744458,-0.9997242,-0.011000775,0],[-0.28576848,-0.5745025,-0.15406474,1]]}},"label":"ARImageAnchor didAdd"},{"content":{"name":"Peppers","identifier":"61BB3DDD-C96C-6E82-3432-BD712CCBCB28","transform":{"columns":[[0.872009,0.01270992,0.48932493,0],[-0.48905024,-0.019743446,0.87203217,0],[0.020744458,-0.9997242,-0.011000775,0],[-0.28576848,-0.5745025,-0.15406474,1]]}},"timestamp":1737483229.938205,"label":"ARImageAnchor didUpdate"},{"timestamp":1737483232.593484,"label":"ARImageAnchor didAdd","content":{"identifier":"088EF783-5990-B052-BE99-B8AA15BA6C68","name":"Earth","transform":{"columns":[[0.938366,-0.018402735,0.34515312,0],[-0.3455084,-0.02203986,0.9381568,0],[-0.009657535,-0.99958754,-0.027039774,0],[-0.6454185,0.12678914,-0.9249855,1]]}}},{"content":{"name":"Earth","transform":{"columns":[[0.938366,-0.018402735,0.34515312,0],[-0.3455084,-0.02203986,0.9381568,0],[-0.009657535,-0.99958754,-0.027039774,0],[-0.6454185,0.12678914,-0.9249855,1]]},"identifier":"088EF783-5990-B052-BE99-B8AA15BA6C68"},"timestamp":1737483232.600191,"label":"ARImageAnchor didUpdate"},{"label":"ARImageAnchor didUpdate","content":{"transform":{"columns":[[0.929964,-0.016545992,0.36727837,0],[-0.36741212,-0.0058291066,0.93004006,0],[-0.013247548,-0.999846,-0.011500025,0],[-0.6495676,0.13239165,-0.9321673,1]]},"identifier":"088EF783-5990-B052-BE99-B8AA15BA6C68","name":"Earth"},"timestamp":1737483233.1016412},{"label":"ARImageAnchor didUpdate","timestamp":1737483233.1348472,"content":{"transform":{"columns":[[0.929964,-0.016545992,0.36727837,0],[-0.36741212,-0.0058291066,0.93004006,0],[-0.013247548,-0.999846,-0.011500025,0],[-0.6495676,0.13239165,-0.9321673,1]]},"name":"Earth","identifier":"088EF783-5990-B052-BE99-B8AA15BA6C68"}},{"label":"ARImageAnchor didAdd","content":{"identifier":"C35EAC54-3E90-1B97-807B-5E3B8F238DB7","name":"Sailboat","transform":{"columns":[[0.4605947,-0.008481555,-0.88757,0],[0.8875784,-0.0041068546,0.46063834,0],[-0.0075520226,-0.99995553,0.005636452,0],[0.38151976,-0.62795895,0.055912524,1]]}},"timestamp":1737483236.860079},{"timestamp":1737483236.8711429,"label":"ARImageAnchor didUpdate","content":{"identifier":"C35EAC54-3E90-1B97-807B-5E3B8F238DB7","name":"Sailboat","transform":{"columns":[[0.4605947,-0.008481555,-0.88757,0],[0.8875784,-0.0041068546,0.46063834,0],[-0.0075520226,-0.99995553,0.005636452,0],[0.38151976,-0.62795895,0.055912524,1]]}}},{"timestamp":1737483239.5265799,"content":{"transform":{"columns":[[0.91488695,0.014024993,0.40346658,0],[-0.40371007,0.032698713,0.91430247,0],[-0.00036975395,-0.99936676,0.035577666,0],[0.75023764,0.8720953,-0.31931257,1]]},"name":"Mandrill","identifier":"A19C2489-597B-2BED-432C-244B551E75FD"},"label":"ARImageAnchor didAdd"},{"timestamp":1737483239.535203,"label":"ARImageAnchor didUpdate","content":{"name":"Mandrill","identifier":"A19C2489-597B-2BED-432C-244B551E75FD","transform":{"columns":[[0.91488695,0.014024993,0.40346658,0],[-0.40371007,0.032698713,0.91430247,0],[-0.00036975395,-0.99936676,0.035577666,0],[0.75023764,0.8720953,-0.31931257,1]]}}},{"label":"ARImageAnchor didAdd","content":{"name":"Car","transform":{"columns":[[-0.3994397,-0.018940594,0.9165638,0],[-0.91674256,0.0021708908,-0.39947274,0],[0.005576498,-0.99981815,-0.0182308,0],[1.4433094,0.18357185,0.4707272,0.99999994]]},"identifier":"FF85DBE1-76D3-E459-2D24-8EDCEE263300"},"timestamp":1737483241.659841},{"label":"ARImageAnchor didUpdate","content":{"transform":{"columns":[[-0.3994397,-0.018940594,0.9165638,0],[-0.91674256,0.0021708908,-0.39947274,0],[0.005576498,-0.99981815,-0.0182308,0],[1.4433094,0.18357185,0.4707272,0.99999994]]},"name":"Car","identifier":"FF85DBE1-76D3-E459-2D24-8EDCEE263300"},"timestamp":1737483241.67},{"label":"ARImageAnchor didUpdate","content":{"name":"Car","identifier":"FF85DBE1-76D3-E459-2D24-8EDCEE263300","transform":{"columns":[[-0.40580484,-0.015894543,0.9138215,0],[-0.9139596,0.00673964,-0.40574902,0],[0.00029034936,-0.9998509,-0.01726196,0],[1.4224094,0.19010058,0.46135598,0.99999994]]}},"timestamp":1737483242.1697001},{"content":{"name":"Car","transform":{"columns":[[-0.40580484,-0.015894543,0.9138215,0],[-0.9139596,0.00673964,-0.40574902,0],[0.00029034936,-0.9998509,-0.01726196,0],[1.4224094,0.19010058,0.46135598,0.99999994]]},"identifier":"FF85DBE1-76D3-E459-2D24-8EDCEE263300"},"label":"ARImageAnchor didUpdate","timestamp":1737483242.20328},{"label":"ARImageAnchor didAdd","timestamp":1737483243.792979,"content":{"transform":{"columns":[[-0.40273917,0.042171035,0.9143428,0],[-0.9150696,0.004571631,-0.40327016,0],[-0.021186376,-0.99909997,0.036748268,0],[1.0923959,-0.10783999,1.0945203,1]]},"name":"Lenna","identifier":"6BAD7D5D-D14A-EF93-1C8B-F6BEC80B8329"}},{"timestamp":1737483243.7998362,"label":"ARImageAnchor didUpdate","content":{"transform":{"columns":[[-0.40273917,0.042171035,0.9143428,0],[-0.9150696,0.004571631,-0.40327016,0],[-0.021186376,-0.99909997,0.036748268,0],[1.0923959,-0.10783999,1.0945203,1]]},"identifier":"6BAD7D5D-D14A-EF93-1C8B-F6BEC80B8329","name":"Lenna"}}]