[{"timestamp":1737481533.2682881,"label":"Application launched"},{"timestamp":1737481533.268369,"label":"Initialize ARViewModel"},{"label":"Finished Initialize ARViewModel","timestamp":1737481533.26939},{"timestamp":1737481533.269405,"label":"Initialize RoomManager"},{"timestamp":1737481533.2694101,"label":"Initialize BeaconManager"},{"label":"Fininshed Initialize BeaconManager","timestamp":1737481533.269425},{"label":"Fininshed Initialize RoomManager","timestamp":1737481533.2694302},{"timestamp":1737481533.269434,"label":"ContentView Initialize"},{"timestamp":1737481533.751055,"label":"Tracking Limited","content":"Tracking is limited due to: initializing"},{"content":{"id":"2D11FD77-5009-46EE-B13B-FEF68B77A669","name":"Room w\/ the Table"},"label":"Room Update","timestamp":1737481534.64052},{"timestamp":1737481534.6405602,"label":"Downloading WorldMap","content":{"name":"Room w\/ the Table","id":"2D11FD77-5009-46EE-B13B-FEF68B77A669"}},{"timestamp":1737481536.143371,"label":"Finished Downloading WorldMap","content":{"id":"2D11FD77-5009-46EE-B13B-FEF68B77A669","name":"Room w\/ the Table"}},{"label":"Tracking Limited","timestamp":1737481536.3519669,"content":"Tracking is limited due to: initializing"},{"content":"Tracking is limited due to: relocalizing","timestamp":1737481537.4172878,"label":"Tracking Limited"},{"timestamp":1737481540.860948,"label":"Bunny didAdd","content":{"identifier":"ABD555B5-FE7F-4BD0-ABEC-2F236636F0DC","name":"bunny","transform":{"columns":[[0.62148124,0.006974325,0.78339785,0],[-0.0015799401,0.99996924,-0.0076489975,0],[-0.78342724,0.0035159877,0.62147325,0],[-0.011414457,-0.4862724,-0.2254554,1]]}}},{"timestamp":1737481540.882582,"label":"Bunny didUpdate","content":{"identifier":"ABD555B5-FE7F-4BD0-ABEC-2F236636F0DC","name":"bunny","transform":{"columns":[[0.6214812,0.006974324,0.78339773,0],[-0.0015799401,0.9999691,-0.0076489965,0],[-0.7834271,0.0035159872,0.6214732,0],[-0.011414457,-0.4862724,-0.2254554,1]]}}},{"label":"Tracking Available","timestamp":1737481540.893415,"content":{"extent":[7.961771,8.39764,5.8116007],"center":[-2.0552716,-3.696662,0.13428235]}},{"label":"ARImageAnchor didAdd","content":{"transform":{"columns":[[0.8813657,0.0073876637,0.47237694,0],[-0.47222835,-0.015772866,0.8813351,0],[0.013961692,-0.9998482,-0.010412926,0],[-0.2798095,-0.5952322,-0.1754672,0.99999994]]},"name":"Peppers","identifier":"61BB3DDD-C96C-6E82-3432-BD712CCBCB28"},"timestamp":1737481543.0783339},{"timestamp":1737481543.088619,"content":{"transform":{"columns":[[0.8813657,0.0073876637,0.47237694,0],[-0.47222835,-0.015772866,0.8813351,0],[0.013961692,-0.9998482,-0.010412926,0],[-0.2798095,-0.5952322,-0.1754672,0.99999994]]},"name":"Peppers","identifier":"61BB3DDD-C96C-6E82-3432-BD712CCBCB28"},"label":"ARImageAnchor didUpdate"},{"timestamp":1737481545.21181,"label":"ARImageAnchor didAdd","content":{"identifier":"088EF783-5990-B052-BE99-B8AA15BA6C68","name":"Earth","transform":{"columns":[[0.9426538,-0.017181532,0.33332983,0],[-0.33342022,-0.0026121747,0.94277465,0],[-0.015327595,-0.99984896,-0.008191032,0],[-0.6537671,0.09671699,-0.9508811,0.99999994]]}}},{"timestamp":1737481545.253279,"label":"ARImageAnchor didUpdate","content":{"identifier":"088EF783-5990-B052-BE99-B8AA15BA6C68","transform":{"columns":[[0.9426538,-0.017181532,0.33332983,0],[-0.33342022,-0.0026121747,0.94277465,0],[-0.015327595,-0.99984896,-0.008191032,0],[-0.6537671,0.09671699,-0.9508811,0.99999994]]},"name":"Earth"}},{"timestamp":1737481545.718803,"content":{"transform":{"columns":[[0.943029,-0.01861288,0.33218923,0],[-0.33250216,-0.017417613,0.9429414,0],[-0.011764918,-0.99967486,-0.022614093,0],[-0.65406644,0.08445408,-0.93833876,0.9999998]]},"identifier":"088EF783-5990-B052-BE99-B8AA15BA6C68","name":"Earth"},"label":"ARImageAnchor didUpdate"},{"timestamp":1737481545.7861838,"label":"ARImageAnchor didUpdate","content":{"transform":{"columns":[[0.943029,-0.01861288,0.33218923,0],[-0.33250216,-0.017417613,0.9429414,0],[-0.011764918,-0.99967486,-0.022614093,0],[-0.65406644,0.08445408,-0.93833876,0.9999998]]},"name":"Earth","identifier":"088EF783-5990-B052-BE99-B8AA15BA6C68"}},{"content":{"transform":{"columns":[[0.93278533,-0.017068064,0.36002815,0],[-0.36015737,-0.005120793,0.9328776,0],[-0.014078796,-0.9998413,-0.010923742,0],[-0.65500975,0.0942593,-0.9496298,1]]},"name":"Earth","identifier":"088EF783-5990-B052-BE99-B8AA15BA6C68"},"label":"ARImageAnchor didUpdate","timestamp":1737481546.319375},{"label":"ARImageAnchor didUpdate","timestamp":1737481546.3527231,"content":{"identifier":"088EF783-5990-B052-BE99-B8AA15BA6C68","name":"Earth","transform":{"columns":[[0.93278533,-0.017068064,0.36002815,0],[-0.36015737,-0.005120793,0.9328776,0],[-0.014078796,-0.9998413,-0.010923742,0],[-0.65500975,0.0942593,-0.9496298,1]]}}},{"timestamp":1737481549.511338,"label":"ARImageAnchor didAdd","content":{"identifier":"C35EAC54-3E90-1B97-807B-5E3B8F238DB7","transform":{"columns":[[0.45708555,-0.009131001,-0.88937587,0],[0.8894226,0.0042410083,0.45706603,0],[-0.00040159244,-0.9999492,0.010059911,0],[0.40137315,-0.6679851,0.019435838,1]]},"name":"Sailboat"}},{"label":"ARImageAnchor didUpdate","timestamp":1737481549.522119,"content":{"identifier":"C35EAC54-3E90-1B97-807B-5E3B8F238DB7","transform":{"columns":[[0.45708555,-0.009131001,-0.88937587,0],[0.8894226,0.0042410083,0.45706603,0],[-0.00040159244,-0.9999492,0.010059911,0],[0.40137315,-0.6679851,0.019435838,1]]},"name":"Sailboat"}},{"content":{"transform":{"columns":[[0.9244931,0.012252409,0.38100204,0],[-0.38119748,0.032464255,0.9239235,0],[-0.0010486597,-0.9993977,0.034683567,0],[0.7676729,0.8407622,-0.35622,1]]},"name":"Mandrill","identifier":"A19C2489-597B-2BED-432C-244B551E75FD"},"label":"ARImageAnchor didAdd","timestamp":1737481556.477766},{"timestamp":1737481556.4864001,"label":"ARImageAnchor didUpdate","content":{"transform":{"columns":[[0.9244931,0.012252409,0.38100204,0],[-0.38119748,0.032464255,0.9239235,0],[-0.0010486597,-0.9993977,0.034683567,0],[0.7676729,0.8407622,-0.35622,1]]},"identifier":"A19C2489-597B-2BED-432C-244B551E75FD","name":"Mandrill"}},{"content":{"identifier":"FF85DBE1-76D3-E459-2D24-8EDCEE263300","name":"Car","transform":{"columns":[[-0.37390512,-0.017744316,0.9272974,0],[-0.927452,0.012846452,-0.37372175,0],[-0.00528102,-0.99976003,-0.021260357,0],[1.4640809,0.15787202,0.41559234,1]]}},"label":"ARImageAnchor didAdd","timestamp":1737481558.5776029},{"timestamp":1737481558.588058,"content":{"transform":{"columns":[[-0.37390512,-0.017744316,0.9272974,0],[-0.927452,0.012846452,-0.37372175,0],[-0.00528102,-0.99976003,-0.021260357,0],[1.4640809,0.15787202,0.41559234,1]]},"name":"Car","identifier":"FF85DBE1-76D3-E459-2D24-8EDCEE263300"},"label":"ARImageAnchor didUpdate"},{"timestamp":1737481559.088499,"content":{"name":"Car","transform":{"columns":[[-0.38031536,-0.018588217,0.9246699,0],[-0.9248566,0.0069993422,-0.38025147,0],[0.0005961104,-0.99980253,-0.019853367,0],[1.4571557,0.16166125,0.4091464,0.9999999]]},"identifier":"FF85DBE1-76D3-E459-2D24-8EDCEE263300"},"label":"ARImageAnchor didUpdate"},{"timestamp":1737481559.118839,"label":"ARImageAnchor didUpdate","content":{"transform":{"columns":[[-0.38031536,-0.018588217,0.9246699,0],[-0.9248566,0.0069993422,-0.38025147,0],[0.0005961104,-0.99980253,-0.019853367,0],[1.4571557,0.16166125,0.4091464,0.9999999]]},"identifier":"FF85DBE1-76D3-E459-2D24-8EDCEE263300","name":"Car"}},{"label":"ARImageAnchor didAdd","timestamp":1737481561.2441502,"content":{"name":"Lenna","transform":{"columns":[[-0.38479725,0.03894353,0.9221792,0],[-0.92298394,-0.010136187,-0.384705,0],[-0.0056343228,-0.9991899,0.03984464,0],[1.12819,-0.13324337,1.0472155,0.99999994]]},"identifier":"6BAD7D5D-D14A-EF93-1C8B-F6BEC80B8329"}},{"content":{"name":"Lenna","transform":{"columns":[[-0.38479725,0.03894353,0.9221792,0],[-0.92298394,-0.010136187,-0.384705,0],[-0.0056343228,-0.9991899,0.03984464,0],[1.12819,-0.13324337,1.0472155,0.99999994]]},"identifier":"6BAD7D5D-D14A-EF93-1C8B-F6BEC80B8329"},"timestamp":1737481561.2536612,"label":"ARImageAnchor didUpdate"}]