[{"label":"Application launched","timestamp":1737482303.950728},{"label":"Initialize ARViewModel","timestamp":1737482303.950951},{"label":"Finished Initialize ARViewModel","timestamp":1737482303.953042},{"timestamp":1737482303.9530659,"label":"Initialize RoomManager"},{"timestamp":1737482303.9530702,"label":"Initialize BeaconManager"},{"timestamp":1737482303.9530811,"label":"Fininshed Initialize BeaconManager"},{"timestamp":1737482303.953086,"label":"Fininshed Initialize RoomManager"},{"timestamp":1737482303.95309,"label":"ContentView Initialize"},{"timestamp":1737482304.2864199,"label":"Tracking Limited","content":"Tracking is limited due to: initializing"},{"timestamp":1737482305.283597,"content":{"id":"2D11FD77-5009-46EE-B13B-FEF68B77A669","name":"Room w\/ the Table"},"label":"Room Update"},{"content":{"name":"Room w\/ the Table","id":"2D11FD77-5009-46EE-B13B-FEF68B77A669"},"timestamp":1737482305.2836618,"label":"Downloading WorldMap"},{"timestamp":1737482307.538156,"label":"Finished Downloading WorldMap","content":{"name":"Room w\/ the Table","id":"2D11FD77-5009-46EE-B13B-FEF68B77A669"}},{"label":"Tracking Limited","timestamp":1737482307.753811,"content":"Tracking is limited due to: initializing"},{"content":"Tracking is limited due to: relocalizing","timestamp":1737482308.821104,"label":"Tracking Limited"},{"content":{"name":"bunny","identifier":"ABD555B5-FE7F-4BD0-ABEC-2F236636F0DC","transform":{"columns":[[0.62148124,0.006974325,0.78339785,0],[-0.0015799401,0.99996924,-0.0076489975,0],[-0.78342724,0.0035159877,0.62147325,0],[-0.011414457,-0.4862724,-0.2254554,1]]}},"label":"Bunny didAdd","timestamp":1737482318.3630471},{"timestamp":1737482318.3885689,"content":{"transform":{"columns":[[0.6214812,0.006974324,0.78339773,0],[-0.0015799401,0.9999691,-0.0076489965,0],[-0.7834271,0.0035159872,0.6214732,0],[-0.011414457,-0.4862724,-0.2254554,1]]},"name":"bunny","identifier":"ABD555B5-FE7F-4BD0-ABEC-2F236636F0DC"},"label":"Bunny didUpdate"},{"timestamp":1737482318.406742,"label":"Tracking Available","content":{"extent":[7.9519567,8.39764,5.8116007],"center":[-2.0601788,-3.696662,0.13428235]}},{"content":"Tracking is limited due to: initializing","label":"Tracking Limited","timestamp":1737482318.420515},{"label":"Tracking Limited","timestamp":1737482318.4744859,"content":"Tracking is limited due to: relocalizing"},{"content":{"identifier":"61BB3DDD-C96C-6E82-3432-BD712CCBCB28","transform":{"columns":[[0.98708516,0.008959201,0.15994512,0],[-0.15985176,-0.010315809,0.9870869,0],[0.010493463,-0.9999065,-0.008750456,0],[-0.26787707,-0.61433935,-0.15310797,1]]},"name":"Peppers"},"label":"ARImageAnchor didAdd","timestamp":1737482320.553113},{"content":{"transform":{"columns":[[0.98708516,0.008959201,0.15994512,0],[-0.15985176,-0.010315809,0.9870869,0],[0.010493463,-0.9999065,-0.008750456,0],[-0.26787707,-0.61433935,-0.15310797,1]]},"identifier":"61BB3DDD-C96C-6E82-3432-BD712CCBCB28","name":"Peppers"},"timestamp":1737482320.557545,"label":"ARImageAnchor didUpdate"},{"timestamp":1737482322.688278,"label":"ARImageAnchor didUpdate","content":{"name":"Peppers","transform":{"columns":[[0.98318946,0.005358359,0.18250908,0],[-0.18228628,-0.028606234,0.9828291,0],[0.010487262,-0.9995761,-0.027148642,0],[-0.25390148,-0.60480356,-0.17764644,0.9999998]]},"identifier":"61BB3DDD-C96C-6E82-3432-BD712CCBCB28"}},{"timestamp":1737482322.688297,"content":{"identifier":"ABD555B5-FE7F-4BD0-ABEC-2F236636F0DC","name":"bunny","transform":{"columns":[[0.6214811,0.0069743237,0.7833977,0],[-0.0015799397,0.999969,-0.007648996,0],[-0.78342706,0.003515987,0.62147313,0],[-0.011414457,-0.4862724,-0.2254554,1]]}},"label":"Bunny didUpdate"},{"content":{"extent":[7.9072676,8.39764,5.8116007],"center":[-2.0825233,-3.696662,0.13428235]},"timestamp":1737482322.753419,"label":"Tracking Available"},{"timestamp":1737482325.298904,"label":"ARImageAnchor didAdd","content":{"name":"Earth","identifier":"088EF783-5990-B052-BE99-B8AA15BA6C68","transform":{"columns":[[0.9378957,-0.018861197,0.34640437,0],[-0.34664747,-0.011567482,0.93792415,0],[-0.013683352,-0.9997551,-0.017387299,0],[-0.6544627,0.12891392,-0.93751895,0.99999994]]}}},{"timestamp":1737482325.304912,"content":{"identifier":"088EF783-5990-B052-BE99-B8AA15BA6C68","transform":{"columns":[[0.9378957,-0.018861197,0.34640437,0],[-0.34664747,-0.011567482,0.93792415,0],[-0.013683352,-0.9997551,-0.017387299,0],[-0.6544627,0.12891392,-0.93751895,0.99999994]]},"name":"Earth"},"label":"ARImageAnchor didUpdate"},{"content":{"identifier":"A19C2489-597B-2BED-432C-244B551E75FD","name":"Mandrill","transform":{"columns":[[0.9199139,0.009042054,0.39201656,0],[-0.39212063,0.020393427,0.9196878,0],[0.00032129095,-0.9997511,0.022305774,0],[0.7583436,0.86009145,-0.33227646,1]]}},"label":"ARImageAnchor didAdd","timestamp":1737482330.049392},{"label":"ARImageAnchor didUpdate","content":{"name":"Mandrill","transform":{"columns":[[0.9199139,0.009042054,0.39201656,0],[-0.39212063,0.020393427,0.9196878,0],[0.00032129095,-0.9997511,0.022305774,0],[0.7583436,0.86009145,-0.33227646,1]]},"identifier":"A19C2489-597B-2BED-432C-244B551E75FD"},"timestamp":1737482330.055537},{"label":"ARImageAnchor didAdd","content":{"identifier":"C35EAC54-3E90-1B97-807B-5E3B8F238DB7","name":"Sailboat","transform":{"columns":[[0.46128651,-0.011484429,-0.8871769,0],[0.8871967,-0.0051072794,0.461363,0],[-0.009829502,-0.9999209,0.007833054,0],[0.39086717,-0.6435449,0.03799969,0.99999994]]}},"timestamp":1737482334.797988},{"content":{"transform":{"columns":[[0.46128651,-0.011484429,-0.8871769,0],[0.8871967,-0.0051072794,0.461363,0],[-0.009829502,-0.9999209,0.007833054,0],[0.39086717,-0.6435449,0.03799969,0.99999994]]},"name":"Sailboat","identifier":"C35EAC54-3E90-1B97-807B-5E3B8F238DB7"},"timestamp":1737482334.8161511,"label":"ARImageAnchor didUpdate"},{"content":{"identifier":"FF85DBE1-76D3-E459-2D24-8EDCEE263300","transform":{"columns":[[-0.3901685,-0.0155974,0.9206114,0],[-0.92073965,0.009507861,-0.39006183,0],[-0.0026690867,-0.9998331,-0.018070811,0],[1.4334718,0.1705182,0.42564273,1]]},"name":"Car"},"timestamp":1737482336.3834848,"label":"ARImageAnchor didAdd"},{"timestamp":1737482336.391374,"content":{"name":"Car","transform":{"columns":[[-0.3901685,-0.0155974,0.9206114,0],[-0.92073965,0.009507861,-0.39006183,0],[-0.0026690867,-0.9998331,-0.018070811,0],[1.4334718,0.1705182,0.42564273,1]]},"identifier":"FF85DBE1-76D3-E459-2D24-8EDCEE263300"},"label":"ARImageAnchor didUpdate"},{"timestamp":1737482336.916133,"label":"ARImageAnchor didUpdate","content":{"identifier":"FF85DBE1-76D3-E459-2D24-8EDCEE263300","transform":{"columns":[[-0.39014548,-0.01888624,0.9205595,0],[-0.92074823,0.0047044447,-0.390129,0],[0.0030373519,-0.9998105,-0.019224906,0],[1.4382685,0.16563466,0.4348773,1]]},"name":"Car"}},{"label":"ARImageAnchor didUpdate","content":{"name":"Car","transform":{"columns":[[-0.39014548,-0.01888624,0.9205595,0],[-0.92074823,0.0047044447,-0.390129,0],[0.0030373519,-0.9998105,-0.019224906,0],[1.4382685,0.16563466,0.4348773,1]]},"identifier":"FF85DBE1-76D3-E459-2D24-8EDCEE263300"},"timestamp":1737482336.922812},{"timestamp":1737482337.9475632,"content":{"identifier":"6BAD7D5D-D14A-EF93-1C8B-F6BEC80B8329","transform":{"columns":[[-0.39695945,0.04204746,0.9168726,0],[-0.9176942,-0.00060909695,-0.39728725,0],[-0.01614642,-0.99911535,0.038828503,0],[1.105057,-0.129917,1.0707422,1]]},"name":"Lenna"},"label":"ARImageAnchor didAdd"},{"timestamp":1737482337.9591231,"label":"ARImageAnchor didUpdate","content":{"name":"Lenna","identifier":"6BAD7D5D-D14A-EF93-1C8B-F6BEC80B8329","transform":{"columns":[[-0.39695945,0.04204746,0.9168726,0],[-0.9176942,-0.00060909695,-0.39728725,0],[-0.01614642,-0.99911535,0.038828503,0],[1.105057,-0.129917,1.0707422,1]]}}}]