[{"label":"Application launched","timestamp":1737479036.061116},{"timestamp":1737479036.061219,"label":"Initialize ARViewModel"},{"timestamp":1737479036.062323,"label":"Finished Initialize ARViewModel"},{"timestamp":1737479036.06234,"label":"Initialize RoomManager"},{"label":"Initialize BeaconManager","timestamp":1737479036.062344},{"timestamp":1737479036.062358,"label":"Fininshed Initialize BeaconManager"},{"timestamp":1737479036.0625749,"label":"Fininshed Initialize RoomManager"},{"label":"ContentView Initialize","timestamp":1737479036.062587},{"timestamp":1737479036.366648,"content":"Tracking is limited due to: initializing","label":"Tracking Limited"},{"content":"Tracking is limited due to: excessiveMotion","label":"Tracking Limited","timestamp":1737479037.40132},{"label":"Room Update","content":{"id":"2D11FD77-5009-46EE-B13B-FEF68B77A669","name":"Room w\/ the Table"},"timestamp":1737479037.473362},{"content":{"id":"2D11FD77-5009-46EE-B13B-FEF68B77A669","name":"Room w\/ the Table"},"timestamp":1737479037.4733891,"label":"Downloading WorldMap"},{"label":"Finished Downloading WorldMap","timestamp":1737479038.494153,"content":{"id":"2D11FD77-5009-46EE-B13B-FEF68B77A669","name":"Room w\/ the Table"}},{"label":"Tracking Limited","timestamp":1737479038.618691,"content":"Tracking is limited due to: initializing"},{"label":"Tracking Limited","timestamp":1737479039.80156,"content":"Tracking is limited due to: relocalizing"},{"timestamp":1737479041.47086,"content":{"identifier":"ABD555B5-FE7F-4BD0-ABEC-2F236636F0DC","name":"bunny","transform":{"columns":[[0.6301084,0,0.77650744,0],[0,1,0,0],[-0.7765074,0,0.63010836,0],[-0.012834365,-0.48654062,-0.2339715,1]]}},"label":"Bunny didAdd"},{"timestamp":1737479041.483139,"label":"Bunny didUpdate","content":{"name":"bunny","identifier":"ABD555B5-FE7F-4BD0-ABEC-2F236636F0DC","transform":{"columns":[[0.62148136,0.0069743264,0.783398,0],[-0.0015799403,0.99996936,-0.007648999,0],[-0.78342736,0.0035159881,0.6214734,0],[-0.011414457,-0.4862724,-0.2254554,1]]}}},{"timestamp":1737479041.48931,"label":"Tracking Available","content":{"extent":[5.909337,4.275919,3.7698684],"center":[-1.0837722,-1.9398761,0.4089439]}},{"content":"Tracking is limited due to: initializing","label":"Tracking Limited","timestamp":1737479041.533443},{"content":"Tracking is limited due to: relocalizing","timestamp":1737479041.568945,"label":"Tracking Limited"},{"content":{"name":"bunny","identifier":"ABD555B5-FE7F-4BD0-ABEC-2F236636F0DC","transform":{"columns":[[0.62148124,0.006974325,0.78339785,0],[-0.0015799401,0.99996924,-0.0076489975,0],[-0.78342724,0.0035159877,0.62147325,0],[-0.011414457,-0.4862724,-0.2254554,1]]}},"timestamp":1737479047.5683699,"label":"Bunny didUpdate"},{"content":{"center":[-1.2054653,-1.9578333,0.15339398],"extent":[6.1527224,4.3118334,4.280968]},"label":"Tracking Available","timestamp":1737479047.594388},{"content":{"name":"Peppers","identifier":"61BB3DDD-C96C-6E82-3432-BD712CCBCB28","transform":{"columns":[[0.8709779,0.0074097933,0.4912665,0],[-0.4911341,-0.014545009,0.87096244,0],[0.013599119,-0.99986666,-0.009029174,0],[-0.26662686,-0.61683035,-0.14050569,0.99999994]]}},"label":"ARImageAnchor didAdd","timestamp":1737479055.7094831},{"timestamp":1737479055.717529,"label":"ARImageAnchor didUpdate","content":{"identifier":"61BB3DDD-C96C-6E82-3432-BD712CCBCB28","transform":{"columns":[[0.8709779,0.0074097933,0.4912665,0],[-0.4911341,-0.014545009,0.87096244,0],[0.013599119,-0.99986666,-0.009029174,0],[-0.26662686,-0.61683035,-0.14050569,0.99999994]]},"name":"Peppers"}},{"label":"ARImageAnchor didUpdate","timestamp":1737479058.386342,"content":{"identifier":"61BB3DDD-C96C-6E82-3432-BD712CCBCB28","transform":{"columns":[[0.87461567,0.0058196895,0.4847824,0],[-0.48464137,-0.0164426,0.8745586,0],[0.013060749,-0.9998478,-0.01156058,0],[-0.2710826,-0.6087997,-0.13756831,1.0000001]]},"name":"Peppers"}},{"timestamp":1737479058.411325,"label":"ARImageAnchor didUpdate","content":{"name":"Peppers","identifier":"61BB3DDD-C96C-6E82-3432-BD712CCBCB28","transform":{"columns":[[0.87461567,0.0058196895,0.4847824,0],[-0.48464137,-0.0164426,0.8745586,0],[0.013060749,-0.9998478,-0.01156058,0],[-0.2710826,-0.6087997,-0.13756831,1.0000001]]}}},{"label":"ARImageAnchor didAdd","content":{"transform":{"columns":[[0.9325735,-0.022631649,0.36027038,0],[-0.36066785,-0.016887961,0.93254155,0],[-0.015020721,-0.99960124,-0.023911783,0],[-0.6322303,0.09825579,-0.93164253,1]]},"name":"Earth","identifier":"088EF783-5990-B052-BE99-B8AA15BA6C68"},"timestamp":1737479061.577983},{"timestamp":1737479061.5840058,"label":"ARImageAnchor didUpdate","content":{"name":"Earth","identifier":"088EF783-5990-B052-BE99-B8AA15BA6C68","transform":{"columns":[[0.9325735,-0.022631649,0.36027038,0],[-0.36066785,-0.016887961,0.93254155,0],[-0.015020721,-0.99960124,-0.023911783,0],[-0.6322303,0.09825579,-0.93164253,1]]}}},{"timestamp":1737479066.86043,"label":"ARImageAnchor didAdd","content":{"identifier":"C35EAC54-3E90-1B97-807B-5E3B8F238DB7","transform":{"columns":[[0.47005388,-0.011891615,-0.8825575,0],[0.88262606,0.0012074991,0.4700742,0],[-0.0045242915,-0.9999284,0.011063396,0],[0.405092,-0.69288623,0.06263514,1]]},"name":"Sailboat"}},{"content":{"transform":{"columns":[[0.47005388,-0.011891615,-0.8825575,0],[0.88262606,0.0012074991,0.4700742,0],[-0.0045242915,-0.9999284,0.011063396,0],[0.405092,-0.69288623,0.06263514,1]]},"name":"Sailboat","identifier":"C35EAC54-3E90-1B97-807B-5E3B8F238DB7"},"label":"ARImageAnchor didUpdate","timestamp":1737479066.864645},{"content":{"name":"Mandrill","identifier":"A19C2489-597B-2BED-432C-244B551E75FD","transform":{"columns":[[0.91741115,0.0077547114,0.39786506,0],[-0.3979396,0.015627041,0.9172785,0],[0.00089578977,-0.9998478,0.01742232,0],[0.7797954,0.8028818,-0.29734004,0.9999999]]}},"label":"ARImageAnchor didAdd","timestamp":1737479071.0424042},{"content":{"name":"Mandrill","identifier":"A19C2489-597B-2BED-432C-244B551E75FD","transform":{"columns":[[0.91741115,0.0077547114,0.39786506,0],[-0.3979396,0.015627041,0.9172785,0],[0.00089578977,-0.9998478,0.01742232,0],[0.7797954,0.8028818,-0.29734004,0.9999999]]}},"timestamp":1737479071.0602388,"label":"ARImageAnchor didUpdate"},{"content":{"name":"Car","transform":{"columns":[[-0.3974181,-0.019776318,0.91742456,0],[-0.9175335,0.023622334,-0.39695615,0],[-0.013821345,-0.9995252,-0.027533371,0],[1.4513773,0.118154734,0.4807316,1]]},"identifier":"FF85DBE1-76D3-E459-2D24-8EDCEE263300"},"timestamp":1737479074.208209,"label":"ARImageAnchor didAdd"},{"timestamp":1737479074.2189531,"label":"ARImageAnchor didUpdate","content":{"name":"Car","identifier":"FF85DBE1-76D3-E459-2D24-8EDCEE263300","transform":{"columns":[[-0.3974181,-0.019776318,0.91742456,0],[-0.9175335,0.023622334,-0.39695615,0],[-0.013821345,-0.9995252,-0.027533371,0],[1.4513773,0.118154734,0.4807316,1]]}}},{"timestamp":1737479077.341341,"label":"ARImageAnchor didAdd","content":{"name":"Lenna","identifier":"6BAD7D5D-D14A-EF93-1C8B-F6BEC80B8329","transform":{"columns":[[-0.41410244,0.039195262,0.90938604,0],[-0.9098394,0.011453505,-0.41480258,0],[-0.026673963,-0.9991659,0.030918475,0],[1.1019528,-0.17546722,1.1143312,1]]}}},{"timestamp":1737479077.3532739,"label":"ARImageAnchor didUpdate","content":{"name":"Lenna","identifier":"6BAD7D5D-D14A-EF93-1C8B-F6BEC80B8329","transform":{"columns":[[-0.41410244,0.039195262,0.90938604,0],[-0.9098394,0.011453505,-0.41480258,0],[-0.026673963,-0.9991659,0.030918475,0],[1.1019528,-0.17546722,1.1143312,1]]}}}]