[{"label":"Application launched","timestamp":1742656145.448526},{"label":"Initialize ARViewModel","timestamp":1742656145.448584},{"label":"Finished Initialize ARViewModel","timestamp":1742656145.44995},{"label":"Initialize AnchorManager","timestamp":1742656145.4499679},{"label":"Fininshed Initialize AnchorManager","timestamp":1742656145.4499722},{"label":"ContentView Initialize","timestamp":1742656145.449976},{"content":{"beaconName":"DWM3001CDK (8449B511)","position":[0.032052696,-0.3730656,-0.41933006]},"timestamp":1742656171.463032,"label":"Finished Ranging"},{"timestamp":1742656171.516928,"content":{"transform":{"columns":[[-0.20314956,0,-0.9791476,0],[0,1,0,0],[0.9791476,0,-0.20314956,0],[0.032052696,-0.3730656,-0.41933006,1]]},"identifier":"7C8FF540-DFB8-4922-94F4-68C37D27E146","name":"bunny"},"label":"Bunny didAdd"},{"timestamp":1742656173.562783,"label":"Bunny didUpdate","content":{"identifier":"7C8FF540-DFB8-4922-94F4-68C37D27E146","transform":{"columns":[[-0.20327808,0.00013152098,-0.97912085,0],[-0.0001514999,0.99999994,0.00016577891,0],[0.97912097,0.00018203595,-0.2032781,0],[0.032047108,-0.3730409,-0.41934532,1]]},"name":"bunny"}},{"label":"ARImageAnchor didAdd","timestamp":1742656173.74999,"content":{"identifier":"FF85DBE1-76D3-E459-2D24-8EDCEE263300","name":"Car","transform":{"columns":[[0.99993724,0.010795472,-0.0029976582,0],[0.0029420347,0.005165002,0.9999823,0],[0.010810761,-0.99992824,0.0051328926,0],[-0.26898533,-0.71867573,0.038330138,0.99999994]]}}},{"timestamp":1742656173.758215,"label":"ARImageAnchor didUpdate","content":{"name":"Car","transform":{"columns":[[0.99993724,0.010795472,-0.0029976582,0],[0.0029420347,0.005165002,0.9999823,0],[0.010810761,-0.99992824,0.0051328926,0],[-0.26898533,-0.71867573,0.038330138,0.99999994]]},"identifier":"FF85DBE1-76D3-E459-2D24-8EDCEE263300"}},{"timestamp":1742656175.3231502,"label":"ARImageAnchor didUpdate","content":{"transform":{"columns":[[0.99991244,0.012915769,0.002906262,0],[-0.0030754937,0.013103341,0.9999094,0],[0.012876511,-0.99983066,0.013141924,0],[-0.26766935,-0.71469754,0.040887237,0.99999994]]},"identifier":"FF85DBE1-76D3-E459-2D24-8EDCEE263300","name":"Car"}},{"content":{"identifier":"FF85DBE1-76D3-E459-2D24-8EDCEE263300","transform":{"columns":[[0.99991244,0.012915769,0.002906262,0],[-0.0030754937,0.013103341,0.9999094,0],[0.012876511,-0.99983066,0.013141924,0],[-0.26766935,-0.71469754,0.040887237,0.99999994]]},"name":"Car"},"timestamp":1742656175.356713,"label":"ARImageAnchor didUpdate"},{"content":{"name":"Earth","identifier":"088EF783-5990-B052-BE99-B8AA15BA6C68","transform":{"columns":[[0.9986668,-0.008796604,-0.05086594,0],[0.050522074,-0.03567827,0.9980855,0],[-0.010594574,-0.9993246,-0.035186283,0],[-1.2875111,0.5328935,-0.46954423,1]]}},"timestamp":1742656178.016578,"label":"ARImageAnchor didAdd"},{"label":"ARImageAnchor didUpdate","content":{"identifier":"088EF783-5990-B052-BE99-B8AA15BA6C68","name":"Earth","transform":{"columns":[[0.9986668,-0.008796604,-0.05086594,0],[0.050522074,-0.03567827,0.9980855,0],[-0.010594574,-0.9993246,-0.035186283,0],[-1.2875111,0.5328935,-0.46954423,1]]}},"timestamp":1742656178.022512},{"label":"ARImageAnchor didUpdate","content":{"identifier":"088EF783-5990-B052-BE99-B8AA15BA6C68","name":"Earth","transform":{"columns":[[0.9987786,-0.005339155,-0.049121276,0],[0.04890175,-0.035498966,0.9981726,0],[-0.0070731556,-0.9993553,-0.035194516,0],[-1.2906798,0.5385526,-0.47418618,1]]}},"timestamp":1742656178.5225592},{"content":{"identifier":"088EF783-5990-B052-BE99-B8AA15BA6C68","transform":{"columns":[[0.9987786,-0.005339155,-0.049121276,0],[0.04890175,-0.035498966,0.9981726,0],[-0.0070731556,-0.9993553,-0.035194516,0],[-1.2906798,0.5385526,-0.47418618,1]]},"name":"Earth"},"label":"ARImageAnchor didUpdate","timestamp":1742656178.555709},{"content":{"identifier":"088EF783-5990-B052-BE99-B8AA15BA6C68","transform":{"columns":[[0.99870276,0.0006714773,-0.050916146,0],[0.05091426,-0.028895808,0.9982849,0],[-0.00080093613,-0.9995821,-0.028892508,0],[-1.2968267,0.54146916,-0.4803638,1]]},"name":"Earth"},"label":"ARImageAnchor didUpdate","timestamp":1742656179.0571752},{"timestamp":1742656179.0894032,"label":"ARImageAnchor didUpdate","content":{"name":"Earth","transform":{"columns":[[0.99870276,0.0006714773,-0.050916146,0],[0.05091426,-0.028895808,0.9982849,0],[-0.00080093613,-0.9995821,-0.028892508,0],[-1.2968267,0.54146916,-0.4803638,1]]},"identifier":"088EF783-5990-B052-BE99-B8AA15BA6C68"}},{"label":"Bunny didUpdate","content":{"identifier":"7C8FF540-DFB8-4922-94F4-68C37D27E146","name":"bunny","transform":{"columns":[[-0.20360415,0.00014921826,-0.979053,0],[-0.00037007983,0.99999976,0.0002293727,0],[0.97905314,0.00040902907,-0.2036041,0],[0.032014575,-0.37303466,-0.41934454,0.9999999]]}},"timestamp":1742656182.961203},{"timestamp":1742656184.949431,"label":"ARImageAnchor didAdd","content":{"identifier":"6BAD7D5D-D14A-EF93-1C8B-F6BEC80B8329","name":"Lenna","transform":{"columns":[[-0.005716947,-0.04132951,-0.9991292,0],[0.9966455,-0.08180733,-0.0023187385,0],[-0.08164025,-0.9957909,0.041658558,0],[0.44173118,-0.71858096,-0.055347346,1]]}}},{"label":"ARImageAnchor didUpdate","content":{"name":"Lenna","identifier":"6BAD7D5D-D14A-EF93-1C8B-F6BEC80B8329","transform":{"columns":[[-0.005716947,-0.04132951,-0.9991292,0],[0.9966455,-0.08180733,-0.0023187385,0],[-0.08164025,-0.9957909,0.041658558,0],[0.44173118,-0.71858096,-0.055347346,1]]}},"timestamp":1742656184.95667},{"content":{"identifier":"C35EAC54-3E90-1B97-807B-5E3B8F238DB7","name":"Sailboat","transform":{"columns":[[0.99914366,0.0069895675,-0.040779524,0],[0.040928926,-0.022761649,0.99890274,0],[0.006053685,-0.9997164,-0.02302824,0],[0.54277354,0.6994385,-0.54125196,1]]}},"timestamp":1742656190.315915,"label":"ARImageAnchor didAdd"},{"timestamp":1742656190.3226352,"label":"ARImageAnchor didUpdate","content":{"name":"Sailboat","identifier":"C35EAC54-3E90-1B97-807B-5E3B8F238DB7","transform":{"columns":[[0.99914366,0.0069895675,-0.040779524,0],[0.040928926,-0.022761649,0.99890274,0],[0.006053685,-0.9997164,-0.02302824,0],[0.54277354,0.6994385,-0.54125196,1]]}}},{"label":"ARImageAnchor didUpdate","content":{"name":"Sailboat","transform":{"columns":[[0.9976124,0.003207436,-0.06898704,0],[0.06885502,0.031005016,0.99714476,0],[0.0053372285,-0.9995139,0.030710159,0],[0.5421027,0.70468843,-0.5483258,1]]},"identifier":"C35EAC54-3E90-1B97-807B-5E3B8F238DB7"},"timestamp":1742656190.8231459},{"label":"ARImageAnchor didUpdate","timestamp":1742656190.8564692,"content":{"name":"Sailboat","identifier":"C35EAC54-3E90-1B97-807B-5E3B8F238DB7","transform":{"columns":[[0.9976124,0.003207436,-0.06898704,0],[0.06885502,0.031005016,0.99714476,0],[0.0053372285,-0.9995139,0.030710159,0],[0.5421027,0.70468843,-0.5483258,1]]}}},{"label":"ARImageAnchor didAdd","timestamp":1742656194.615656,"content":{"transform":{"columns":[[0.0072984397,-0.01346836,0.9998825,0],[-0.9990796,0.042166583,0.007860569,0],[-0.04226751,-0.9990197,-0.013148214,0],[1.2953105,0.7356863,-0.0081408005,0.9999999]]},"name":"Mandrill","identifier":"A19C2489-597B-2BED-432C-244B551E75FD"}},{"content":{"transform":{"columns":[[0.0072984397,-0.01346836,0.9998825,0],[-0.9990796,0.042166583,0.007860569,0],[-0.04226751,-0.9990197,-0.013148214,0],[1.2953105,0.7356863,-0.0081408005,0.9999999]]},"identifier":"A19C2489-597B-2BED-432C-244B551E75FD","name":"Mandrill"},"label":"ARImageAnchor didUpdate","timestamp":1742656194.6247292},{"content":{"transform":{"columns":[[0.028456263,-0.009407221,0.99955076,0],[-0.99789035,0.05810433,0.028955832,0],[-0.058350623,-0.99826604,-0.0077339485,0],[1.2903218,0.7342588,-0.011175789,0.9999999]]},"name":"Mandrill","identifier":"A19C2489-597B-2BED-432C-244B551E75FD"},"timestamp":1742656195.123097,"label":"ARImageAnchor didUpdate"},{"content":{"identifier":"A19C2489-597B-2BED-432C-244B551E75FD","name":"Mandrill","transform":{"columns":[[0.028456263,-0.009407221,0.99955076,0],[-0.99789035,0.05810433,0.028955832,0],[-0.058350623,-0.99826604,-0.0077339485,0],[1.2903218,0.7342588,-0.011175789,0.9999999]]}},"label":"ARImageAnchor didUpdate","timestamp":1742656195.158461},{"timestamp":1742656198.415279,"content":{"identifier":"61BB3DDD-C96C-6E82-3432-BD712CCBCB28","name":"Peppers","transform":{"columns":[[0.0017095621,-0.0011686538,0.9999979,0],[-0.99988955,-0.014764146,0.0016921305,0],[0.014762109,-0.9998903,-0.001193771,0],[1.385772,0.11113939,0.7315947,1]]}},"label":"ARImageAnchor didAdd"},{"content":{"identifier":"61BB3DDD-C96C-6E82-3432-BD712CCBCB28","transform":{"columns":[[0.0017095621,-0.0011686538,0.9999979,0],[-0.99988955,-0.014764146,0.0016921305,0],[0.014762109,-0.9998903,-0.001193771,0],[1.385772,0.11113939,0.7315947,1]]},"name":"Peppers"},"timestamp":1742656198.426097,"label":"ARImageAnchor didUpdate"},{"label":"ARImageAnchor didUpdate","content":{"transform":{"columns":[[0.034068257,-0.0031892827,0.9994144,0],[-0.9993411,-0.012630983,0.03402544,0],[0.01251503,-0.999915,-0.0036174993,0],[1.3838474,0.116339,0.72474676,0.99999994]]},"name":"Peppers","identifier":"61BB3DDD-C96C-6E82-3432-BD712CCBCB28"},"timestamp":1742656198.9225888},{"content":{"transform":{"columns":[[0.034068257,-0.0031892827,0.9994144,0],[-0.9993411,-0.012630983,0.03402544,0],[0.01251503,-0.999915,-0.0036174993,0],[1.3838474,0.116339,0.72474676,0.99999994]]},"identifier":"61BB3DDD-C96C-6E82-3432-BD712CCBCB28","name":"Peppers"},"label":"ARImageAnchor didUpdate","timestamp":1742656198.955696},{"content":{"name":"bunny","identifier":"7C8FF540-DFB8-4922-94F4-68C37D27E146","transform":{"columns":[[-0.20371504,0.0003963376,-0.9790298,0],[-0.0005378545,0.9999995,0.0005167427,0],[0.97903,0.0006318441,-0.2037148,0],[0.032014016,-0.3729902,-0.41937387,0.99999994]]}},"timestamp":1742656207.154311,"label":"Bunny didUpdate"},{"label":"Bunny didUpdate","content":{"identifier":"7C8FF540-DFB8-4922-94F4-68C37D27E146","transform":{"columns":[[-0.20369859,0.0005086621,-0.979033,0],[-0.00053495064,0.99999934,0.00063085766,0],[0.9790334,0.0006522396,-0.2036984,0],[0.032016303,-0.37297058,-0.41938636,0.99999994]]},"name":"bunny"},"timestamp":1742656208.157391},{"label":"ARImageAnchor didUpdate","content":{"name":"Earth","identifier":"088EF783-5990-B052-BE99-B8AA15BA6C68","transform":{"columns":[[0.99672645,0.0020163816,-0.080822766,0],[0.080845885,-0.017766992,0.9965682,0],[0.0005735006,-0.9998401,-0.017871855,0],[-1.2858427,0.5356403,-0.4656558,0.99999994]]}},"timestamp":1742656210.120335},{"content":{"identifier":"088EF783-5990-B052-BE99-B8AA15BA6C68","transform":{"columns":[[0.99672645,0.0020163816,-0.080822766,0],[0.080845885,-0.017766992,0.9965682,0],[0.0005735006,-0.9998401,-0.017871855,0],[-1.2858427,0.5356403,-0.4656558,0.99999994]]},"name":"Earth"},"timestamp":1742656210.154807,"label":"ARImageAnchor didUpdate"}]