[{"timestamp":1742662296.073577,"label":"Application launched"},{"label":"Initialize ARViewModel","timestamp":1742662296.073656},{"timestamp":1742662296.0746012,"label":"Finished Initialize ARViewModel"},{"timestamp":1742662296.074614,"label":"Initialize AnchorManager"},{"timestamp":1742662296.0746179,"label":"Fininshed Initialize AnchorManager"},{"label":"ContentView Initialize","timestamp":1742662296.0746222},{"label":"Finished Ranging","timestamp":1742662318.856178,"content":{"beaconName":"DWM3001CDK (8449B511)","position":[-0.06027409,-0.31452796,-0.40668446]}},{"label":"Bunny didAdd","timestamp":1742662318.91088,"content":{"name":"bunny","transform":{"columns":[[-0.29422963,0,-0.9557348,0],[0,1,0,0],[0.9557348,0,-0.29422963,0],[-0.06027409,-0.31452796,-0.40668446,1]]},"identifier":"2F3AFF19-EBBF-4560-9222-CD0B5FA575D7"}},{"timestamp":1742662320.610705,"content":{"transform":{"columns":[[0.9997701,0.0117380535,-0.017934533,0],[0.01784375,0.0077964203,0.99981034,0],[0.011875654,-0.9999006,0.0075852107,0],[-0.34431785,-0.627877,0.05061695,0.99999994]]},"identifier":"FF85DBE1-76D3-E459-2D24-8EDCEE263300","name":"Car"},"label":"ARImageAnchor didAdd"},{"label":"ARImageAnchor didUpdate","content":{"name":"Car","transform":{"columns":[[0.9997701,0.0117380535,-0.017934533,0],[0.01784375,0.0077964203,0.99981034,0],[0.011875654,-0.9999006,0.0075852107,0],[-0.34431785,-0.627877,0.05061695,0.99999994]]},"identifier":"FF85DBE1-76D3-E459-2D24-8EDCEE263300"},"timestamp":1742662320.618575},{"label":"ARImageAnchor didUpdate","timestamp":1742662321.117951,"content":{"identifier":"FF85DBE1-76D3-E459-2D24-8EDCEE263300","name":"Car","transform":{"columns":[[0.9998869,0.010456213,-0.010806128,0],[0.010819009,-0.0011742436,0.9999407,0],[0.010442902,-0.9999445,-0.0012872107,0],[-0.34293362,-0.62203056,0.04972966,0.99999994]]}}},{"timestamp":1742662321.151197,"label":"ARImageAnchor didUpdate","content":{"transform":{"columns":[[0.9998869,0.010456213,-0.010806128,0],[0.010819009,-0.0011742436,0.9999407,0],[0.010442902,-0.9999445,-0.0012872107,0],[-0.34293362,-0.62203056,0.04972966,0.99999994]]},"name":"Car","identifier":"FF85DBE1-76D3-E459-2D24-8EDCEE263300"}},{"content":{"identifier":"088EF783-5990-B052-BE99-B8AA15BA6C68","name":"Earth","transform":{"columns":[[0.99654305,-0.0013778281,-0.08306665,0],[0.08292961,-0.043261755,0.9956159,0],[-0.0049653947,-0.9990627,-0.042997934,0],[-1.387734,0.6416672,-0.423948,0.9999999]]}},"timestamp":1742662324.377284,"label":"ARImageAnchor didAdd"},{"timestamp":1742662324.384126,"content":{"transform":{"columns":[[0.99654305,-0.0013778281,-0.08306665,0],[0.08292961,-0.043261755,0.9956159,0],[-0.0049653947,-0.9990627,-0.042997934,0],[-1.387734,0.6416672,-0.423948,0.9999999]]},"name":"Earth","identifier":"088EF783-5990-B052-BE99-B8AA15BA6C68"},"label":"ARImageAnchor didUpdate"},{"content":{"name":"Earth","identifier":"088EF783-5990-B052-BE99-B8AA15BA6C68","transform":{"columns":[[0.9963123,0.00025576592,-0.08580016,0],[0.08574739,-0.038186144,0.99558485,0],[-0.0030217425,-0.9992705,-0.038067263,0],[-1.3747444,0.63579524,-0.43143147,0.99999994]]}},"timestamp":1742662324.882965,"label":"ARImageAnchor didUpdate"},{"timestamp":1742662324.916621,"label":"ARImageAnchor didUpdate","content":{"identifier":"088EF783-5990-B052-BE99-B8AA15BA6C68","name":"Earth","transform":{"columns":[[0.9963123,0.00025576592,-0.08580016,0],[0.08574739,-0.038186144,0.99558485,0],[-0.0030217425,-0.9992705,-0.038067263,0],[-1.3747444,0.63579524,-0.43143147,0.99999994]]}}},{"timestamp":1742662327.6857262,"content":{"transform":{"columns":[[-0.29391515,4.0488332e-05,-0.9558317,0],[-2.0625985e-05,0.99999994,4.8701695e-05,0],[0.95583165,3.4029134e-05,-0.29391515,0],[-0.06020844,-0.314521,-0.4067304,0.99999994]]},"name":"bunny","identifier":"2F3AFF19-EBBF-4560-9222-CD0B5FA575D7"},"label":"Bunny didUpdate"},{"content":{"transform":{"columns":[[-0.29400662,1.9563566e-05,-0.95580363,0],[-4.3340995e-05,0.9999999,3.3799937e-05,0],[0.95580363,5.136289e-05,-0.2940066,0],[-0.060221147,-0.31452626,-0.40671682,0.99999994]]},"identifier":"2F3AFF19-EBBF-4560-9222-CD0B5FA575D7","name":"bunny"},"timestamp":1742662328.085473,"label":"Bunny didUpdate"},{"content":{"identifier":"6BAD7D5D-D14A-EF93-1C8B-F6BEC80B8329","transform":{"columns":[[-0.010542532,-0.03792769,-0.9992247,0],[0.9979996,-0.062691726,-0.00814993,0],[-0.062334046,-0.9973119,0.038512733,0],[0.3726493,-0.6272711,-0.049981646,0.99999994]]},"name":"Lenna"},"timestamp":1742662330.776843,"label":"ARImageAnchor didAdd"},{"timestamp":1742662330.783836,"label":"ARImageAnchor didUpdate","content":{"name":"Lenna","transform":{"columns":[[-0.010542532,-0.03792769,-0.9992247,0],[0.9979996,-0.062691726,-0.00814993,0],[-0.062334046,-0.9973119,0.038512733,0],[0.3726493,-0.6272711,-0.049981646,0.99999994]]},"identifier":"6BAD7D5D-D14A-EF93-1C8B-F6BEC80B8329"}},{"label":"ARImageAnchor didAdd","content":{"identifier":"C35EAC54-3E90-1B97-807B-5E3B8F238DB7","transform":{"columns":[[0.9985449,0.0023359389,-0.053874474,0],[0.05382751,0.016910665,0.9984069,0],[0.003243268,-0.9998541,0.016760321,0],[0.48384658,0.7995234,-0.5331258,0.9999999]]},"name":"Sailboat"},"timestamp":1742662335.043682},{"content":{"identifier":"C35EAC54-3E90-1B97-807B-5E3B8F238DB7","transform":{"columns":[[0.9985449,0.0023359389,-0.053874474,0],[0.05382751,0.016910665,0.9984069,0],[0.003243268,-0.9998541,0.016760321,0],[0.48384658,0.7995234,-0.5331258,0.9999999]]},"name":"Sailboat"},"timestamp":1742662335.0503101,"label":"ARImageAnchor didUpdate"},{"content":{"identifier":"A19C2489-597B-2BED-432C-244B551E75FD","transform":{"columns":[[0.047278073,-0.012706238,0.9988009,0],[-0.99800205,0.041353755,0.04776633,0],[-0.0419111,-0.9990637,-0.010725729,0],[1.2333031,0.8311387,0.00039399043,0.99999994]]},"name":"Mandrill"},"label":"ARImageAnchor didAdd","timestamp":1742662337.70998},{"timestamp":1742662337.719225,"label":"ARImageAnchor didUpdate","content":{"identifier":"A19C2489-597B-2BED-432C-244B551E75FD","transform":{"columns":[[0.047278073,-0.012706238,0.9988009,0],[-0.99800205,0.041353755,0.04776633,0],[-0.0419111,-0.9990637,-0.010725729,0],[1.2333031,0.8311387,0.00039399043,0.99999994]]},"name":"Mandrill"}},{"label":"ARImageAnchor didAdd","timestamp":1742662340.376359,"content":{"identifier":"61BB3DDD-C96C-6E82-3432-BD712CCBCB28","transform":{"columns":[[0.039556153,-0.0066927746,0.99919486,0],[-0.99920547,-0.005117403,0.039522275,0],[0.0048487573,-0.9999644,-0.0068898858,0],[1.3364195,0.2143636,0.72865486,0.9999999]]},"name":"Peppers"}},{"timestamp":1742662340.383218,"label":"ARImageAnchor didUpdate","content":{"transform":{"columns":[[0.039556153,-0.0066927746,0.99919486,0],[-0.99920547,-0.005117403,0.039522275,0],[0.0048487573,-0.9999644,-0.0068898858,0],[1.3364195,0.2143636,0.72865486,0.9999999]]},"name":"Peppers","identifier":"61BB3DDD-C96C-6E82-3432-BD712CCBCB28"}},{"label":"Bunny didUpdate","timestamp":1742662350.48439,"content":{"identifier":"2F3AFF19-EBBF-4560-9222-CD0B5FA575D7","name":"bunny","transform":{"columns":[[-0.29432672,0.000783619,-0.9557048,0],[0.00010979332,0.9999995,0.0007861252,0],[0.9557052,0.00012644773,-0.2943268,0],[-0.060317453,-0.31437016,-0.4068489,0.99999994]]}}},{"timestamp":1742662351.184314,"label":"Bunny didUpdate","content":{"name":"bunny","transform":{"columns":[[-0.29430214,0.00076253095,-0.95571244,0],[0.00015511565,0.99999934,0.0007500999,0],[0.9557128,7.25101e-05,-0.29430223,0],[-0.060322806,-0.3143719,-0.4068435,0.9999999]]},"identifier":"2F3AFF19-EBBF-4560-9222-CD0B5FA575D7"}},{"timestamp":1742662353.682275,"label":"ARImageAnchor didUpdate","content":{"name":"Earth","identifier":"088EF783-5990-B052-BE99-B8AA15BA6C68","transform":{"columns":[[0.99796903,-0.003574849,-0.06359983,0],[0.06331909,-0.053394217,0.9965639,0],[-0.0069584306,-0.998567,-0.05305941,0],[-1.36926,0.6301884,-0.4561283,1]]}}},{"timestamp":1742662353.715549,"label":"ARImageAnchor didUpdate","content":{"identifier":"088EF783-5990-B052-BE99-B8AA15BA6C68","transform":{"columns":[[0.99796903,-0.003574849,-0.06359983,0],[0.06331909,-0.053394217,0.9965639,0],[-0.0069584306,-0.998567,-0.05305941,0],[-1.36926,0.6301884,-0.4561283,1]]},"name":"Earth"}},{"timestamp":1742662359.015312,"label":"ARImageAnchor didUpdate","content":{"transform":{"columns":[[0.9979961,0.011008565,-0.0623102,0],[0.062102422,0.018301798,0.9979019,0],[0.012125857,-0.9997717,0.017581478,0],[0.4733824,0.8110037,-0.5384378,0.99999994]]},"name":"Sailboat","identifier":"C35EAC54-3E90-1B97-807B-5E3B8F238DB7"}},{"timestamp":1742662359.048575,"content":{"transform":{"columns":[[0.9979961,0.011008565,-0.0623102,0],[0.062102422,0.018301798,0.9979019,0],[0.012125857,-0.9997717,0.017581478,0],[0.4733824,0.8110037,-0.5384378,0.99999994]]},"identifier":"C35EAC54-3E90-1B97-807B-5E3B8F238DB7","name":"Sailboat"},"label":"ARImageAnchor didUpdate"},{"content":{"identifier":"C35EAC54-3E90-1B97-807B-5E3B8F238DB7","name":"Sailboat","transform":{"columns":[[0.99777156,0.003842555,-0.06660926,0],[0.06654069,0.015842829,0.99765784,0],[0.0048888344,-0.99986696,0.01555184,0],[0.48069692,0.8075038,-0.5295182,0.99999994]]}},"timestamp":1742662367.014441,"label":"ARImageAnchor didUpdate"},{"content":{"name":"Sailboat","identifier":"C35EAC54-3E90-1B97-807B-5E3B8F238DB7","transform":{"columns":[[0.99777156,0.003842555,-0.06660926,0],[0.06654069,0.015842829,0.99765784,0],[0.0048888344,-0.99986696,0.01555184,0],[0.48069692,0.8075038,-0.5295182,0.99999994]]}},"timestamp":1742662367.0486479,"label":"ARImageAnchor didUpdate"},{"timestamp":1742662371.782104,"label":"Bunny didUpdate","content":{"identifier":"2F3AFF19-EBBF-4560-9222-CD0B5FA575D7","transform":{"columns":[[-0.29398572,0.0008923452,-0.95580983,0],[0.00041638833,0.99999917,0.0008055289,0],[0.9558102,-0.00016117409,-0.293986,0],[-0.060319643,-0.31433362,-0.40689123,0.99999994]]},"name":"bunny"}},{"timestamp":1742662379.881198,"content":{"transform":{"columns":[[-0.2939832,0.0008607873,-0.9558106,0],[0.00068355585,0.9999989,0.00069033826,0],[0.95581084,-0.00045040238,-0.29398367,0],[-0.060378753,-0.31432644,-0.40686586,0.9999999]]},"name":"bunny","identifier":"2F3AFF19-EBBF-4560-9222-CD0B5FA575D7"},"label":"Bunny didUpdate"},{"timestamp":1742662381.482273,"label":"Bunny didUpdate","content":{"identifier":"2F3AFF19-EBBF-4560-9222-CD0B5FA575D7","transform":{"columns":[[-0.29396874,0.0008568519,-0.95581514,0],[0.0006912741,0.99999887,0.00068385416,0],[0.95581543,-0.0004596988,-0.2939692,0],[-0.060377695,-0.31432688,-0.40686607,0.99999994]]},"name":"bunny"}},{"timestamp":1742662383.013136,"content":{"name":"Earth","identifier":"088EF783-5990-B052-BE99-B8AA15BA6C68","transform":{"columns":[[0.9978194,-0.005769186,-0.06575019,0],[0.06560226,-0.022899082,0.997583,0],[-0.0072608674,-0.99972105,-0.022470677,0],[-1.3557966,0.63785917,-0.45018715,0.99999994]]}},"label":"ARImageAnchor didUpdate"},{"timestamp":1742662383.046948,"content":{"transform":{"columns":[[0.9978194,-0.005769186,-0.06575019,0],[0.06560226,-0.022899082,0.997583,0],[-0.0072608674,-0.99972105,-0.022470677,0],[-1.3557966,0.63785917,-0.45018715,0.99999994]]},"identifier":"088EF783-5990-B052-BE99-B8AA15BA6C68","name":"Earth"},"label":"ARImageAnchor didUpdate"},{"label":"Bunny didUpdate","content":{"identifier":"2F3AFF19-EBBF-4560-9222-CD0B5FA575D7","name":"bunny","transform":{"columns":[[-0.29396155,0.00085282396,-0.9558174,0],[0.0007261954,0.9999988,0.00066890346,0],[0.95581776,-0.0004974787,-0.29396206,0],[-0.06038409,-0.31432593,-0.4068635,0.99999994]]}},"timestamp":1742662385.480375},{"timestamp":1742662385.779696,"content":{"transform":{"columns":[[-0.29396015,0.000853322,-0.95581794,0],[0.00072528294,0.9999988,0.0006697058,0],[0.9558183,-0.00049637206,-0.2939607,0],[-0.06038359,-0.3143259,-0.40686393,1]]},"name":"bunny","identifier":"2F3AFF19-EBBF-4560-9222-CD0B5FA575D7"},"label":"Bunny didUpdate"}]