[{"timestamp":1742656053.331009,"label":"Application launched"},{"label":"Initialize ARViewModel","timestamp":1742656053.3311},{"timestamp":1742656053.332257,"label":"Finished Initialize ARViewModel"},{"timestamp":1742656053.332271,"label":"Initialize AnchorManager"},{"timestamp":1742656053.332275,"label":"Fininshed Initialize AnchorManager"},{"label":"ContentView Initialize","timestamp":1742656053.332279},{"timestamp":1742656076.2667499,"label":"Finished Ranging","content":{"beaconName":"DWM3001CDK (8449B511)","position":[-0.09638675,-0.30596003,-0.44157988]}},{"content":{"name":"bunny","identifier":"DD443912-40A9-40F1-A0ED-E20415DC33FE","transform":{"columns":[[-0.024130464,0,-0.99970883,0],[0,1,0,0],[0.99970883,0,-0.024130464,0],[-0.09638675,-0.30596003,-0.44157988,1]]}},"timestamp":1742656076.3228412,"label":"Bunny didAdd"},{"content":{"name":"Car","identifier":"FF85DBE1-76D3-E459-2D24-8EDCEE263300","transform":{"columns":[[0.9845893,0.009636898,0.1746159,0],[-0.17473675,0.013581264,0.9845214,0],[0.007116226,-0.99986106,0.015055837,0],[-0.4740367,-0.62799,-0.065549314,0.9999998]]}},"timestamp":1742656078.489304,"label":"ARImageAnchor didAdd"},{"label":"ARImageAnchor didUpdate","content":{"transform":{"columns":[[0.9845893,0.009636898,0.1746159,0],[-0.17473675,0.013581264,0.9845214,0],[0.007116226,-0.99986106,0.015055837,0],[-0.4740367,-0.62799,-0.065549314,0.9999998]]},"identifier":"FF85DBE1-76D3-E459-2D24-8EDCEE263300","name":"Car"},"timestamp":1742656078.497445},{"content":{"identifier":"FF85DBE1-76D3-E459-2D24-8EDCEE263300","name":"Car","transform":{"columns":[[0.9790192,0.020133672,0.20277037,0],[-0.20281713,0.00028717268,0.97921646,0],[0.019656988,-0.99979717,0.004364632,0],[-0.4754197,-0.6200933,-0.06018889,0.99999994]]}},"timestamp":1742656079.529537,"label":"ARImageAnchor didUpdate"},{"label":"ARImageAnchor didUpdate","content":{"name":"Car","transform":{"columns":[[0.9790192,0.020133672,0.20277037,0],[-0.20281713,0.00028717268,0.97921646,0],[0.019656988,-0.99979717,0.004364632,0],[-0.4754197,-0.6200933,-0.06018889,0.99999994]]},"identifier":"FF85DBE1-76D3-E459-2D24-8EDCEE263300"},"timestamp":1742656079.563425},{"content":{"name":"Earth","identifier":"088EF783-5990-B052-BE99-B8AA15BA6C68","transform":{"columns":[[0.99055034,0.0037592852,0.13709734,0],[-0.13707645,-0.0053344136,0.990546,0],[0.0044550793,-0.99997854,-0.0047686924,0],[-1.3770677,0.6253991,-0.7607131,0.9999998]]}},"label":"ARImageAnchor didAdd","timestamp":1742656083.289144},{"content":{"name":"Earth","identifier":"088EF783-5990-B052-BE99-B8AA15BA6C68","transform":{"columns":[[0.99055034,0.0037592852,0.13709734,0],[-0.13707645,-0.0053344136,0.990546,0],[0.0044550793,-0.99997854,-0.0047686924,0],[-1.3770677,0.6253991,-0.7607131,0.9999998]]}},"timestamp":1742656083.295501,"label":"ARImageAnchor didUpdate"},{"timestamp":1742656083.828933,"label":"ARImageAnchor didUpdate","content":{"identifier":"088EF783-5990-B052-BE99-B8AA15BA6C68","name":"Earth","transform":{"columns":[[0.990464,0.004906478,0.13768351,0],[-0.13769251,0.0015497609,0.99047375,0],[0.00464636,-0.9999866,0.0022105672,0],[-1.3830397,0.62884897,-0.7691285,0.99999994]]}}},{"timestamp":1742656083.8628879,"content":{"name":"Earth","identifier":"088EF783-5990-B052-BE99-B8AA15BA6C68","transform":{"columns":[[0.990464,0.004906478,0.13768351,0],[-0.13769251,0.0015497609,0.99047375,0],[0.00464636,-0.9999866,0.0022105672,0],[-1.3830397,0.62884897,-0.7691285,0.99999994]]}},"label":"ARImageAnchor didUpdate"},{"content":{"identifier":"C35EAC54-3E90-1B97-807B-5E3B8F238DB7","transform":{"columns":[[0.9880531,0.0070537175,0.15395214,0],[-0.15397699,0.0031314814,0.98806936,0],[0.0064874617,-0.99997014,0.0041801734,0],[0.44014806,0.80607736,-0.47723207,0.99999994]]},"name":"Sailboat"},"timestamp":1742656089.1889071,"label":"ARImageAnchor didAdd"},{"label":"ARImageAnchor didUpdate","timestamp":1742656089.194011,"content":{"transform":{"columns":[[0.9880531,0.0070537175,0.15395214,0],[-0.15397699,0.0031314814,0.98806936,0],[0.0064874617,-0.99997014,0.0041801734,0],[0.44014806,0.80607736,-0.47723207,0.99999994]]},"name":"Sailboat","identifier":"C35EAC54-3E90-1B97-807B-5E3B8F238DB7"}},{"content":{"name":"Lenna","identifier":"6BAD7D5D-D14A-EF93-1C8B-F6BEC80B8329","transform":{"columns":[[0.16848697,-0.03233289,-0.98517334,0],[0.9837991,-0.056586727,0.17010902,0],[-0.06124788,-0.9978739,0.02227495,0],[0.22548896,-0.6288363,-0.027767457,0.99999994]]}},"timestamp":1742656091.855174,"label":"ARImageAnchor didAdd"},{"label":"ARImageAnchor didUpdate","content":{"transform":{"columns":[[0.16848697,-0.03233289,-0.98517334,0],[0.9837991,-0.056586727,0.17010902,0],[-0.06124788,-0.9978739,0.02227495,0],[0.22548896,-0.6288363,-0.027767457,0.99999994]]},"name":"Lenna","identifier":"6BAD7D5D-D14A-EF93-1C8B-F6BEC80B8329"},"timestamp":1742656091.8662848},{"timestamp":1742656092.365607,"label":"ARImageAnchor didUpdate","content":{"transform":{"columns":[[0.17362179,-0.03416643,-0.9842195,0],[0.98480564,0.0023603495,0.17364328,0],[-0.003609653,-0.99941325,0.034057118,0],[0.23363349,-0.62258756,-0.019094508,0.99999994]]},"identifier":"6BAD7D5D-D14A-EF93-1C8B-F6BEC80B8329","name":"Lenna"}},{"content":{"identifier":"6BAD7D5D-D14A-EF93-1C8B-F6BEC80B8329","transform":{"columns":[[0.17362179,-0.03416643,-0.9842195,0],[0.98480564,0.0023603495,0.17364328,0],[-0.003609653,-0.99941325,0.034057118,0],[0.23363349,-0.62258756,-0.019094508,0.99999994]]},"name":"Lenna"},"label":"ARImageAnchor didUpdate","timestamp":1742656092.39555},{"content":{"name":"Mandrill","transform":{"columns":[[-0.15987861,-0.011790584,0.98706615,0],[-0.98693675,0.022025567,-0.1595946,0],[-0.019858982,-0.9996877,-0.015157979,0],[1.0650363,0.83366424,0.20925753,0.9999999]]},"identifier":"A19C2489-597B-2BED-432C-244B551E75FD"},"timestamp":1742656097.7214642,"label":"ARImageAnchor didAdd"},{"content":{"identifier":"A19C2489-597B-2BED-432C-244B551E75FD","name":"Mandrill","transform":{"columns":[[-0.15987861,-0.011790584,0.98706615,0],[-0.98693675,0.022025567,-0.1595946,0],[-0.019858982,-0.9996877,-0.015157979,0],[1.0650363,0.83366424,0.20925753,0.9999999]]}},"label":"ARImageAnchor didUpdate","timestamp":1742656097.7296839},{"label":"ARImageAnchor didUpdate","content":{"name":"Mandrill","identifier":"A19C2489-597B-2BED-432C-244B551E75FD","transform":{"columns":[[-0.14489771,-0.008642161,0.98940873,0],[-0.9883765,0.04775662,-0.14432944,0],[-0.04600351,-0.9988215,-0.015461538,0],[1.0682373,0.83778715,0.20123151,0.9999999]]}},"timestamp":1742656098.761386},{"timestamp":1742656098.7946029,"label":"ARImageAnchor didUpdate","content":{"name":"Mandrill","transform":{"columns":[[-0.14489771,-0.008642161,0.98940873,0],[-0.9883765,0.04775662,-0.14432944,0],[-0.04600351,-0.9988215,-0.015461538,0],[1.0682373,0.83778715,0.20123151,0.9999999]]},"identifier":"A19C2489-597B-2BED-432C-244B551E75FD"}},{"timestamp":1742656103.054462,"content":{"transform":{"columns":[[-0.15881671,-0.0014459357,0.98730683,0],[-0.9872616,-0.009458199,-0.1588233,0],[0.009567767,-0.9999541,7.460024e-05,0],[1.0204664,0.2200814,0.9377288,0.9999999]]},"name":"Peppers","identifier":"61BB3DDD-C96C-6E82-3432-BD712CCBCB28"},"label":"ARImageAnchor didAdd"},{"timestamp":1742656103.0626202,"label":"ARImageAnchor didUpdate","content":{"identifier":"61BB3DDD-C96C-6E82-3432-BD712CCBCB28","transform":{"columns":[[-0.15881671,-0.0014459357,0.98730683,0],[-0.9872616,-0.009458199,-0.1588233,0],[0.009567767,-0.9999541,7.460024e-05,0],[1.0204664,0.2200814,0.9377288,0.9999999]]},"name":"Peppers"}},{"label":"ARImageAnchor didUpdate","content":{"identifier":"088EF783-5990-B052-BE99-B8AA15BA6C68","transform":{"columns":[[0.98770773,-0.0031231435,0.15628068,0],[-0.15630424,-0.029612456,0.98726475,0],[0.0015444858,-0.9995565,-0.029736605,0],[-1.3688089,0.6208719,-0.7768346,0.99999994]]},"name":"Earth"},"timestamp":1742656110.492147},{"content":{"identifier":"088EF783-5990-B052-BE99-B8AA15BA6C68","name":"Earth","transform":{"columns":[[0.98770773,-0.0031231435,0.15628068,0],[-0.15630424,-0.029612456,0.98726475,0],[0.0015444858,-0.9995565,-0.029736605,0],[-1.3688089,0.6208719,-0.7768346,0.99999994]]}},"timestamp":1742656110.5261312,"label":"ARImageAnchor didUpdate"},{"label":"ARImageAnchor didUpdate","content":{"identifier":"088EF783-5990-B052-BE99-B8AA15BA6C68","name":"Earth","transform":{"columns":[[0.9910819,0.0002464765,0.13325271,0],[-0.1331557,-0.03635888,0.9904278,0],[0.0050890367,-0.99933857,-0.036001813,0],[-1.3733824,0.6272454,-0.7810735,0.9999998]]}},"timestamp":1742656111.025375},{"content":{"transform":{"columns":[[0.9910819,0.0002464765,0.13325271,0],[-0.1331557,-0.03635888,0.9904278,0],[0.0050890367,-0.99933857,-0.036001813,0],[-1.3733824,0.6272454,-0.7810735,0.9999998]]},"identifier":"088EF783-5990-B052-BE99-B8AA15BA6C68","name":"Earth"},"timestamp":1742656111.060864,"label":"ARImageAnchor didUpdate"},{"label":"ARImageAnchor didUpdate","timestamp":1742656111.559268,"content":{"transform":{"columns":[[0.98952585,0.0001518465,0.14435491,0],[-0.14427727,-0.03176802,0.98902714,0],[0.0047360444,-0.99949515,-0.03141338,0],[-1.3820888,0.6287911,-0.7668546,0.99999994]]},"name":"Earth","identifier":"088EF783-5990-B052-BE99-B8AA15BA6C68"}},{"timestamp":1742656111.5930681,"label":"ARImageAnchor didUpdate","content":{"name":"Earth","identifier":"088EF783-5990-B052-BE99-B8AA15BA6C68","transform":{"columns":[[0.98952585,0.0001518465,0.14435491,0],[-0.14427727,-0.03176802,0.98902714,0],[0.0047360444,-0.99949515,-0.03141338,0],[-1.3820888,0.6287911,-0.7668546,0.99999994]]}}},{"timestamp":1742656111.9613519,"content":{"name":"bunny","identifier":"DD443912-40A9-40F1-A0ED-E20415DC33FE","transform":{"columns":[[-0.024431134,0.0024690968,-0.99969846,0],[0.002393745,0.9999942,0.0024113278,0],[0.9996986,-0.0023341111,-0.024436893,0],[-0.09664353,-0.3056195,-0.44179535,0.99999994]]}},"label":"Bunny didUpdate"},{"timestamp":1742656114.860622,"label":"Bunny didUpdate","content":{"identifier":"DD443912-40A9-40F1-A0ED-E20415DC33FE","name":"bunny","transform":{"columns":[[-0.024501003,0.0025595727,-0.99969655,0],[0.002458895,0.9999938,0.0025000705,0],[0.9996966,-0.0023968942,-0.02450716,0],[-0.09665752,-0.3056076,-0.4418016,0.99999994]]}}},{"label":"Bunny didUpdate","timestamp":1742656115.0639749,"content":{"name":"bunny","transform":{"columns":[[-0.024504934,0.002580161,-0.9996964,0],[0.0024674104,0.9999937,0.0025204467,0],[0.9996965,-0.0024048972,-0.024511142,0],[-0.09665903,-0.3056045,-0.44180283,0.99999994]]},"identifier":"DD443912-40A9-40F1-A0ED-E20415DC33FE"}},{"timestamp":1742656116.362557,"label":"ARImageAnchor didUpdate","content":{"name":"Car","transform":{"columns":[[0.9775279,0.019854868,0.20986827,0],[-0.20997597,0.0034821336,0.97770023,0],[0.018681316,-0.9997966,0.0075729387,0],[-0.4809452,-0.6204366,-0.059678257,0.9999999]]},"identifier":"FF85DBE1-76D3-E459-2D24-8EDCEE263300"}},{"label":"ARImageAnchor didUpdate","timestamp":1742656116.3979259,"content":{"identifier":"FF85DBE1-76D3-E459-2D24-8EDCEE263300","name":"Car","transform":{"columns":[[0.9775279,0.019854868,0.20986827,0],[-0.20997597,0.0034821336,0.97770023,0],[0.018681316,-0.9997966,0.0075729387,0],[-0.4809452,-0.6204366,-0.059678257,0.9999999]]}}},{"content":{"transform":{"columns":[[-0.024588643,0.0029857028,-0.9996931,0],[0.002746877,0.99999183,0.002919032,0],[0.9996936,-0.0026742583,-0.024596645,0],[-0.09669422,-0.3055519,-0.44183794,0.9999999]]},"identifier":"DD443912-40A9-40F1-A0ED-E20415DC33FE","name":"bunny"},"label":"Bunny didUpdate","timestamp":1742656124.0614119},{"timestamp":1742656124.360596,"label":"ARImageAnchor didUpdate","content":{"identifier":"6BAD7D5D-D14A-EF93-1C8B-F6BEC80B8329","name":"Lenna","transform":{"columns":[[0.20323443,-0.033394232,-0.9785604,0],[0.97906184,-0.0048553757,0.20350423,0],[-0.011547109,-0.99943024,0.031708248,0],[0.22253937,-0.6165895,-0.0085017085,0.9999999]]}}},{"label":"ARImageAnchor didUpdate","content":{"transform":{"columns":[[0.20323443,-0.033394232,-0.9785604,0],[0.97906184,-0.0048553757,0.20350423,0],[-0.011547109,-0.99943024,0.031708248,0],[0.22253937,-0.6165895,-0.0085017085,0.9999999]]},"name":"Lenna","identifier":"6BAD7D5D-D14A-EF93-1C8B-F6BEC80B8329"},"timestamp":1742656124.394391}]