[{"label":"Application launched","timestamp":1742659723.707769},{"timestamp":1742659723.707881,"label":"Initialize ARViewModel"},{"label":"Finished Initialize ARViewModel","timestamp":1742659723.709568},{"label":"Initialize AnchorManager","timestamp":1742659723.709655},{"label":"Fininshed Initialize AnchorManager","timestamp":1742659723.709661},{"label":"ContentView Initialize","timestamp":1742659723.709666},{"content":{"beaconName":"DWM3001CDK (8449B511)","position":[-0.19764315,-0.22655404,-0.192871]},"timestamp":1742659746.742171,"label":"Finished Ranging"},{"timestamp":1742659746.797442,"label":"Bunny didAdd","content":{"transform":{"columns":[[-0.33332813,0,-0.9428109,0],[0,1,0,0],[0.9428109,0,-0.33332813,0],[-0.19764315,-0.22655404,-0.192871,1]]},"name":"bunny","identifier":"A27F1537-531D-48BD-8D94-26C51E6315BF"}},{"content":{"transform":{"columns":[[0.99961495,0.013037985,-0.02448869,0],[0.024345055,0.011064865,0.99964225,0],[0.013304281,-0.99985373,0.010743216,0],[-0.49137402,-0.51594496,0.25089976,1]]},"identifier":"FF85DBE1-76D3-E459-2D24-8EDCEE263300","name":"Car"},"timestamp":1742659749.897119,"label":"ARImageAnchor didAdd"},{"content":{"transform":{"columns":[[0.99961495,0.013037985,-0.02448869,0],[0.024345055,0.011064865,0.99964225,0],[0.013304281,-0.99985373,0.010743216,0],[-0.49137402,-0.51594496,0.25089976,1]]},"name":"Car","identifier":"FF85DBE1-76D3-E459-2D24-8EDCEE263300"},"timestamp":1742659749.907388,"label":"ARImageAnchor didUpdate"},{"content":{"name":"Earth","transform":{"columns":[[0.9942015,0.0058037406,-0.1073755,0],[0.1073099,0.010632348,0.99416864,0],[0.0069115553,-0.99992657,0.009947889,0],[-1.5098554,0.7331533,-0.21496125,1]]},"identifier":"088EF783-5990-B052-BE99-B8AA15BA6C68"},"timestamp":1742659756.363388,"label":"ARImageAnchor didAdd"},{"content":{"transform":{"columns":[[0.9942015,0.0058037406,-0.1073755,0],[0.1073099,0.010632348,0.99416864,0],[0.0069115553,-0.99992657,0.009947889,0],[-1.5098554,0.7331533,-0.21496125,1]]},"name":"Earth","identifier":"088EF783-5990-B052-BE99-B8AA15BA6C68"},"timestamp":1742659756.369763,"label":"ARImageAnchor didUpdate"},{"timestamp":1742659761.304565,"label":"Bunny didUpdate","content":{"name":"bunny","transform":{"columns":[[-0.3323307,0.0013197917,-0.94316214,0],[0.0008507615,0.999999,0.0010995521,0],[0.94316256,-0.00043699113,-0.3323315,0],[-0.19759409,-0.22642863,-0.1929211,1]]},"identifier":"A27F1537-531D-48BD-8D94-26C51E6315BF"}},{"timestamp":1742659761.729507,"label":"ARImageAnchor didAdd","content":{"name":"Lenna","identifier":"6BAD7D5D-D14A-EF93-1C8B-F6BEC80B8329","transform":{"columns":[[-0.0124354,-0.035691027,-0.99928534,0],[0.99985874,-0.011728245,-0.012023621,0],[-0.011290732,-0.999294,0.03583182,0],[0.19060504,-0.5185514,0.14488044,0.99999994]]}}},{"content":{"transform":{"columns":[[-0.0124354,-0.035691027,-0.99928534,0],[0.99985874,-0.011728245,-0.012023621,0],[-0.011290732,-0.999294,0.03583182,0],[0.19060504,-0.5185514,0.14488044,0.99999994]]},"name":"Lenna","identifier":"6BAD7D5D-D14A-EF93-1C8B-F6BEC80B8329"},"label":"ARImageAnchor didUpdate","timestamp":1742659761.739705},{"content":{"name":"Sailboat","transform":{"columns":[[0.9981205,0.0050844406,-0.061068933,0],[0.06114667,-0.016870558,0.997986,0],[0.0040439325,-0.9998447,-0.017149746,0],[0.2965109,0.8963336,-0.35370874,1]]},"identifier":"C35EAC54-3E90-1B97-807B-5E3B8F238DB7"},"timestamp":1742659766.0293021,"label":"ARImageAnchor didAdd"},{"content":{"identifier":"C35EAC54-3E90-1B97-807B-5E3B8F238DB7","name":"Sailboat","transform":{"columns":[[0.9981205,0.0050844406,-0.061068933,0],[0.06114667,-0.016870558,0.997986,0],[0.0040439325,-0.9998447,-0.017149746,0],[0.2965109,0.8963336,-0.35370874,1]]}},"label":"ARImageAnchor didUpdate","timestamp":1742659766.037261},{"content":{"identifier":"C35EAC54-3E90-1B97-807B-5E3B8F238DB7","name":"Sailboat","transform":{"columns":[[0.9974474,0.0034079396,-0.07132183,0],[0.071245044,0.018949367,0.9972787,0],[0.0047501703,-0.9998145,0.0186582,0],[0.3022037,0.9008365,-0.3513011,1]]}},"timestamp":1742659766.538842,"label":"ARImageAnchor didUpdate"},{"label":"ARImageAnchor didUpdate","timestamp":1742659766.572063,"content":{"transform":{"columns":[[0.9974474,0.0034079396,-0.07132183,0],[0.071245044,0.018949367,0.9972787,0],[0.0047501703,-0.9998145,0.0186582,0],[0.3022037,0.9008365,-0.3513011,1]]},"identifier":"C35EAC54-3E90-1B97-807B-5E3B8F238DB7","name":"Sailboat"}},{"content":{"transform":{"columns":[[0.045030307,-0.010971307,0.9989253,0],[-0.99775714,0.04907734,0.045516632,0],[-0.04952398,-0.99873465,-0.008736732,0],[1.077989,0.9308026,0.18229483,1.0000001]]},"name":"Mandrill","identifier":"A19C2489-597B-2BED-432C-244B551E75FD"},"timestamp":1742659768.695835,"label":"ARImageAnchor didAdd"},{"timestamp":1742659768.702692,"label":"ARImageAnchor didUpdate","content":{"identifier":"A19C2489-597B-2BED-432C-244B551E75FD","transform":{"columns":[[0.045030307,-0.010971307,0.9989253,0],[-0.99775714,0.04907734,0.045516632,0],[-0.04952398,-0.99873465,-0.008736732,0],[1.077989,0.9308026,0.18229483,1.0000001]]},"name":"Mandrill"}},{"timestamp":1742659769.2061172,"label":"ARImageAnchor didUpdate","content":{"identifier":"A19C2489-597B-2BED-432C-244B551E75FD","transform":{"columns":[[0.052144814,-0.011787506,0.99856985,0],[-0.9973145,0.050875444,0.05267977,0],[-0.051423643,-0.9986353,-0.00910296,0],[1.0611987,0.9290331,0.17354396,0.99999994]]},"name":"Mandrill"}},{"label":"ARImageAnchor didUpdate","content":{"identifier":"A19C2489-597B-2BED-432C-244B551E75FD","transform":{"columns":[[0.052144814,-0.011787506,0.99856985,0],[-0.9973145,0.050875444,0.05267977,0],[-0.051423643,-0.9986353,-0.00910296,0],[1.0611987,0.9290331,0.17354396,0.99999994]]},"name":"Mandrill"},"timestamp":1742659769.236702},{"label":"ARImageAnchor didAdd","content":{"name":"Peppers","transform":{"columns":[[0.016974768,-0.0017914996,0.9998542,0],[-0.9997756,-0.012694424,0.016950667,0],[0.012662184,-0.99991775,-0.0020065785,0],[1.1606152,0.31211644,0.9092516,1]]},"identifier":"61BB3DDD-C96C-6E82-3432-BD712CCBCB28"},"timestamp":1742659770.8288898},{"content":{"name":"Peppers","identifier":"61BB3DDD-C96C-6E82-3432-BD712CCBCB28","transform":{"columns":[[0.016974768,-0.0017914996,0.9998542,0],[-0.9997756,-0.012694424,0.016950667,0],[0.012662184,-0.99991775,-0.0020065785,0],[1.1606152,0.31211644,0.9092516,1]]}},"label":"ARImageAnchor didUpdate","timestamp":1742659770.836056},{"timestamp":1742659771.337096,"content":{"name":"Peppers","transform":{"columns":[[0.04266663,-0.005562938,0.9990738,0],[-0.99904937,-0.009170382,0.042614505,0],[0.008924827,-0.9999425,-0.005948922,0],[1.1647393,0.31115827,0.9019515,1]]},"identifier":"61BB3DDD-C96C-6E82-3432-BD712CCBCB28"},"label":"ARImageAnchor didUpdate"},{"timestamp":1742659771.371108,"content":{"name":"Peppers","identifier":"61BB3DDD-C96C-6E82-3432-BD712CCBCB28","transform":{"columns":[[0.04266663,-0.005562938,0.9990738,0],[-0.99904937,-0.009170382,0.042614505,0],[0.008924827,-0.9999425,-0.005948922,0],[1.1647393,0.31115827,0.9019515,1]]}},"label":"ARImageAnchor didUpdate"},{"timestamp":1742659776.135694,"content":{"name":"Mandrill","transform":{"columns":[[0.045099847,-0.0096351,0.99893594,0],[-0.9970927,0.061040513,0.04560539,0],[-0.061414983,-0.99808866,-0.006854181,0],[1.0723026,0.93459934,0.15935405,0.99999994]]},"identifier":"A19C2489-597B-2BED-432C-244B551E75FD"},"label":"ARImageAnchor didUpdate"},{"label":"ARImageAnchor didUpdate","content":{"name":"Mandrill","identifier":"A19C2489-597B-2BED-432C-244B551E75FD","transform":{"columns":[[0.045099847,-0.0096351,0.99893594,0],[-0.9970927,0.061040513,0.04560539,0],[-0.061414983,-0.99808866,-0.006854181,0],[1.0723026,0.93459934,0.15935405,0.99999994]]}},"timestamp":1742659776.169132},{"timestamp":1742659783.369779,"content":{"transform":{"columns":[[-0.33203956,0.0023833257,-0.94326276,0],[0.001433838,0.99999696,0.0020219467,0],[0.9432645,-0.00068111945,-0.33204195,0],[-0.19758964,-0.22634602,-0.19295909,1.0000001]]},"name":"bunny","identifier":"A27F1537-531D-48BD-8D94-26C51E6315BF"},"label":"Bunny didUpdate"},{"timestamp":1742659783.63651,"content":{"transform":{"columns":[[0.99991316,0.013159027,-0.00050992455,0],[0.0005751641,-0.0049617677,0.99998736,0],[0.013156363,-0.99990106,-0.004968939,0],[-0.50595033,-0.52012205,0.24281496,1]]},"identifier":"FF85DBE1-76D3-E459-2D24-8EDCEE263300","name":"Car"},"label":"ARImageAnchor didUpdate"},{"content":{"name":"Car","transform":{"columns":[[0.99991316,0.013159027,-0.00050992455,0],[0.0005751641,-0.0049617677,0.99998736,0],[0.013156363,-0.99990106,-0.004968939,0],[-0.50595033,-0.52012205,0.24281496,1]]},"identifier":"FF85DBE1-76D3-E459-2D24-8EDCEE263300"},"timestamp":1742659783.669193,"label":"ARImageAnchor didUpdate"},{"label":"Bunny didUpdate","timestamp":1742659783.769431,"content":{"name":"bunny","identifier":"A27F1537-531D-48BD-8D94-26C51E6315BF","transform":{"columns":[[-0.33203354,0.002383099,-0.943265,0],[0.0014332671,0.99999696,0.0020219118,0],[0.94326675,-0.0006806081,-0.33203587,0],[-0.19758926,-0.2263461,-0.19295952,1]]}}},{"label":"ARImageAnchor didUpdate","content":{"name":"Car","identifier":"FF85DBE1-76D3-E459-2D24-8EDCEE263300","transform":{"columns":[[0.99988794,0.014544328,-0.0035104488,0],[0.003525572,-0.0010098811,0.99999326,0],[0.014540697,-0.9998937,-0.0010610225,0],[-0.50000244,-0.5168312,0.24556358,1.0000001]]}},"timestamp":1742659784.1682081},{"timestamp":1742659784.198667,"label":"ARImageAnchor didUpdate","content":{"name":"Car","transform":{"columns":[[0.99988794,0.014544328,-0.0035104488,0],[0.003525572,-0.0010098811,0.99999326,0],[0.014540697,-0.9998937,-0.0010610225,0],[-0.50000244,-0.5168312,0.24556358,1.0000001]]},"identifier":"FF85DBE1-76D3-E459-2D24-8EDCEE263300"}},{"label":"Bunny didUpdate","content":{"identifier":"A27F1537-531D-48BD-8D94-26C51E6315BF","transform":{"columns":[[-0.33209813,0.0024177635,-0.94324225,0],[0.0014806893,0.9999967,0.0020419157,0],[0.943244,-0.0007185324,-0.33210057,0],[-0.19759433,-0.22634241,-0.19295624,1]]},"name":"bunny"},"timestamp":1742659785.60516},{"timestamp":1742659786.833088,"label":"ARImageAnchor didUpdate","content":{"name":"Earth","transform":{"columns":[[0.99758154,-0.002349114,-0.06946358,0],[0.069185995,-0.061833397,0.9956856,0],[-0.006634147,-0.9980837,-0.061521336,0],[-1.5070347,0.727997,-0.26366445,1]]},"identifier":"088EF783-5990-B052-BE99-B8AA15BA6C68"}},{"timestamp":1742659786.8673239,"label":"ARImageAnchor didUpdate","content":{"name":"Earth","transform":{"columns":[[0.99758154,-0.002349114,-0.06946358,0],[0.069185995,-0.061833397,0.9956856,0],[-0.006634147,-0.9980837,-0.061521336,0],[-1.5070347,0.727997,-0.26366445,1]]},"identifier":"088EF783-5990-B052-BE99-B8AA15BA6C68"}},{"timestamp":1742659787.367659,"label":"ARImageAnchor didUpdate","content":{"transform":{"columns":[[0.99714345,0.004359029,-0.07540495,0],[0.07550636,-0.03210677,0.9966281,0],[0.0019233216,-0.9994749,-0.03234419,0],[-1.5224833,0.7307523,-0.27248043,1]]},"name":"Earth","identifier":"088EF783-5990-B052-BE99-B8AA15BA6C68"}},{"label":"ARImageAnchor didUpdate","content":{"identifier":"088EF783-5990-B052-BE99-B8AA15BA6C68","transform":{"columns":[[0.99714345,0.004359029,-0.07540495,0],[0.07550636,-0.03210677,0.9966281,0],[0.0019233216,-0.9994749,-0.03234419,0],[-1.5224833,0.7307523,-0.27248043,1]]},"name":"Earth"},"timestamp":1742659787.400783},{"label":"Bunny didUpdate","content":{"identifier":"A27F1537-531D-48BD-8D94-26C51E6315BF","transform":{"columns":[[-0.33225775,0.0025947324,-0.94318557,0],[0.001515033,0.99999607,0.002217316,0],[0.9431878,-0.00069223635,-0.3322605,0],[-0.1976015,-0.22633204,-0.19295289,0.9999999]]},"name":"bunny"},"timestamp":1742659790.269206},{"label":"ARImageAnchor didUpdate","content":{"transform":{"columns":[[0.092450626,-0.0071691624,0.99569136,0],[-0.99571663,0.00036431605,0.09245559,0],[-0.0010255665,-0.99997413,-0.0071047763,0],[1.2774974,0.30270922,0.9006642,1]]},"identifier":"61BB3DDD-C96C-6E82-3432-BD712CCBCB28","name":"Peppers"},"timestamp":1742659792.701702},{"content":{"identifier":"61BB3DDD-C96C-6E82-3432-BD712CCBCB28","name":"Peppers","transform":{"columns":[[0.092450626,-0.0071691624,0.99569136,0],[-0.99571663,0.00036431605,0.09245559,0],[-0.0010255665,-0.99997413,-0.0071047763,0],[1.2774974,0.30270922,0.9006642,1]]}},"timestamp":1742659792.7357469,"label":"ARImageAnchor didUpdate"},{"content":{"transform":{"columns":[[0.03364609,-0.0087042,0.99939567,0],[-0.9978608,0.055784617,0.034080196,0],[-0.056047555,-0.99840474,-0.006808655,0],[1.061471,0.9304782,0.17013079,0.9999999]]},"identifier":"A19C2489-597B-2BED-432C-244B551E75FD","name":"Mandrill"},"timestamp":1742659794.834949,"label":"ARImageAnchor didUpdate"},{"label":"ARImageAnchor didUpdate","content":{"identifier":"A19C2489-597B-2BED-432C-244B551E75FD","name":"Mandrill","transform":{"columns":[[0.03364609,-0.0087042,0.99939567,0],[-0.9978608,0.055784617,0.034080196,0],[-0.056047555,-0.99840474,-0.006808655,0],[1.061471,0.9304782,0.17013079,0.9999999]]}},"timestamp":1742659794.869353},{"content":{"transform":{"columns":[[-0.33225712,0.002617046,-0.94318575,0],[0.0015171027,0.9999959,0.0022402448,0],[0.943188,-0.0006865723,-0.33225986,0],[-0.19760627,-0.22633159,-0.19295566,0.99999994]]},"name":"bunny","identifier":"A27F1537-531D-48BD-8D94-26C51E6315BF"},"timestamp":1742659795.169296,"label":"Bunny didUpdate"},{"label":"Bunny didUpdate","timestamp":1742659795.268583,"content":{"identifier":"A27F1537-531D-48BD-8D94-26C51E6315BF","transform":{"columns":[[-0.3322593,0.002618416,-0.943185,0],[0.0015178809,0.9999957,0.0022414213,0],[0.94318724,-0.00068690954,-0.332262,0],[-0.19760136,-0.22633076,-0.19295357,0.99999994]]},"name":"bunny"}},{"label":"Bunny didUpdate","content":{"name":"bunny","identifier":"A27F1537-531D-48BD-8D94-26C51E6315BF","transform":{"columns":[[-0.33243164,0.0026214134,-0.9431243,0],[0.0015184472,0.99999565,0.002244266,0],[0.94312656,-0.0006860198,-0.33243436,0],[-0.19747876,-0.22625661,-0.19274917,1]]}},"timestamp":1742659795.367642},{"content":{"name":"Lenna","identifier":"6BAD7D5D-D14A-EF93-1C8B-F6BEC80B8329","transform":{"columns":[[-0.048239976,-0.036686122,-0.9981617,0],[0.99883515,-0.002747436,-0.04817152,0],[-0.0009751909,-0.999323,0.036775924,0],[0.19826072,-0.52367514,0.14001095,1]]}},"label":"ARImageAnchor didUpdate","timestamp":1742659798.038338},{"timestamp":1742659798.068815,"label":"ARImageAnchor didUpdate","content":{"name":"Lenna","identifier":"6BAD7D5D-D14A-EF93-1C8B-F6BEC80B8329","transform":{"columns":[[-0.048239976,-0.036686122,-0.9981617,0],[0.99883515,-0.002747436,-0.04817152,0],[-0.0009751909,-0.999323,0.036775924,0],[0.19826072,-0.52367514,0.14001095,1]]}}},{"label":"ARImageAnchor didUpdate","content":{"identifier":"6BAD7D5D-D14A-EF93-1C8B-F6BEC80B8329","transform":{"columns":[[-0.037284024,-0.035357267,-0.998679,0],[0.999263,-0.010432412,-0.03693645,0],[-0.009112676,-0.99932015,0.035720155,0],[0.20121521,-0.51884866,0.1425398,1]]},"name":"Lenna"},"timestamp":1742659798.568046},{"label":"ARImageAnchor didUpdate","timestamp":1742659798.601884,"content":{"transform":{"columns":[[-0.037284024,-0.035357267,-0.998679,0],[0.999263,-0.010432412,-0.03693645,0],[-0.009112676,-0.99932015,0.035720155,0],[0.20121521,-0.51884866,0.1425398,1]]},"identifier":"6BAD7D5D-D14A-EF93-1C8B-F6BEC80B8329","name":"Lenna"}},{"label":"Bunny didUpdate","content":{"identifier":"A27F1537-531D-48BD-8D94-26C51E6315BF","transform":{"columns":[[-0.33245355,0.0028534713,-0.943116,0],[0.0016495498,0.9999949,0.0024440873,0],[0.9431187,-0.00074317196,-0.33245674,0],[-0.197484,-0.22623722,-0.19275147,1]]},"name":"bunny"},"timestamp":1742659800.3027859},{"timestamp":1742659801.237361,"label":"ARImageAnchor didUpdate","content":{"name":"Car","transform":{"columns":[[0.9998725,0.0053967526,-0.01502162,0],[0.0151110925,-0.016949946,0.999742,0],[0.0051407465,-0.99984175,-0.01702935,0],[-0.4952731,-0.5222707,0.24811335,1]]},"identifier":"FF85DBE1-76D3-E459-2D24-8EDCEE263300"}},{"timestamp":1742659801.26797,"label":"ARImageAnchor didUpdate","content":{"transform":{"columns":[[0.9998725,0.0053967526,-0.01502162,0],[0.0151110925,-0.016949946,0.999742,0],[0.0051407465,-0.99984175,-0.01702935,0],[-0.4952731,-0.5222707,0.24811335,1]]},"name":"Car","identifier":"FF85DBE1-76D3-E459-2D24-8EDCEE263300"}},{"label":"Bunny didUpdate","content":{"identifier":"A27F1537-531D-48BD-8D94-26C51E6315BF","transform":{"columns":[[-0.33233967,0.002897046,-0.9431562,0],[0.0016524667,0.9999947,0.0024893545,0],[0.9431589,-0.00073122355,-0.33234292,0],[-0.19745089,-0.22619309,-0.19270387,1]]},"name":"bunny"},"timestamp":1742659803.864995},{"content":{"name":"Earth","identifier":"088EF783-5990-B052-BE99-B8AA15BA6C68","transform":{"columns":[[0.9951529,0.0031619237,-0.098288074,0],[0.09829058,-0.0006326982,0.9951574,0],[0.0030844256,-0.99999475,-0.0009404229,0],[-1.5260941,0.7260081,-0.24912737,1]]}},"timestamp":1742659808.166125,"label":"ARImageAnchor didUpdate"},{"label":"ARImageAnchor didUpdate","content":{"transform":{"columns":[[0.9951529,0.0031619237,-0.098288074,0],[0.09829058,-0.0006326982,0.9951574,0],[0.0030844256,-0.99999475,-0.0009404229,0],[-1.5260941,0.7260081,-0.24912737,1]]},"name":"Earth","identifier":"088EF783-5990-B052-BE99-B8AA15BA6C68"},"timestamp":1742659808.2001739},{"content":{"identifier":"61BB3DDD-C96C-6E82-3432-BD712CCBCB28","transform":{"columns":[[0.0948813,-0.00548144,0.99547344,0],[-0.9954797,-0.004708236,0.09485596,0],[0.004166985,-0.99997383,-0.0059033893,0],[1.2274265,0.31040162,0.9004241,1]]},"name":"Peppers"},"timestamp":1742659813.500835,"label":"ARImageAnchor didUpdate"},{"timestamp":1742659813.533962,"label":"ARImageAnchor didUpdate","content":{"name":"Peppers","transform":{"columns":[[0.0948813,-0.00548144,0.99547344,0],[-0.9954797,-0.004708236,0.09485596,0],[0.004166985,-0.99997383,-0.0059033893,0],[1.2274265,0.31040162,0.9004241,1]]},"identifier":"61BB3DDD-C96C-6E82-3432-BD712CCBCB28"}},{"content":{"identifier":"C35EAC54-3E90-1B97-807B-5E3B8F238DB7","transform":{"columns":[[0.9977976,0.0048622414,-0.06615253,0],[0.06607977,0.013852694,0.9977181,0],[0.005767538,-0.9998922,0.0135008795,0],[0.31137547,0.90167916,-0.3493327,1]]},"name":"Sailboat"},"timestamp":1742659816.1651912,"label":"ARImageAnchor didUpdate"},{"timestamp":1742659816.1983762,"label":"ARImageAnchor didUpdate","content":{"name":"Sailboat","identifier":"C35EAC54-3E90-1B97-807B-5E3B8F238DB7","transform":{"columns":[[0.9977976,0.0048622414,-0.06615253,0],[0.06607977,0.013852694,0.9977181,0],[0.005767538,-0.9998922,0.0135008795,0],[0.31137547,0.90167916,-0.3493327,1]]}}},{"timestamp":1742659826.366166,"label":"Bunny didUpdate","content":{"identifier":"A27F1537-531D-48BD-8D94-26C51E6315BF","name":"bunny","transform":{"columns":[[-0.33229563,0.002939698,-0.9431717,0],[0.0016661978,0.9999945,0.0025297743,0],[0.9431745,-0.00073087815,-0.3322989,0],[-0.19744837,-0.22618994,-0.19270718,1]]}}},{"label":"ARImageAnchor didUpdate","content":{"transform":{"columns":[[0.99616313,0.014262725,-0.086343616,0],[0.086189665,0.011077975,0.996217,0],[0.015165282,-0.99983686,0.009806172,0],[0.32589984,0.9046298,-0.34218693,0.99999994]]},"name":"Sailboat","identifier":"C35EAC54-3E90-1B97-807B-5E3B8F238DB7"},"timestamp":1742659828.965846},{"content":{"transform":{"columns":[[0.99616313,0.014262725,-0.086343616,0],[0.086189665,0.011077975,0.996217,0],[0.015165282,-0.99983686,0.009806172,0],[0.32589984,0.9046298,-0.34218693,0.99999994]]},"name":"Sailboat","identifier":"C35EAC54-3E90-1B97-807B-5E3B8F238DB7"},"timestamp":1742659828.99876,"label":"ARImageAnchor didUpdate"}]