[{"label":"Application launched","timestamp":1742642881.5278769},{"label":"Initialize ARViewModel","timestamp":1742642881.527962},{"timestamp":1742642881.5291529,"label":"Finished Initialize ARViewModel"},{"label":"Initialize AnchorManager","timestamp":1742642881.5291681},{"timestamp":1742642881.529172,"label":"Fininshed Initialize AnchorManager"},{"timestamp":1742642881.529175,"label":"ContentView Initialize"},{"label":"Finished Ranging","content":{"beaconName":"DWM3001CDK (8449B511)","position":[-0.34988233,-0.47412506,-0.8067942]},"timestamp":1742642911.847887},{"content":{"identifier":"91AD94A7-D08F-4715-BCF2-D29CAC9EC079","name":"bunny","transform":{"columns":[[-0.32515514,0,-0.94566065,0],[0,1,0,0],[0.94566065,0,-0.32515514,0],[-0.34988233,-0.47412506,-0.8067942,1]]}},"timestamp":1742642911.902777,"label":"Bunny didAdd"},{"timestamp":1742642914.169153,"label":"ARImageAnchor didAdd","content":{"name":"Car","identifier":"FF85DBE1-76D3-E459-2D24-8EDCEE263300","transform":{"columns":[[0.99846095,0.013791919,-0.053715263,0],[0.053572576,0.010514832,0.9985085,0],[0.014336165,-0.9998495,0.009759788,0],[-0.60950536,-0.78583795,-0.35207427,1]]}}},{"timestamp":1742642914.179034,"content":{"identifier":"FF85DBE1-76D3-E459-2D24-8EDCEE263300","transform":{"columns":[[0.99846095,0.013791919,-0.053715263,0],[0.053572576,0.010514832,0.9985085,0],[0.014336165,-0.9998495,0.009759788,0],[-0.60950536,-0.78583795,-0.35207427,1]]},"name":"Car"},"label":"ARImageAnchor didUpdate"},{"timestamp":1742642917.369114,"label":"ARImageAnchor didAdd","content":{"transform":{"columns":[[0.99367285,-0.00495572,-0.11220254,0],[0.11197604,-0.03349105,0.9931462,0],[-0.008679535,-0.99942654,-0.032724224,0],[-1.6558115,0.45992225,-0.795571,1]]},"identifier":"088EF783-5990-B052-BE99-B8AA15BA6C68","name":"Earth"}},{"label":"ARImageAnchor didUpdate","timestamp":1742642917.375207,"content":{"transform":{"columns":[[0.99367285,-0.00495572,-0.11220254,0],[0.11197604,-0.03349105,0.9931462,0],[-0.008679535,-0.99942654,-0.032724224,0],[-1.6558115,0.45992225,-0.795571,1]]},"name":"Earth","identifier":"088EF783-5990-B052-BE99-B8AA15BA6C68"}},{"content":{"name":"Sailboat","identifier":"C35EAC54-3E90-1B97-807B-5E3B8F238DB7","transform":{"columns":[[0.991304,0.0129208965,-0.1309556,0],[0.13070431,0.018679062,0.99124545,0],[0.015253905,-0.99974203,0.016827809,0],[0.17133518,0.6410271,-0.9704047,1]]}},"label":"ARImageAnchor didAdd","timestamp":1742642921.135525},{"label":"ARImageAnchor didUpdate","content":{"name":"Sailboat","identifier":"C35EAC54-3E90-1B97-807B-5E3B8F238DB7","transform":{"columns":[[0.991304,0.0129208965,-0.1309556,0],[0.13070431,0.018679062,0.99124545,0],[0.015253905,-0.99974203,0.016827809,0],[0.17133518,0.6410271,-0.9704047,1]]}},"timestamp":1742642921.142582},{"timestamp":1742642923.8020701,"label":"ARImageAnchor didAdd","content":{"transform":{"columns":[[-0.07663204,-0.036720987,-0.99638295,0],[0.99704975,-0.0071986383,-0.07641805,0],[-0.0043664332,-0.9992996,0.037164323,0],[0.062423527,-0.78192806,-0.49420616,1]]},"identifier":"6BAD7D5D-D14A-EF93-1C8B-F6BEC80B8329","name":"Lenna"}},{"timestamp":1742642923.808877,"label":"ARImageAnchor didUpdate","content":{"transform":{"columns":[[-0.07663204,-0.036720987,-0.99638295,0],[0.99704975,-0.0071986383,-0.07641805,0],[-0.0043664332,-0.9992996,0.037164323,0],[0.062423527,-0.78192806,-0.49420616,1]]},"name":"Lenna","identifier":"6BAD7D5D-D14A-EF93-1C8B-F6BEC80B8329"}},{"timestamp":1742642924.309169,"label":"ARImageAnchor didUpdate","content":{"name":"Lenna","transform":{"columns":[[-0.08791121,-0.032841954,-0.99558663,0],[0.9960996,-0.010465476,-0.0876113,0],[-0.0075419536,-0.9994056,0.033633888,0],[0.083948076,-0.78366506,-0.482168,0.9999999]]},"identifier":"6BAD7D5D-D14A-EF93-1C8B-F6BEC80B8329"}},{"label":"ARImageAnchor didUpdate","content":{"transform":{"columns":[[-0.08791121,-0.032841954,-0.99558663,0],[0.9960996,-0.010465476,-0.0876113,0],[-0.0075419536,-0.9994056,0.033633888,0],[0.083948076,-0.78366506,-0.482168,0.9999999]]},"name":"Lenna","identifier":"6BAD7D5D-D14A-EF93-1C8B-F6BEC80B8329"},"timestamp":1742642924.343183},{"content":{"identifier":"6BAD7D5D-D14A-EF93-1C8B-F6BEC80B8329","name":"Lenna","transform":{"columns":[[-0.087945074,-0.030688329,-0.9956524,0],[0.99598354,-0.019568888,-0.08737119,0],[-0.016802523,-0.9993374,0.032286063,0],[0.086777166,-0.7795114,-0.48509327,1]]}},"timestamp":1742642924.84169,"label":"ARImageAnchor didUpdate"},{"label":"ARImageAnchor didUpdate","timestamp":1742642924.8749208,"content":{"identifier":"6BAD7D5D-D14A-EF93-1C8B-F6BEC80B8329","transform":{"columns":[[-0.087945074,-0.030688329,-0.9956524,0],[0.99598354,-0.019568888,-0.08737119,0],[-0.016802523,-0.9993374,0.032286063,0],[0.086777166,-0.7795114,-0.48509327,1]]},"name":"Lenna"}},{"timestamp":1742642928.06844,"label":"ARImageAnchor didAdd","content":{"transform":{"columns":[[0.089926586,-0.015372212,0.99582964,0],[-0.99486667,0.045201845,0.090537414,0],[-0.046405118,-0.9988595,-0.011228452,0],[0.9318204,0.6490721,-0.4949887,1]]},"name":"Mandrill","identifier":"A19C2489-597B-2BED-432C-244B551E75FD"}},{"timestamp":1742642928.0756311,"label":"ARImageAnchor didUpdate","content":{"identifier":"A19C2489-597B-2BED-432C-244B551E75FD","transform":{"columns":[[0.089926586,-0.015372212,0.99582964,0],[-0.99486667,0.045201845,0.090537414,0],[-0.046405118,-0.9988595,-0.011228452,0],[0.9318204,0.6490721,-0.4949887,1]]},"name":"Mandrill"}},{"label":"ARImageAnchor didUpdate","content":{"transform":{"columns":[[0.10120564,-0.011175986,0.9948027,0],[-0.9930988,0.058428925,0.1016887,0],[-0.05926173,-0.9982289,-0.005185523,0],[0.94003665,0.65835536,-0.4989455,1]]},"name":"Mandrill","identifier":"A19C2489-597B-2BED-432C-244B551E75FD"},"timestamp":1742642928.576067},{"label":"ARImageAnchor didUpdate","timestamp":1742642928.608883,"content":{"identifier":"A19C2489-597B-2BED-432C-244B551E75FD","transform":{"columns":[[0.10120564,-0.011175986,0.9948027,0],[-0.9930988,0.058428925,0.1016887,0],[-0.05926173,-0.9982289,-0.005185523,0],[0.94003665,0.65835536,-0.4989455,1]]},"name":"Mandrill"}},{"content":{"transform":{"columns":[[0.11837187,-0.0030815778,0.9929645,0],[-0.99275815,-0.020983549,0.11828216,0],[0.020471422,-0.999775,-0.0055431235,0],[1.0948509,0.042965997,0.22271353,1]]},"name":"Peppers","identifier":"61BB3DDD-C96C-6E82-3432-BD712CCBCB28"},"label":"ARImageAnchor didAdd","timestamp":1742642930.7348561},{"content":{"name":"Peppers","identifier":"61BB3DDD-C96C-6E82-3432-BD712CCBCB28","transform":{"columns":[[0.11837187,-0.0030815778,0.9929645,0],[-0.99275815,-0.020983549,0.11828216,0],[0.020471422,-0.999775,-0.0055431235,0],[1.0948509,0.042965997,0.22271353,1]]}},"label":"ARImageAnchor didUpdate","timestamp":1742642930.742015},{"timestamp":1742642935.142024,"label":"Bunny didUpdate","content":{"transform":{"columns":[[-0.32544008,0.0005126608,-0.9455627,0],[0.00010932207,1,0.0005045493,0],[0.94556266,6.0829727e-05,-0.3254401,0],[-0.34996435,-0.4740284,-0.80690587,1]]},"identifier":"91AD94A7-D08F-4715-BCF2-D29CAC9EC079","name":"bunny"}},{"timestamp":1742642938.706913,"content":{"name":"Peppers","transform":{"columns":[[0.1052849,-0.0072257384,0.99441576,0],[-0.994433,-0.0050160405,0.10525038,0],[0.004227512,-0.99996126,-0.0077136275,0],[1.093592,0.05066359,0.21321404,1]]},"identifier":"61BB3DDD-C96C-6E82-3432-BD712CCBCB28"},"label":"ARImageAnchor didUpdate"},{"content":{"transform":{"columns":[[0.1052849,-0.0072257384,0.99441576,0],[-0.994433,-0.0050160405,0.10525038,0],[0.004227512,-0.99996126,-0.0077136275,0],[1.093592,0.05066359,0.21321404,1]]},"identifier":"61BB3DDD-C96C-6E82-3432-BD712CCBCB28","name":"Peppers"},"timestamp":1742642938.740384,"label":"ARImageAnchor didUpdate"}]