[{"label":"Application launched","timestamp":1742641256.265501},{"timestamp":1742641256.265578,"label":"Initialize ARViewModel"},{"label":"Finished Initialize ARViewModel","timestamp":1742641256.267336},{"timestamp":1742641256.26739,"label":"Initialize AnchorManager"},{"label":"Fininshed Initialize AnchorManager","timestamp":1742641256.2674031},{"timestamp":1742641256.267416,"label":"ContentView Initialize"},{"content":{"beaconName":"DWM3001CDK (8449B511)","position":[0.111905284,-0.35463935,-0.34908578]},"timestamp":1742641280.652328,"label":"Finished Ranging"},{"content":{"transform":{"columns":[[-0.3599397,0,-0.9329756,0],[0,1,0,0],[0.9329756,0,-0.3599397,0],[0.111905284,-0.35463935,-0.34908578,1]]},"identifier":"66427040-27A9-41DD-A620-4DA7353C4293","name":"bunny"},"label":"Bunny didAdd","timestamp":1742641280.707584},{"label":"ARImageAnchor didAdd","content":{"name":"Car","identifier":"FF85DBE1-76D3-E459-2D24-8EDCEE263300","transform":{"columns":[[0.9892992,0.014561746,-0.14517228,0],[0.14467382,0.030861633,0.98899794,0],[0.01888179,-0.99941754,0.028424675,0],[-0.12886876,-0.6644343,0.11149168,0.99999994]]}},"timestamp":1742641283.173891},{"content":{"name":"Car","transform":{"columns":[[0.9892992,0.014561746,-0.14517228,0],[0.14467382,0.030861633,0.98899794,0],[0.01888179,-0.99941754,0.028424675,0],[-0.12886876,-0.6644343,0.11149168,0.99999994]]},"identifier":"FF85DBE1-76D3-E459-2D24-8EDCEE263300"},"label":"ARImageAnchor didUpdate","timestamp":1742641283.181561},{"content":{"name":"Earth","transform":{"columns":[[0.9763683,0.0011547459,-0.21610954,0],[0.21606435,-0.02635683,0.9760232,0],[-0.0045689084,-0.9996519,-0.025983479,0],[-1.2078553,0.58641446,-0.26541272,1]]},"identifier":"088EF783-5990-B052-BE99-B8AA15BA6C68"},"label":"ARImageAnchor didAdd","timestamp":1742641286.907346},{"label":"ARImageAnchor didUpdate","timestamp":1742641286.913227,"content":{"name":"Earth","identifier":"088EF783-5990-B052-BE99-B8AA15BA6C68","transform":{"columns":[[0.9763683,0.0011547459,-0.21610954,0],[0.21606435,-0.02635683,0.9760232,0],[-0.0045689084,-0.9996519,-0.025983479,0],[-1.2078553,0.58641446,-0.26541272,1]]}}},{"timestamp":1742641290.2824202,"content":{"identifier":"66427040-27A9-41DD-A620-4DA7353C4293","transform":{"columns":[[-0.35994646,0.0006964728,-0.93297267,0],[0.00072525203,0.9999997,0.00046670248,0],[0.93297267,-0.0005086524,-0.35994673,0],[0.11181691,-0.3549823,-0.34939462,1]]},"name":"bunny"},"label":"Bunny didUpdate"},{"content":{"name":"Lenna","identifier":"6BAD7D5D-D14A-EF93-1C8B-F6BEC80B8329","transform":{"columns":[[-0.1301803,-0.030212238,-0.99102986,0],[0.9911804,-0.028951112,-0.12931748,0],[-0.024784481,-0.999124,0.03371464,0],[0.5655824,-0.6620013,-0.06459208,1]]}},"timestamp":1742641292.240172,"label":"ARImageAnchor didAdd"},{"label":"ARImageAnchor didUpdate","timestamp":1742641292.247652,"content":{"transform":{"columns":[[-0.1301803,-0.030212238,-0.99102986,0],[0.9911804,-0.028951112,-0.12931748,0],[-0.024784481,-0.999124,0.03371464,0],[0.5655824,-0.6620013,-0.06459208,1]]},"identifier":"6BAD7D5D-D14A-EF93-1C8B-F6BEC80B8329","name":"Lenna"}},{"label":"ARImageAnchor didAdd","content":{"identifier":"C35EAC54-3E90-1B97-807B-5E3B8F238DB7","name":"Sailboat","transform":{"columns":[[0.986142,0.0041810106,-0.16584992,0],[0.16584325,0.0018951208,0.98615015,0],[0.004437408,-0.99998933,0.0011754669,0],[0.61424494,0.766669,-0.56581503,0.9999999]]}},"timestamp":1742641295.4401212},{"timestamp":1742641295.448842,"content":{"identifier":"C35EAC54-3E90-1B97-807B-5E3B8F238DB7","transform":{"columns":[[0.986142,0.0041810106,-0.16584992,0],[0.16584325,0.0018951208,0.98615015,0],[0.004437408,-0.99998933,0.0011754669,0],[0.61424494,0.766669,-0.56581503,0.9999999]]},"name":"Sailboat"},"label":"ARImageAnchor didUpdate"},{"content":{"transform":{"columns":[[0.17600904,-0.012204409,0.9843128,0],[-0.9825928,0.058191095,0.17642291,0],[-0.059431393,-0.99823076,-0.0017498144,0],[1.4204155,0.79766786,-0.13531105,1]]},"name":"Mandrill","identifier":"A19C2489-597B-2BED-432C-244B551E75FD"},"timestamp":1742641297.573947,"label":"ARImageAnchor didAdd"},{"label":"ARImageAnchor didUpdate","content":{"identifier":"A19C2489-597B-2BED-432C-244B551E75FD","name":"Mandrill","transform":{"columns":[[0.17600904,-0.012204409,0.9843128,0],[-0.9825928,0.058191095,0.17642291,0],[-0.059431393,-0.99823076,-0.0017498144,0],[1.4204155,0.79766786,-0.13531105,1]]}},"timestamp":1742641297.580272},{"content":{"transform":{"columns":[[0.15609793,-0.0030035025,0.98773694,0],[-0.9877381,-0.003118051,0.15608865,0],[0.0026110292,-0.9999905,-0.0034533998,0],[1.61501,0.18130499,0.5789716,1]]},"identifier":"61BB3DDD-C96C-6E82-3432-BD712CCBCB28","name":"Peppers"},"label":"ARImageAnchor didAdd","timestamp":1742641299.70651},{"label":"ARImageAnchor didUpdate","content":{"name":"Peppers","identifier":"61BB3DDD-C96C-6E82-3432-BD712CCBCB28","transform":{"columns":[[0.15609793,-0.0030035025,0.98773694,0],[-0.9877381,-0.003118051,0.15608865,0],[0.0026110292,-0.9999905,-0.0034533998,0],[1.61501,0.18130499,0.5789716,1]]}},"timestamp":1742641299.7137241},{"timestamp":1742641303.8815532,"content":{"identifier":"66427040-27A9-41DD-A620-4DA7353C4293","transform":{"columns":[[-0.35997206,0.00075503316,-0.9329628,0],[0.00079105835,0.9999996,0.0005040651,0],[0.9329627,-0.00055657857,-0.35997248,0],[0.111819424,-0.35495716,-0.3493844,1.0000001]]},"name":"bunny"},"label":"Bunny didUpdate"},{"content":{"name":"bunny","identifier":"66427040-27A9-41DD-A620-4DA7353C4293","transform":{"columns":[[-0.36024678,0.0008569341,-0.9328567,0],[0.00080895575,0.9999995,0.0006062131,0],[0.93285656,-0.0005362534,-0.3602472,0],[0.1118788,-0.35475636,-0.3492188,1]]}},"timestamp":1742641305.8794498,"label":"Bunny didUpdate"},{"content":{"transform":{"columns":[[0.17361328,-0.008391185,0.98477805,0],[-0.98480195,-0.0064009796,0.17356282,0],[0.0048471517,-0.9999442,-0.009374928,0],[1.6299529,0.18117115,0.5693104,0.99999994]]},"name":"Peppers","identifier":"61BB3DDD-C96C-6E82-3432-BD712CCBCB28"},"label":"ARImageAnchor didUpdate","timestamp":1742641307.632271},{"label":"ARImageAnchor didUpdate","timestamp":1742641307.646966,"content":{"name":"Peppers","transform":{"columns":[[0.17361328,-0.008391185,0.98477805,0],[-0.98480195,-0.0064009796,0.17356282,0],[0.0048471517,-0.9999442,-0.009374928,0],[1.6299529,0.18117115,0.5693104,0.99999994]]},"identifier":"61BB3DDD-C96C-6E82-3432-BD712CCBCB28"}},{"label":"ARImageAnchor didUpdate","timestamp":1742641309.713742,"content":{"name":"Mandrill","identifier":"A19C2489-597B-2BED-432C-244B551E75FD","transform":{"columns":[[0.17249057,-0.014658688,0.984902,0],[-0.98345333,0.05365005,0.1730353,0],[-0.05537655,-0.9984521,-0.005161994,0],[1.430442,0.80407715,-0.1385423,1]]}}},{"content":{"identifier":"A19C2489-597B-2BED-432C-244B551E75FD","transform":{"columns":[[0.17249057,-0.014658688,0.984902,0],[-0.98345333,0.05365005,0.1730353,0],[-0.05537655,-0.9984521,-0.005161994,0],[1.430442,0.80407715,-0.1385423,1]]},"name":"Mandrill"},"timestamp":1742641309.7305012,"label":"ARImageAnchor didUpdate"}]