[{"timestamp":1742577133.922176,"label":"Application launched"},{"timestamp":1742577133.922258,"label":"Initialize ARViewModel"},{"label":"Finished Initialize ARViewModel","timestamp":1742577133.924798},{"label":"Initialize AnchorManager","timestamp":1742577133.924814},{"timestamp":1742577133.924819,"label":"Fininshed Initialize AnchorManager"},{"label":"ContentView Initialize","timestamp":1742577133.924823},{"timestamp":1742577166.719401,"label":"Finished Ranging","content":{"beaconName":"DWM3001CDK (8449B511)","position":[-0.007618603,-0.0141669065,-0.16715209]}},{"timestamp":1742577166.754743,"label":"Bunny didAdd","content":{"transform":{"columns":[[0.96131253,0,-0.2754601,0],[0,1,0,0],[0.2754601,0,0.96131253,0],[-0.007618603,-0.0141669065,-0.16715209,1]]},"name":"bunny","identifier":"214C0E46-0EF2-44EC-BA96-2C92D56C7ACF"}},{"timestamp":1742577168.029099,"label":"Bunny didUpdate","content":{"identifier":"214C0E46-0EF2-44EC-BA96-2C92D56C7ACF","name":"bunny","transform":{"columns":[[0.96132714,6.473481e-05,-0.27540922,0],[-7.2102324e-05,1,-1.662656e-05,0],[0.27540925,3.5841207e-05,0.9613271,0],[-0.007618293,-0.014171951,-0.16715571,1]]}}},{"content":{"identifier":"088EF783-5990-B052-BE99-B8AA15BA6C68","transform":{"columns":[[0.15026903,-0.0030534586,0.98864037,0],[-0.9885372,-0.015234968,0.15020625,0],[0.014603261,-0.99987924,-0.0053078,0],[-0.048893064,0.97316504,-1.4709713,1]]},"name":"Earth"},"timestamp":1742577169.754569,"label":"ARImageAnchor didAdd"},{"timestamp":1742577169.761378,"label":"ARImageAnchor didUpdate","content":{"identifier":"088EF783-5990-B052-BE99-B8AA15BA6C68","transform":{"columns":[[0.15026903,-0.0030534586,0.98864037,0],[-0.9885372,-0.015234968,0.15020625,0],[0.014603261,-0.99987924,-0.0053078,0],[-0.048893064,0.97316504,-1.4709713,1]]},"name":"Earth"}},{"content":{"name":"Earth","identifier":"088EF783-5990-B052-BE99-B8AA15BA6C68","transform":{"columns":[[0.16888937,0.0035672286,0.9856285,0],[-0.9853263,-0.024410434,0.16892596,0],[0.024662213,-0.99969554,-0.0006077849,0],[-0.038401693,0.9764707,-1.4771423,0.99999994]]}},"label":"ARImageAnchor didUpdate","timestamp":1742577170.812038},{"timestamp":1742577170.839713,"label":"ARImageAnchor didUpdate","content":{"transform":{"columns":[[0.16888937,0.0035672286,0.9856285,0],[-0.9853263,-0.024410434,0.16892596,0],[0.024662213,-0.99969554,-0.0006077849,0],[-0.038401693,0.9764707,-1.4771423,0.99999994]]},"name":"Earth","identifier":"088EF783-5990-B052-BE99-B8AA15BA6C68"}},{"label":"ARImageAnchor didAdd","timestamp":1742577174.0208368,"content":{"transform":{"columns":[[0.11046769,0.008034688,0.9938472,0],[-0.9937456,-0.01553034,0.11058193,0],[0.016323293,-0.999847,0.0062688496,0],[-0.42490402,-0.26651722,-0.41550618,0.99999994]]},"identifier":"FF85DBE1-76D3-E459-2D24-8EDCEE263300","name":"Car"}},{"content":{"identifier":"FF85DBE1-76D3-E459-2D24-8EDCEE263300","transform":{"columns":[[0.11046769,0.008034688,0.9938472,0],[-0.9937456,-0.01553034,0.11058193,0],[0.016323293,-0.999847,0.0062688496,0],[-0.42490402,-0.26651722,-0.41550618,0.99999994]]},"name":"Car"},"timestamp":1742577174.0289478,"label":"ARImageAnchor didUpdate"},{"label":"ARImageAnchor didAdd","timestamp":1742577178.770468,"content":{"name":"Lenna","transform":{"columns":[[0.9943924,-0.016781121,-0.10441314,0],[0.1034939,-0.04856645,0.9934436,0],[-0.021742035,-0.9986789,-0.04655739,0],[-0.25425798,-0.27964795,0.25358438,1]]},"identifier":"6BAD7D5D-D14A-EF93-1C8B-F6BEC80B8329"}},{"label":"ARImageAnchor didUpdate","content":{"transform":{"columns":[[0.9943924,-0.016781121,-0.10441314,0],[0.1034939,-0.04856645,0.9934436,0],[-0.021742035,-0.9986789,-0.04655739,0],[-0.25425798,-0.27964795,0.25358438,1]]},"name":"Lenna","identifier":"6BAD7D5D-D14A-EF93-1C8B-F6BEC80B8329"},"timestamp":1742577178.778219},{"timestamp":1742577179.295181,"label":"ARImageAnchor didUpdate","content":{"name":"Lenna","transform":{"columns":[[0.9902272,-0.027268576,-0.13677087,0],[0.13582255,-0.03403889,0.9901481,0],[-0.03165549,-0.9990484,-0.03000257,0],[-0.25789,-0.27437353,0.26366973,0.99999994]]},"identifier":"6BAD7D5D-D14A-EF93-1C8B-F6BEC80B8329"}},{"timestamp":1742577179.3116388,"label":"ARImageAnchor didUpdate","content":{"identifier":"6BAD7D5D-D14A-EF93-1C8B-F6BEC80B8329","transform":{"columns":[[0.9902272,-0.027268576,-0.13677087,0],[0.13582255,-0.03403889,0.9901481,0],[-0.03165549,-0.9990484,-0.03000257,0],[-0.25789,-0.27437353,0.26366973,0.99999994]]},"name":"Lenna"}},{"label":"ARImageAnchor didAdd","timestamp":1742577182.487101,"content":{"transform":{"columns":[[0.14734215,0.003704031,0.98907864,0],[-0.98804325,-0.04534219,0.14735767,0],[0.0453928,-0.99896455,-0.0030210665,0],[0.24472734,1.1459794,0.33006522,0.99999994]]},"name":"Sailboat","identifier":"C35EAC54-3E90-1B97-807B-5E3B8F238DB7"}},{"timestamp":1742577182.495257,"label":"ARImageAnchor didUpdate","content":{"identifier":"C35EAC54-3E90-1B97-807B-5E3B8F238DB7","transform":{"columns":[[0.14734215,0.003704031,0.98907864,0],[-0.98804325,-0.04534219,0.14735767,0],[0.0453928,-0.99896455,-0.0030210665,0],[0.24472734,1.1459794,0.33006522,0.99999994]]},"name":"Sailboat"}},{"content":{"identifier":"C35EAC54-3E90-1B97-807B-5E3B8F238DB7","transform":{"columns":[[0.15600646,0.0037422662,0.9877488,0],[-0.9876057,0.01803503,0.1559155,0],[-0.017230606,-0.9998302,0.006509469,0],[0.24154171,1.1517708,0.32848108,0.99999994]]},"name":"Sailboat"},"timestamp":1742577184.07705,"label":"ARImageAnchor didUpdate"},{"timestamp":1742577184.093234,"label":"ARImageAnchor didUpdate","content":{"identifier":"C35EAC54-3E90-1B97-807B-5E3B8F238DB7","name":"Sailboat","transform":{"columns":[[0.15600646,0.0037422662,0.9877488,0],[-0.9876057,0.01803503,0.1559155,0],[-0.017230606,-0.9998302,0.006509469,0],[0.24154171,1.1517708,0.32848108,0.99999994]]}}},{"label":"ARImageAnchor didAdd","content":{"transform":{"columns":[[-0.9892279,-0.014735951,0.14563929,0],[-0.1462242,0.05316065,-0.98782194,0],[0.006814212,-0.9984771,-0.054742757,0],[-0.20885737,1.1772586,1.1281148,1]]},"name":"Mandrill","identifier":"A19C2489-597B-2BED-432C-244B551E75FD"},"timestamp":1742577186.1864982},{"timestamp":1742577186.193581,"content":{"transform":{"columns":[[-0.9892279,-0.014735951,0.14563929,0],[-0.1462242,0.05316065,-0.98782194,0],[0.006814212,-0.9984771,-0.054742757,0],[-0.20885737,1.1772586,1.1281148,1]]},"name":"Mandrill","identifier":"A19C2489-597B-2BED-432C-244B551E75FD"},"label":"ARImageAnchor didUpdate"},{"label":"ARImageAnchor didAdd","timestamp":1742577188.802968,"content":{"transform":{"columns":[[-0.98765606,-0.011484064,0.156216,0],[-0.15621105,-0.001334439,-0.9877228,0],[0.011551534,-0.9999331,-0.00047595467,0],[-0.9206113,0.56060827,1.3060774,0.99999994]]},"identifier":"61BB3DDD-C96C-6E82-3432-BD712CCBCB28","name":"Peppers"}},{"content":{"name":"Peppers","transform":{"columns":[[-0.98765606,-0.011484064,0.156216,0],[-0.15621105,-0.001334439,-0.9877228,0],[0.011551534,-0.9999331,-0.00047595467,0],[-0.9206113,0.56060827,1.3060774,0.99999994]]},"identifier":"61BB3DDD-C96C-6E82-3432-BD712CCBCB28"},"timestamp":1742577188.809835,"label":"ARImageAnchor didUpdate"}]