[{"timestamp":1742642559.588451,"label":"Application launched"},{"timestamp":1742642559.588543,"label":"Initialize ARViewModel"},{"timestamp":1742642559.590801,"label":"Finished Initialize ARViewModel"},{"label":"Initialize AnchorManager","timestamp":1742642559.590837},{"label":"Fininshed Initialize AnchorManager","timestamp":1742642559.590842},{"timestamp":1742642559.590846,"label":"ContentView Initialize"},{"timestamp":1742642584.433378,"label":"Finished Ranging","content":{"position":[0.025576562,-0.19654363,-0.19433503],"beaconName":"DWM3001CDK (8449B511)"}},{"timestamp":1742642584.4882379,"label":"Bunny didAdd","content":{"name":"bunny","transform":{"columns":[[-0.35644388,0,-0.9343167,0],[0,1,0,0],[0.9343167,0,-0.35644388,0],[0.025576562,-0.19654363,-0.19433503,1]]},"identifier":"5EEB3A99-B4DA-482E-995A-072D01F60ADD"}},{"label":"Bunny didUpdate","content":{"name":"bunny","transform":{"columns":[[-0.35632566,-3.692642e-05,-0.9343617,0],[2.447283e-05,0.99999994,-4.8853355e-05,0],[0.93436176,-4.0274193e-05,-0.35632566,0],[0.025576644,-0.19654296,-0.1943385,0.99999994]]},"identifier":"5EEB3A99-B4DA-482E-995A-072D01F60ADD"},"timestamp":1742642585.198125},{"timestamp":1742642586.4212089,"label":"ARImageAnchor didAdd","content":{"name":"Car","transform":{"columns":[[0.9952336,0.007684601,-0.09721524,0],[0.09701203,0.023457073,0.9950065,0],[0.009926617,-0.9996952,0.02259979,0],[-0.23167221,-0.49654737,0.26271635,1]]},"identifier":"FF85DBE1-76D3-E459-2D24-8EDCEE263300"}},{"label":"ARImageAnchor didUpdate","content":{"transform":{"columns":[[0.9952336,0.007684601,-0.09721524,0],[0.09701203,0.023457073,0.9950065,0],[0.009926617,-0.9996952,0.02259979,0],[-0.23167221,-0.49654737,0.26271635,1]]},"name":"Car","identifier":"FF85DBE1-76D3-E459-2D24-8EDCEE263300"},"timestamp":1742642586.429003},{"content":{"name":"Earth","transform":{"columns":[[0.99214643,-0.0016947099,-0.12506917,0],[0.12491687,-0.03773366,0.9914493,0],[-0.0063995365,-0.99928635,-0.037225615,0],[-1.2835798,0.75189686,-0.18186304,1]]},"identifier":"088EF783-5990-B052-BE99-B8AA15BA6C68"},"label":"ARImageAnchor didAdd","timestamp":1742642589.087737},{"content":{"name":"Earth","transform":{"columns":[[0.99214643,-0.0016947099,-0.12506917,0],[0.12491687,-0.03773366,0.9914493,0],[-0.0063995365,-0.99928635,-0.037225615,0],[-1.2835798,0.75189686,-0.18186304,1]]},"identifier":"088EF783-5990-B052-BE99-B8AA15BA6C68"},"timestamp":1742642589.094195,"label":"ARImageAnchor didUpdate"},{"timestamp":1742642589.593992,"label":"ARImageAnchor didUpdate","content":{"name":"Earth","identifier":"088EF783-5990-B052-BE99-B8AA15BA6C68","transform":{"columns":[[0.99112946,0.00093411386,-0.13289544,0],[0.1328986,-0.005460873,0.9911145,0],[0.00020009022,-0.99998456,-0.0055365716,0],[-1.2893778,0.75516963,-0.17793345,1]]}}},{"content":{"transform":{"columns":[[0.99112946,0.00093411386,-0.13289544,0],[0.1328986,-0.005460873,0.9911145,0],[0.00020009022,-0.99998456,-0.0055365716,0],[-1.2893778,0.75516963,-0.17793345,1]]},"name":"Earth","identifier":"088EF783-5990-B052-BE99-B8AA15BA6C68"},"label":"ARImageAnchor didUpdate","timestamp":1742642589.627398},{"timestamp":1742642593.354244,"label":"ARImageAnchor didAdd","content":{"name":"Sailboat","identifier":"C35EAC54-3E90-1B97-807B-5E3B8F238DB7","transform":{"columns":[[0.9932731,0.0033612703,-0.11574531,0],[0.11561451,0.02687032,0.99293053,0],[0.0064476235,-0.9996332,0.026300974,0],[0.54097486,0.9301788,-0.38488832,0.99999994]]}}},{"timestamp":1742642593.362998,"label":"ARImageAnchor didUpdate","content":{"name":"Sailboat","transform":{"columns":[[0.9932731,0.0033612703,-0.11574531,0],[0.11561451,0.02687032,0.99293053,0],[0.0064476235,-0.9996332,0.026300974,0],[0.54097486,0.9301788,-0.38488832,0.99999994]]},"identifier":"C35EAC54-3E90-1B97-807B-5E3B8F238DB7"}},{"content":{"identifier":"6BAD7D5D-D14A-EF93-1C8B-F6BEC80B8329","name":"Lenna","transform":{"columns":[[-0.08822916,-0.036101438,-0.9954456,0],[0.99522287,-0.04512591,-0.08657281,0],[-0.041794967,-0.9983287,0.039910395,0],[0.4756946,-0.49262574,0.12574658,1]]}},"timestamp":1742642597.6206012,"label":"ARImageAnchor didAdd"},{"timestamp":1742642597.630207,"label":"ARImageAnchor didUpdate","content":{"identifier":"6BAD7D5D-D14A-EF93-1C8B-F6BEC80B8329","transform":{"columns":[[-0.08822916,-0.036101438,-0.9954456,0],[0.99522287,-0.04512591,-0.08657281,0],[-0.041794967,-0.9983287,0.039910395,0],[0.4756946,-0.49262574,0.12574658,1]]},"name":"Lenna"}},{"timestamp":1742642600.698048,"content":{"transform":{"columns":[[-0.35641873,0.0021986626,-0.9343236,0],[0.0013103181,0.9999973,0.0018533564,0],[0.93432546,-0.0005636904,-0.35642073,0],[0.025592148,-0.1965155,-0.19431327,1]]},"identifier":"5EEB3A99-B4DA-482E-995A-072D01F60ADD","name":"bunny"},"label":"Bunny didUpdate"},{"label":"ARImageAnchor didAdd","content":{"identifier":"A19C2489-597B-2BED-432C-244B551E75FD","transform":{"columns":[[0.0791999,-0.01201554,0.99678624,0],[-0.9958652,0.043675024,0.07965314,0],[-0.044491734,-0.9989734,-0.0085068075,0],[1.355529,0.9758127,0.096278116,1]]},"name":"Mandrill"},"timestamp":1742642605.086845},{"content":{"transform":{"columns":[[0.0791999,-0.01201554,0.99678624,0],[-0.9958652,0.043675024,0.07965314,0],[-0.044491734,-0.9989734,-0.0085068075,0],[1.355529,0.9758127,0.096278116,1]]},"name":"Mandrill","identifier":"A19C2489-597B-2BED-432C-244B551E75FD"},"timestamp":1742642605.094001,"label":"ARImageAnchor didUpdate"},{"label":"ARImageAnchor didAdd","content":{"identifier":"61BB3DDD-C96C-6E82-3432-BD712CCBCB28","transform":{"columns":[[0.09755052,-0.0062701595,0.99521065,0],[-0.9952273,0.0018889101,0.09756402,0],[-0.002491604,-0.9999785,-0.006055965,0],[1.5014769,0.3534575,0.82292676,1]]},"name":"Peppers"},"timestamp":1742642607.220115},{"label":"ARImageAnchor didUpdate","timestamp":1742642607.2270432,"content":{"identifier":"61BB3DDD-C96C-6E82-3432-BD712CCBCB28","transform":{"columns":[[0.09755052,-0.0062701595,0.99521065,0],[-0.9952273,0.0018889101,0.09756402,0],[-0.002491604,-0.9999785,-0.006055965,0],[1.5014769,0.3534575,0.82292676,1]]},"name":"Peppers"}},{"content":{"name":"Peppers","identifier":"61BB3DDD-C96C-6E82-3432-BD712CCBCB28","transform":{"columns":[[0.15585093,-0.008101004,0.9877472,0],[-0.98776644,-0.006612204,0.15579969,0],[0.005269041,-0.9999452,-0.009032418,0],[1.5045155,0.35632432,0.81786746,1]]}},"timestamp":1742642607.727679,"label":"ARImageAnchor didUpdate"},{"label":"ARImageAnchor didUpdate","content":{"transform":{"columns":[[0.15585093,-0.008101004,0.9877472,0],[-0.98776644,-0.006612204,0.15579969,0],[0.005269041,-0.9999452,-0.009032418,0],[1.5045155,0.35632432,0.81786746,1]]},"name":"Peppers","identifier":"61BB3DDD-C96C-6E82-3432-BD712CCBCB28"},"timestamp":1742642607.760707},{"label":"ARImageAnchor didUpdate","timestamp":1742642612.526174,"content":{"identifier":"C35EAC54-3E90-1B97-807B-5E3B8F238DB7","name":"Sailboat","transform":{"columns":[[0.9944215,0.0044428525,-0.10538441,0],[0.105267055,0.021362664,0.99421436,0],[0.0066684433,-0.9997619,0.020775829,0],[0.5654693,0.94945574,-0.38977948,1]]}}},{"content":{"transform":{"columns":[[0.9944215,0.0044428525,-0.10538441,0],[0.105267055,0.021362664,0.99421436,0],[0.0066684433,-0.9997619,0.020775829,0],[0.5654693,0.94945574,-0.38977948,1]]},"identifier":"C35EAC54-3E90-1B97-807B-5E3B8F238DB7","name":"Sailboat"},"label":"ARImageAnchor didUpdate","timestamp":1742642612.559372},{"timestamp":1742642615.726149,"content":{"name":"Lenna","identifier":"6BAD7D5D-D14A-EF93-1C8B-F6BEC80B8329","transform":{"columns":[[-0.08192385,-0.02474979,-0.9963311,0],[0.9962204,-0.030984955,-0.08114501,0],[-0.028862989,-0.99921334,0.02719465,0],[0.46947268,-0.5095831,0.11364445,1]]}},"label":"ARImageAnchor didUpdate"},{"content":{"identifier":"6BAD7D5D-D14A-EF93-1C8B-F6BEC80B8329","transform":{"columns":[[-0.08192385,-0.02474979,-0.9963311,0],[0.9962204,-0.030984955,-0.08114501,0],[-0.028862989,-0.99921334,0.02719465,0],[0.46947268,-0.5095831,0.11364445,1]]},"name":"Lenna"},"timestamp":1742642615.759183,"label":"ARImageAnchor didUpdate"},{"label":"ARImageAnchor didUpdate","content":{"identifier":"6BAD7D5D-D14A-EF93-1C8B-F6BEC80B8329","transform":{"columns":[[-0.101758085,-0.032072287,-0.99429196,0],[0.9941714,-0.039058268,-0.10048585,0],[-0.035612505,-0.998722,0.035859827,0],[0.47129878,-0.5017821,0.11970435,1.0000001]]},"name":"Lenna"},"timestamp":1742642616.2616339},{"timestamp":1742642616.293556,"label":"ARImageAnchor didUpdate","content":{"identifier":"6BAD7D5D-D14A-EF93-1C8B-F6BEC80B8329","name":"Lenna","transform":{"columns":[[-0.101758085,-0.032072287,-0.99429196,0],[0.9941714,-0.039058268,-0.10048585,0],[-0.035612505,-0.998722,0.035859827,0],[0.47129878,-0.5017821,0.11970435,1.0000001]]}}},{"content":{"transform":{"columns":[[-0.3566468,0.0033835247,-0.93423295,0],[0.0016335701,0.999994,0.002998071,0],[0.93423796,-0.0004568828,-0.3566503,0],[0.025596363,-0.1965099,-0.19429408,1]]},"name":"bunny","identifier":"5EEB3A99-B4DA-482E-995A-072D01F60ADD"},"label":"Bunny didUpdate","timestamp":1742642618.19495},{"timestamp":1742642618.694582,"label":"Bunny didUpdate","content":{"name":"bunny","transform":{"columns":[[-0.35664114,0.0034493147,-0.9342347,0],[0.0016742289,0.9999936,0.003052973,0],[0.93424,-0.00047530764,-0.35664484,0],[0.025596803,-0.19650899,-0.19429354,0.9999999]]},"identifier":"5EEB3A99-B4DA-482E-995A-072D01F60ADD"}},{"content":{"transform":{"columns":[[0.99774826,0.0057381913,-0.06682114,0],[0.06690987,-0.016971841,0.9976145,0],[0.0045904154,-0.99983937,-0.01731758,0],[-0.23590991,-0.5016474,0.26525882,0.99999994]]},"identifier":"FF85DBE1-76D3-E459-2D24-8EDCEE263300","name":"Car"},"timestamp":1742642618.926872,"label":"ARImageAnchor didUpdate"},{"timestamp":1742642618.961067,"label":"ARImageAnchor didUpdate","content":{"identifier":"FF85DBE1-76D3-E459-2D24-8EDCEE263300","name":"Car","transform":{"columns":[[0.99774826,0.0057381913,-0.06682114,0],[0.06690987,-0.016971841,0.9976145,0],[0.0045904154,-0.99983937,-0.01731758,0],[-0.23590991,-0.5016474,0.26525882,0.99999994]]}}},{"timestamp":1742642630.6609669,"content":{"identifier":"61BB3DDD-C96C-6E82-3432-BD712CCBCB28","transform":{"columns":[[0.14883223,-0.0043533775,0.98885274,0],[-0.98876965,-0.014341612,0.14875656,0],[0.013534118,-0.99988765,-0.006438982,0],[1.5203192,0.3364604,0.8209629,0.99999994]]},"name":"Peppers"},"label":"ARImageAnchor didUpdate"},{"timestamp":1742642630.6923308,"label":"ARImageAnchor didUpdate","content":{"name":"Peppers","transform":{"columns":[[0.14883223,-0.0043533775,0.98885274,0],[-0.98876965,-0.014341612,0.14875656,0],[0.013534118,-0.99988765,-0.006438982,0],[1.5203192,0.3364604,0.8209629,0.99999994]]},"identifier":"61BB3DDD-C96C-6E82-3432-BD712CCBCB28"}},{"label":"ARImageAnchor didUpdate","content":{"transform":{"columns":[[0.09041983,-0.005789106,0.9958868,0],[-0.9958907,-0.0056155254,0.090387516,0],[0.0050691813,-0.9999674,-0.006273078,0],[1.5062056,0.35515052,0.81695,1]]},"identifier":"61BB3DDD-C96C-6E82-3432-BD712CCBCB28","name":"Peppers"},"timestamp":1742642632.791868},{"label":"ARImageAnchor didUpdate","content":{"identifier":"61BB3DDD-C96C-6E82-3432-BD712CCBCB28","name":"Peppers","transform":{"columns":[[0.09041983,-0.005789106,0.9958868,0],[-0.9958907,-0.0056155254,0.090387516,0],[0.0050691813,-0.9999674,-0.006273078,0],[1.5062056,0.35515052,0.81695,1]]}},"timestamp":1742642632.825979},{"timestamp":1742642633.3916512,"content":{"name":"bunny","identifier":"5EEB3A99-B4DA-482E-995A-072D01F60ADD","transform":{"columns":[[-0.35673127,0.003710124,-0.9341992,0],[0.0016329362,0.99999267,0.0033478695,0],[0.9342057,-0.00033119833,-0.35673502,0],[0.025596535,-0.19651112,-0.1942885,1]]}},"label":"Bunny didUpdate"}]