[{"timestamp":1742657748.062356,"label":"Application launched"},{"timestamp":1742657748.062451,"label":"Initialize ARViewModel"},{"timestamp":1742657748.065102,"label":"Finished Initialize ARViewModel"},{"label":"Initialize AnchorManager","timestamp":1742657748.06514},{"label":"Fininshed Initialize AnchorManager","timestamp":1742657748.065145},{"timestamp":1742657748.0651488,"label":"ContentView Initialize"},{"timestamp":1742657771.1646318,"label":"Finished Ranging","content":{"beaconName":"DWM3001CDK (8449B511)","position":[0.016191998,-0.28270504,-0.19806366]}},{"label":"Bunny didAdd","content":{"name":"bunny","transform":{"columns":[[-0.092458606,0,-0.9957166,0],[0,1,0,0],[0.9957166,0,-0.092458606,0],[0.016191998,-0.28270504,-0.19806366,1]]},"identifier":"146DF7A8-CE62-4129-B6B5-7C42C0BF434D"},"timestamp":1742657771.219524},{"content":{"name":"bunny","identifier":"146DF7A8-CE62-4129-B6B5-7C42C0BF434D","transform":{"columns":[[-0.09248317,-2.2038364e-05,-0.99571437,0],[-7.59116e-05,1,-1.508246e-05,0],[0.9957143,7.419139e-05,-0.09248316,0],[0.01620742,-0.28270823,-0.19805953,1]]}},"timestamp":1742657771.696326,"label":"Bunny didUpdate"},{"timestamp":1742657773.385919,"content":{"transform":{"columns":[[0.99055666,0.011016567,0.13666059,0],[-0.13654254,-0.010836723,0.99057496,0],[0.012393684,-0.9998806,-0.009230165,0],[-0.35651207,-0.5697569,0.180266,1]]},"name":"Car","identifier":"FF85DBE1-76D3-E459-2D24-8EDCEE263300"},"label":"ARImageAnchor didAdd"},{"content":{"transform":{"columns":[[0.99055666,0.011016567,0.13666059,0],[-0.13654254,-0.010836723,0.99057496,0],[0.012393684,-0.9998806,-0.009230165,0],[-0.35651207,-0.5697569,0.180266,1]]},"identifier":"FF85DBE1-76D3-E459-2D24-8EDCEE263300","name":"Car"},"timestamp":1742657773.396594,"label":"ARImageAnchor didUpdate"},{"label":"ARImageAnchor didUpdate","content":{"transform":{"columns":[[0.99105394,0.012836403,0.13284294,0],[-0.13302907,0.014936443,0.9909995,0],[0.010736664,-0.999806,0.016510444,0],[-0.35696927,-0.5648972,0.17798282,1]]},"name":"Car","identifier":"FF85DBE1-76D3-E459-2D24-8EDCEE263300"},"timestamp":1742657774.425916},{"content":{"name":"Car","identifier":"FF85DBE1-76D3-E459-2D24-8EDCEE263300","transform":{"columns":[[0.99105394,0.012836403,0.13284294,0],[-0.13302907,0.014936443,0.9909995,0],[0.010736664,-0.999806,0.016510444,0],[-0.35696927,-0.5648972,0.17798282,1]]}},"label":"ARImageAnchor didUpdate","timestamp":1742657774.460715},{"label":"ARImageAnchor didAdd","timestamp":1742657778.253353,"content":{"identifier":"088EF783-5990-B052-BE99-B8AA15BA6C68","transform":{"columns":[[0.99781525,0.00058156607,0.066063635,0],[-0.06605375,-0.010600404,0.99775976,0],[0.0012805641,-0.9999437,-0.0105388295,0],[-1.304343,0.69010586,-0.45675495,1.0000001]]},"name":"Earth"}},{"content":{"name":"Earth","identifier":"088EF783-5990-B052-BE99-B8AA15BA6C68","transform":{"columns":[[0.99781525,0.00058156607,0.066063635,0],[-0.06605375,-0.010600404,0.99775976,0],[0.0012805641,-0.9999437,-0.0105388295,0],[-1.304343,0.69010586,-0.45675495,1.0000001]]}},"timestamp":1742657778.2590199,"label":"ARImageAnchor didUpdate"},{"content":{"transform":{"columns":[[0.9980724,0.0005181107,0.062057205,0],[-0.062053394,-0.0055157766,0.9980576,0],[0.0008594006,-0.99998456,-0.005472994,0],[-1.3114442,0.69416595,-0.46432778,1]]},"identifier":"088EF783-5990-B052-BE99-B8AA15BA6C68","name":"Earth"},"label":"ARImageAnchor didUpdate","timestamp":1742657778.759134},{"content":{"name":"Earth","transform":{"columns":[[0.9980724,0.0005181107,0.062057205,0],[-0.062053394,-0.0055157766,0.9980576,0],[0.0008594006,-0.99998456,-0.005472994,0],[-1.3114442,0.69416595,-0.46432778,1]]},"identifier":"088EF783-5990-B052-BE99-B8AA15BA6C68"},"timestamp":1742657778.791644,"label":"ARImageAnchor didUpdate"},{"timestamp":1742657782.860326,"content":{"transform":{"columns":[[-0.092086144,0.00045311655,-0.99575114,0],[-8.5720785e-05,0.9999998,0.00046297733,0],[0.9957511,0.00012799037,-0.09208608,0],[0.016278127,-0.28262654,-0.19818644,0.99999994]]},"identifier":"146DF7A8-CE62-4129-B6B5-7C42C0BF434D","name":"bunny"},"label":"Bunny didUpdate"},{"timestamp":1742657784.1186008,"label":"ARImageAnchor didAdd","content":{"transform":{"columns":[[0.108384065,-0.033592932,-0.99354124,0],[0.9940409,-0.008036421,0.108710304,0],[-0.011636463,-0.9994032,0.03252172,0],[0.35286736,-0.5670474,0.17644763,1]]},"identifier":"6BAD7D5D-D14A-EF93-1C8B-F6BEC80B8329","name":"Lenna"}},{"timestamp":1742657784.127002,"content":{"name":"Lenna","identifier":"6BAD7D5D-D14A-EF93-1C8B-F6BEC80B8329","transform":{"columns":[[0.108384065,-0.033592932,-0.99354124,0],[0.9940409,-0.008036421,0.108710304,0],[-0.011636463,-0.9994032,0.03252172,0],[0.35286736,-0.5670474,0.17644763,1]]}},"label":"ARImageAnchor didUpdate"},{"timestamp":1742657784.627718,"content":{"identifier":"6BAD7D5D-D14A-EF93-1C8B-F6BEC80B8329","transform":{"columns":[[0.11555895,-0.038146857,-0.99256784,0],[0.9926551,-0.031580705,0.11678288,0],[-0.035800863,-0.99877286,0.034217257,0],[0.35185283,-0.560698,0.17712079,1]]},"name":"Lenna"},"label":"ARImageAnchor didUpdate"},{"content":{"identifier":"6BAD7D5D-D14A-EF93-1C8B-F6BEC80B8329","transform":{"columns":[[0.11555895,-0.038146857,-0.99256784,0],[0.9926551,-0.031580705,0.11678288,0],[-0.035800863,-0.99877286,0.034217257,0],[0.35185283,-0.560698,0.17712079,1]]},"name":"Lenna"},"timestamp":1742657784.661665,"label":"ARImageAnchor didUpdate"},{"timestamp":1742657788.918271,"content":{"name":"Sailboat","identifier":"C35EAC54-3E90-1B97-807B-5E3B8F238DB7","transform":{"columns":[[0.99779516,0.0072075105,0.0659756,0],[-0.06569906,-0.033527084,0.9972761,0],[0.009399844,-0.99941176,-0.032979637,0],[0.53458583,0.86040705,-0.28966218,1]]}},"label":"ARImageAnchor didAdd"},{"content":{"transform":{"columns":[[0.99779516,0.0072075105,0.0659756,0],[-0.06569906,-0.033527084,0.9972761,0],[0.009399844,-0.99941176,-0.032979637,0],[0.53458583,0.86040705,-0.28966218,1]]},"identifier":"C35EAC54-3E90-1B97-807B-5E3B8F238DB7","name":"Sailboat"},"timestamp":1742657788.9253469,"label":"ARImageAnchor didUpdate"},{"timestamp":1742657789.425591,"label":"ARImageAnchor didUpdate","content":{"identifier":"C35EAC54-3E90-1B97-807B-5E3B8F238DB7","transform":{"columns":[[0.9979033,0.002724885,0.06466435,0],[-0.06471479,0.027408844,0.99752724,0],[0.0009457734,-0.9996205,0.027527722,0],[0.5352498,0.8661194,-0.29433718,0.99999994]]},"name":"Sailboat"}},{"timestamp":1742657789.461508,"content":{"transform":{"columns":[[0.9979033,0.002724885,0.06466435,0],[-0.06471479,0.027408844,0.99752724,0],[0.0009457734,-0.9996205,0.027527722,0],[0.5352498,0.8661194,-0.29433718,0.99999994]]},"name":"Sailboat","identifier":"C35EAC54-3E90-1B97-807B-5E3B8F238DB7"},"label":"ARImageAnchor didUpdate"},{"label":"ARImageAnchor didAdd","timestamp":1742657792.118132,"content":{"identifier":"A19C2489-597B-2BED-432C-244B551E75FD","name":"Mandrill","transform":{"columns":[[-0.094369605,-0.012493805,0.9954588,0],[-0.99394983,0.05762718,-0.09350327,0],[-0.056197274,-0.9982599,-0.017856475,0],[1.2003396,0.8968069,0.33302712,1]]}}},{"content":{"transform":{"columns":[[-0.094369605,-0.012493805,0.9954588,0],[-0.99394983,0.05762718,-0.09350327,0],[-0.056197274,-0.9982599,-0.017856475,0],[1.2003396,0.8968069,0.33302712,1]]},"name":"Mandrill","identifier":"A19C2489-597B-2BED-432C-244B551E75FD"},"label":"ARImageAnchor didUpdate","timestamp":1742657792.125035},{"content":{"transform":{"columns":[[-0.1575773,0.0012096511,0.9875059,0],[-0.9873959,-0.015166659,-0.15754122,0],[0.014786598,-0.9998842,0.003584324,0],[1.2015595,0.27811313,1.0717334,1]]},"identifier":"61BB3DDD-C96C-6E82-3432-BD712CCBCB28","name":"Peppers"},"label":"ARImageAnchor didAdd","timestamp":1742657794.2512388},{"label":"ARImageAnchor didUpdate","timestamp":1742657794.260114,"content":{"name":"Peppers","transform":{"columns":[[-0.1575773,0.0012096511,0.9875059,0],[-0.9873959,-0.015166659,-0.15754122,0],[0.014786598,-0.9998842,0.003584324,0],[1.2015595,0.27811313,1.0717334,1]]},"identifier":"61BB3DDD-C96C-6E82-3432-BD712CCBCB28"}},{"timestamp":1742657794.7589269,"content":{"identifier":"61BB3DDD-C96C-6E82-3432-BD712CCBCB28","transform":{"columns":[[-0.0977178,-0.0059433687,0.9951964,0],[-0.9951915,-0.006162019,-0.09775415,0],[0.006713406,-0.9999633,-0.0053126486,0],[1.2000085,0.28274807,1.0657473,1]]},"name":"Peppers"},"label":"ARImageAnchor didUpdate"},{"content":{"name":"Peppers","identifier":"61BB3DDD-C96C-6E82-3432-BD712CCBCB28","transform":{"columns":[[-0.0977178,-0.0059433687,0.9951964,0],[-0.9951915,-0.006162019,-0.09775415,0],[0.006713406,-0.9999633,-0.0053126486,0],[1.2000085,0.28274807,1.0657473,1]]}},"label":"ARImageAnchor didUpdate","timestamp":1742657794.791986},{"timestamp":1742657799.258534,"label":"Bunny didUpdate","content":{"identifier":"146DF7A8-CE62-4129-B6B5-7C42C0BF434D","transform":{"columns":[[-0.09225213,0.00060917233,-0.9957357,0],[-0.00012792948,0.9999997,0.0006236333,0],[0.9957357,0.00018491548,-0.09225203,0],[0.016260553,-0.2825994,-0.19822666,1]]},"name":"bunny"}},{"label":"ARImageAnchor didUpdate","content":{"name":"Peppers","identifier":"61BB3DDD-C96C-6E82-3432-BD712CCBCB28","transform":{"columns":[[-0.10723743,-0.0059551336,0.9942156,0],[-0.9942021,-0.0072861365,-0.107279696,0],[0.007882819,-0.9999558,-0.00513925,0],[1.2086394,0.27285266,1.0775458,1]]}},"timestamp":1742657802.76024},{"timestamp":1742657802.791486,"content":{"identifier":"61BB3DDD-C96C-6E82-3432-BD712CCBCB28","transform":{"columns":[[-0.10723743,-0.0059551336,0.9942156,0],[-0.9942021,-0.0072861365,-0.107279696,0],[0.007882819,-0.9999558,-0.00513925,0],[1.2086394,0.27285266,1.0775458,1]]},"name":"Peppers"},"label":"ARImageAnchor didUpdate"},{"timestamp":1742657806.490416,"label":"ARImageAnchor didUpdate","content":{"identifier":"A19C2489-597B-2BED-432C-244B551E75FD","name":"Mandrill","transform":{"columns":[[-0.09799133,-0.012116488,0.99511343,0],[-0.99353486,0.058787543,-0.097120166,0],[-0.057323523,-0.99819684,-0.017798822,0],[1.2145739,0.8933189,0.32715553,1]]}}},{"content":{"transform":{"columns":[[-0.09799133,-0.012116488,0.99511343,0],[-0.99353486,0.058787543,-0.097120166,0],[-0.057323523,-0.99819684,-0.017798822,0],[1.2145739,0.8933189,0.32715553,1]]},"name":"Mandrill","identifier":"A19C2489-597B-2BED-432C-244B551E75FD"},"label":"ARImageAnchor didUpdate","timestamp":1742657806.524174},{"content":{"transform":{"columns":[[-0.09260647,0.00091787777,-0.9957027,0],[-9.7913864e-05,0.9999994,0.0009309453,0],[0.99570286,0.00018370466,-0.09260633,0],[0.016191946,-0.28254658,-0.19830325,1]]},"identifier":"146DF7A8-CE62-4129-B6B5-7C42C0BF434D","name":"bunny"},"label":"Bunny didUpdate","timestamp":1742657813.65663}]