[{"label":"Application launched","timestamp":1742644255.203285},{"timestamp":1742644255.203381,"label":"Initialize ARViewModel"},{"label":"Finished Initialize ARViewModel","timestamp":1742644255.2042742},{"timestamp":1742644255.20429,"label":"Initialize AnchorManager"},{"label":"Fininshed Initialize AnchorManager","timestamp":1742644255.204294},{"timestamp":1742644255.204298,"label":"ContentView Initialize"},{"timestamp":1742644275.4852471,"label":"Finished Ranging","content":{"beaconName":"DWM3001CDK (8449B511)","position":[0.14811309,-0.30116883,-0.25857642]}},{"timestamp":1742644275.525607,"label":"Bunny didAdd","content":{"name":"bunny","identifier":"EA11C564-96BC-4475-8D7D-BA5EB386E475","transform":{"columns":[[-0.17286384,0,-0.9849457,0],[0,1,0,0],[0.9849457,0,-0.17286384,0],[0.14811309,-0.30116883,-0.25857642,1]]}}},{"timestamp":1742644278.226231,"label":"ARImageAnchor didAdd","content":{"identifier":"FF85DBE1-76D3-E459-2D24-8EDCEE263300","transform":{"columns":[[0.9998644,0.012640197,0.010556309,0],[-0.0105369445,-0.0015952643,0.9999432,0],[0.012656317,-0.9999187,-0.0014618586,0],[-0.13741924,-0.5978072,0.17647314,0.99999994]]},"name":"Car"}},{"label":"ARImageAnchor didUpdate","timestamp":1742644278.236724,"content":{"name":"Car","identifier":"FF85DBE1-76D3-E459-2D24-8EDCEE263300","transform":{"columns":[[0.9998644,0.012640197,0.010556309,0],[-0.0105369445,-0.0015952643,0.9999432,0],[0.012656317,-0.9999187,-0.0014618586,0],[-0.13741924,-0.5978072,0.17647314,0.99999994]]}}},{"content":{"transform":{"columns":[[-0.17234403,0.00083499204,-0.98503643,0],[2.2035461e-05,0.9999996,0.0008438208,0],[0.9850368,0.00012372177,-0.172344,0],[0.14821668,-0.30099475,-0.25877616,0.99999994]]},"identifier":"EA11C564-96BC-4475-8D7D-BA5EB386E475","name":"bunny"},"timestamp":1742644281.3985329,"label":"Bunny didUpdate"},{"label":"ARImageAnchor didAdd","content":{"transform":{"columns":[[0.9987237,-0.0011495296,-0.05049499,0],[0.050485734,-0.007005446,0.99870026,0],[-0.0015017753,-0.9999747,-0.00693846,0],[-1.1624454,0.65654534,-0.31332713,0.99999994]]},"name":"Earth","identifier":"088EF783-5990-B052-BE99-B8AA15BA6C68"},"timestamp":1742644281.991792},{"timestamp":1742644281.9992309,"content":{"name":"Earth","transform":{"columns":[[0.9987237,-0.0011495296,-0.05049499,0],[0.050485734,-0.007005446,0.99870026,0],[-0.0015017753,-0.9999747,-0.00693846,0],[-1.1624454,0.65654534,-0.31332713,0.99999994]]},"identifier":"088EF783-5990-B052-BE99-B8AA15BA6C68"},"label":"ARImageAnchor didUpdate"},{"timestamp":1742644282.498139,"content":{"transform":{"columns":[[0.9975919,2.3746283e-05,-0.06935729,0],[0.069351144,-0.013687333,0.9974984,0],[-0.00092561956,-0.99990624,-0.013656021,0],[-1.1685423,0.6593737,-0.31840986,1]]},"identifier":"088EF783-5990-B052-BE99-B8AA15BA6C68","name":"Earth"},"label":"ARImageAnchor didUpdate"},{"content":{"name":"Earth","identifier":"088EF783-5990-B052-BE99-B8AA15BA6C68","transform":{"columns":[[0.9975919,2.3746283e-05,-0.06935729,0],[0.069351144,-0.013687333,0.9974984,0],[-0.00092561956,-0.99990624,-0.013656021,0],[-1.1685423,0.6593737,-0.31840986,1]]}},"label":"ARImageAnchor didUpdate","timestamp":1742644282.533819},{"content":{"transform":{"columns":[[-0.17218599,0.00071389845,-0.9850642,0],[0.0002247711,0.99999964,0.0006854334,0],[0.98506445,-0.00010339192,-0.17218612,0],[0.14820883,-0.3010155,-0.25875354,1]]},"name":"bunny","identifier":"EA11C564-96BC-4475-8D7D-BA5EB386E475"},"label":"Bunny didUpdate","timestamp":1742644285.3999538},{"timestamp":1742644285.724883,"label":"ARImageAnchor didAdd","content":{"transform":{"columns":[[-0.021731833,-0.037646797,-0.9990548,0],[0.99975723,0.0028143378,-0.02185315,0],[0.0036343494,-0.999287,0.03757648,0],[0.5675138,-0.5969336,0.06941649,1]]},"identifier":"6BAD7D5D-D14A-EF93-1C8B-F6BEC80B8329","name":"Lenna"}},{"label":"ARImageAnchor didUpdate","timestamp":1742644285.7360501,"content":{"transform":{"columns":[[-0.021731833,-0.037646797,-0.9990548,0],[0.99975723,0.0028143378,-0.02185315,0],[0.0036343494,-0.999287,0.03757648,0],[0.5675138,-0.5969336,0.06941649,1]]},"name":"Lenna","identifier":"6BAD7D5D-D14A-EF93-1C8B-F6BEC80B8329"}},{"label":"ARImageAnchor didAdd","timestamp":1742644288.391387,"content":{"name":"Sailboat","identifier":"C35EAC54-3E90-1B97-807B-5E3B8F238DB7","transform":{"columns":[[0.9991906,0.0014617376,-0.04019872,0],[0.040143274,0.027557157,0.9988138,0],[0.0025677662,-0.9996192,0.027476188,0],[0.6783916,0.83032364,-0.42960584,1.0000001]]}}},{"label":"ARImageAnchor didUpdate","content":{"identifier":"C35EAC54-3E90-1B97-807B-5E3B8F238DB7","transform":{"columns":[[0.9991906,0.0014617376,-0.04019872,0],[0.040143274,0.027557157,0.9988138,0],[0.0025677662,-0.9996192,0.027476188,0],[0.6783916,0.83032364,-0.42960584,1.0000001]]},"name":"Sailboat"},"timestamp":1742644288.398036},{"timestamp":1742644288.8978739,"content":{"transform":{"columns":[[0.9982803,0.004381658,-0.058459274,0],[0.058275662,0.034261797,0.99771255,0],[0.0063745542,-0.99940336,0.03394752,0],[0.6766765,0.8371346,-0.427602,1]]},"identifier":"C35EAC54-3E90-1B97-807B-5E3B8F238DB7","name":"Sailboat"},"label":"ARImageAnchor didUpdate"},{"content":{"transform":{"columns":[[0.9982803,0.004381658,-0.058459274,0],[0.058275662,0.034261797,0.99771255,0],[0.0063745542,-0.99940336,0.03394752,0],[0.6766765,0.8371346,-0.427602,1]]},"identifier":"C35EAC54-3E90-1B97-807B-5E3B8F238DB7","name":"Sailboat"},"label":"ARImageAnchor didUpdate","timestamp":1742644288.931992},{"content":{"transform":{"columns":[[0.054907285,-0.01390172,0.99839467,0],[-0.99717253,0.050613377,0.055544846,0],[-0.051304318,-0.9986216,-0.011083361,0],[1.4274131,0.86362505,0.096207164,1]]},"name":"Mandrill","identifier":"A19C2489-597B-2BED-432C-244B551E75FD"},"label":"ARImageAnchor didAdd","timestamp":1742644291.058107},{"content":{"name":"Mandrill","transform":{"columns":[[0.054907285,-0.01390172,0.99839467,0],[-0.99717253,0.050613377,0.055544846,0],[-0.051304318,-0.9986216,-0.011083361,0],[1.4274131,0.86362505,0.096207164,1]]},"identifier":"A19C2489-597B-2BED-432C-244B551E75FD"},"timestamp":1742644291.065367,"label":"ARImageAnchor didUpdate"},{"timestamp":1742644293.191055,"label":"ARImageAnchor didAdd","content":{"identifier":"61BB3DDD-C96C-6E82-3432-BD712CCBCB28","name":"Peppers","transform":{"columns":[[0.021455552,-0.0049830875,0.9997574,0],[-0.9995479,0.020958714,0.021555485,0],[-0.021061039,-0.9997679,-0.0045311553,0],[1.5366197,0.24754956,0.8268788,1]]}}},{"label":"ARImageAnchor didUpdate","content":{"name":"Peppers","identifier":"61BB3DDD-C96C-6E82-3432-BD712CCBCB28","transform":{"columns":[[0.021455552,-0.0049830875,0.9997574,0],[-0.9995479,0.020958714,0.021555485,0],[-0.021061039,-0.9997679,-0.0045311553,0],[1.5366197,0.24754956,0.8268788,1]]}},"timestamp":1742644293.198581},{"content":{"name":"Peppers","transform":{"columns":[[0.07557348,-0.006124904,0.99712145,0],[-0.99713993,0.00034173203,0.07557695,0],[-0.00080364797,-0.99998105,-0.0060815597,0],[1.5345566,0.24909803,0.82396483,1]]},"identifier":"61BB3DDD-C96C-6E82-3432-BD712CCBCB28"},"timestamp":1742644293.697956,"label":"ARImageAnchor didUpdate"},{"label":"ARImageAnchor didUpdate","content":{"transform":{"columns":[[0.07557348,-0.006124904,0.99712145,0],[-0.99713993,0.00034173203,0.07557695,0],[-0.00080364797,-0.99998105,-0.0060815597,0],[1.5345566,0.24909803,0.82396483,1]]},"name":"Peppers","identifier":"61BB3DDD-C96C-6E82-3432-BD712CCBCB28"},"timestamp":1742644293.730729},{"timestamp":1742644296.298359,"content":{"identifier":"EA11C564-96BC-4475-8D7D-BA5EB386E475","transform":{"columns":[[-0.17230222,0.0009658227,-0.9850439,0],[4.2898228e-06,0.99999946,0.0009797362,0],[0.9850443,0.00016458509,-0.17230213,0],[0.14822915,-0.3009676,-0.25880557,1]]},"name":"bunny"},"label":"Bunny didUpdate"},{"timestamp":1742644300.632329,"content":{"transform":{"columns":[[0.044610146,-0.0071189203,0.9989791,0],[-0.9989891,-0.0058526844,0.044568907,0],[0.005529408,-0.9999574,-0.0073728133,0],[1.5518997,0.24837607,0.8543288,0.9999999]]},"name":"Peppers","identifier":"61BB3DDD-C96C-6E82-3432-BD712CCBCB28"},"label":"ARImageAnchor didUpdate"},{"timestamp":1742644300.66495,"content":{"identifier":"61BB3DDD-C96C-6E82-3432-BD712CCBCB28","transform":{"columns":[[0.044610146,-0.0071189203,0.9989791,0],[-0.9989891,-0.0058526844,0.044568907,0],[0.005529408,-0.9999574,-0.0073728133,0],[1.5518997,0.24837607,0.8543288,0.9999999]]},"name":"Peppers"},"label":"ARImageAnchor didUpdate"},{"content":{"transform":{"columns":[[0.04912812,-0.014066868,0.99869335,0],[-0.99741066,0.0518886,0.04979585,0],[-0.052521277,-0.9985537,-0.011481264,0],[1.4478556,0.8726328,0.1278121,0.99999994]]},"name":"Mandrill","identifier":"A19C2489-597B-2BED-432C-244B551E75FD"},"timestamp":1742644303.2968311,"label":"ARImageAnchor didUpdate"},{"label":"ARImageAnchor didUpdate","timestamp":1742644303.330497,"content":{"identifier":"A19C2489-597B-2BED-432C-244B551E75FD","name":"Mandrill","transform":{"columns":[[0.04912812,-0.014066868,0.99869335,0],[-0.99741066,0.0518886,0.04979585,0],[-0.052521277,-0.9985537,-0.011481264,0],[1.4478556,0.8726328,0.1278121,0.99999994]]}}},{"timestamp":1742644305.964515,"label":"ARImageAnchor didUpdate","content":{"identifier":"C35EAC54-3E90-1B97-807B-5E3B8F238DB7","name":"Sailboat","transform":{"columns":[[0.99952424,-0.0014321138,-0.030814636,0],[0.030833311,0.015650867,0.9994021,0],[-0.0009489846,-0.9998763,0.015687594,0],[0.6921208,0.8477676,-0.39857012,1]]}}},{"timestamp":1742644305.99717,"label":"ARImageAnchor didUpdate","content":{"identifier":"C35EAC54-3E90-1B97-807B-5E3B8F238DB7","transform":{"columns":[[0.99952424,-0.0014321138,-0.030814636,0],[0.030833311,0.015650867,0.9994021,0],[-0.0009489846,-0.9998763,0.015687594,0],[0.6921208,0.8477676,-0.39857012,1]]},"name":"Sailboat"}},{"timestamp":1742644306.49666,"label":"ARImageAnchor didUpdate","content":{"identifier":"C35EAC54-3E90-1B97-807B-5E3B8F238DB7","transform":{"columns":[[0.99998593,-0.0024844636,0.0046995794,0],[-0.0046558455,0.017298955,0.9998396,0],[-0.0025653658,-0.9998472,0.017287157,0],[0.6739113,0.837288,-0.42588615,1.0000001]]},"name":"Sailboat"}},{"timestamp":1742644306.496697,"label":"Bunny didUpdate","content":{"transform":{"columns":[[-0.17238723,0.001222244,-0.98502874,0],[0.00017732417,0.99999917,0.0012097867,0],[0.98502946,3.388239e-05,-0.17238732,0],[0.14817658,-0.3009132,-0.2588497,0.9999999]]},"name":"bunny","identifier":"EA11C564-96BC-4475-8D7D-BA5EB386E475"}},{"timestamp":1742644306.5301719,"label":"ARImageAnchor didUpdate","content":{"transform":{"columns":[[0.99998593,-0.0024844636,0.0046995794,0],[-0.0046558455,0.017298955,0.9998396,0],[-0.0025653658,-0.9998472,0.017287157,0],[0.6739113,0.837288,-0.42588615,1.0000001]]},"name":"Sailboat","identifier":"C35EAC54-3E90-1B97-807B-5E3B8F238DB7"}},{"content":{"name":"bunny","identifier":"EA11C564-96BC-4475-8D7D-BA5EB386E475","transform":{"columns":[[-0.17238462,0.0012213023,-0.9850292,0],[0.00017553032,0.99999905,0.0012091446,0],[0.98502994,3.5535457e-05,-0.17238472,0],[0.1481775,-0.30091345,-0.25884977,0.99999994]]}},"timestamp":1742644306.597316,"label":"Bunny didUpdate"},{"timestamp":1742644306.6991,"content":{"name":"bunny","transform":{"columns":[[-0.17238416,0.001218149,-0.98502946,0],[0.00017429036,0.999999,0.0012061603,0],[0.98503006,3.6241763e-05,-0.17238422,0],[0.14817795,-0.30091316,-0.25884813,1]]},"identifier":"EA11C564-96BC-4475-8D7D-BA5EB386E475"},"label":"Bunny didUpdate"},{"content":{"identifier":"EA11C564-96BC-4475-8D7D-BA5EB386E475","transform":{"columns":[[-0.17238528,0.0012131027,-0.9850295,0],[0.00017541315,0.99999905,0.0012008403,0],[0.98502994,3.4220055e-05,-0.17238533,0],[0.14817713,-0.30090725,-0.25884098,1]]},"name":"bunny"},"label":"Bunny didUpdate","timestamp":1742644306.799413},{"content":{"identifier":"EA11C564-96BC-4475-8D7D-BA5EB386E475","transform":{"columns":[[-0.1724383,0.001200202,-0.9850203,0],[0.00020369064,0.999999,0.0011827949,0],[0.9850207,3.3197507e-06,-0.17243835,0],[0.14816071,-0.30091527,-0.25883904,0.99999994]]},"name":"bunny"},"label":"Bunny didUpdate","timestamp":1742644309.5354881}]