[{"label":"Application launched","timestamp":1742647079.88325},{"timestamp":1742647079.883332,"label":"Initialize ARViewModel"},{"label":"Finished Initialize ARViewModel","timestamp":1742647079.884589},{"timestamp":1742647079.884651,"label":"Initialize AnchorManager"},{"label":"Fininshed Initialize AnchorManager","timestamp":1742647079.884665},{"label":"ContentView Initialize","timestamp":1742647079.884677},{"content":{"position":[0.123423345,-0.26956758,-0.30379274],"beaconName":"DWM3001CDK (8449B511)"},"timestamp":1742647107.14613,"label":"Finished Ranging"},{"timestamp":1742647107.2016401,"label":"Bunny didAdd","content":{"name":"bunny","identifier":"E93AA01A-69E7-4BC4-992B-C7597ED5B59F","transform":{"columns":[[0.036589146,0,-0.9993304,0],[0,1,0,0],[0.9993304,0,0.036589146,0],[0.123423345,-0.26956758,-0.30379274,1]]}}},{"content":{"name":"Car","identifier":"FF85DBE1-76D3-E459-2D24-8EDCEE263300","transform":{"columns":[[0.9947953,0.003375318,0.10183704,0],[-0.10175461,-0.01916131,0.994625,0],[0.0053085033,-0.99981064,-0.01871813,0],[-0.23902147,-0.589021,0.10277861,0.99999994]]}},"label":"ARImageAnchor didAdd","timestamp":1742647110.968274},{"timestamp":1742647110.977155,"label":"ARImageAnchor didUpdate","content":{"transform":{"columns":[[0.9947953,0.003375318,0.10183704,0],[-0.10175461,-0.01916131,0.994625,0],[0.0053085033,-0.99981064,-0.01871813,0],[-0.23902147,-0.589021,0.10277861,0.99999994]]},"name":"Car","identifier":"FF85DBE1-76D3-E459-2D24-8EDCEE263300"}},{"timestamp":1742647114.701951,"label":"ARImageAnchor didAdd","content":{"transform":{"columns":[[0.99827874,-0.009236762,0.057915464,0],[-0.058080714,-0.018745158,0.9981358,0],[-0.00813392,-0.99978155,-0.019249368,0],[-1.2025542,0.65934986,-0.5139417,0.9999999]]},"name":"Earth","identifier":"088EF783-5990-B052-BE99-B8AA15BA6C68"}},{"label":"ARImageAnchor didUpdate","timestamp":1742647114.7101521,"content":{"identifier":"088EF783-5990-B052-BE99-B8AA15BA6C68","transform":{"columns":[[0.99827874,-0.009236762,0.057915464,0],[-0.058080714,-0.018745158,0.9981358,0],[-0.00813392,-0.99978155,-0.019249368,0],[-1.2025542,0.65934986,-0.5139417,0.9999999]]},"name":"Earth"}},{"timestamp":1742647116.808043,"label":"ARImageAnchor didUpdate","content":{"identifier":"088EF783-5990-B052-BE99-B8AA15BA6C68","name":"Earth","transform":{"columns":[[0.9994292,-0.0007315842,0.03377193,0],[-0.033772673,-0.000977712,0.99942905,0],[-0.00069814955,-0.9999991,-0.0010018566,0],[-1.2045957,0.66307336,-0.5212729,1]]}}},{"content":{"transform":{"columns":[[0.9994292,-0.0007315842,0.03377193,0],[-0.033772673,-0.000977712,0.99942905,0],[-0.00069814955,-0.9999991,-0.0010018566,0],[-1.2045957,0.66307336,-0.5212729,1]]},"name":"Earth","identifier":"088EF783-5990-B052-BE99-B8AA15BA6C68"},"timestamp":1742647116.841117,"label":"ARImageAnchor didUpdate"},{"label":"Bunny didUpdate","timestamp":1742647119.511872,"content":{"transform":{"columns":[[0.03589635,0.00025335702,-0.9993556,0],[0.00017033909,0.9999999,0.00025963885,0],[0.99935555,-0.0001795494,0.035896298,0],[0.1233166,-0.26955006,-0.3038842,0.99999994]]},"identifier":"E93AA01A-69E7-4BC4-992B-C7597ED5B59F","name":"bunny"}},{"label":"ARImageAnchor didUpdate","content":{"transform":{"columns":[[0.99139297,0.01075558,0.13047636,0],[-0.13047753,-0.0005983125,0.991451,0],[0.010741697,-0.99994195,0.00081023085,0],[-0.24266398,-0.5929514,0.10210827,0.99999994]]},"name":"Car","identifier":"FF85DBE1-76D3-E459-2D24-8EDCEE263300"},"timestamp":1742647120.009337},{"timestamp":1742647120.0425901,"label":"ARImageAnchor didUpdate","content":{"transform":{"columns":[[0.99139297,0.01075558,0.13047636,0],[-0.13047753,-0.0005983125,0.991451,0],[0.010741697,-0.99994195,0.00081023085,0],[-0.24266398,-0.5929514,0.10210827,0.99999994]]},"name":"Car","identifier":"FF85DBE1-76D3-E459-2D24-8EDCEE263300"}},{"label":"ARImageAnchor didAdd","timestamp":1742647123.234493,"content":{"identifier":"6BAD7D5D-D14A-EF93-1C8B-F6BEC80B8329","transform":{"columns":[[0.16994174,-0.03869234,-0.9846942,0],[0.9853897,0.018087175,0.16935101,0],[0.011257792,-0.9990874,0.04120081,0],[0.4448099,-0.60219413,0.08111732,0.99999994]]},"name":"Lenna"}},{"label":"ARImageAnchor didUpdate","timestamp":1742647123.241983,"content":{"identifier":"6BAD7D5D-D14A-EF93-1C8B-F6BEC80B8329","name":"Lenna","transform":{"columns":[[0.16994174,-0.03869234,-0.9846942,0],[0.9853897,0.018087175,0.16935101,0],[0.011257792,-0.9990874,0.04120081,0],[0.4448099,-0.60219413,0.08111732,0.99999994]]}}},{"label":"ARImageAnchor didUpdate","timestamp":1742647123.742284,"content":{"identifier":"6BAD7D5D-D14A-EF93-1C8B-F6BEC80B8329","name":"Lenna","transform":{"columns":[[0.059042405,-0.03818996,-0.9975247,0],[0.9979799,-0.021217737,0.0598816,0],[-0.023452073,-0.99904525,0.03686007,0],[0.46760786,-0.59080976,0.0901008,0.99999994]]}}},{"timestamp":1742647123.775576,"content":{"transform":{"columns":[[0.059042405,-0.03818996,-0.9975247,0],[0.9979799,-0.021217737,0.0598816,0],[-0.023452073,-0.99904525,0.03686007,0],[0.46760786,-0.59080976,0.0901008,0.99999994]]},"identifier":"6BAD7D5D-D14A-EF93-1C8B-F6BEC80B8329","name":"Lenna"},"label":"ARImageAnchor didUpdate"},{"timestamp":1742647127.501404,"label":"ARImageAnchor didAdd","content":{"name":"Sailboat","identifier":"C35EAC54-3E90-1B97-807B-5E3B8F238DB7","transform":{"columns":[[0.9956053,-0.0025855491,0.09361287,0],[-0.09364228,-0.015889617,0.99547905,0],[-0.0010863924,-0.99987036,-0.016061906,0],[0.62880725,0.83814454,-0.40620017,0.99999994]]}}},{"content":{"identifier":"C35EAC54-3E90-1B97-807B-5E3B8F238DB7","name":"Sailboat","transform":{"columns":[[0.9956053,-0.0025855491,0.09361287,0],[-0.09364228,-0.015889617,0.99547905,0],[-0.0010863924,-0.99987036,-0.016061906,0],[0.62880725,0.83814454,-0.40620017,0.99999994]]}},"label":"ARImageAnchor didUpdate","timestamp":1742647127.5105271},{"timestamp":1742647128.0085049,"label":"ARImageAnchor didUpdate","content":{"identifier":"C35EAC54-3E90-1B97-807B-5E3B8F238DB7","transform":{"columns":[[0.99886465,0.0007221946,0.047629394,0],[-0.047629595,0.00025987657,0.9988648,0],[0.0007089973,-0.9999995,0.0002939738,0],[0.62847227,0.84446144,-0.39923662,0.9999998]]},"name":"Sailboat"}},{"label":"ARImageAnchor didUpdate","content":{"transform":{"columns":[[0.99886465,0.0007221946,0.047629394,0],[-0.047629595,0.00025987657,0.9988648,0],[0.0007089973,-0.9999995,0.0002939738,0],[0.62847227,0.84446144,-0.39923662,0.9999998]]},"identifier":"C35EAC54-3E90-1B97-807B-5E3B8F238DB7","name":"Sailboat"},"timestamp":1742647128.04127},{"label":"ARImageAnchor didAdd","content":{"transform":{"columns":[[-0.07478703,-0.018149149,0.99703425,0],[-0.9962548,0.0448707,-0.07391171,0],[-0.043396197,-0.9988278,-0.02143692,0],[1.3063388,0.867133,0.21029061,0.99999994]]},"name":"Mandrill","identifier":"A19C2489-597B-2BED-432C-244B551E75FD"},"timestamp":1742647131.2342858},{"timestamp":1742647131.241242,"label":"ARImageAnchor didUpdate","content":{"name":"Mandrill","transform":{"columns":[[-0.07478703,-0.018149149,0.99703425,0],[-0.9962548,0.0448707,-0.07391171,0],[-0.043396197,-0.9988278,-0.02143692,0],[1.3063388,0.867133,0.21029061,0.99999994]]},"identifier":"A19C2489-597B-2BED-432C-244B551E75FD"}},{"content":{"identifier":"61BB3DDD-C96C-6E82-3432-BD712CCBCB28","name":"Peppers","transform":{"columns":[[-0.07818235,-0.0066815964,0.99691665,0],[-0.99692786,0.005240321,-0.07814808,0],[-0.004702011,-0.9999638,-0.007070769,0],[1.3321655,0.25020412,0.9450258,0.9999999]]}},"label":"ARImageAnchor didAdd","timestamp":1742647134.4340758},{"timestamp":1742647134.438322,"label":"ARImageAnchor didUpdate","content":{"name":"Peppers","transform":{"columns":[[-0.07818235,-0.0066815964,0.99691665,0],[-0.99692786,0.005240321,-0.07814808,0],[-0.004702011,-0.9999638,-0.007070769,0],[1.3321655,0.25020412,0.9450258,0.9999999]]},"identifier":"61BB3DDD-C96C-6E82-3432-BD712CCBCB28"}},{"timestamp":1742647141.307548,"label":"Bunny didUpdate","content":{"name":"bunny","identifier":"E93AA01A-69E7-4BC4-992B-C7597ED5B59F","transform":{"columns":[[0.035856567,0.0007536165,-0.9993568,0],[3.42851e-05,0.99999964,0.0007553313,0],[0.9993571,-6.1346684e-05,0.035856545,0],[0.123333536,-0.26948303,-0.30396545,0.99999994]]}}}]