[{"timestamp":1742670103.437264,"label":"Application launched"},{"label":"Initialize ARViewModel","timestamp":1742670103.43743},{"timestamp":1742670103.439045,"label":"Finished Initialize ARViewModel"},{"label":"Initialize AnchorManager","timestamp":1742670103.439067},{"timestamp":1742670103.4390712,"label":"Fininshed Initialize AnchorManager"},{"label":"ContentView Initialize","timestamp":1742670103.439075},{"content":{"beaconName":"DWM3001CDK (8449B511)","position":[0.1890601,-0.38537398,-0.41992313]},"timestamp":1742670127.18603,"label":"Finished Ranging"},{"label":"Bunny didAdd","content":{"name":"bunny","identifier":"99BF6188-E693-472F-BB19-AC13366963D8","transform":{"columns":[[-0.1352458,0,-0.99081206,0],[0,1,0,0],[0.99081206,0,-0.1352458,0],[0.1890601,-0.38537398,-0.41992313,1]]}},"timestamp":1742670127.240316},{"content":{"identifier":"99BF6188-E693-472F-BB19-AC13366963D8","transform":{"columns":[[-0.13544977,0.00032633287,-0.9907841,0],[-0.00012384476,0.99999994,0.00034629903,0],[0.9907842,0.00016960954,-0.13544972,0],[0.18905878,-0.38532725,-0.41999698,1]]},"name":"bunny"},"timestamp":1742670130.347888,"label":"Bunny didUpdate"},{"label":"ARImageAnchor didAdd","timestamp":1742670130.739924,"content":{"name":"Car","transform":{"columns":[[0.99993527,0.009218452,0.0066540646,0],[-0.0065670717,-0.009437192,0.9999338,0],[0.009280638,-0.9999129,-0.009376024,0],[-0.11070366,-0.6824797,0.022316575,1]]},"identifier":"FF85DBE1-76D3-E459-2D24-8EDCEE263300"}},{"content":{"name":"Car","identifier":"FF85DBE1-76D3-E459-2D24-8EDCEE263300","transform":{"columns":[[0.99993527,0.009218452,0.0066540646,0],[-0.0065670717,-0.009437192,0.9999338,0],[0.009280638,-0.9999129,-0.009376024,0],[-0.11070366,-0.6824797,0.022316575,1]]}},"timestamp":1742670130.747507,"label":"ARImageAnchor didUpdate"},{"label":"ARImageAnchor didAdd","content":{"name":"Earth","transform":{"columns":[[0.99879414,-0.0053620823,-0.04879838,0],[0.048436675,-0.054243684,0.99735206,0],[-0.007994884,-0.99851316,-0.053918544,0],[-1.1276371,0.57319003,-0.44763064,0.9999999]]},"identifier":"088EF783-5990-B052-BE99-B8AA15BA6C68"},"timestamp":1742670133.973314},{"label":"ARImageAnchor didUpdate","content":{"transform":{"columns":[[0.99879414,-0.0053620823,-0.04879838,0],[0.048436675,-0.054243684,0.99735206,0],[-0.007994884,-0.99851316,-0.053918544,0],[-1.1276371,0.57319003,-0.44763064,0.9999999]]},"identifier":"088EF783-5990-B052-BE99-B8AA15BA6C68","name":"Earth"},"timestamp":1742670133.980176},{"timestamp":1742670135.049638,"content":{"transform":{"columns":[[0.99882674,0.00092406187,-0.04841543,0],[0.048378073,-0.062688366,0.99685985,0],[-0.002113928,-0.9980326,-0.062659524,0],[-1.1262856,0.5746881,-0.4762323,1]]},"identifier":"088EF783-5990-B052-BE99-B8AA15BA6C68","name":"Earth"},"label":"ARImageAnchor didUpdate"},{"label":"ARImageAnchor didUpdate","timestamp":1742670135.079731,"content":{"name":"Earth","identifier":"088EF783-5990-B052-BE99-B8AA15BA6C68","transform":{"columns":[[0.99882674,0.00092406187,-0.04841543,0],[0.048378073,-0.062688366,0.99685985,0],[-0.002113928,-0.9980326,-0.062659524,0],[-1.1262856,0.5746881,-0.4762323,1]]}}},{"content":{"identifier":"99BF6188-E693-472F-BB19-AC13366963D8","transform":{"columns":[[-0.1350204,0.0008452313,-0.99084234,0],[0.000124415,0.99999964,0.00083608896,0],[0.9908428,-1.0386604e-05,-0.13502046,0],[0.18906397,-0.3852773,-0.42007396,1]]},"name":"bunny"},"timestamp":1742670138.4516149,"label":"Bunny didUpdate"},{"label":"ARImageAnchor didAdd","timestamp":1742670139.906186,"content":{"name":"Lenna","identifier":"6BAD7D5D-D14A-EF93-1C8B-F6BEC80B8329","transform":{"columns":[[-0.08753727,-0.03559133,-0.99552524,0],[0.99581635,-0.029418064,-0.0865112,0],[-0.026207425,-0.9989334,0.03801761,0],[0.59480304,-0.6811563,-0.070664816,1]]}}},{"label":"ARImageAnchor didUpdate","timestamp":1742670139.9144711,"content":{"identifier":"6BAD7D5D-D14A-EF93-1C8B-F6BEC80B8329","transform":{"columns":[[-0.08753727,-0.03559133,-0.99552524,0],[0.99581635,-0.029418064,-0.0865112,0],[-0.026207425,-0.9989334,0.03801761,0],[0.59480304,-0.6811563,-0.070664816,1]]},"name":"Lenna"}},{"timestamp":1742670143.6394172,"label":"ARImageAnchor didAdd","content":{"identifier":"C35EAC54-3E90-1B97-807B-5E3B8F238DB7","transform":{"columns":[[0.99905235,0.003843353,-0.043353997,0],[0.043435864,-0.024677023,0.9987513,0],[0.0027687065,-0.9996879,-0.024820575,0],[0.7147158,0.7470925,-0.5828772,1]]},"name":"Sailboat"}},{"content":{"identifier":"C35EAC54-3E90-1B97-807B-5E3B8F238DB7","transform":{"columns":[[0.99905235,0.003843353,-0.043353997,0],[0.043435864,-0.024677023,0.9987513,0],[0.0027687065,-0.9996879,-0.024820575,0],[0.7147158,0.7470925,-0.5828772,1]]},"name":"Sailboat"},"timestamp":1742670143.646075,"label":"ARImageAnchor didUpdate"},{"label":"ARImageAnchor didUpdate","timestamp":1742670144.1464639,"content":{"name":"Sailboat","identifier":"C35EAC54-3E90-1B97-807B-5E3B8F238DB7","transform":{"columns":[[0.99833906,0.0022484749,-0.057566296,0],[0.057527546,0.014591449,0.9982372,0],[0.0030844868,-0.9998909,0.0144378655,0],[0.7149648,0.7545369,-0.589319,1]]}}},{"content":{"transform":{"columns":[[0.99833906,0.0022484749,-0.057566296,0],[0.057527546,0.014591449,0.9982372,0],[0.0030844868,-0.9998909,0.0144378655,0],[0.7149648,0.7545369,-0.589319,1]]},"identifier":"C35EAC54-3E90-1B97-807B-5E3B8F238DB7","name":"Sailboat"},"label":"ARImageAnchor didUpdate","timestamp":1742670144.1795812},{"timestamp":1742670145.7726002,"label":"ARImageAnchor didAdd","content":{"name":"Mandrill","identifier":"A19C2489-597B-2BED-432C-244B551E75FD","transform":{"columns":[[0.007197808,-0.016971119,0.99982995,0],[-0.9990298,0.043318238,0.007927414,0],[-0.04344541,-0.9989171,-0.016642848,0],[1.4544938,0.7735075,-0.037914928,1]]}}},{"content":{"identifier":"A19C2489-597B-2BED-432C-244B551E75FD","name":"Mandrill","transform":{"columns":[[0.007197808,-0.016971119,0.99982995,0],[-0.9990298,0.043318238,0.007927414,0],[-0.04344541,-0.9989171,-0.016642848,0],[1.4544938,0.7735075,-0.037914928,1]]}},"label":"ARImageAnchor didUpdate","timestamp":1742670145.780501},{"label":"ARImageAnchor didAdd","timestamp":1742670148.439121,"content":{"identifier":"61BB3DDD-C96C-6E82-3432-BD712CCBCB28","transform":{"columns":[[0.034622453,-0.006686191,0.999378,0],[-0.9993941,-0.0037845855,0.0345977,0],[0.003550915,-0.99997044,-0.006813175,0],[1.5428846,0.15569048,0.68599796,1]]},"name":"Peppers"}},{"timestamp":1742670148.445921,"content":{"transform":{"columns":[[0.034622453,-0.006686191,0.999378,0],[-0.9993941,-0.0037845855,0.0345977,0],[0.003550915,-0.99997044,-0.006813175,0],[1.5428846,0.15569048,0.68599796,1]]},"identifier":"61BB3DDD-C96C-6E82-3432-BD712CCBCB28","name":"Peppers"},"label":"ARImageAnchor didUpdate"},{"content":{"name":"Mandrill","identifier":"A19C2489-597B-2BED-432C-244B551E75FD","transform":{"columns":[[0.02600863,-0.014590614,0.9995552,0],[-0.9979887,0.05744366,0.026806273,0],[-0.05780923,-0.998242,-0.013067232,0],[1.4533465,0.7777646,-0.051978126,1]]}},"timestamp":1742670152.149229,"label":"ARImageAnchor didUpdate"},{"content":{"name":"Mandrill","identifier":"A19C2489-597B-2BED-432C-244B551E75FD","transform":{"columns":[[0.02600863,-0.014590614,0.9995552,0],[-0.9979887,0.05744366,0.026806273,0],[-0.05780923,-0.998242,-0.013067232,0],[1.4533465,0.7777646,-0.051978126,1]]}},"label":"ARImageAnchor didUpdate","timestamp":1742670152.182853},{"label":"ARImageAnchor didUpdate","content":{"identifier":"A19C2489-597B-2BED-432C-244B551E75FD","transform":{"columns":[[0.014048837,-0.020333316,0.9996945,0],[-0.99859214,0.05085766,0.0150678335,0],[-0.05114849,-0.9984988,-0.019590193,0],[1.4506437,0.77607936,-0.0468485,0.99999994]]},"name":"Mandrill"},"timestamp":1742670152.680182},{"content":{"identifier":"A19C2489-597B-2BED-432C-244B551E75FD","name":"Mandrill","transform":{"columns":[[0.014048837,-0.020333316,0.9996945,0],[-0.99859214,0.05085766,0.0150678335,0],[-0.05114849,-0.9984988,-0.019590193,0],[1.4506437,0.77607936,-0.0468485,0.99999994]]}},"timestamp":1742670152.7133842,"label":"ARImageAnchor didUpdate"},{"content":{"name":"Sailboat","identifier":"C35EAC54-3E90-1B97-807B-5E3B8F238DB7","transform":{"columns":[[0.99959433,0.00034236442,-0.028476879,0],[0.028467521,0.016259387,0.99946237,0],[0.0008051939,-0.9998676,0.01624305,0],[0.7040684,0.75026745,-0.5761989,1]]}},"timestamp":1742670153.7455258,"label":"ARImageAnchor didUpdate"},{"content":{"name":"Sailboat","transform":{"columns":[[0.99959433,0.00034236442,-0.028476879,0],[0.028467521,0.016259387,0.99946237,0],[0.0008051939,-0.9998676,0.01624305,0],[0.7040684,0.75026745,-0.5761989,1]]},"identifier":"C35EAC54-3E90-1B97-807B-5E3B8F238DB7"},"label":"ARImageAnchor didUpdate","timestamp":1742670153.780168},{"timestamp":1742670155.946869,"content":{"identifier":"99BF6188-E693-472F-BB19-AC13366963D8","transform":{"columns":[[-0.13491528,0.001061569,-0.99085647,0],[0.0005250062,0.9999994,0.0009998793,0],[0.990857,-0.00038530686,-0.13491575,0],[0.18900037,-0.3852726,-0.42010114,1]]},"name":"bunny"},"label":"Bunny didUpdate"},{"content":{"identifier":"6BAD7D5D-D14A-EF93-1C8B-F6BEC80B8329","transform":{"columns":[[-0.008523218,-0.03644555,-0.99929917,0],[0.9998762,-0.013523377,-0.008034955,0],[-0.013221039,-0.999244,0.036556296,0],[0.5914883,-0.6818536,-0.08681452,1]]},"name":"Lenna"},"timestamp":1742670156.4132628,"label":"ARImageAnchor didUpdate"},{"content":{"name":"Lenna","transform":{"columns":[[-0.008523218,-0.03644555,-0.99929917,0],[0.9998762,-0.013523377,-0.008034955,0],[-0.013221039,-0.999244,0.036556296,0],[0.5914883,-0.6818536,-0.08681452,1]]},"identifier":"6BAD7D5D-D14A-EF93-1C8B-F6BEC80B8329"},"timestamp":1742670156.448612,"label":"ARImageAnchor didUpdate"},{"label":"Bunny didUpdate","content":{"identifier":"99BF6188-E693-472F-BB19-AC13366963D8","name":"bunny","transform":{"columns":[[-0.13489114,0.0011831278,-0.9908596,0],[0.0005601106,0.9999993,0.0011177899,0],[0.9908603,-0.0004042111,-0.1348917,0],[0.18899675,-0.38525984,-0.420123,1]]}},"timestamp":1742670158.147348},{"content":{"identifier":"99BF6188-E693-472F-BB19-AC13366963D8","name":"bunny","transform":{"columns":[[-0.13487601,0.0011921109,-0.9908616,0],[0.0006299955,0.99999917,0.0011173493,0],[0.9908623,-0.00047353483,-0.13487665,0],[0.18898514,-0.38526237,-0.42012206,1]]}},"label":"Bunny didUpdate","timestamp":1742670158.846661},{"timestamp":1742670159.346076,"label":"Bunny didUpdate","content":{"transform":{"columns":[[-0.13488288,0.0011898549,-0.99086064,0],[0.000653227,0.99999917,0.0011119067,0],[0.9908613,-0.0004972798,-0.13488358,0],[0.18897985,-0.38526386,-0.42012125,0.99999994]]},"identifier":"99BF6188-E693-472F-BB19-AC13366963D8","name":"bunny"}},{"label":"Bunny didUpdate","timestamp":1742670160.7499309,"content":{"name":"bunny","identifier":"99BF6188-E693-472F-BB19-AC13366963D8","transform":{"columns":[[-0.13488767,0.0012307755,-0.99085987,0],[0.00068216294,0.99999905,0.0011492635,0],[0.99086064,-0.00052090664,-0.13488843,0],[0.18897377,-0.38526043,-0.42012858,1]]}}},{"content":{"identifier":"088EF783-5990-B052-BE99-B8AA15BA6C68","transform":{"columns":[[0.9986281,-0.0014352368,-0.052342325,0],[0.052336976,-0.0035383964,0.99862313,0],[-0.0016184672,-0.9999926,-0.0034584263,0],[-1.1191405,0.5697001,-0.4866857,1]]},"name":"Earth"},"label":"ARImageAnchor didUpdate","timestamp":1742670162.812439},{"label":"ARImageAnchor didUpdate","content":{"identifier":"088EF783-5990-B052-BE99-B8AA15BA6C68","transform":{"columns":[[0.9986281,-0.0014352368,-0.052342325,0],[0.052336976,-0.0035383964,0.99862313,0],[-0.0016184672,-0.9999926,-0.0034584263,0],[-1.1191405,0.5697001,-0.4866857,1]]},"name":"Earth"},"timestamp":1742670162.846933},{"content":{"transform":{"columns":[[-0.13478586,0.0013419371,-0.9908736,0],[0.0005863691,0.999999,0.0012745333,0],[0.99087465,-0.00040922873,-0.13478655,0],[0.18900451,-0.38524157,-0.42014858,1]]},"identifier":"99BF6188-E693-472F-BB19-AC13366963D8","name":"bunny"},"timestamp":1742670166.9464622,"label":"Bunny didUpdate"},{"timestamp":1742670167.612513,"label":"ARImageAnchor didUpdate","content":{"identifier":"61BB3DDD-C96C-6E82-3432-BD712CCBCB28","transform":{"columns":[[0.036776155,-0.006186556,0.99930423,0],[-0.9992922,-0.00812938,0.036725406,0],[0.007896528,-0.9999477,-0.006481141,0],[1.5872546,0.1563366,0.716557,1]]},"name":"Peppers"}},{"content":{"transform":{"columns":[[0.036776155,-0.006186556,0.99930423,0],[-0.9992922,-0.00812938,0.036725406,0],[0.007896528,-0.9999477,-0.006481141,0],[1.5872546,0.1563366,0.716557,1]]},"identifier":"61BB3DDD-C96C-6E82-3432-BD712CCBCB28","name":"Peppers"},"timestamp":1742670167.648067,"label":"ARImageAnchor didUpdate"},{"timestamp":1742670168.145716,"content":{"transform":{"columns":[[0.040871233,-0.009321002,0.9991209,0],[-0.9991256,-0.009181868,0.040785793,0],[0.008793627,-0.9999143,-0.009688133,0],[1.54023,0.15379755,0.69229203,1]]},"identifier":"61BB3DDD-C96C-6E82-3432-BD712CCBCB28","name":"Peppers"},"label":"ARImageAnchor didUpdate"},{"content":{"identifier":"61BB3DDD-C96C-6E82-3432-BD712CCBCB28","name":"Peppers","transform":{"columns":[[0.040871233,-0.009321002,0.9991209,0],[-0.9991256,-0.009181868,0.040785793,0],[0.008793627,-0.9999143,-0.009688133,0],[1.54023,0.15379755,0.69229203,1]]}},"timestamp":1742670168.177958,"label":"ARImageAnchor didUpdate"},{"label":"Bunny didUpdate","content":{"name":"bunny","transform":{"columns":[[-0.13479763,0.0013554218,-0.99087185,0],[0.0005986647,0.99999887,0.0012864646,0],[0.9908729,-0.00041978783,-0.13479833,0],[0.18900073,-0.38524064,-0.4201513,0.99999994]]},"identifier":"99BF6188-E693-472F-BB19-AC13366963D8"},"timestamp":1742670168.247572},{"timestamp":1742670168.446351,"content":{"transform":{"columns":[[-0.13479987,0.0013640072,-0.9908714,0],[0.0006000767,0.99999875,0.0012949364,0],[0.9908725,-0.00042004194,-0.1348006,0],[0.18900041,-0.38523924,-0.42015234,0.99999994]]},"name":"bunny","identifier":"99BF6188-E693-472F-BB19-AC13366963D8"},"label":"Bunny didUpdate"},{"content":{"transform":{"columns":[[0.04998564,-0.01069512,0.9986926,0],[-0.9964966,0.06659702,0.05058895,0],[-0.06705101,-0.99772257,-0.007328752,0],[1.4488984,0.77295345,-0.036586024,1]]},"identifier":"A19C2489-597B-2BED-432C-244B551E75FD","name":"Mandrill"},"label":"ARImageAnchor didUpdate","timestamp":1742670170.2807531},{"content":{"identifier":"A19C2489-597B-2BED-432C-244B551E75FD","name":"Mandrill","transform":{"columns":[[0.04998564,-0.01069512,0.9986926,0],[-0.9964966,0.06659702,0.05058895,0],[-0.06705101,-0.99772257,-0.007328752,0],[1.4488984,0.77295345,-0.036586024,1]]}},"timestamp":1742670170.311645,"label":"ARImageAnchor didUpdate"},{"timestamp":1742670171.880961,"content":{"identifier":"C35EAC54-3E90-1B97-807B-5E3B8F238DB7","transform":{"columns":[[0.9988447,0.0061001945,-0.047664743,0],[0.047717072,-0.008744018,0.99882245,0],[0.005676231,-0.9999431,-0.009025005,0],[0.6962209,0.74774027,-0.5736076,0.9999999]]},"name":"Sailboat"},"label":"ARImageAnchor didUpdate"},{"content":{"name":"Sailboat","identifier":"C35EAC54-3E90-1B97-807B-5E3B8F238DB7","transform":{"columns":[[0.9988447,0.0061001945,-0.047664743,0],[0.047717072,-0.008744018,0.99882245,0],[0.005676231,-0.9999431,-0.009025005,0],[0.6962209,0.74774027,-0.5736076,0.9999999]]}},"label":"ARImageAnchor didUpdate","timestamp":1742670171.9121141},{"label":"ARImageAnchor didUpdate","timestamp":1742670172.412044,"content":{"transform":{"columns":[[0.9991003,0.002503185,-0.042331364,0],[0.04227143,0.020469557,0.9988964,0],[0.0033669278,-0.9997873,0.02034535,0],[0.70431453,0.7500784,-0.57498956,0.99999994]]},"identifier":"C35EAC54-3E90-1B97-807B-5E3B8F238DB7","name":"Sailboat"}},{"timestamp":1742670172.445775,"content":{"identifier":"C35EAC54-3E90-1B97-807B-5E3B8F238DB7","name":"Sailboat","transform":{"columns":[[0.9991003,0.002503185,-0.042331364,0],[0.04227143,0.020469557,0.9988964,0],[0.0033669278,-0.9997873,0.02034535,0],[0.70431453,0.7500784,-0.57498956,0.99999994]]}},"label":"ARImageAnchor didUpdate"},{"label":"Bunny didUpdate","content":{"identifier":"99BF6188-E693-472F-BB19-AC13366963D8","transform":{"columns":[[-0.13482304,0.0014418908,-0.99086815,0],[0.00061279995,0.99999857,0.0013717964,0],[0.9908693,-0.00042225444,-0.1348238,0],[0.18899506,-0.38523102,-0.42016876,0.99999994]]},"name":"bunny"},"timestamp":1742670175.077385}]