[{"timestamp":1742667888.522505,"label":"Application launched"},{"label":"Initialize ARViewModel","timestamp":1742667888.522563},{"timestamp":1742667888.52353,"label":"Finished Initialize ARViewModel"},{"label":"Initialize AnchorManager","timestamp":1742667888.523542},{"label":"Fininshed Initialize AnchorManager","timestamp":1742667888.5235472},{"label":"ContentView Initialize","timestamp":1742667888.523551},{"label":"Finished Ranging","timestamp":1742667913.004215,"content":{"beaconName":"DWM3001CDK (8449B511)","position":[0.014602333,-0.42168105,-0.7629974]}},{"label":"Bunny didAdd","content":{"identifier":"AEA5C3C6-D4CA-403A-959F-861AE19FE678","transform":{"columns":[[0.18181717,0,-0.98333234,0],[0,1,0,0],[0.98333234,0,0.18181717,0],[0.014602333,-0.42168105,-0.7629974,1]]},"name":"bunny"},"timestamp":1742667913.02597},{"label":"ARImageAnchor didAdd","content":{"name":"Car","identifier":"FF85DBE1-76D3-E459-2D24-8EDCEE263300","transform":{"columns":[[0.9331028,0.0041354727,0.35958576,0],[-0.35959503,0.0017439341,0.9331067,0],[0.0032317482,-0.9999897,0.0031143457,0],[-0.44317943,-0.7409165,-0.45133644,0.99999994]]}},"timestamp":1742667915.025601},{"label":"ARImageAnchor didUpdate","content":{"identifier":"FF85DBE1-76D3-E459-2D24-8EDCEE263300","transform":{"columns":[[0.9331028,0.0041354727,0.35958576,0],[-0.35959503,0.0017439341,0.9331067,0],[0.0032317482,-0.9999897,0.0031143457,0],[-0.44317943,-0.7409165,-0.45133644,0.99999994]]},"name":"Car"},"timestamp":1742667915.0343251},{"timestamp":1742667916.917949,"label":"Bunny didUpdate","content":{"identifier":"AEA5C3C6-D4CA-403A-959F-861AE19FE678","transform":{"columns":[[0.18126057,0.0006785854,-0.9834349,0],[-0.00021703086,0.9999997,0.00065001356,0],[0.98343503,9.5613876e-05,0.18126068,0],[0.014594217,-0.4216421,-0.7630745,0.99999994]]},"name":"bunny"}},{"label":"Bunny didUpdate","content":{"name":"bunny","transform":{"columns":[[0.18128118,0.0006812938,-0.9834312,0],[-0.00023422156,0.99999964,0.0006495966,0],[0.9834313,0.000112581154,0.18128125,0],[0.014596056,-0.421641,-0.7630731,1]]},"identifier":"AEA5C3C6-D4CA-403A-959F-861AE19FE678"},"timestamp":1742667917.3166928},{"content":{"identifier":"088EF783-5990-B052-BE99-B8AA15BA6C68","name":"Earth","transform":{"columns":[[0.94976664,-0.014743952,0.312611,0],[-0.31293145,-0.031609446,0.9492495,0],[-0.0041142297,-0.9993914,-0.034635443,0],[-1.210639,0.516246,-1.2746437,0.99999994]]}},"timestamp":1742667917.8089929,"label":"ARImageAnchor didAdd"},{"content":{"identifier":"088EF783-5990-B052-BE99-B8AA15BA6C68","name":"Earth","transform":{"columns":[[0.94976664,-0.014743952,0.312611,0],[-0.31293145,-0.031609446,0.9492495,0],[-0.0041142297,-0.9993914,-0.034635443,0],[-1.210639,0.516246,-1.2746437,0.99999994]]}},"label":"ARImageAnchor didUpdate","timestamp":1742667917.818459},{"timestamp":1742667918.816321,"label":"ARImageAnchor didUpdate","content":{"transform":{"columns":[[0.95525646,-0.0055472422,0.29572654,0],[-0.29577738,-0.020734744,0.95503175,0],[0.00083402265,-0.9997694,-0.021447752,0],[-1.2216177,0.5239946,-1.2905114,1]]},"name":"Earth","identifier":"088EF783-5990-B052-BE99-B8AA15BA6C68"}},{"content":{"identifier":"088EF783-5990-B052-BE99-B8AA15BA6C68","name":"Earth","transform":{"columns":[[0.95525646,-0.0055472422,0.29572654,0],[-0.29577738,-0.020734744,0.95503175,0],[0.00083402265,-0.9997694,-0.021447752,0],[-1.2216177,0.5239946,-1.2905114,1]]}},"label":"ARImageAnchor didUpdate","timestamp":1742667918.849434},{"timestamp":1742667923.1509361,"content":{"identifier":"AEA5C3C6-D4CA-403A-959F-861AE19FE678","name":"bunny","transform":{"columns":[[0.18113263,0.000947863,-0.9834584,0],[-0.00039197892,0.9999994,0.0008916111,0],[0.9834587,0.00022399507,0.18113288,0],[0.014600549,-0.42162317,-0.7631021,1]]}},"label":"Bunny didUpdate"},{"label":"ARImageAnchor didAdd","content":{"name":"Lenna","transform":{"columns":[[0.36037403,-0.042517483,-0.9318384,0],[0.9322938,-0.016739465,0.36131397,0],[-0.030960625,-0.9989553,0.033606324,0],[0.2587962,-0.74493605,-0.2877865,1]]},"identifier":"6BAD7D5D-D14A-EF93-1C8B-F6BEC80B8329"},"timestamp":1742667924.008436},{"label":"ARImageAnchor didUpdate","content":{"name":"Lenna","identifier":"6BAD7D5D-D14A-EF93-1C8B-F6BEC80B8329","transform":{"columns":[[0.36037403,-0.042517483,-0.9318384,0],[0.9322938,-0.016739465,0.36131397,0],[-0.030960625,-0.9989553,0.033606324,0],[0.2587962,-0.74493605,-0.2877865,1]]}},"timestamp":1742667924.015922},{"label":"ARImageAnchor didAdd","timestamp":1742667928.1416879,"content":{"name":"Sailboat","identifier":"C35EAC54-3E90-1B97-807B-5E3B8F238DB7","transform":{"columns":[[0.9515354,-0.003748843,0.3075161,0],[-0.30752593,-0.0024031731,0.95153654,0],[-0.0028281435,-0.99998987,-0.0034395806,0],[0.5455351,0.6870163,-0.7064474,1]]}}},{"content":{"identifier":"C35EAC54-3E90-1B97-807B-5E3B8F238DB7","name":"Sailboat","transform":{"columns":[[0.9515354,-0.003748843,0.3075161,0],[-0.30752593,-0.0024031731,0.95153654,0],[-0.0028281435,-0.99998987,-0.0034395806,0],[0.5455351,0.6870163,-0.7064474,1]]}},"timestamp":1742667928.1490998,"label":"ARImageAnchor didUpdate"},{"content":{"name":"Mandrill","transform":{"columns":[[-0.32569942,-0.017950188,0.94530284,0],[-0.9446401,0.048144203,-0.32455683,0],[-0.039685003,-0.9986789,-0.032637008,0],[1.0514976,0.7075392,0.054820035,1]]},"identifier":"A19C2489-597B-2BED-432C-244B551E75FD"},"label":"ARImageAnchor didAdd","timestamp":1742667930.2414289},{"label":"ARImageAnchor didUpdate","timestamp":1742667930.249891,"content":{"transform":{"columns":[[-0.32569942,-0.017950188,0.94530284,0],[-0.9446401,0.048144203,-0.32455683,0],[-0.039685003,-0.9986789,-0.032637008,0],[1.0514976,0.7075392,0.054820035,1]]},"identifier":"A19C2489-597B-2BED-432C-244B551E75FD","name":"Mandrill"}},{"label":"ARImageAnchor didAdd","timestamp":1742667932.3080091,"content":{"transform":{"columns":[[-0.33357143,-0.011484818,0.9426548,0],[-0.9426167,-0.011074885,-0.33369288,0],[0.0142722195,-0.9998725,-0.00713151,0],[0.8856313,0.084984995,0.77238595,1]]},"name":"Peppers","identifier":"61BB3DDD-C96C-6E82-3432-BD712CCBCB28"}},{"label":"ARImageAnchor didUpdate","content":{"identifier":"61BB3DDD-C96C-6E82-3432-BD712CCBCB28","name":"Peppers","transform":{"columns":[[-0.33357143,-0.011484818,0.9426548,0],[-0.9426167,-0.011074885,-0.33369288,0],[0.0142722195,-0.9998725,-0.00713151,0],[0.8856313,0.084984995,0.77238595,1]]}},"timestamp":1742667932.316786},{"label":"ARImageAnchor didUpdate","timestamp":1742667933.315722,"content":{"identifier":"61BB3DDD-C96C-6E82-3432-BD712CCBCB28","transform":{"columns":[[-0.32621413,-0.010641371,0.9452358,0],[-0.9452904,0.0070576593,-0.3261535,0],[-0.003200423,-0.9999183,-0.012361497,0],[0.88413686,0.08809958,0.76721,0.99999994]]},"name":"Peppers"}},{"content":{"name":"Peppers","identifier":"61BB3DDD-C96C-6E82-3432-BD712CCBCB28","transform":{"columns":[[-0.32621413,-0.010641371,0.9452358,0],[-0.9452904,0.0070576593,-0.3261535,0],[-0.003200423,-0.9999183,-0.012361497,0],[0.88413686,0.08809958,0.76721,0.99999994]]}},"timestamp":1742667933.348764,"label":"ARImageAnchor didUpdate"},{"timestamp":1742667938.253756,"content":{"transform":{"columns":[[0.1801811,0.0013392788,-0.98363286,0],[-0.0011502005,0.9999985,0.0011508691,0],[0.98363286,0.00092401,0.18018235,0],[0.014610067,-0.42156163,-0.7631779,1]]},"name":"bunny","identifier":"AEA5C3C6-D4CA-403A-959F-861AE19FE678"},"label":"Bunny didUpdate"},{"timestamp":1742667938.6502938,"label":"Bunny didUpdate","content":{"transform":{"columns":[[0.18017446,0.001334558,-0.9836342,0],[-0.0011599609,0.99999845,0.0011442878,0],[0.9836341,0.0009348055,0.1801757,0],[0.014609389,-0.42155957,-0.7631757,1]]},"identifier":"AEA5C3C6-D4CA-403A-959F-861AE19FE678","name":"bunny"}},{"label":"Bunny didUpdate","timestamp":1742667945.945469,"content":{"name":"bunny","identifier":"AEA5C3C6-D4CA-403A-959F-861AE19FE678","transform":{"columns":[[0.1798712,0.0015748483,-0.9836895,0],[-0.0014833931,0.99999774,0.0013297136,0],[0.9836892,0.0012200206,0.1798731,0],[0.014618535,-0.42153275,-0.76320946,1]]}}}]