[{"label":"Application launched","timestamp":1742577653.617299},{"timestamp":1742577653.6174111,"label":"Initialize ARViewModel"},{"timestamp":1742577653.619396,"label":"Finished Initialize ARViewModel"},{"label":"Initialize AnchorManager","timestamp":1742577653.6194491},{"timestamp":1742577653.619463,"label":"Fininshed Initialize AnchorManager"},{"timestamp":1742577653.6194758,"label":"ContentView Initialize"},{"timestamp":1742577676.341795,"label":"Finished Ranging","content":{"beaconName":"DWM3001CDK (8449B511)","position":[0.7203276,-0.5118942,-0.3305695]}},{"timestamp":1742577676.3652248,"label":"Bunny didAdd","content":{"name":"bunny","identifier":"4C0DFD7C-4149-4D50-8834-EDA40DEFE445","transform":{"columns":[[0.85585624,0,-0.51721376,0],[0,1,0,0],[0.51721376,0,0.85585624,0],[0.7203276,-0.5118942,-0.3305695,1]]}}},{"content":{"transform":{"columns":[[0.42998698,0.003613215,0.9028277,0],[-0.90282875,-0.0019732737,0.42999536,0],[0.0033351996,-0.9999913,0.0024136268,0],[0.24187937,0.4368702,-1.6120899,0.9999998]]},"identifier":"088EF783-5990-B052-BE99-B8AA15BA6C68","name":"Earth"},"timestamp":1742577680.3481688,"label":"ARImageAnchor didAdd"},{"content":{"name":"Earth","identifier":"088EF783-5990-B052-BE99-B8AA15BA6C68","transform":{"columns":[[0.42998698,0.003613215,0.9028277,0],[-0.90282875,-0.0019732737,0.42999536,0],[0.0033351996,-0.9999913,0.0024136268,0],[0.24187937,0.4368702,-1.6120899,0.9999998]]}},"label":"ARImageAnchor didUpdate","timestamp":1742577680.35539},{"timestamp":1742577680.873313,"content":{"transform":{"columns":[[0.4440544,0.002856353,0.8959953,0],[-0.89595973,-0.00803363,0.4440624,0],[0.008466488,-0.99996346,-0.0010081826,0],[0.24381804,0.4403607,-1.6230065,0.99999994]]},"identifier":"088EF783-5990-B052-BE99-B8AA15BA6C68","name":"Earth"},"label":"ARImageAnchor didUpdate"},{"timestamp":1742577680.888197,"label":"ARImageAnchor didUpdate","content":{"identifier":"088EF783-5990-B052-BE99-B8AA15BA6C68","name":"Earth","transform":{"columns":[[0.4440544,0.002856353,0.8959953,0],[-0.89595973,-0.00803363,0.4440624,0],[0.008466488,-0.99996346,-0.0010081826,0],[0.24381804,0.4403607,-1.6230065,0.99999994]]}}},{"content":{"name":"Car","identifier":"FF85DBE1-76D3-E459-2D24-8EDCEE263300","transform":{"columns":[[0.37820053,0.017832495,0.9255518,0],[-0.9256746,0.017563006,0.3779123,0],[-0.0095163705,-0.9996865,0.023149442,0],[0.1599681,-0.8083396,-0.47259519,0.99999994]]}},"timestamp":1742577684.081156,"label":"ARImageAnchor didAdd"},{"timestamp":1742577684.089054,"label":"ARImageAnchor didUpdate","content":{"name":"Car","transform":{"columns":[[0.37820053,0.017832495,0.9255518,0],[-0.9256746,0.017563006,0.3779123,0],[-0.0095163705,-0.9996865,0.023149442,0],[0.1599681,-0.8083396,-0.47259519,0.99999994]]},"identifier":"FF85DBE1-76D3-E459-2D24-8EDCEE263300"}},{"content":{"identifier":"6BAD7D5D-D14A-EF93-1C8B-F6BEC80B8329","transform":{"columns":[[0.9086577,-0.041215386,-0.41550258,0],[0.41617507,0.008951823,0.90924037,0],[-0.0337552,-0.9991101,0.025286986,0],[0.52697426,-0.8121106,0.14194265,1]]},"name":"Lenna"},"label":"ARImageAnchor didAdd","timestamp":1742577688.347484},{"label":"ARImageAnchor didUpdate","timestamp":1742577688.355186,"content":{"transform":{"columns":[[0.9086577,-0.041215386,-0.41550258,0],[0.41617507,0.008951823,0.90924037,0],[-0.0337552,-0.9991101,0.025286986,0],[0.52697426,-0.8121106,0.14194265,1]]},"name":"Lenna","identifier":"6BAD7D5D-D14A-EF93-1C8B-F6BEC80B8329"}},{"content":{"identifier":"6BAD7D5D-D14A-EF93-1C8B-F6BEC80B8329","name":"Lenna","transform":{"columns":[[0.91244775,-0.031304587,-0.40799388,0],[0.40819407,1.663129e-06,0.9128951,0],[-0.028577143,-0.99950975,0.01277987,0],[0.5231471,-0.80813235,0.14464806,0.99999994]]}},"label":"ARImageAnchor didUpdate","timestamp":1742577689.40452},{"content":{"identifier":"6BAD7D5D-D14A-EF93-1C8B-F6BEC80B8329","transform":{"columns":[[0.91244775,-0.031304587,-0.40799388,0],[0.40819407,1.663129e-06,0.9128951,0],[-0.028577143,-0.99950975,0.01277987,0],[0.5231471,-0.80813235,0.14464806,0.99999994]]},"name":"Lenna"},"timestamp":1742577689.420471,"label":"ARImageAnchor didUpdate"},{"content":{"identifier":"C35EAC54-3E90-1B97-807B-5E3B8F238DB7","transform":{"columns":[[0.37994057,-0.0056767156,0.9249934,0],[-0.9244897,0.031233896,0.3799253,0],[-0.031047886,-0.99949586,0.0066189617,0],[1.0210032,0.61736524,0.06258376,0.99999994]]},"name":"Sailboat"},"label":"ARImageAnchor didAdd","timestamp":1742577692.04882},{"label":"ARImageAnchor didUpdate","content":{"transform":{"columns":[[0.37994057,-0.0056767156,0.9249934,0],[-0.9244897,0.031233896,0.3799253,0],[-0.031047886,-0.99949586,0.0066189617,0],[1.0210032,0.61736524,0.06258376,0.99999994]]},"name":"Sailboat","identifier":"C35EAC54-3E90-1B97-807B-5E3B8F238DB7"},"timestamp":1742577692.054251},{"content":{"transform":{"columns":[[0.44052175,0.006162194,0.8977207,0],[-0.89725,0.036119193,0.44004285,0],[-0.029713325,-0.9993284,0.021440327,0],[1.0246316,0.6227607,0.05830922,0.99999994]]},"name":"Sailboat","identifier":"C35EAC54-3E90-1B97-807B-5E3B8F238DB7"},"timestamp":1742577693.102629,"label":"ARImageAnchor didUpdate"},{"timestamp":1742577693.1205192,"content":{"transform":{"columns":[[0.44052175,0.006162194,0.8977207,0],[-0.89725,0.036119193,0.44004285,0],[-0.029713325,-0.9993284,0.021440327,0],[1.0246316,0.6227607,0.05830922,0.99999994]]},"name":"Sailboat","identifier":"C35EAC54-3E90-1B97-807B-5E3B8F238DB7"},"label":"ARImageAnchor didUpdate"},{"timestamp":1742577695.230314,"content":{"name":"Mandrill","identifier":"A19C2489-597B-2BED-432C-244B551E75FD","transform":{"columns":[[-0.90621364,-0.0121964915,0.42264402,0],[-0.42277855,0.04011979,-0.90534437,0],[-0.00591436,-0.9991203,-0.041513514,0],[0.82046777,0.6519886,0.94783443,0.99999994]]}},"label":"ARImageAnchor didAdd"},{"content":{"identifier":"A19C2489-597B-2BED-432C-244B551E75FD","name":"Mandrill","transform":{"columns":[[-0.90621364,-0.0121964915,0.42264402,0],[-0.42277855,0.04011979,-0.90534437,0],[-0.00591436,-0.9991203,-0.041513514,0],[0.82046777,0.6519886,0.94783443,0.99999994]]}},"timestamp":1742577695.23741,"label":"ARImageAnchor didUpdate"},{"content":{"identifier":"61BB3DDD-C96C-6E82-3432-BD712CCBCB28","name":"Peppers","transform":{"columns":[[-0.9061963,-0.0023280825,0.42285055,0],[-0.42284772,-0.0016223908,-0.90619916,0],[0.0027957319,-0.9999959,0.000485747,0],[0.18282875,0.03556896,1.3288066,0.9999999]]}},"timestamp":1742577697.846868,"label":"ARImageAnchor didAdd"},{"timestamp":1742577697.856432,"label":"ARImageAnchor didUpdate","content":{"identifier":"61BB3DDD-C96C-6E82-3432-BD712CCBCB28","name":"Peppers","transform":{"columns":[[-0.9061963,-0.0023280825,0.42285055,0],[-0.42284772,-0.0016223908,-0.90619916,0],[0.0027957319,-0.9999959,0.000485747,0],[0.18282875,0.03556896,1.3288066,0.9999999]]}}},{"content":{"name":"Peppers","transform":{"columns":[[-0.9040217,-0.003129563,0.427475,0],[-0.42744383,-0.00750122,-0.90401065,0],[0.0060357344,-0.99996686,0.0054435395,0],[0.18535599,0.037150096,1.3243128,0.99999994]]},"identifier":"61BB3DDD-C96C-6E82-3432-BD712CCBCB28"},"timestamp":1742577698.371383,"label":"ARImageAnchor didUpdate"},{"content":{"transform":{"columns":[[-0.9040217,-0.003129563,0.427475,0],[-0.42744383,-0.00750122,-0.90401065,0],[0.0060357344,-0.99996686,0.0054435395,0],[0.18535599,0.037150096,1.3243128,0.99999994]]},"name":"Peppers","identifier":"61BB3DDD-C96C-6E82-3432-BD712CCBCB28"},"label":"ARImageAnchor didUpdate","timestamp":1742577698.3868542},{"content":{"name":"Car","identifier":"FF85DBE1-76D3-E459-2D24-8EDCEE263300","transform":{"columns":[[0.37956965,0.015947912,0.9250255,0],[-0.9251616,0.0048229317,0.37954238,0],[0.001591552,-0.999861,0.016585039,0],[0.18171868,-0.8186259,-0.48285797,0.9999998]]}},"label":"ARImageAnchor didUpdate","timestamp":1742577706.870121},{"content":{"identifier":"FF85DBE1-76D3-E459-2D24-8EDCEE263300","transform":{"columns":[[0.37956965,0.015947912,0.9250255,0],[-0.9251616,0.0048229317,0.37954238,0],[0.001591552,-0.999861,0.016585039,0],[0.18171868,-0.8186259,-0.48285797,0.9999998]]},"name":"Car"},"label":"ARImageAnchor didUpdate","timestamp":1742577706.886801},{"content":{"name":"Earth","identifier":"088EF783-5990-B052-BE99-B8AA15BA6C68","transform":{"columns":[[0.4372292,0.0029261103,0.89934534,0],[-0.8993475,-0.0009771297,0.4372334,0],[0.0021581617,-0.99999505,0.0022043684,0],[0.25924805,0.43478557,-1.6274254,1]]}},"label":"ARImageAnchor didUpdate","timestamp":1742577709.5032291},{"timestamp":1742577709.519834,"label":"ARImageAnchor didUpdate","content":{"identifier":"088EF783-5990-B052-BE99-B8AA15BA6C68","name":"Earth","transform":{"columns":[[0.4372292,0.0029261103,0.89934534,0],[-0.8993475,-0.0009771297,0.4372334,0],[0.0021581617,-0.99999505,0.0022043684,0],[0.25924805,0.43478557,-1.6274254,1]]}}}]