[{"timestamp":1742638256.978704,"label":"Application launched"},{"label":"Initialize ARViewModel","timestamp":1742638256.978756},{"label":"Finished Initialize ARViewModel","timestamp":1742638256.979635},{"timestamp":1742638256.979645,"label":"Initialize AnchorManager"},{"label":"Fininshed Initialize AnchorManager","timestamp":1742638256.979649},{"timestamp":1742638256.979653,"label":"ContentView Initialize"},{"label":"Finished Ranging","timestamp":1742638279.0142741,"content":{"beaconName":"DWM3001CDK (8449B511)","position":[-0.19958384,-0.3273481,-0.7315915]}},{"label":"Bunny didAdd","content":{"transform":{"columns":[[-0.13551366,0,-0.9907754,0],[0,1,0,0],[0.9907754,0,-0.13551366,0],[-0.19958384,-0.3273481,-0.7315915,1]]},"name":"bunny","identifier":"C39A4E0C-251D-419D-820B-8D95FE7CA524"},"timestamp":1742638279.0359778},{"timestamp":1742638281.302618,"content":{"name":"Lenna","identifier":"6BAD7D5D-D14A-EF93-1C8B-F6BEC80B8329","transform":{"columns":[[-0.020712245,-0.036047257,-0.9991354,0],[0.99976707,-0.0067936243,-0.020480229,0],[-0.006049484,-0.9993268,0.036179565,0],[0.20722625,-0.6388543,-0.40106398,0.9999999]]}},"label":"ARImageAnchor didAdd"},{"timestamp":1742638281.3136811,"label":"ARImageAnchor didUpdate","content":{"name":"Lenna","identifier":"6BAD7D5D-D14A-EF93-1C8B-F6BEC80B8329","transform":{"columns":[[-0.020712245,-0.036047257,-0.9991354,0],[0.99976707,-0.0067936243,-0.020480229,0],[-0.006049484,-0.9993268,0.036179565,0],[0.20722625,-0.6388543,-0.40106398,0.9999999]]}}},{"label":"Bunny didUpdate","content":{"transform":{"columns":[[-0.1358503,2.6878366e-05,-0.99072915,0],[-0.0002643016,0.99999994,6.337132e-05,0],[0.99072915,0.0002704603,-0.1358503,0],[-0.19961232,-0.3273594,-0.73157024,0.99999994]]},"identifier":"C39A4E0C-251D-419D-820B-8D95FE7CA524","name":"bunny"},"timestamp":1742638281.596806},{"content":{"name":"Car","identifier":"FF85DBE1-76D3-E459-2D24-8EDCEE263300","transform":{"columns":[[0.999874,0.004073574,0.015345801,0],[-0.01524235,-0.024313077,0.9995882,0],[0.0044449894,-0.99969596,-0.02424795,0],[-0.49259454,-0.63612765,-0.3099151,0.99999994]]}},"timestamp":1742638283.91905,"label":"ARImageAnchor didAdd"},{"timestamp":1742638283.9293919,"label":"ARImageAnchor didUpdate","content":{"name":"Car","identifier":"FF85DBE1-76D3-E459-2D24-8EDCEE263300","transform":{"columns":[[0.999874,0.004073574,0.015345801,0],[-0.01524235,-0.024313077,0.9995882,0],[0.0044449894,-0.99969596,-0.02424795,0],[-0.49259454,-0.63612765,-0.3099151,0.99999994]]}}},{"timestamp":1742638286.019957,"label":"ARImageAnchor didAdd","content":{"transform":{"columns":[[0.9991038,-0.006284129,-0.04185616,0],[0.041657913,-0.028920038,0.99871325,0],[-0.0074865264,-0.99956185,-0.028632341,0],[-1.5213625,0.61669624,-0.84381855,0.9999999]]},"name":"Earth","identifier":"088EF783-5990-B052-BE99-B8AA15BA6C68"}},{"label":"ARImageAnchor didUpdate","timestamp":1742638286.026097,"content":{"identifier":"088EF783-5990-B052-BE99-B8AA15BA6C68","name":"Earth","transform":{"columns":[[0.9991038,-0.006284129,-0.04185616,0],[0.041657913,-0.028920038,0.99871325,0],[-0.0074865264,-0.99956185,-0.028632341,0],[-1.5213625,0.61669624,-0.84381855,0.9999999]]}}},{"timestamp":1742638286.542552,"content":{"name":"Earth","transform":{"columns":[[0.9989255,-0.0062089106,-0.045925543,0],[0.045604423,-0.044566095,0.99796486,0],[-0.008243003,-0.998987,-0.044235054,0],[-1.5279828,0.62186605,-0.8497319,0.9999999]]},"identifier":"088EF783-5990-B052-BE99-B8AA15BA6C68"},"label":"ARImageAnchor didUpdate"},{"timestamp":1742638286.5595841,"content":{"name":"Earth","transform":{"columns":[[0.9989255,-0.0062089106,-0.045925543,0],[0.045604423,-0.044566095,0.99796486,0],[-0.008243003,-0.998987,-0.044235054,0],[-1.5279828,0.62186605,-0.8497319,0.9999999]]},"identifier":"088EF783-5990-B052-BE99-B8AA15BA6C68"},"label":"ARImageAnchor didUpdate"},{"content":{"transform":{"columns":[[-0.1359875,0.00016612456,-0.99071014,0],[-0.00035189447,0.99999976,0.00021598423,0],[0.99071026,0.00037799665,-0.13598745,0],[-0.19962892,-0.3273267,-0.731593,0.99999994]]},"name":"bunny","identifier":"C39A4E0C-251D-419D-820B-8D95FE7CA524"},"timestamp":1742638289.1945791,"label":"Bunny didUpdate"},{"content":{"name":"Sailboat","transform":{"columns":[[0.9971481,0.008424849,-0.07499777,0],[0.074877985,0.013735884,0.99709797,0],[0.009430558,-0.99987,0.013065875,0],[0.30896372,0.79786223,-0.8949557,0.99999994]]},"identifier":"C35EAC54-3E90-1B97-807B-5E3B8F238DB7"},"label":"ARImageAnchor didAdd","timestamp":1742638289.918966},{"content":{"transform":{"columns":[[0.9971481,0.008424849,-0.07499777,0],[0.074877985,0.013735884,0.99709797,0],[0.009430558,-0.99987,0.013065875,0],[0.30896372,0.79786223,-0.8949557,0.99999994]]},"identifier":"C35EAC54-3E90-1B97-807B-5E3B8F238DB7","name":"Sailboat"},"timestamp":1742638289.9289021,"label":"ARImageAnchor didUpdate"},{"label":"ARImageAnchor didAdd","content":{"transform":{"columns":[[0.032694735,-0.014230552,0.999364,0],[-0.99803257,0.05305504,0.033406597,0],[-0.0534967,-0.99849,-0.012467934,0],[1.0510743,0.82583135,-0.3606392,1]]},"name":"Mandrill","identifier":"A19C2489-597B-2BED-432C-244B551E75FD"},"timestamp":1742638291.9857268},{"content":{"identifier":"A19C2489-597B-2BED-432C-244B551E75FD","transform":{"columns":[[0.032694735,-0.014230552,0.999364,0],[-0.99803257,0.05305504,0.033406597,0],[-0.0534967,-0.99849,-0.012467934,0],[1.0510743,0.82583135,-0.3606392,1]]},"name":"Mandrill"},"timestamp":1742638291.993135,"label":"ARImageAnchor didUpdate"},{"content":{"transform":{"columns":[[0.04024868,-0.0044735176,0.9991796,0],[-0.9990744,0.015003925,0.040311564,0],[-0.0151719805,-0.99987733,-0.0038654911,0],[1.1503643,0.2063072,0.3708527,0.9999999]]},"name":"Peppers","identifier":"61BB3DDD-C96C-6E82-3432-BD712CCBCB28"},"timestamp":1742638294.05196,"label":"ARImageAnchor didAdd"},{"content":{"identifier":"61BB3DDD-C96C-6E82-3432-BD712CCBCB28","transform":{"columns":[[0.04024868,-0.0044735176,0.9991796,0],[-0.9990744,0.015003925,0.040311564,0],[-0.0151719805,-0.99987733,-0.0038654911,0],[1.1503643,0.2063072,0.3708527,0.9999999]]},"name":"Peppers"},"timestamp":1742638294.0596318,"label":"ARImageAnchor didUpdate"},{"label":"Bunny didUpdate","timestamp":1742638296.4941158,"content":{"transform":{"columns":[[-0.13593623,0.0003242508,-0.9907171,0],[-0.00035012022,0.99999964,0.00037532893,0],[0.9907173,0.000397891,-0.13593613,0],[-0.199615,-0.32728237,-0.73163843,0.99999994]]},"name":"bunny","identifier":"C39A4E0C-251D-419D-820B-8D95FE7CA524"}},{"timestamp":1742638297.393487,"label":"Bunny didUpdate","content":{"identifier":"C39A4E0C-251D-419D-820B-8D95FE7CA524","transform":{"columns":[[-0.13595957,0.00036596457,-0.99071383,0],[-0.0005368098,0.99999946,0.00044306315,0],[0.9907139,0.0005920639,-0.13595936,0],[-0.1995751,-0.32728392,-0.7316526,0.99999994]]},"name":"bunny"}},{"timestamp":1742638298.193382,"label":"Bunny didUpdate","content":{"name":"bunny","identifier":"C39A4E0C-251D-419D-820B-8D95FE7CA524","transform":{"columns":[[-0.13598095,0.00038596938,-0.99071074,0],[-0.00055931276,0.9999994,0.0004663571,0],[0.99071085,0.0006175331,-0.13598073,0],[-0.19957548,-0.32727993,-0.7316561,0.99999994]]}}},{"timestamp":1742638298.893745,"label":"Bunny didUpdate","content":{"transform":{"columns":[[-0.13602792,0.0004064196,-0.9907041,0],[-0.0005673547,0.99999934,0.00048813308,0],[0.9907043,0.00062848075,-0.13602771,0],[-0.19958663,-0.3272748,-0.7316562,0.99999994]]},"name":"bunny","identifier":"C39A4E0C-251D-419D-820B-8D95FE7CA524"}},{"timestamp":1742638299.2931762,"label":"Bunny didUpdate","content":{"identifier":"C39A4E0C-251D-419D-820B-8D95FE7CA524","transform":{"columns":[[-0.13603899,0.00039377625,-0.99070245,0],[-0.0005563358,0.9999993,0.00047386513,0],[0.99070275,0.0006156278,-0.13603877,0],[-0.19959247,-0.3272775,-0.73165154,0.99999994]]},"name":"bunny"}},{"label":"Bunny didUpdate","timestamp":1742638300.995708,"content":{"name":"bunny","identifier":"C39A4E0C-251D-419D-820B-8D95FE7CA524","transform":{"columns":[[-0.13590285,0.00044267168,-0.9907209,0],[-0.0005584886,0.9999991,0.00052342843,0],[0.9907212,0.00062444236,-0.13590263,0],[-0.19955394,-0.32726416,-0.73167926,0.9999998]]}}},{"label":"ARImageAnchor didUpdate","content":{"identifier":"C35EAC54-3E90-1B97-807B-5E3B8F238DB7","transform":{"columns":[[0.99737114,0.006467947,-0.07217215,0],[0.07215191,0.0033196725,0.997388,0],[0.0066906423,-0.99997336,0.0028442715,0],[0.3250333,0.7906101,-0.8978429,0.9999999]]},"name":"Sailboat"},"timestamp":1742638304.3583732},{"timestamp":1742638304.3932629,"label":"ARImageAnchor didUpdate","content":{"identifier":"C35EAC54-3E90-1B97-807B-5E3B8F238DB7","transform":{"columns":[[0.99737114,0.006467947,-0.07217215,0],[0.07215191,0.0033196725,0.997388,0],[0.0066906423,-0.99997336,0.0028442715,0],[0.3250333,0.7906101,-0.8978429,0.9999999]]},"name":"Sailboat"}},{"content":{"transform":{"columns":[[-0.13581663,0.0005157662,-0.99073255,0],[-0.00061293587,0.99999887,0.00060461584,0],[0.99073285,0.000689373,-0.13581632,0],[-0.19951606,-0.32724747,-0.73170877,0.99999994]]},"name":"bunny","identifier":"C39A4E0C-251D-419D-820B-8D95FE7CA524"},"label":"Bunny didUpdate","timestamp":1742638306.3932328},{"timestamp":1742638310.559587,"label":"ARImageAnchor didUpdate","content":{"name":"Earth","transform":{"columns":[[0.99930155,-0.0015123828,-0.037336588,0],[0.037328698,-0.0049415682,0.99929076,0],[-0.0016958164,-0.9999865,-0.004881655,0],[-1.5387242,0.6157563,-0.8472074,0.99999994]]},"identifier":"088EF783-5990-B052-BE99-B8AA15BA6C68"}},{"label":"ARImageAnchor didUpdate","timestamp":1742638310.591294,"content":{"identifier":"088EF783-5990-B052-BE99-B8AA15BA6C68","transform":{"columns":[[0.99930155,-0.0015123828,-0.037336588,0],[0.037328698,-0.0049415682,0.99929076,0],[-0.0016958164,-0.9999865,-0.004881655,0],[-1.5387242,0.6157563,-0.8472074,0.99999994]]},"name":"Earth"}},{"timestamp":1742638315.39251,"content":{"transform":{"columns":[[-0.13580656,0.0006817443,-0.99073374,0],[-0.00057840795,0.9999987,0.000767406,0],[0.9907341,0.00067726785,-0.13580617,0],[-0.1995216,-0.3271986,-0.73175025,0.99999994]]},"name":"bunny","identifier":"C39A4E0C-251D-419D-820B-8D95FE7CA524"},"label":"Bunny didUpdate"},{"content":{"name":"bunny","identifier":"C39A4E0C-251D-419D-820B-8D95FE7CA524","transform":{"columns":[[-0.13582797,0.0008145454,-0.99073064,0],[-0.00067560293,0.9999984,0.0009147893,0],[0.990731,0.00079359545,-0.13582739,0],[-0.19950378,-0.32716823,-0.7317842,0.9999998]]}},"timestamp":1742638318.227529,"label":"Bunny didUpdate"}]