[{"timestamp":1742670034.701354,"label":"Application launched"},{"timestamp":1742670034.701438,"label":"Initialize ARViewModel"},{"timestamp":1742670034.70238,"label":"Finished Initialize ARViewModel"},{"label":"Initialize AnchorManager","timestamp":1742670034.702393},{"timestamp":1742670034.7023978,"label":"Fininshed Initialize AnchorManager"},{"timestamp":1742670034.702402,"label":"ContentView Initialize"},{"timestamp":1742670068.921821,"content":{"beaconName":"DWM3001CDK (8449B511)","position":[0.10855694,-0.37565514,-0.61829674]},"label":"Finished Ranging"},{"timestamp":1742670068.97654,"label":"Bunny didAdd","content":{"name":"bunny","transform":{"columns":[[0.14735729,0,-0.98908335,0],[0,1,0,0],[0.98908335,0,0.14735729,0],[0.10855694,-0.37565514,-0.61829674,1]]},"identifier":"A82A08B1-9E57-48E6-A1ED-798D4E354FCA"}},{"label":"ARImageAnchor didAdd","timestamp":1742670071.0097718,"content":{"name":"Car","identifier":"FF85DBE1-76D3-E459-2D24-8EDCEE263300","transform":{"columns":[[0.9527622,0.009588242,0.30356583,0],[-0.30339843,-0.015735924,0.9527337,0],[0.013911926,-0.9998301,-0.012083499,0],[-0.2717196,-0.6807535,-0.2666915,0.9999999]]}}},{"timestamp":1742670071.021078,"label":"ARImageAnchor didUpdate","content":{"identifier":"FF85DBE1-76D3-E459-2D24-8EDCEE263300","transform":{"columns":[[0.9527622,0.009588242,0.30356583,0],[-0.30339843,-0.015735924,0.9527337,0],[0.013911926,-0.9998301,-0.012083499,0],[-0.2717196,-0.6807535,-0.2666915,0.9999999]]},"name":"Car"}},{"timestamp":1742670074.209826,"label":"ARImageAnchor didAdd","content":{"name":"Earth","identifier":"088EF783-5990-B052-BE99-B8AA15BA6C68","transform":{"columns":[[0.9692831,-0.0024232734,0.24593602,0],[-0.24591811,-0.025121188,0.9689651,0],[0.0038301316,-0.9996815,-0.024945468,0],[-1.0938436,0.56790847,-1.0328926,1]]}}},{"timestamp":1742670074.21521,"label":"ARImageAnchor didUpdate","content":{"transform":{"columns":[[0.9692831,-0.0024232734,0.24593602,0],[-0.24591811,-0.025121188,0.9689651,0],[0.0038301316,-0.9996815,-0.024945468,0],[-1.0938436,0.56790847,-1.0328926,1]]},"identifier":"088EF783-5990-B052-BE99-B8AA15BA6C68","name":"Earth"}},{"timestamp":1742670079.009917,"content":{"name":"Lenna","identifier":"6BAD7D5D-D14A-EF93-1C8B-F6BEC80B8329","transform":{"columns":[[0.26875558,-0.034520242,-0.9625897,0],[0.9611881,-0.055080447,0.27033958,0],[-0.062352046,-0.99788487,0.018377256,0],[0.42435044,-0.6834318,-0.15337949,0.99999994]]}},"label":"ARImageAnchor didAdd"},{"label":"ARImageAnchor didUpdate","timestamp":1742670079.0172272,"content":{"identifier":"6BAD7D5D-D14A-EF93-1C8B-F6BEC80B8329","transform":{"columns":[[0.26875558,-0.034520242,-0.9625897,0],[0.9611881,-0.055080447,0.27033958,0],[-0.062352046,-0.99788487,0.018377256,0],[0.42435044,-0.6834318,-0.15337949,0.99999994]]},"name":"Lenna"}},{"label":"Bunny didUpdate","timestamp":1742670081.719902,"content":{"name":"bunny","transform":{"columns":[[0.14694253,0.00025416922,-0.989145,0],[-1.615959e-05,1,0.00025455796,0],[0.98914504,-2.1421201e-05,0.14694253,0],[0.10851532,-0.37562802,-0.6183442,1]]},"identifier":"A82A08B1-9E57-48E6-A1ED-798D4E354FCA"}},{"label":"ARImageAnchor didAdd","timestamp":1742670082.209264,"content":{"name":"Sailboat","identifier":"C35EAC54-3E90-1B97-807B-5E3B8F238DB7","transform":{"columns":[[0.96427774,0.0021050798,0.26488462,0],[-0.2648927,0.006235978,0.9642577,0],[0.00037802503,-0.99997824,0.0065708356,0],[0.6737373,0.73569274,-0.5848674,1]]}}},{"timestamp":1742670082.216617,"content":{"transform":{"columns":[[0.96427774,0.0021050798,0.26488462,0],[-0.2648927,0.006235978,0.9642577,0],[0.00037802503,-0.99997824,0.0065708356,0],[0.6737373,0.73569274,-0.5848674,1]]},"name":"Sailboat","identifier":"C35EAC54-3E90-1B97-807B-5E3B8F238DB7"},"label":"ARImageAnchor didUpdate"},{"timestamp":1742670084.3425379,"label":"ARImageAnchor didAdd","content":{"name":"Mandrill","transform":{"columns":[[-0.25881678,-0.012531872,0.96584517,0],[-0.9653034,0.039261304,-0.25816223,0],[-0.034685083,-0.99915034,-0.022258542,0],[1.2369044,0.7671877,0.14274831,1]]},"identifier":"A19C2489-597B-2BED-432C-244B551E75FD"}},{"content":{"identifier":"A19C2489-597B-2BED-432C-244B551E75FD","transform":{"columns":[[-0.25881678,-0.012531872,0.96584517,0],[-0.9653034,0.039261304,-0.25816223,0],[-0.034685083,-0.99915034,-0.022258542,0],[1.2369044,0.7671877,0.14274831,1]]},"name":"Mandrill"},"label":"ARImageAnchor didUpdate","timestamp":1742670084.3507829},{"content":{"identifier":"61BB3DDD-C96C-6E82-3432-BD712CCBCB28","transform":{"columns":[[-0.28052676,-0.003031202,0.9598413,0],[-0.95974034,-0.01395683,-0.28054136,0],[0.014246701,-0.99989796,0.0010060974,0],[1.1160805,0.15254228,0.8715429,0.99999994]]},"name":"Peppers"},"timestamp":1742670085.942441,"label":"ARImageAnchor didAdd"},{"content":{"transform":{"columns":[[-0.28052676,-0.003031202,0.9598413,0],[-0.95974034,-0.01395683,-0.28054136,0],[0.014246701,-0.99989796,0.0010060974,0],[1.1160805,0.15254228,0.8715429,0.99999994]]},"name":"Peppers","identifier":"61BB3DDD-C96C-6E82-3432-BD712CCBCB28"},"timestamp":1742670085.9526181,"label":"ARImageAnchor didUpdate"},{"label":"Bunny didUpdate","content":{"transform":{"columns":[[0.14699644,0.00035478873,-0.9891369,0],[-2.595326e-05,0.99999994,0.0003548282,0],[0.98913705,-2.6487156e-05,0.14699645,0],[0.108522,-0.3756172,-0.61835223,1]]},"name":"bunny","identifier":"A82A08B1-9E57-48E6-A1ED-798D4E354FCA"},"timestamp":1742670090.216598}]