[{"timestamp":1742578152.836864,"label":"Application launched"},{"timestamp":1742578152.836946,"label":"Initialize ARViewModel"},{"label":"Finished Initialize ARViewModel","timestamp":1742578152.837919},{"timestamp":1742578152.837935,"label":"Initialize AnchorManager"},{"timestamp":1742578152.837939,"label":"Fininshed Initialize AnchorManager"},{"label":"ContentView Initialize","timestamp":1742578152.837944},{"timestamp":1742578179.440102,"label":"Finished Ranging","content":{"position":[0.044885073,-0.42580774,-0.8554075],"beaconName":"DWM3001CDK (8449B511)"}},{"content":{"transform":{"columns":[[0.046594918,0,-0.9989139,0],[0,1,0,0],[0.9989139,0,0.046594918,0],[0.044885073,-0.42580774,-0.8554075,1]]},"name":"bunny","identifier":"D7159716-6CD5-44AF-B4BF-C6F921AAB0B3"},"timestamp":1742578179.469674,"label":"Bunny didAdd"},{"content":{"transform":{"columns":[[0.9887383,-0.0014716552,0.1496463,0],[-0.14964828,-0.018122477,0.98857296,0],[0.0012571258,-0.99983466,-0.018138632,0],[-1.2877399,0.5568372,-1.2260716,0.9999999]]},"name":"Earth","identifier":"088EF783-5990-B052-BE99-B8AA15BA6C68"},"label":"ARImageAnchor didAdd","timestamp":1742578184.52091},{"timestamp":1742578184.5265641,"label":"ARImageAnchor didUpdate","content":{"name":"Earth","identifier":"088EF783-5990-B052-BE99-B8AA15BA6C68","transform":{"columns":[[0.9887383,-0.0014716552,0.1496463,0],[-0.14964828,-0.018122477,0.98857296,0],[0.0012571258,-0.99983466,-0.018138632,0],[-1.2877399,0.5568372,-1.2260716,0.9999999]]}}},{"content":{"identifier":"088EF783-5990-B052-BE99-B8AA15BA6C68","transform":{"columns":[[0.9887832,-0.00037738885,0.14935698,0],[-0.14935614,-0.0067095114,0.9887606,0],[0.00062896166,-0.9999774,-0.006690611,0],[-1.2932732,0.5584268,-1.2245165,1]]},"name":"Earth"},"label":"ARImageAnchor didUpdate","timestamp":1742578185.042451},{"content":{"name":"Earth","transform":{"columns":[[0.9887832,-0.00037738885,0.14935698,0],[-0.14935614,-0.0067095114,0.9887606,0],[0.00062896166,-0.9999774,-0.006690611,0],[-1.2932732,0.5584268,-1.2245165,1]]},"identifier":"088EF783-5990-B052-BE99-B8AA15BA6C68"},"label":"ARImageAnchor didUpdate","timestamp":1742578185.059904},{"timestamp":1742578188.785709,"label":"ARImageAnchor didAdd","content":{"transform":{"columns":[[0.9810091,0.012771387,0.19353996,0],[-0.19348402,-0.005490776,0.9810879,0],[0.013592535,-0.9999033,-0.0029154362,0],[-0.399252,-0.71264946,-0.5083157,1]]},"identifier":"FF85DBE1-76D3-E459-2D24-8EDCEE263300","name":"Car"}},{"label":"ARImageAnchor didUpdate","timestamp":1742578188.7928538,"content":{"identifier":"FF85DBE1-76D3-E459-2D24-8EDCEE263300","name":"Car","transform":{"columns":[[0.9810091,0.012771387,0.19353996,0],[-0.19348402,-0.005490776,0.9810879,0],[0.013592535,-0.9999033,-0.0029154362,0],[-0.399252,-0.71264946,-0.5083157,1]]}}},{"timestamp":1742578193.052181,"label":"ARImageAnchor didAdd","content":{"identifier":"6BAD7D5D-D14A-EF93-1C8B-F6BEC80B8329","name":"Lenna","transform":{"columns":[[0.14574645,-0.04169083,-0.98844296,0],[0.9891256,0.026032645,0.1447491,0],[0.019697089,-0.9987913,0.04503165,0],[0.32058254,-0.71383727,-0.45759377,0.99999994]]}}},{"label":"ARImageAnchor didUpdate","timestamp":1742578193.060176,"content":{"transform":{"columns":[[0.14574645,-0.04169083,-0.98844296,0],[0.9891256,0.026032645,0.1447491,0],[0.019697089,-0.9987913,0.04503165,0],[0.32058254,-0.71383727,-0.45759377,0.99999994]]},"name":"Lenna","identifier":"6BAD7D5D-D14A-EF93-1C8B-F6BEC80B8329"}},{"timestamp":1742578193.576754,"content":{"name":"Lenna","transform":{"columns":[[0.21881351,-0.035392407,-0.9751245,0],[0.9757664,0.0074722446,0.21868631,0],[-0.0004534543,-0.9993454,0.036169704,0],[0.3148114,-0.7140411,-0.4556694,0.99999994]]},"identifier":"6BAD7D5D-D14A-EF93-1C8B-F6BEC80B8329"},"label":"ARImageAnchor didUpdate"},{"timestamp":1742578193.5950332,"label":"ARImageAnchor didUpdate","content":{"transform":{"columns":[[0.21881351,-0.035392407,-0.9751245,0],[0.9757664,0.0074722446,0.21868631,0],[-0.0004534543,-0.9993454,0.036169704,0],[0.3148114,-0.7140411,-0.4556694,0.99999994]]},"name":"Lenna","identifier":"6BAD7D5D-D14A-EF93-1C8B-F6BEC80B8329"}},{"label":"ARImageAnchor didAdd","content":{"name":"Sailboat","transform":{"columns":[[0.9880784,0.0037977924,0.15390387,0],[-0.1534653,-0.05503052,0.9866204,0],[0.012216388,-0.9984774,-0.05379163,0],[0.53394645,0.72717094,-0.91480905,0.99999994]]},"identifier":"C35EAC54-3E90-1B97-807B-5E3B8F238DB7"},"timestamp":1742578196.751939},{"content":{"name":"Sailboat","transform":{"columns":[[0.9880784,0.0037977924,0.15390387,0],[-0.1534653,-0.05503052,0.9866204,0],[0.012216388,-0.9984774,-0.05379163,0],[0.53394645,0.72717094,-0.91480905,0.99999994]]},"identifier":"C35EAC54-3E90-1B97-807B-5E3B8F238DB7"},"timestamp":1742578196.758609,"label":"ARImageAnchor didUpdate"},{"timestamp":1742578200.468334,"label":"ARImageAnchor didAdd","content":{"name":"Mandrill","transform":{"columns":[[-0.17166968,-0.015269197,0.9850361,0],[-0.98406976,0.04956345,-0.17073305,0],[-0.046214834,-0.9986542,-0.0235345,0],[1.15207,0.7561262,-0.24250409,1]]},"identifier":"A19C2489-597B-2BED-432C-244B551E75FD"}},{"content":{"transform":{"columns":[[-0.17166968,-0.015269197,0.9850361,0],[-0.98406976,0.04956345,-0.17073305,0],[-0.046214834,-0.9986542,-0.0235345,0],[1.15207,0.7561262,-0.24250409,1]]},"name":"Mandrill","identifier":"A19C2489-597B-2BED-432C-244B551E75FD"},"label":"ARImageAnchor didUpdate","timestamp":1742578200.475364},{"timestamp":1742578203.084856,"label":"ARImageAnchor didAdd","content":{"identifier":"61BB3DDD-C96C-6E82-3432-BD712CCBCB28","transform":{"columns":[[-0.1754147,-0.005194887,0.9844808,0],[-0.9844354,-0.010039544,-0.17545955,0],[0.010795242,-0.99993604,-0.0033529585,0],[1.0968224,0.13891083,0.4934031,1]]},"name":"Peppers"}},{"content":{"name":"Peppers","identifier":"61BB3DDD-C96C-6E82-3432-BD712CCBCB28","transform":{"columns":[[-0.1754147,-0.005194887,0.9844808,0],[-0.9844354,-0.010039544,-0.17545955,0],[0.010795242,-0.99993604,-0.0033529585,0],[1.0968224,0.13891083,0.4934031,1]]}},"label":"ARImageAnchor didUpdate","timestamp":1742578203.094974},{"timestamp":1742578203.6089358,"content":{"identifier":"61BB3DDD-C96C-6E82-3432-BD712CCBCB28","name":"Peppers","transform":{"columns":[[-0.16722381,-0.0062323418,0.98589915,0],[-0.98586506,0.011503686,-0.16714527,0],[-0.010299758,-0.99991435,-0.008067949,0],[1.0961949,0.14132704,0.48855987,1]]}},"label":"ARImageAnchor didUpdate"},{"label":"ARImageAnchor didUpdate","timestamp":1742578203.625973,"content":{"identifier":"61BB3DDD-C96C-6E82-3432-BD712CCBCB28","transform":{"columns":[[-0.16722381,-0.0062323418,0.98589915,0],[-0.98586506,0.011503686,-0.16714527,0],[-0.010299758,-0.99991435,-0.008067949,0],[1.0961949,0.14132704,0.48855987,1]]},"name":"Peppers"}}]