[{"label":"Application launched","timestamp":1742659481.09237},{"label":"Initialize ARViewModel","timestamp":1742659481.0924459},{"label":"Finished Initialize ARViewModel","timestamp":1742659481.093927},{"timestamp":1742659481.093979,"label":"Initialize AnchorManager"},{"label":"Fininshed Initialize AnchorManager","timestamp":1742659481.093992},{"timestamp":1742659481.094005,"label":"ContentView Initialize"},{"content":{"beaconName":"DWM3001CDK (8449B511)","position":[-0.0237325,-0.35303667,-0.6118611]},"label":"Finished Ranging","timestamp":1742659507.0931191},{"timestamp":1742659507.147534,"label":"Bunny didAdd","content":{"name":"bunny","identifier":"AE53979C-E891-484F-82D8-9320C03BD4FC","transform":{"columns":[[-0.081561565,0,-0.99666834,0],[0,1,0,0],[0.99666834,0,-0.081561565,0],[-0.0237325,-0.35303667,-0.6118611,1]]}}},{"content":{"identifier":"AE53979C-E891-484F-82D8-9320C03BD4FC","name":"bunny","transform":{"columns":[[-0.08152742,9.548139e-05,-0.99667114,0],[-1.5356256e-05,1,9.7056436e-05,0],[0.9966712,2.32179e-05,-0.08152743,0],[-0.023730192,-0.35303268,-0.6118669,1]]}},"label":"Bunny didUpdate","timestamp":1742659507.6126928},{"label":"ARImageAnchor didAdd","timestamp":1742659509.947304,"content":{"identifier":"FF85DBE1-76D3-E459-2D24-8EDCEE263300","name":"Car","transform":{"columns":[[0.97938395,0.009189989,0.20179833,0],[-0.20182201,0.0017250703,0.97942066,0],[0.008652747,-0.99995613,0.0035442447,0],[-0.39754486,-0.67701924,-0.21816656,0.99999994]]}}},{"label":"ARImageAnchor didUpdate","content":{"name":"Car","identifier":"FF85DBE1-76D3-E459-2D24-8EDCEE263300","transform":{"columns":[[0.97938395,0.009189989,0.20179833,0],[-0.20182201,0.0017250703,0.97942066,0],[0.008652747,-0.99995613,0.0035442447,0],[-0.39754486,-0.67701924,-0.21816656,0.99999994]]}},"timestamp":1742659509.9575028},{"label":"ARImageAnchor didAdd","content":{"identifier":"088EF783-5990-B052-BE99-B8AA15BA6C68","name":"Earth","transform":{"columns":[[0.9881585,-0.0037739482,0.15338989,0],[-0.1534096,-0.0056529082,0.9881465,0],[-0.0028621147,-0.9999769,-0.0061649294,0],[-1.2831668,0.57604605,-0.92067415,1]]}},"timestamp":1742659512.613837},{"label":"ARImageAnchor didUpdate","content":{"name":"Earth","identifier":"088EF783-5990-B052-BE99-B8AA15BA6C68","transform":{"columns":[[0.9881585,-0.0037739482,0.15338989,0],[-0.1534096,-0.0056529082,0.9881465,0],[-0.0028621147,-0.9999769,-0.0061649294,0],[-1.2831668,0.57604605,-0.92067415,1]]}},"timestamp":1742659512.62039},{"timestamp":1742659515.888298,"label":"Bunny didUpdate","content":{"transform":{"columns":[[-0.08136008,0.0006944767,-0.99668455,0],[-0.00039095499,0.99999964,0.00072870054,0],[0.9966848,0.00044894597,-0.08135978,0],[-0.023703538,-0.35301298,-0.61190283,1]]},"name":"bunny","identifier":"AE53979C-E891-484F-82D8-9320C03BD4FC"}},{"content":{"transform":{"columns":[[-0.081464835,0.0006525322,-0.99667597,0],[-0.00044409896,0.9999996,0.0006910073,0],[0.9966761,0.0004989156,-0.0814645,0],[-0.023705902,-0.3530152,-0.6118974,1]]},"name":"bunny","identifier":"AE53979C-E891-484F-82D8-9320C03BD4FC"},"label":"Bunny didUpdate","timestamp":1742659516.8878698},{"timestamp":1742659518.5467749,"label":"ARImageAnchor didAdd","content":{"identifier":"6BAD7D5D-D14A-EF93-1C8B-F6BEC80B8329","name":"Lenna","transform":{"columns":[[0.2006449,-0.038080387,-0.9789237,0],[0.9786848,-0.03687487,0.20203042,0],[-0.043791108,-0.998594,0.029869922,0],[0.3098096,-0.6767739,-0.16540009,1]]}}},{"timestamp":1742659518.5542321,"label":"ARImageAnchor didUpdate","content":{"name":"Lenna","identifier":"6BAD7D5D-D14A-EF93-1C8B-F6BEC80B8329","transform":{"columns":[[0.2006449,-0.038080387,-0.9789237,0],[0.9786848,-0.03687487,0.20203042,0],[-0.043791108,-0.998594,0.029869922,0],[0.3098096,-0.6767739,-0.16540009,1]]}}},{"content":{"name":"Sailboat","identifier":"C35EAC54-3E90-1B97-807B-5E3B8F238DB7","transform":{"columns":[[0.9684473,-0.0034876037,0.2491936,0],[-0.2492179,-0.012810884,0.9683626,0],[-0.0001848685,-0.9999118,-0.013275845,0],[0.5302125,0.7435786,-0.61987567,0.99999994]]}},"timestamp":1742659521.7465339,"label":"ARImageAnchor didAdd"},{"content":{"name":"Sailboat","identifier":"C35EAC54-3E90-1B97-807B-5E3B8F238DB7","transform":{"columns":[[0.9684473,-0.0034876037,0.2491936,0],[-0.2492179,-0.012810884,0.9683626,0],[-0.0001848685,-0.9999118,-0.013275845,0],[0.5302125,0.7435786,-0.61987567,0.99999994]]}},"timestamp":1742659521.7533178,"label":"ARImageAnchor didUpdate"},{"content":{"name":"Mandrill","identifier":"A19C2489-597B-2BED-432C-244B551E75FD","transform":{"columns":[[-0.18461849,-0.015214967,0.9826924,0],[-0.9825452,0.026075251,-0.18418713,0],[-0.022821544,-0.99954414,-0.01976337,0],[1.151358,0.7709293,0.05653293,1]]}},"label":"ARImageAnchor didAdd","timestamp":1742659523.879807},{"content":{"transform":{"columns":[[-0.18461849,-0.015214967,0.9826924,0],[-0.9825452,0.026075251,-0.18418713,0],[-0.022821544,-0.99954414,-0.01976337,0],[1.151358,0.7709293,0.05653293,1]]},"name":"Mandrill","identifier":"A19C2489-597B-2BED-432C-244B551E75FD"},"timestamp":1742659523.887492,"label":"ARImageAnchor didUpdate"},{"timestamp":1742659526.012907,"label":"ARImageAnchor didAdd","content":{"transform":{"columns":[[-0.18848342,-0.00840034,0.98204035,0],[-0.9820749,-8.7412096e-05,-0.18849081,0],[0.0016691891,-0.99996465,-0.008233299,0],[1.0969276,0.1549236,0.78696334,1]]},"name":"Peppers","identifier":"61BB3DDD-C96C-6E82-3432-BD712CCBCB28"}},{"content":{"transform":{"columns":[[-0.18848342,-0.00840034,0.98204035,0],[-0.9820749,-8.7412096e-05,-0.18849081,0],[0.0016691891,-0.99996465,-0.008233299,0],[1.0969276,0.1549236,0.78696334,1]]},"name":"Peppers","identifier":"61BB3DDD-C96C-6E82-3432-BD712CCBCB28"},"timestamp":1742659526.020273,"label":"ARImageAnchor didUpdate"},{"label":"Bunny didUpdate","content":{"name":"bunny","identifier":"AE53979C-E891-484F-82D8-9320C03BD4FC","transform":{"columns":[[-0.08181683,0.0007209166,-0.996647,0],[-0.0006240354,0.9999993,0.0007745698,0],[0.99664706,0.000685316,-0.081816345,0],[-0.023712153,-0.35301626,-0.6118948,0.9999999]]}},"timestamp":1742659530.287102},{"timestamp":1742659535.0513701,"label":"ARImageAnchor didUpdate","content":{"name":"Earth","identifier":"088EF783-5990-B052-BE99-B8AA15BA6C68","transform":{"columns":[[0.98828965,-0.005969887,0.1524723,0],[-0.15258746,-0.043301485,0.9873408,0],[0.00070796325,-0.9990441,-0.043705344,0],[-1.2833482,0.5759944,-0.9431555,1]]}}},{"timestamp":1742659535.085487,"label":"ARImageAnchor didUpdate","content":{"identifier":"088EF783-5990-B052-BE99-B8AA15BA6C68","transform":{"columns":[[0.98828965,-0.005969887,0.1524723,0],[-0.15258746,-0.043301485,0.9873408,0],[0.00070796325,-0.9990441,-0.043705344,0],[-1.2833482,0.5759944,-0.9431555,1]]},"name":"Earth"}},{"content":{"identifier":"AE53979C-E891-484F-82D8-9320C03BD4FC","name":"bunny","transform":{"columns":[[-0.08196845,0.00086383487,-0.9966345,0],[-0.0007576398,0.99999905,0.00092906336,0],[0.9966345,0.000831244,-0.08196772,0],[-0.023712393,-0.35301217,-0.61189866,1]]}},"timestamp":1742659537.486944,"label":"Bunny didUpdate"},{"label":"Bunny didUpdate","content":{"transform":{"columns":[[-0.08199632,0.00090376154,-0.99663216,0],[-0.0007760219,0.999999,0.0009706606,0],[0.9966321,0.000852999,-0.08199554,0],[-0.023712555,-0.353011,-0.61190045,1]]},"name":"bunny","identifier":"AE53979C-E891-484F-82D8-9320C03BD4FC"},"timestamp":1742659539.586965},{"label":"Bunny didUpdate","content":{"identifier":"AE53979C-E891-484F-82D8-9320C03BD4FC","name":"bunny","transform":{"columns":[[-0.08197902,0.00090169685,-0.99663365,0],[-0.00080033654,0.999999,0.00097057404,0],[0.99663347,0.000877209,-0.081978194,0],[-0.023710515,-0.35301152,-0.61190087,1]]}},"timestamp":1742659540.086802},{"label":"Bunny didUpdate","timestamp":1742659544.019588,"content":{"transform":{"columns":[[-0.08197179,0.00091352017,-0.9966343,0],[-0.00078432506,0.999999,0.0009811139,0],[0.9966341,0.0008621089,-0.08197098,0],[-0.023710996,-0.35301077,-0.61190164,1]]},"name":"bunny","identifier":"AE53979C-E891-484F-82D8-9320C03BD4FC"}},{"content":{"transform":{"columns":[[-0.08208176,0.0010263232,-0.99662524,0],[-0.00086342636,0.99999875,0.0011009087,0],[0.996625,0.0009508768,-0.08208075,0],[-0.023711916,-0.35300714,-0.6119052,1]]},"name":"bunny","identifier":"AE53979C-E891-484F-82D8-9320C03BD4FC"},"label":"Bunny didUpdate","timestamp":1742659559.915484}]