[{"label":"Application launched","timestamp":1742669869.707396},{"timestamp":1742669869.707484,"label":"Initialize ARViewModel"},{"label":"Finished Initialize ARViewModel","timestamp":1742669869.7088299},{"label":"Initialize AnchorManager","timestamp":1742669869.708887},{"timestamp":1742669869.7089,"label":"Fininshed Initialize AnchorManager"},{"timestamp":1742669869.7089128,"label":"ContentView Initialize"},{"label":"Finished Ranging","content":{"beaconName":"DWM3001CDK (8449B511)","position":[0.17585656,-0.3770064,-0.47270346]},"timestamp":1742669893.229912},{"timestamp":1742669893.28551,"label":"Bunny didAdd","content":{"transform":{"columns":[[-0.15682733,0,-0.9876261,0],[0,1,0,0],[0.9876261,0,-0.15682733,0],[0.17585656,-0.3770064,-0.47270346,1]]},"identifier":"A46C9212-EE32-497D-949F-160C8A607B13","name":"bunny"}},{"label":"ARImageAnchor didAdd","content":{"name":"Car","identifier":"FF85DBE1-76D3-E459-2D24-8EDCEE263300","transform":{"columns":[[0.99872494,0.006854856,0.05001638,0],[-0.05006707,0.007422053,0.9987183,0],[0.0064748432,-0.9999489,0.007755801,0],[-0.16064668,-0.7058697,-0.036868036,1]]}},"timestamp":1742669895.385359},{"content":{"identifier":"FF85DBE1-76D3-E459-2D24-8EDCEE263300","transform":{"columns":[[0.99872494,0.006854856,0.05001638,0],[-0.05006707,0.007422053,0.9987183,0],[0.0064748432,-0.9999489,0.007755801,0],[-0.16064668,-0.7058697,-0.036868036,1]]},"name":"Car"},"timestamp":1742669895.393569,"label":"ARImageAnchor didUpdate"},{"content":{"name":"Car","transform":{"columns":[[0.998631,0.0096180765,0.051416256,0],[-0.051492706,0.007874536,0.9986423,0],[0.009200132,-0.99992263,0.008358964,0],[-0.15970194,-0.6983554,-0.037179604,1]]},"identifier":"FF85DBE1-76D3-E459-2D24-8EDCEE263300"},"timestamp":1742669895.894154,"label":"ARImageAnchor didUpdate"},{"content":{"transform":{"columns":[[0.998631,0.0096180765,0.051416256,0],[-0.051492706,0.007874536,0.9986423,0],[0.009200132,-0.99992263,0.008358964,0],[-0.15970194,-0.6983554,-0.037179604,1]]},"name":"Car","identifier":"FF85DBE1-76D3-E459-2D24-8EDCEE263300"},"timestamp":1742669895.926523,"label":"ARImageAnchor didUpdate"},{"content":{"name":"Earth","transform":{"columns":[[0.9999285,-0.0050625387,-0.010837521,0],[0.0107900705,-0.009303603,0.9998984,0],[-0.005162851,-0.9999438,-0.009248291,0],[-1.1424903,0.55830306,-0.594514,1]]},"identifier":"088EF783-5990-B052-BE99-B8AA15BA6C68"},"label":"ARImageAnchor didAdd","timestamp":1742669898.5852609},{"label":"ARImageAnchor didUpdate","timestamp":1742669898.592579,"content":{"transform":{"columns":[[0.9999285,-0.0050625387,-0.010837521,0],[0.0107900705,-0.009303603,0.9998984,0],[-0.005162851,-0.9999438,-0.009248291,0],[-1.1424903,0.55830306,-0.594514,1]]},"name":"Earth","identifier":"088EF783-5990-B052-BE99-B8AA15BA6C68"}},{"content":{"name":"Earth","transform":{"columns":[[0.99998003,-0.006000002,-0.0019664578,0],[0.0019048797,-0.010247015,0.99994564,0],[-0.006019824,-0.9999294,-0.010235386,0],[-1.1535617,0.5630249,-0.610895,1.0000001]]},"identifier":"088EF783-5990-B052-BE99-B8AA15BA6C68"},"label":"ARImageAnchor didUpdate","timestamp":1742669899.1244922},{"timestamp":1742669899.158906,"content":{"transform":{"columns":[[0.99998003,-0.006000002,-0.0019664578,0],[0.0019048797,-0.010247015,0.99994564,0],[-0.006019824,-0.9999294,-0.010235386,0],[-1.1535617,0.5630249,-0.610895,1.0000001]]},"name":"Earth","identifier":"088EF783-5990-B052-BE99-B8AA15BA6C68"},"label":"ARImageAnchor didUpdate"},{"label":"Bunny didUpdate","content":{"name":"bunny","identifier":"A46C9212-EE32-497D-949F-160C8A607B13","transform":{"columns":[[-0.15679866,0.00087469147,-0.98763025,0],[0.00021277193,0.99999964,0.0008518661,0],[0.98763067,-7.656855e-05,-0.1567988,0],[0.17583647,-0.37693566,-0.4727934,1]]}},"timestamp":1742669901.7266378},{"label":"Bunny didUpdate","content":{"name":"bunny","transform":{"columns":[[-0.15690275,0.00097472174,-0.9876137,0],[0.0002591757,0.9999996,0.00094577053,0],[0.9876142,-0.00010757155,-0.15690294,0],[0.17582265,-0.37692824,-0.4728045,1]]},"identifier":"A46C9212-EE32-497D-949F-160C8A607B13"},"timestamp":1742669902.226698},{"label":"ARImageAnchor didAdd","timestamp":1742669903.418251,"content":{"identifier":"6BAD7D5D-D14A-EF93-1C8B-F6BEC80B8329","transform":{"columns":[[0.037542164,-0.04060902,-0.9984696,0],[0.99894595,-0.024881633,0.038572017,0],[-0.026409904,-0.9988653,0.039632108,0],[0.55189455,-0.7027277,-0.09366813,1.0000001]]},"name":"Lenna"}},{"content":{"identifier":"6BAD7D5D-D14A-EF93-1C8B-F6BEC80B8329","name":"Lenna","transform":{"columns":[[0.037542164,-0.04060902,-0.9984696,0],[0.99894595,-0.024881633,0.038572017,0],[-0.026409904,-0.9988653,0.039632108,0],[0.55189455,-0.7027277,-0.09366813,1.0000001]]}},"label":"ARImageAnchor didUpdate","timestamp":1742669903.426033},{"content":{"identifier":"A46C9212-EE32-497D-949F-160C8A607B13","transform":{"columns":[[-0.15704568,0.0010736164,-0.9875909,0],[0.00026780396,0.9999994,0.00104452,0],[0.98759156,-0.000100443474,-0.15704587,0],[0.17580947,-0.37691993,-0.47281653,0.99999994]]},"name":"bunny"},"label":"Bunny didUpdate","timestamp":1742669903.529355},{"content":{"name":"bunny","transform":{"columns":[[-0.15741582,0.0017556604,-0.987531,0],[0.0002989336,0.9999984,0.0017301742,0],[0.98753273,-2.2849455e-05,-0.1574161,0],[0.17577446,-0.37686205,-0.47289318,1]]},"identifier":"A46C9212-EE32-497D-949F-160C8A607B13"},"timestamp":1742669905.626833,"label":"Bunny didUpdate"},{"content":{"name":"bunny","identifier":"A46C9212-EE32-497D-949F-160C8A607B13","transform":{"columns":[[-0.15752019,0.0017984385,-0.9875144,0],[0.00028716514,0.99999833,0.0017753679,0],[0.98751616,-3.9234374e-06,-0.1575205,0],[0.17579363,-0.37696865,-0.47302002,1]]}},"timestamp":1742669905.929737,"label":"Bunny didUpdate"},{"content":{"transform":{"columns":[[0.99995035,0.0023813627,0.00968114,0],[-0.009676463,-0.0019768684,0.9999512,0],[0.0024003903,-0.9999952,-0.0019537234,0],[0.6992544,0.7272794,-0.5830331,1]]},"name":"Sailboat","identifier":"C35EAC54-3E90-1B97-807B-5E3B8F238DB7"},"timestamp":1742669906.61829,"label":"ARImageAnchor didAdd"},{"label":"ARImageAnchor didUpdate","timestamp":1742669906.6281152,"content":{"transform":{"columns":[[0.99995035,0.0023813627,0.00968114,0],[-0.009676463,-0.0019768684,0.9999512,0],[0.0024003903,-0.9999952,-0.0019537234,0],[0.6992544,0.7272794,-0.5830331,1]]},"name":"Sailboat","identifier":"C35EAC54-3E90-1B97-807B-5E3B8F238DB7"}},{"label":"ARImageAnchor didUpdate","content":{"name":"Sailboat","transform":{"columns":[[0.9999257,-0.0013665846,-0.012106872,0],[0.012132214,0.020404685,0.9997181,0],[-0.0011191631,-0.99979067,0.020419756,0],[0.70239556,0.7362184,-0.5852506,1]]},"identifier":"C35EAC54-3E90-1B97-807B-5E3B8F238DB7"},"timestamp":1742669907.1262841},{"content":{"transform":{"columns":[[0.9999257,-0.0013665846,-0.012106872,0],[0.012132214,0.020404685,0.9997181,0],[-0.0011191631,-0.99979067,0.020419756,0],[0.70239556,0.7362184,-0.5852506,1]]},"name":"Sailboat","identifier":"C35EAC54-3E90-1B97-807B-5E3B8F238DB7"},"timestamp":1742669907.1595821,"label":"ARImageAnchor didUpdate"},{"label":"ARImageAnchor didAdd","timestamp":1742669908.218151,"content":{"transform":{"columns":[[-0.021157285,-0.015897797,0.99964964,0],[-0.9990275,0.03902093,-0.020523528,0],[-0.038680978,-0.9991118,-0.016707914,0],[1.4197516,0.7587291,-0.011164056,0.9999999]]},"identifier":"A19C2489-597B-2BED-432C-244B551E75FD","name":"Mandrill"}},{"timestamp":1742669908.226438,"label":"ARImageAnchor didUpdate","content":{"transform":{"columns":[[-0.021157285,-0.015897797,0.99964964,0],[-0.9990275,0.03902093,-0.020523528,0],[-0.038680978,-0.9991118,-0.016707914,0],[1.4197516,0.7587291,-0.011164056,0.9999999]]},"name":"Mandrill","identifier":"A19C2489-597B-2BED-432C-244B551E75FD"}},{"content":{"transform":{"columns":[[-0.0061512906,-0.011841817,0.9999109,0],[-0.99990416,0.01246536,-0.006003567,0],[-0.012393156,-0.9998521,-0.011917363,0],[1.4732833,0.13846871,0.7262221,1]]},"name":"Peppers","identifier":"61BB3DDD-C96C-6E82-3432-BD712CCBCB28"},"timestamp":1742669910.3845282,"label":"ARImageAnchor didAdd"},{"label":"ARImageAnchor didUpdate","content":{"identifier":"61BB3DDD-C96C-6E82-3432-BD712CCBCB28","name":"Peppers","transform":{"columns":[[-0.0061512906,-0.011841817,0.9999109,0],[-0.99990416,0.01246536,-0.006003567,0],[-0.012393156,-0.9998521,-0.011917363,0],[1.4732833,0.13846871,0.7262221,1]]}},"timestamp":1742669910.3920488},{"label":"ARImageAnchor didUpdate","timestamp":1742669910.891862,"content":{"name":"Peppers","identifier":"61BB3DDD-C96C-6E82-3432-BD712CCBCB28","transform":{"columns":[[-0.016288135,-0.009897033,0.9998184,0],[-0.9998433,-0.00676658,-0.01635548,0],[0.006927221,-0.9999281,-0.009785267,0],[1.4691648,0.14157262,0.72094417,1.0000001]]}}},{"content":{"identifier":"61BB3DDD-C96C-6E82-3432-BD712CCBCB28","transform":{"columns":[[-0.016288135,-0.009897033,0.9998184,0],[-0.9998433,-0.00676658,-0.01635548,0],[0.006927221,-0.9999281,-0.009785267,0],[1.4691648,0.14157262,0.72094417,1.0000001]]},"name":"Peppers"},"timestamp":1742669910.925898,"label":"ARImageAnchor didUpdate"},{"label":"Bunny didUpdate","timestamp":1742669914.826256,"content":{"identifier":"A46C9212-EE32-497D-949F-160C8A607B13","transform":{"columns":[[-0.15793918,0.0023066823,-0.98744655,0],[0.00021931368,0.9999974,0.0023009228,0],[0.98744935,0.00014684528,-0.15793929,0],[0.17576481,-0.37692264,-0.47307968,1]]},"name":"bunny"}},{"label":"Bunny didUpdate","content":{"transform":{"columns":[[-0.1579576,0.0025488066,-0.9874431,0],[0.00040904764,0.9999967,0.0025157763,0],[0.98744637,-6.5252593e-06,-0.15795815,0],[0.1757393,-0.37691125,-0.47310466,1]]},"name":"bunny","identifier":"A46C9212-EE32-497D-949F-160C8A607B13"},"timestamp":1742669916.225435},{"content":{"name":"bunny","transform":{"columns":[[-0.15795602,0.0026883748,-0.987443,0],[0.0004474448,0.99999636,0.0026509764,0],[0.9874467,-2.3088622e-05,-0.15795669,0],[0.17573534,-0.3769002,-0.47311878,1]]},"identifier":"A46C9212-EE32-497D-949F-160C8A607B13"},"label":"Bunny didUpdate","timestamp":1742669918.128633},{"timestamp":1742669923.224967,"label":"Bunny didUpdate","content":{"transform":{"columns":[[-0.15804921,0.0030073517,-0.98742723,0],[0.0004340254,0.9999954,0.0029761589,0],[0.98743194,4.1811014e-05,-0.15804982,0],[0.17582345,-0.37693712,-0.4731984,0.99999994]]},"identifier":"A46C9212-EE32-497D-949F-160C8A607B13","name":"bunny"}},{"timestamp":1742669925.824831,"content":{"identifier":"61BB3DDD-C96C-6E82-3432-BD712CCBCB28","name":"Peppers","transform":{"columns":[[-0.010088273,-0.010837709,0.99989045,0],[-0.99992764,-0.0064266827,-0.010158258,0],[0.006536059,-0.99992055,-0.010772096,0],[1.4996299,0.13002443,0.736765,1]]}},"label":"ARImageAnchor didUpdate"},{"content":{"name":"Peppers","identifier":"61BB3DDD-C96C-6E82-3432-BD712CCBCB28","transform":{"columns":[[-0.010088273,-0.010837709,0.99989045,0],[-0.99992764,-0.0064266827,-0.010158258,0],[0.006536059,-0.99992055,-0.010772096,0],[1.4996299,0.13002443,0.736765,1]]}},"timestamp":1742669925.858058,"label":"ARImageAnchor didUpdate"},{"timestamp":1742669929.023524,"content":{"identifier":"A19C2489-597B-2BED-432C-244B551E75FD","transform":{"columns":[[-0.00873567,-0.016042713,0.99983305,0],[-0.9984652,0.054823905,-0.007844051,0],[-0.054688912,-0.9983671,-0.016497016,0],[1.4225453,0.7540139,-0.0039509907,1]]},"name":"Mandrill"},"label":"ARImageAnchor didUpdate"},{"label":"ARImageAnchor didUpdate","timestamp":1742669929.0581079,"content":{"transform":{"columns":[[-0.00873567,-0.016042713,0.99983305,0],[-0.9984652,0.054823905,-0.007844051,0],[-0.054688912,-0.9983671,-0.016497016,0],[1.4225453,0.7540139,-0.0039509907,1]]},"identifier":"A19C2489-597B-2BED-432C-244B551E75FD","name":"Mandrill"}},{"content":{"identifier":"A46C9212-EE32-497D-949F-160C8A607B13","transform":{"columns":[[-0.15805003,0.003113223,-0.98742694,0],[0.00046524496,0.9999951,0.0030783804,0],[0.9874318,2.7142742e-05,-0.15805078,0],[0.17581297,-0.37693557,-0.47320908,1]]},"name":"bunny"},"label":"Bunny didUpdate","timestamp":1742669929.424745},{"timestamp":1742669931.688726,"content":{"name":"Sailboat","identifier":"C35EAC54-3E90-1B97-807B-5E3B8F238DB7","transform":{"columns":[[0.99934036,0.0024799572,0.036231678,0],[-0.03624414,0.00516556,0.9993296,0],[0.0022911383,-0.9999835,0.0052520484,0],[0.6964852,0.73066384,-0.57646126,0.99999994]]}},"label":"ARImageAnchor didUpdate"},{"content":{"identifier":"C35EAC54-3E90-1B97-807B-5E3B8F238DB7","transform":{"columns":[[0.99934036,0.0024799572,0.036231678,0],[-0.03624414,0.00516556,0.9993296,0],[0.0022911383,-0.9999835,0.0052520484,0],[0.6964852,0.73066384,-0.57646126,0.99999994]]},"name":"Sailboat"},"timestamp":1742669931.724681,"label":"ARImageAnchor didUpdate"},{"timestamp":1742669936.024816,"label":"Bunny didUpdate","content":{"identifier":"A46C9212-EE32-497D-949F-160C8A607B13","transform":{"columns":[[-0.15820679,0.0033344186,-0.9874012,0],[0.00056082284,0.9999944,0.0032870874,0],[0.9874068,-3.371775e-05,-0.15820779,0],[0.17578675,-0.37699527,-0.47332388,1]]},"name":"bunny"}},{"content":{"identifier":"61BB3DDD-C96C-6E82-3432-BD712CCBCB28","name":"Peppers","transform":{"columns":[[-0.01080482,-0.006842563,0.9999182,0],[-0.9999416,0.00050660217,-0.010801575,0],[-0.00043264954,-0.99997646,-0.0068476233,0],[1.4877179,0.13843551,0.7223499,1]]}},"label":"ARImageAnchor didUpdate","timestamp":1742669937.025766},{"label":"ARImageAnchor didUpdate","timestamp":1742669937.0573978,"content":{"name":"Peppers","identifier":"61BB3DDD-C96C-6E82-3432-BD712CCBCB28","transform":{"columns":[[-0.01080482,-0.006842563,0.9999182,0],[-0.9999416,0.00050660217,-0.010801575,0],[-0.00043264954,-0.99997646,-0.0068476233,0],[1.4877179,0.13843551,0.7223499,1]]}}}]