[{"label":"Application launched","timestamp":1742578060.842766},{"label":"Initialize ARViewModel","timestamp":1742578060.8428578},{"label":"Finished Initialize ARViewModel","timestamp":1742578060.8443542},{"timestamp":1742578060.844373,"label":"Initialize AnchorManager"},{"label":"Fininshed Initialize AnchorManager","timestamp":1742578060.844378},{"timestamp":1742578060.844382,"label":"ContentView Initialize"},{"label":"Finished Ranging","content":{"beaconName":"DWM3001CDK (8449B511)","position":[0.033982016,-0.43606427,-0.47774833]},"timestamp":1742578088.618613},{"label":"Bunny didAdd","timestamp":1742578088.6415582,"content":{"transform":{"columns":[[-0.154163,0,-0.98804533,0],[0,1,0,0],[0.98804533,0,-0.154163,0],[0.033982016,-0.43606427,-0.47774833,1]]},"name":"bunny","identifier":"280E89AA-018E-44BF-8802-D01A3D838573"}},{"label":"ARImageAnchor didAdd","content":{"transform":{"columns":[[0.9958033,-0.0047735246,-0.091393024,0],[0.09130094,-0.016860362,0.9956805,0],[-0.0062938207,-0.9998464,-0.016353773,0],[-1.3125298,0.5337511,-0.47333091,1]]},"name":"Earth","identifier":"088EF783-5990-B052-BE99-B8AA15BA6C68"},"timestamp":1742578096.341168},{"timestamp":1742578096.348284,"label":"ARImageAnchor didUpdate","content":{"transform":{"columns":[[0.9958033,-0.0047735246,-0.091393024,0],[0.09130094,-0.016860362,0.9956805,0],[-0.0062938207,-0.9998464,-0.016353773,0],[-1.3125298,0.5337511,-0.47333091,1]]},"name":"Earth","identifier":"088EF783-5990-B052-BE99-B8AA15BA6C68"}},{"timestamp":1742578105.923882,"content":{"identifier":"FF85DBE1-76D3-E459-2D24-8EDCEE263300","transform":{"columns":[[0.99942917,0.008329824,-0.03273753,0],[0.03250003,0.027207948,0.9991013,0],[0.0092130285,-0.99959505,0.026921658,0],[-0.28490406,-0.7270878,-0.044605166,1]]},"name":"Car"},"label":"ARImageAnchor didAdd"},{"timestamp":1742578105.9316711,"label":"ARImageAnchor didUpdate","content":{"name":"Car","identifier":"FF85DBE1-76D3-E459-2D24-8EDCEE263300","transform":{"columns":[[0.99942917,0.008329824,-0.03273753,0],[0.03250003,0.027207948,0.9991013,0],[0.0092130285,-0.99959505,0.026921658,0],[-0.28490406,-0.7270878,-0.044605166,1]]}}},{"label":"ARImageAnchor didUpdate","timestamp":1742578106.980979,"content":{"name":"Car","identifier":"FF85DBE1-76D3-E459-2D24-8EDCEE263300","transform":{"columns":[[0.9996209,0.0115209995,-0.025000917,0],[0.024867183,0.011609122,0.99962324,0],[0.011806883,-0.9998662,0.011318251,0],[-0.2857687,-0.7219378,-0.040159374,1]]}}},{"label":"ARImageAnchor didUpdate","timestamp":1742578106.997476,"content":{"identifier":"FF85DBE1-76D3-E459-2D24-8EDCEE263300","name":"Car","transform":{"columns":[[0.9996209,0.0115209995,-0.025000917,0],[0.024867183,0.011609122,0.99962324,0],[0.011806883,-0.9998662,0.011318251,0],[-0.2857687,-0.7219378,-0.040159374,1]]}}},{"timestamp":1742578110.69027,"label":"ARImageAnchor didAdd","content":{"name":"Lenna","transform":{"columns":[[-0.087925516,-0.036592837,-0.99545467,0],[0.9961252,-0.0051074214,-0.087796964,0],[-0.001871465,-0.9993171,0.036900125,0],[0.42126057,-0.7210663,-0.15808932,1]]},"identifier":"6BAD7D5D-D14A-EF93-1C8B-F6BEC80B8329"}},{"timestamp":1742578110.698714,"label":"ARImageAnchor didUpdate","content":{"transform":{"columns":[[-0.087925516,-0.036592837,-0.99545467,0],[0.9961252,-0.0051074214,-0.087796964,0],[-0.001871465,-0.9993171,0.036900125,0],[0.42126057,-0.7210663,-0.15808932,1]]},"identifier":"6BAD7D5D-D14A-EF93-1C8B-F6BEC80B8329","name":"Lenna"}},{"timestamp":1742578116.4734368,"content":{"name":"Sailboat","transform":{"columns":[[0.9973149,-0.0012495262,-0.07322067,0],[0.073231325,0.017739585,0.9971571,0],[5.2929365e-05,-0.99984175,0.017783465,0],[0.52202576,0.7139915,-0.66046816,1]]},"identifier":"C35EAC54-3E90-1B97-807B-5E3B8F238DB7"},"label":"ARImageAnchor didAdd"},{"timestamp":1742578116.4807649,"label":"ARImageAnchor didUpdate","content":{"identifier":"C35EAC54-3E90-1B97-807B-5E3B8F238DB7","name":"Sailboat","transform":{"columns":[[0.9973149,-0.0012495262,-0.07322067,0],[0.073231325,0.017739585,0.9971571,0],[5.2929365e-05,-0.99984175,0.017783465,0],[0.52202576,0.7139915,-0.66046816,1]]}}},{"label":"ARImageAnchor didAdd","content":{"name":"Mandrill","transform":{"columns":[[0.08372118,-0.014884398,0.996378,0],[-0.99508977,0.05172198,0.084385596,0],[-0.05279067,-0.9985505,-0.010481093,0],[1.2796441,0.73622537,-0.14510036,1]]},"identifier":"A19C2489-597B-2BED-432C-244B551E75FD"},"timestamp":1742578119.123166},{"timestamp":1742578119.1311002,"content":{"name":"Mandrill","identifier":"A19C2489-597B-2BED-432C-244B551E75FD","transform":{"columns":[[0.08372118,-0.014884398,0.996378,0],[-0.99508977,0.05172198,0.084385596,0],[-0.05279067,-0.9985505,-0.010481093,0],[1.2796441,0.73622537,-0.14510036,1]]}},"label":"ARImageAnchor didUpdate"},{"content":{"transform":{"columns":[[0.08535494,-0.0102673,0.9962976,0],[-0.9962516,-0.014966398,0.08519675,0],[0.014036204,-0.99983525,-0.011506269,0],[1.3974488,0.12186512,0.5751972,1]]},"name":"Peppers","identifier":"61BB3DDD-C96C-6E82-3432-BD712CCBCB28"},"timestamp":1742578121.739532,"label":"ARImageAnchor didAdd"},{"timestamp":1742578121.7476668,"content":{"name":"Peppers","identifier":"61BB3DDD-C96C-6E82-3432-BD712CCBCB28","transform":{"columns":[[0.08535494,-0.0102673,0.9962976,0],[-0.9962516,-0.014966398,0.08519675,0],[0.014036204,-0.99983525,-0.011506269,0],[1.3974488,0.12186512,0.5751972,1]]}},"label":"ARImageAnchor didUpdate"},{"label":"ARImageAnchor didUpdate","timestamp":1742578127.5807939,"content":{"name":"Peppers","identifier":"61BB3DDD-C96C-6E82-3432-BD712CCBCB28","transform":{"columns":[[0.06297107,-0.0067113615,0.99799275,0],[-0.9980123,-0.0028315152,0.06295318,0],[0.002403307,-0.9999734,-0.0068763318,0],[1.4148818,0.119011216,0.5985862,1]]}}},{"label":"ARImageAnchor didUpdate","timestamp":1742578127.596562,"content":{"identifier":"61BB3DDD-C96C-6E82-3432-BD712CCBCB28","name":"Peppers","transform":{"columns":[[0.06297107,-0.0067113615,0.99799275,0],[-0.9980123,-0.0028315152,0.06295318,0],[0.002403307,-0.9999734,-0.0068763318,0],[1.4148818,0.119011216,0.5985862,1]]}}},{"content":{"name":"Mandrill","identifier":"A19C2489-597B-2BED-432C-244B551E75FD","transform":{"columns":[[0.0758367,-0.015652312,0.99699706,0],[-0.99564826,0.053116456,0.07656792,0],[-0.05415543,-0.9984654,-0.011556041,0],[1.2949015,0.73406196,-0.124438845,0.9999999]]}},"label":"ARImageAnchor didUpdate","timestamp":1742578130.213716},{"content":{"name":"Mandrill","transform":{"columns":[[0.0758367,-0.015652312,0.99699706,0],[-0.99564826,0.053116456,0.07656792,0],[-0.05415543,-0.9984654,-0.011556041,0],[1.2949015,0.73406196,-0.124438845,0.9999999]]},"identifier":"A19C2489-597B-2BED-432C-244B551E75FD"},"timestamp":1742578130.2298589,"label":"ARImageAnchor didUpdate"}]