[{"label":"Application launched","timestamp":1742659562.6241012},{"timestamp":1742659562.624186,"label":"Initialize ARViewModel"},{"timestamp":1742659562.62647,"label":"Finished Initialize ARViewModel"},{"timestamp":1742659562.626554,"label":"Initialize AnchorManager"},{"timestamp":1742659562.6265712,"label":"Fininshed Initialize AnchorManager"},{"timestamp":1742659562.626584,"label":"ContentView Initialize"},{"label":"Finished Ranging","content":{"position":[0.15739751,-0.4715106,-0.59370005],"beaconName":"DWM3001CDK (8449B511)"},"timestamp":1742659583.587102},{"label":"Bunny didAdd","content":{"identifier":"531AABBB-DDBF-48B0-B613-E818485F6B2F","name":"bunny","transform":{"columns":[[-0.14928603,0,-0.9887941,0],[0,1,0,0],[0.9887941,0,-0.14928603,0],[0.15739751,-0.4715106,-0.59370005,1]]}},"timestamp":1742659583.6420898},{"label":"Bunny didUpdate","content":{"transform":{"columns":[[-0.14959328,1.658232e-05,-0.9887477,0],[5.337053e-05,1,8.696301e-06,0],[0.9887477,-5.146908e-05,-0.14959328,0],[0.15769264,-0.4720279,-0.59405094,1]]},"name":"bunny","identifier":"531AABBB-DDBF-48B0-B613-E818485F6B2F"},"timestamp":1742659584.215919},{"timestamp":1742659587.208802,"label":"ARImageAnchor didAdd","content":{"transform":{"columns":[[0.9940405,0.0147383595,0.10801045,0],[-0.10816052,0.009793175,0.9940852,0],[0.01359343,-0.9998433,0.011328872,0],[-0.17120549,-0.76886106,-0.18822029,0.99999994]]},"name":"Car","identifier":"FF85DBE1-76D3-E459-2D24-8EDCEE263300"}},{"label":"ARImageAnchor didUpdate","timestamp":1742659587.218422,"content":{"name":"Car","identifier":"FF85DBE1-76D3-E459-2D24-8EDCEE263300","transform":{"columns":[[0.9940405,0.0147383595,0.10801045,0],[-0.10816052,0.009793175,0.9940852,0],[0.01359343,-0.9998433,0.011328872,0],[-0.17120549,-0.76886106,-0.18822029,0.99999994]]}}},{"content":{"identifier":"088EF783-5990-B052-BE99-B8AA15BA6C68","name":"Earth","transform":{"columns":[[0.9997882,1.6478072e-05,0.020578183,0],[-0.020531373,-0.06662475,0.9975667,0],[0.0013874529,-0.99777806,-0.06661031,0],[-1.1409534,0.48147842,-0.7762904,0.99999994]]}},"timestamp":1742659589.875252,"label":"ARImageAnchor didAdd"},{"timestamp":1742659589.880825,"label":"ARImageAnchor didUpdate","content":{"transform":{"columns":[[0.9997882,1.6478072e-05,0.020578183,0],[-0.020531373,-0.06662475,0.9975667,0],[0.0013874529,-0.99777806,-0.06661031,0],[-1.1409534,0.48147842,-0.7762904,0.99999994]]},"identifier":"088EF783-5990-B052-BE99-B8AA15BA6C68","name":"Earth"}},{"content":{"transform":{"columns":[[-0.14888015,0.0005782343,-0.98885524,0],[0.0004800618,0.99999976,0.0005124739,0],[0.98885536,-0.00039841447,-0.1488804,0],[0.15843959,-0.47234076,-0.5945036,1]]},"name":"bunny","identifier":"531AABBB-DDBF-48B0-B613-E818485F6B2F"},"timestamp":1742659593.452832,"label":"Bunny didUpdate"},{"timestamp":1742659595.2080178,"content":{"name":"Lenna","identifier":"6BAD7D5D-D14A-EF93-1C8B-F6BEC80B8329","transform":{"columns":[[0.085779294,-0.03410156,-0.99573034,0],[0.9962602,-0.007456365,0.0860803,0],[-0.010359976,-0.99939036,0.03333443,0],[0.5227764,-0.7707357,-0.21525992,0.99999994]]}},"label":"ARImageAnchor didAdd"},{"label":"ARImageAnchor didUpdate","content":{"name":"Lenna","identifier":"6BAD7D5D-D14A-EF93-1C8B-F6BEC80B8329","transform":{"columns":[[0.085779294,-0.03410156,-0.99573034,0],[0.9962602,-0.007456365,0.0860803,0],[-0.010359976,-0.99939036,0.03333443,0],[0.5227764,-0.7707357,-0.21525992,0.99999994]]}},"timestamp":1742659595.2155828},{"timestamp":1742659595.7149649,"label":"ARImageAnchor didUpdate","content":{"name":"Lenna","identifier":"6BAD7D5D-D14A-EF93-1C8B-F6BEC80B8329","transform":{"columns":[[0.09015114,-0.037935816,-0.9952053,0],[0.9948817,-0.042363223,0.09173664,0],[-0.045640193,-0.9983818,0.03392256,0],[0.52904856,-0.76453173,-0.21614528,1]]}}},{"content":{"transform":{"columns":[[0.09015114,-0.037935816,-0.9952053,0],[0.9948817,-0.042363223,0.09173664,0],[-0.045640193,-0.9983818,0.03392256,0],[0.52904856,-0.76453173,-0.21614528,1]]},"name":"Lenna","identifier":"6BAD7D5D-D14A-EF93-1C8B-F6BEC80B8329"},"timestamp":1742659595.748272,"label":"ARImageAnchor didUpdate"},{"content":{"transform":{"columns":[[0.9984183,0.0035077084,0.056111384,0],[-0.056015827,-0.023108276,0.9981624,0],[0.004797901,-0.9997267,-0.022875244,0],[0.6953509,0.6589205,-0.6872488,1]]},"name":"Sailboat","identifier":"C35EAC54-3E90-1B97-807B-5E3B8F238DB7"},"label":"ARImageAnchor didAdd","timestamp":1742659598.941101},{"timestamp":1742659598.947545,"label":"ARImageAnchor didUpdate","content":{"name":"Sailboat","identifier":"C35EAC54-3E90-1B97-807B-5E3B8F238DB7","transform":{"columns":[[0.9984183,0.0035077084,0.056111384,0],[-0.056015827,-0.023108276,0.9981624,0],[0.004797901,-0.9997267,-0.022875244,0],[0.6953509,0.6589205,-0.6872488,1]]}}},{"label":"ARImageAnchor didAdd","content":{"identifier":"A19C2489-597B-2BED-432C-244B551E75FD","name":"Mandrill","transform":{"columns":[[-0.058626287,-0.013702645,0.9981858,0],[-0.9972542,0.046119638,-0.057938434,0],[-0.04524206,-0.9988418,-0.016368844,0],[1.3800862,0.68673015,-0.092115104,0.99999994]]}},"timestamp":1742659601.607647},{"label":"ARImageAnchor didUpdate","content":{"transform":{"columns":[[-0.058626287,-0.013702645,0.9981858,0],[-0.9972542,0.046119638,-0.057938434,0],[-0.04524206,-0.9988418,-0.016368844,0],[1.3800862,0.68673015,-0.092115104,0.99999994]]},"name":"Mandrill","identifier":"A19C2489-597B-2BED-432C-244B551E75FD"},"timestamp":1742659601.614919},{"timestamp":1742659603.740737,"label":"ARImageAnchor didAdd","content":{"name":"Peppers","identifier":"61BB3DDD-C96C-6E82-3432-BD712CCBCB28","transform":{"columns":[[-0.08805529,-0.002563257,0.99611235,0],[-0.9960644,-0.009899862,-0.08807652,0],[0.010087152,-0.99994767,-0.0016814409,0],[1.4155724,0.07162016,0.64774424,1]]}}},{"timestamp":1742659603.748487,"content":{"transform":{"columns":[[-0.08805529,-0.002563257,0.99611235,0],[-0.9960644,-0.009899862,-0.08807652,0],[0.010087152,-0.99994767,-0.0016814409,0],[1.4155724,0.07162016,0.64774424,1]]},"identifier":"61BB3DDD-C96C-6E82-3432-BD712CCBCB28","name":"Peppers"},"label":"ARImageAnchor didUpdate"},{"timestamp":1742659604.248049,"label":"ARImageAnchor didUpdate","content":{"name":"Peppers","identifier":"61BB3DDD-C96C-6E82-3432-BD712CCBCB28","transform":{"columns":[[-0.05001321,-0.0064287204,0.9987278,0],[-0.998733,-0.0052242014,-0.050047092,0],[0.005539284,-0.99996555,-0.006159299,0],[1.4130406,0.07388137,0.6446097,0.9999999]]}}},{"content":{"identifier":"61BB3DDD-C96C-6E82-3432-BD712CCBCB28","transform":{"columns":[[-0.05001321,-0.0064287204,0.9987278,0],[-0.998733,-0.0052242014,-0.050047092,0],[0.005539284,-0.99996555,-0.006159299,0],[1.4130406,0.07388137,0.6446097,0.9999999]]},"name":"Peppers"},"timestamp":1742659604.280658,"label":"ARImageAnchor didUpdate"},{"content":{"identifier":"531AABBB-DDBF-48B0-B613-E818485F6B2F","transform":{"columns":[[-0.14982192,0.0011795044,-0.9887126,0],[0.00078430254,0.99999905,0.0010741219,0],[0.98871297,-0.0006145228,-0.14982273,0],[0.1584356,-0.4722913,-0.5944305,0.99999994]]},"name":"bunny"},"timestamp":1742659608.44788,"label":"Bunny didUpdate"},{"label":"Bunny didUpdate","timestamp":1742659615.149544,"content":{"transform":{"columns":[[-0.15006267,0.0014263,-0.98867583,0],[0.001120542,0.9999985,0.001272557,0],[0.98867625,-0.0009168895,-0.15006405,0],[0.15843052,-0.4722661,-0.59441495,1]]},"name":"bunny","identifier":"531AABBB-DDBF-48B0-B613-E818485F6B2F"}}]