[{"timestamp":1742672461.510788,"label":"Application launched"},{"label":"Initialize ARViewModel","timestamp":1742672461.510906},{"timestamp":1742672461.512397,"label":"Finished Initialize ARViewModel"},{"timestamp":1742672461.512415,"label":"Initialize AnchorManager"},{"label":"Fininshed Initialize AnchorManager","timestamp":1742672461.5124202},{"label":"ContentView Initialize","timestamp":1742672461.512424},{"content":{"beaconName":"DWM3001CDK (8449B511)","position":[0.02411375,-0.24631783,-0.55825925]},"timestamp":1742672485.438405,"label":"Finished Ranging"},{"content":{"identifier":"8702E648-AFE6-4B4C-B699-D041A4AE16CE","name":"bunny","transform":{"columns":[[0.045738935,0,-0.99895346,0],[0,1,0,0],[0.99895346,0,0.045738935,0],[0.02411375,-0.24631783,-0.55825925,1]]}},"timestamp":1742672485.497857,"label":"Bunny didAdd"},{"label":"ARImageAnchor didAdd","content":{"identifier":"FF85DBE1-76D3-E459-2D24-8EDCEE263300","name":"Car","transform":{"columns":[[0.9715979,0.01161458,0.23635264,0],[-0.23657192,0.024104878,0.97131485,0],[0.0055841664,-0.99964195,0.026167907,0],[-0.3521326,-0.5430588,-0.19041535,1]]}},"timestamp":1742672487.1307511},{"label":"ARImageAnchor didUpdate","timestamp":1742672487.1387138,"content":{"name":"Car","identifier":"FF85DBE1-76D3-E459-2D24-8EDCEE263300","transform":{"columns":[[0.9715979,0.01161458,0.23635264,0],[-0.23657192,0.024104878,0.97131485,0],[0.0055841664,-0.99964195,0.026167907,0],[-0.3521326,-0.5430588,-0.19041535,1]]}}},{"timestamp":1742672490.3309379,"label":"ARImageAnchor didAdd","content":{"identifier":"088EF783-5990-B052-BE99-B8AA15BA6C68","transform":{"columns":[[0.9810647,-0.006004361,0.19358657,0],[-0.19367905,-0.02807094,0.9806632,0],[-0.0004541056,-0.99958783,-0.028702319,0],[-1.2165791,0.71325916,-0.9138893,0.99999994]]},"name":"Earth"}},{"timestamp":1742672490.33677,"content":{"transform":{"columns":[[0.9810647,-0.006004361,0.19358657,0],[-0.19367905,-0.02807094,0.9806632,0],[-0.0004541056,-0.99958783,-0.028702319,0],[-1.2165791,0.71325916,-0.9138893,0.99999994]]},"name":"Earth","identifier":"088EF783-5990-B052-BE99-B8AA15BA6C68"},"label":"ARImageAnchor didUpdate"},{"content":{"transform":{"columns":[[0.21908775,-0.041018,-0.9748425,0],[0.9755499,-0.008613231,0.21960914,0],[-0.017404506,-0.9991211,0.038128044,0],[0.35659817,-0.54890174,-0.11623215,1]]},"name":"Lenna","identifier":"6BAD7D5D-D14A-EF93-1C8B-F6BEC80B8329"},"timestamp":1742672495.663869,"label":"ARImageAnchor didAdd"},{"label":"ARImageAnchor didUpdate","content":{"identifier":"6BAD7D5D-D14A-EF93-1C8B-F6BEC80B8329","transform":{"columns":[[0.21908775,-0.041018,-0.9748425,0],[0.9755499,-0.008613231,0.21960914,0],[-0.017404506,-0.9991211,0.038128044,0],[0.35659817,-0.54890174,-0.11623215,1]]},"name":"Lenna"},"timestamp":1742672495.671854},{"label":"ARImageAnchor didUpdate","content":{"identifier":"6BAD7D5D-D14A-EF93-1C8B-F6BEC80B8329","transform":{"columns":[[0.19971335,-0.03928257,-0.9790666,0],[0.978362,-0.047128905,0.2014606,0],[-0.05405623,-0.998116,0.029020296,0],[0.3583867,-0.5430387,-0.11321744,1]]},"name":"Lenna"},"timestamp":1742672496.1706939},{"content":{"name":"Lenna","identifier":"6BAD7D5D-D14A-EF93-1C8B-F6BEC80B8329","transform":{"columns":[[0.19971335,-0.03928257,-0.9790666,0],[0.978362,-0.047128905,0.2014606,0],[-0.05405623,-0.998116,0.029020296,0],[0.3583867,-0.5430387,-0.11321744,1]]}},"label":"ARImageAnchor didUpdate","timestamp":1742672496.203397},{"content":{"transform":{"columns":[[0.9786938,0.0054387227,0.20525293,0],[-0.2050912,-0.02179452,0.9785001,0],[0.009795175,-0.9997477,-0.020214729,0],[0.5881736,0.86984366,-0.5686504,1]]},"name":"Sailboat","identifier":"C35EAC54-3E90-1B97-807B-5E3B8F238DB7"},"timestamp":1742672499.9305859,"label":"ARImageAnchor didAdd"},{"timestamp":1742672499.938043,"label":"ARImageAnchor didUpdate","content":{"identifier":"C35EAC54-3E90-1B97-807B-5E3B8F238DB7","name":"Sailboat","transform":{"columns":[[0.9786938,0.0054387227,0.20525293,0],[-0.2050912,-0.02179452,0.9785001,0],[0.009795175,-0.9997477,-0.020214729,0],[0.5881736,0.86984366,-0.5686504,1]]}}},{"timestamp":1742672500.439404,"label":"ARImageAnchor didUpdate","content":{"name":"Sailboat","identifier":"C35EAC54-3E90-1B97-807B-5E3B8F238DB7","transform":{"columns":[[0.98232627,0.0013061096,0.18717141,0],[-0.18716316,0.018538399,0.9821538,0],[-0.0021870614,-0.9998272,0.018455211,0],[0.5881574,0.8751251,-0.56797034,0.99999994]]}}},{"label":"ARImageAnchor didUpdate","timestamp":1742672500.4683042,"content":{"identifier":"C35EAC54-3E90-1B97-807B-5E3B8F238DB7","name":"Sailboat","transform":{"columns":[[0.98232627,0.0013061096,0.18717141,0],[-0.18716316,0.018538399,0.9821538,0],[-0.0021870614,-0.9998272,0.018455211,0],[0.5881574,0.8751251,-0.56797034,0.99999994]]}}},{"timestamp":1742672502.597124,"content":{"name":"Mandrill","identifier":"A19C2489-597B-2BED-432C-244B551E75FD","transform":{"columns":[[-0.21432285,-0.014940307,0.97664857,0],[-0.9761148,0.039691433,-0.21359858,0],[-0.035573352,-0.99910027,-0.02309024,0],[1.185455,0.9018762,0.127405,1]]}},"label":"ARImageAnchor didAdd"},{"label":"ARImageAnchor didUpdate","content":{"name":"Mandrill","transform":{"columns":[[-0.21432285,-0.014940307,0.97664857,0],[-0.9761148,0.039691433,-0.21359858,0],[-0.035573352,-0.99910027,-0.02309024,0],[1.185455,0.9018762,0.127405,1]]},"identifier":"A19C2489-597B-2BED-432C-244B551E75FD"},"timestamp":1742672502.604735},{"content":{"transform":{"columns":[[-0.2340019,-0.0060209613,0.9722174,0],[-0.9719281,-0.023716439,-0.2340792,0],[0.024466923,-0.99970055,-0.00030225186,0],[1.0986302,0.2822249,0.8623021,0.99999994]]},"identifier":"61BB3DDD-C96C-6E82-3432-BD712CCBCB28","name":"Peppers"},"label":"ARImageAnchor didAdd","timestamp":1742672504.730308},{"timestamp":1742672504.737745,"content":{"name":"Peppers","identifier":"61BB3DDD-C96C-6E82-3432-BD712CCBCB28","transform":{"columns":[[-0.2340019,-0.0060209613,0.9722174,0],[-0.9719281,-0.023716439,-0.2340792,0],[0.024466923,-0.99970055,-0.00030225186,0],[1.0986302,0.2822249,0.8623021,0.99999994]]}},"label":"ARImageAnchor didUpdate"},{"content":{"transform":{"columns":[[-0.21331659,-0.0038607446,0.9769754,0],[-0.9769229,0.011940531,-0.21325797,0],[-0.010842286,-0.99992114,-0.006318764,0],[1.096632,0.28373972,0.8576278,1]]},"identifier":"61BB3DDD-C96C-6E82-3432-BD712CCBCB28","name":"Peppers"},"label":"ARImageAnchor didUpdate","timestamp":1742672505.772193},{"timestamp":1742672505.803355,"label":"ARImageAnchor didUpdate","content":{"name":"Peppers","identifier":"61BB3DDD-C96C-6E82-3432-BD712CCBCB28","transform":{"columns":[[-0.21331659,-0.0038607446,0.9769754,0],[-0.9769229,0.011940531,-0.21325797,0],[-0.010842286,-0.99992114,-0.006318764,0],[1.096632,0.28373972,0.8576278,1]]}}},{"timestamp":1742672512.17003,"content":{"identifier":"61BB3DDD-C96C-6E82-3432-BD712CCBCB28","name":"Peppers","transform":{"columns":[[-0.2091474,-0.0076017883,0.9778545,0],[-0.97787046,-0.0036443372,-0.20917915,0],[0.005153744,-0.9999644,-0.006671348,0],[1.1094153,0.28212368,0.848258,0.99999994]]}},"label":"ARImageAnchor didUpdate"},{"timestamp":1742672512.203685,"content":{"name":"Peppers","identifier":"61BB3DDD-C96C-6E82-3432-BD712CCBCB28","transform":{"columns":[[-0.2091474,-0.0076017883,0.9778545,0],[-0.97787046,-0.0036443372,-0.20917915,0],[0.005153744,-0.9999644,-0.006671348,0],[1.1094153,0.28212368,0.848258,0.99999994]]}},"label":"ARImageAnchor didUpdate"}]