[{"timestamp":1742577414.165916,"label":"Application launched"},{"label":"Initialize ARViewModel","timestamp":1742577414.1661592},{"timestamp":1742577414.168093,"label":"Finished Initialize ARViewModel"},{"timestamp":1742577414.16814,"label":"Initialize AnchorManager"},{"timestamp":1742577414.168153,"label":"Fininshed Initialize AnchorManager"},{"label":"ContentView Initialize","timestamp":1742577414.168165},{"content":{"position":[0.050120648,-0.4068672,-0.61043876],"beaconName":"DWM3001CDK (8449B511)"},"label":"Finished Ranging","timestamp":1742577439.650299},{"timestamp":1742577439.703109,"label":"Bunny didAdd","content":{"identifier":"9206D264-6580-4171-8339-FB57F0AD3B94","name":"bunny","transform":{"columns":[[-0.13022566,0,-0.9914843,0],[0,1,0,0],[0.9914843,0,-0.13022566,0],[0.050120648,-0.4068672,-0.61043876,1]]}}},{"content":{"name":"Earth","transform":{"columns":[[0.99937576,0.0042194678,0.035073612,0],[-0.03505971,-0.0033210553,0.99937963,0],[0.0043333312,-0.9999855,-0.0031710488,0],[-1.2992073,0.53908414,-0.76839507,1]]},"identifier":"088EF783-5990-B052-BE99-B8AA15BA6C68"},"label":"ARImageAnchor didAdd","timestamp":1742577442.9694772},{"content":{"name":"Earth","identifier":"088EF783-5990-B052-BE99-B8AA15BA6C68","transform":{"columns":[[0.99937576,0.0042194678,0.035073612,0],[-0.03505971,-0.0033210553,0.99937963,0],[0.0043333312,-0.9999855,-0.0031710488,0],[-1.2992073,0.53908414,-0.76839507,1]]}},"timestamp":1742577442.975093,"label":"ARImageAnchor didUpdate"},{"label":"ARImageAnchor didUpdate","timestamp":1742577443.4746408,"content":{"identifier":"088EF783-5990-B052-BE99-B8AA15BA6C68","transform":{"columns":[[0.9992295,0.006268876,0.038743667,0],[-0.038766496,0.0035622977,0.9992419,0],[0.0061261063,-0.9999739,0.0038025817,0],[-1.3054221,0.5396002,-0.78204465,1.0000001]]},"name":"Earth"}},{"label":"ARImageAnchor didUpdate","content":{"transform":{"columns":[[0.9992295,0.006268876,0.038743667,0],[-0.038766496,0.0035622977,0.9992419,0],[0.0061261063,-0.9999739,0.0038025817,0],[-1.3054221,0.5396002,-0.78204465,1.0000001]]},"identifier":"088EF783-5990-B052-BE99-B8AA15BA6C68","name":"Earth"},"timestamp":1742577443.50806},{"timestamp":1742577447.2357259,"content":{"transform":{"columns":[[0.9954734,0.017949983,0.09332946,0],[-0.09339862,0.0030526246,0.995624,0],[0.017586555,-0.9998341,0.0047153383,0],[-0.32828695,-0.70504194,-0.18720342,0.99999994]]},"name":"Car","identifier":"FF85DBE1-76D3-E459-2D24-8EDCEE263300"},"label":"ARImageAnchor didAdd"},{"content":{"identifier":"FF85DBE1-76D3-E459-2D24-8EDCEE263300","transform":{"columns":[[0.9954734,0.017949983,0.09332946,0],[-0.09339862,0.0030526246,0.995624,0],[0.017586555,-0.9998341,0.0047153383,0],[-0.32828695,-0.70504194,-0.18720342,0.99999994]]},"name":"Car"},"label":"ARImageAnchor didUpdate","timestamp":1742577447.243618},{"content":{"transform":{"columns":[[0.064540476,-0.032743633,-0.9973776,0],[0.9979145,0.0011158457,0.064538576,0],[-0.0010003085,-0.9994631,0.0327474,0],[0.3830984,-0.7141796,-0.22875258,0.99999994]]},"identifier":"6BAD7D5D-D14A-EF93-1C8B-F6BEC80B8329","name":"Lenna"},"timestamp":1742577452.601892,"label":"ARImageAnchor didAdd"},{"label":"ARImageAnchor didUpdate","content":{"identifier":"6BAD7D5D-D14A-EF93-1C8B-F6BEC80B8329","transform":{"columns":[[0.064540476,-0.032743633,-0.9973776,0],[0.9979145,0.0011158457,0.064538576,0],[-0.0010003085,-0.9994631,0.0327474,0],[0.3830984,-0.7141796,-0.22875258,0.99999994]]},"name":"Lenna"},"timestamp":1742577452.609318},{"timestamp":1742577453.108521,"label":"ARImageAnchor didUpdate","content":{"transform":{"columns":[[0.075925924,-0.029709559,-0.99667066,0],[0.996724,-0.025670905,0.07669519,0],[-0.027864013,-0.99922884,0.027663136,0],[0.3838041,-0.70852923,-0.22385274,1]]},"identifier":"6BAD7D5D-D14A-EF93-1C8B-F6BEC80B8329","name":"Lenna"}},{"content":{"name":"Lenna","transform":{"columns":[[0.075925924,-0.029709559,-0.99667066,0],[0.996724,-0.025670905,0.07669519,0],[-0.027864013,-0.99922884,0.027663136,0],[0.3838041,-0.70852923,-0.22385274,1]]},"identifier":"6BAD7D5D-D14A-EF93-1C8B-F6BEC80B8329"},"timestamp":1742577453.1420388,"label":"ARImageAnchor didUpdate"},{"timestamp":1742577456.368459,"label":"ARImageAnchor didAdd","content":{"transform":{"columns":[[0.997693,0.0032427006,0.06780884,0],[-0.06779615,-0.0038735522,0.9976916,0],[0.0034978762,-0.9999872,-0.0036447744,0],[0.53268087,0.71933764,-0.696972,1]]},"identifier":"C35EAC54-3E90-1B97-807B-5E3B8F238DB7","name":"Sailboat"}},{"timestamp":1742577456.3752851,"label":"ARImageAnchor didUpdate","content":{"name":"Sailboat","transform":{"columns":[[0.997693,0.0032427006,0.06780884,0],[-0.06779615,-0.0038735522,0.9976916,0],[0.0034978762,-0.9999872,-0.0036447744,0],[0.53268087,0.71933764,-0.696972,1]]},"identifier":"C35EAC54-3E90-1B97-807B-5E3B8F238DB7"}},{"timestamp":1742577457.408154,"content":{"transform":{"columns":[[0.99886686,0.007413076,0.047008608,0],[-0.04732378,0.050482363,0.99760294,0],[0.005022203,-0.99869734,0.050775964,0],[0.5316831,0.7227778,-0.70646685,1]]},"identifier":"C35EAC54-3E90-1B97-807B-5E3B8F238DB7","name":"Sailboat"},"label":"ARImageAnchor didUpdate"},{"label":"ARImageAnchor didUpdate","content":{"name":"Sailboat","identifier":"C35EAC54-3E90-1B97-807B-5E3B8F238DB7","transform":{"columns":[[0.99886686,0.007413076,0.047008608,0],[-0.04732378,0.050482363,0.99760294,0],[0.005022203,-0.99869734,0.050775964,0],[0.5316831,0.7227778,-0.70646685,1]]}},"timestamp":1742577457.442054},{"timestamp":1742577459.5680652,"label":"ARImageAnchor didAdd","content":{"identifier":"A19C2489-597B-2BED-432C-244B551E75FD","transform":{"columns":[[-0.039487977,-0.010256855,0.9991673,0],[-0.9980664,0.048439663,-0.03894722,0],[-0.04799986,-0.9987734,-0.012149811,0],[1.2313383,0.7535921,-0.119338,1]]},"name":"Mandrill"}},{"content":{"transform":{"columns":[[-0.039487977,-0.010256855,0.9991673,0],[-0.9980664,0.048439663,-0.03894722,0],[-0.04799986,-0.9987734,-0.012149811,0],[1.2313383,0.7535921,-0.119338,1]]},"identifier":"A19C2489-597B-2BED-432C-244B551E75FD","name":"Mandrill"},"label":"ARImageAnchor didUpdate","timestamp":1742577459.5749269},{"content":{"identifier":"61BB3DDD-C96C-6E82-3432-BD712CCBCB28","transform":{"columns":[[-0.044224303,-0.002151125,0.9990192,0],[-0.99894005,-0.012675718,-0.044248093,0],[0.012758441,-0.99991727,-0.0015882864,0],[1.2684219,0.14284101,0.61361843,1]]},"name":"Peppers"},"label":"ARImageAnchor didAdd","timestamp":1742577462.767818},{"timestamp":1742577462.775589,"label":"ARImageAnchor didUpdate","content":{"transform":{"columns":[[-0.044224303,-0.002151125,0.9990192,0],[-0.99894005,-0.012675718,-0.044248093,0],[0.012758441,-0.99991727,-0.0015882864,0],[1.2684219,0.14284101,0.61361843,1]]},"identifier":"61BB3DDD-C96C-6E82-3432-BD712CCBCB28","name":"Peppers"}},{"timestamp":1742577466.8417358,"label":"Bunny didUpdate","content":{"identifier":"9206D264-6580-4171-8339-FB57F0AD3B94","name":"bunny","transform":{"columns":[[-0.1301907,0.0010878838,-0.9914882,0],[-0.00020926009,0.99999934,0.0011246998,0],[0.9914888,0.00035390438,-0.13019036,0],[0.050118074,-0.4068731,-0.61042607,1]]}}}]