[{"timestamp":1742662021.169582,"label":"Application launched"},{"label":"Initialize ARViewModel","timestamp":1742662021.169654},{"timestamp":1742662021.1709409,"label":"Finished Initialize ARViewModel"},{"label":"Initialize AnchorManager","timestamp":1742662021.171001},{"label":"Fininshed Initialize AnchorManager","timestamp":1742662021.171015},{"timestamp":1742662021.171027,"label":"ContentView Initialize"},{"label":"Finished Ranging","content":{"beaconName":"DWM3001CDK (8449B511)","position":[-0.30829468,-0.33414546,-0.43139023]},"timestamp":1742662047.5372},{"timestamp":1742662047.591267,"label":"Bunny didAdd","content":{"identifier":"4CD026B2-481A-422F-8017-04462F09C7E4","transform":{"columns":[[0.10114038,0,-0.99487215,0],[0,1,0,0],[0.99487215,0,0.10114038,0],[-0.30829468,-0.33414546,-0.43139023,1]]},"name":"bunny"}},{"label":"Bunny didUpdate","timestamp":1742662050.399451,"content":{"identifier":"4CD026B2-481A-422F-8017-04462F09C7E4","transform":{"columns":[[0.101163894,-1.8697183e-05,-0.99486977,0],[5.0364448e-05,0.99999994,-1.3672262e-05,0],[0.9948697,-4.8722923e-05,0.1011639,0],[-0.3083026,-0.33414868,-0.43138662,0.99999994]]},"name":"bunny"}},{"label":"ARImageAnchor didAdd","timestamp":1742662050.557647,"content":{"transform":{"columns":[[0.93189704,0.013169227,0.36248377,0],[-0.3624342,-0.0060570417,0.93198967,0],[0.01446916,-0.9998949,-0.0008715838,0],[-0.7176515,-0.63922644,-0.12808114,0.99999994]]},"identifier":"FF85DBE1-76D3-E459-2D24-8EDCEE263300","name":"Car"}},{"content":{"name":"Car","transform":{"columns":[[0.93189704,0.013169227,0.36248377,0],[-0.3624342,-0.0060570417,0.93198967,0],[0.01446916,-0.9998949,-0.0008715838,0],[-0.7176515,-0.63922644,-0.12808114,0.99999994]]},"identifier":"FF85DBE1-76D3-E459-2D24-8EDCEE263300"},"timestamp":1742662050.567604,"label":"ARImageAnchor didUpdate"},{"timestamp":1742662050.7988238,"label":"Bunny didUpdate","content":{"transform":{"columns":[[0.10115051,1.4562804e-05,-0.99487114,0],[3.0707553e-05,0.9999999,1.7759976e-05,0],[0.994871,-3.234649e-05,0.10115051,0],[-0.30829987,-0.33414513,-0.43139338,0.99999994]]},"identifier":"4CD026B2-481A-422F-8017-04462F09C7E4","name":"bunny"}},{"label":"ARImageAnchor didAdd","timestamp":1742662053.757588,"content":{"transform":{"columns":[[0.95682585,-0.003551607,0.29063997,0],[-0.29055795,-0.038401667,0.95608646,0],[0.007765415,-0.999256,-0.037775654,0],[-1.5012958,0.61809134,-0.94887376,0.99999994]]},"name":"Earth","identifier":"088EF783-5990-B052-BE99-B8AA15BA6C68"}},{"timestamp":1742662053.763258,"label":"ARImageAnchor didUpdate","content":{"transform":{"columns":[[0.95682585,-0.003551607,0.29063997,0],[-0.29055795,-0.038401667,0.95608646,0],[0.007765415,-0.999256,-0.037775654,0],[-1.5012958,0.61809134,-0.94887376,0.99999994]]},"name":"Earth","identifier":"088EF783-5990-B052-BE99-B8AA15BA6C68"}},{"timestamp":1742662056.929673,"label":"ARImageAnchor didUpdate","content":{"identifier":"088EF783-5990-B052-BE99-B8AA15BA6C68","transform":{"columns":[[0.96134496,0.0034456614,0.27532518,0],[-0.27534464,0.015912188,0.9612138,0],[-0.0010690136,-0.99986744,0.016245855,0],[-1.4974171,0.6195661,-0.9622991,1]]},"name":"Earth"}},{"label":"ARImageAnchor didUpdate","timestamp":1742662056.963064,"content":{"transform":{"columns":[[0.96134496,0.0034456614,0.27532518,0],[-0.27534464,0.015912188,0.9612138,0],[-0.0010690136,-0.99986744,0.016245855,0],[-1.4974171,0.6195661,-0.9622991,1]]},"name":"Earth","identifier":"088EF783-5990-B052-BE99-B8AA15BA6C68"}},{"label":"Bunny didUpdate","content":{"name":"bunny","transform":{"columns":[[0.10145849,5.5050583e-05,-0.9948397,0],[9.1278795e-05,0.9999998,6.4645166e-05,0],[0.99483967,-9.7366574e-05,0.10145848,0],[-0.30828488,-0.33414343,-0.4313904,0.99999994]]},"identifier":"4CD026B2-481A-422F-8017-04462F09C7E4"},"timestamp":1742662059.398031},{"timestamp":1742662059.6984072,"label":"Bunny didUpdate","content":{"transform":{"columns":[[0.101466075,7.816691e-05,-0.99483883,0],[9.355151e-05,0.99999976,8.811396e-05,0],[0.9948387,-0.000102009275,0.10146607,0],[-0.30828464,-0.33414146,-0.43139473,0.99999994]]},"identifier":"4CD026B2-481A-422F-8017-04462F09C7E4","name":"bunny"}},{"timestamp":1742662060.599724,"content":{"name":"bunny","identifier":"4CD026B2-481A-422F-8017-04462F09C7E4","transform":{"columns":[[0.10149874,0.00011173638,-0.99483544,0],[0.000120635304,0.9999997,0.00012462429,0],[0.9948353,-0.0001326615,0.10149871,0],[-0.30828723,-0.3341394,-0.4314007,1]]}},"label":"Bunny didUpdate"},{"timestamp":1742662064.19944,"label":"Bunny didUpdate","content":{"name":"bunny","identifier":"4CD026B2-481A-422F-8017-04462F09C7E4","transform":{"columns":[[0.10145967,0.00012987037,-0.9948394,0],[0.00010482415,0.99999964,0.00014123462,0],[0.99483925,-0.00011861283,0.101459645,0],[-0.30828747,-0.33413732,-0.4314056,1]]}}},{"timestamp":1742662064.599348,"content":{"identifier":"4CD026B2-481A-422F-8017-04462F09C7E4","transform":{"columns":[[0.10142206,0.00016993341,-0.9948431,0],[8.918582e-05,0.9999996,0.00017990652,0],[0.99484307,-0.000106972424,0.101422034,0],[-0.30828765,-0.3341333,-0.43141478,0.99999994]]},"name":"bunny"},"label":"Bunny didUpdate"},{"content":{"name":"bunny","identifier":"4CD026B2-481A-422F-8017-04462F09C7E4","transform":{"columns":[[0.10141372,0.00018500985,-0.99484384,0],[7.901306e-05,0.9999994,0.00019402316,0],[0.9948438,-9.828231e-05,0.1014137,0],[-0.30828634,-0.33413163,-0.4314179,0.99999994]]}},"timestamp":1742662064.99898,"label":"Bunny didUpdate"},{"label":"Bunny didUpdate","timestamp":1742662065.4024,"content":{"name":"bunny","transform":{"columns":[[0.10140691,0.0001997058,-0.9948444,0],[8.056939e-05,0.9999992,0.00020895322,0],[0.9948444,-0.00010134337,0.10140689,0],[-0.30828726,-0.3341304,-0.4314211,0.99999994]]},"identifier":"4CD026B2-481A-422F-8017-04462F09C7E4"}},{"content":{"name":"Lenna","identifier":"6BAD7D5D-D14A-EF93-1C8B-F6BEC80B8329","transform":{"columns":[[0.339177,-0.03680865,-0.94000214,0],[0.94071645,0.009685889,0.33905545,0],[-0.0033753905,-0.9992753,0.037911735,0],[-0.028488278,-0.64156336,0.029115617,0.99999994]]}},"label":"ARImageAnchor didAdd","timestamp":1742662065.523573},{"timestamp":1742662065.531798,"content":{"identifier":"6BAD7D5D-D14A-EF93-1C8B-F6BEC80B8329","name":"Lenna","transform":{"columns":[[0.339177,-0.03680865,-0.94000214,0],[0.94071645,0.009685889,0.33905545,0],[-0.0033753905,-0.9992753,0.037911735,0],[-0.028488278,-0.64156336,0.029115617,0.99999994]]}},"label":"ARImageAnchor didUpdate"},{"timestamp":1742662066.5637078,"label":"ARImageAnchor didUpdate","content":{"name":"Lenna","transform":{"columns":[[0.32909232,-0.036481477,-0.94359285,0],[0.94203275,-0.0564836,0.33073202,0],[-0.0653631,-0.99773675,0.015778445,0],[-0.027270049,-0.639228,0.033735618,0.99999994]]},"identifier":"6BAD7D5D-D14A-EF93-1C8B-F6BEC80B8329"}},{"content":{"identifier":"6BAD7D5D-D14A-EF93-1C8B-F6BEC80B8329","name":"Lenna","transform":{"columns":[[0.32909232,-0.036481477,-0.94359285,0],[0.94203275,-0.0564836,0.33073202,0],[-0.0653631,-0.99773675,0.015778445,0],[-0.027270049,-0.639228,0.033735618,0.99999994]]}},"timestamp":1742662066.596679,"label":"ARImageAnchor didUpdate"},{"timestamp":1742662069.823543,"label":"ARImageAnchor didAdd","content":{"identifier":"C35EAC54-3E90-1B97-807B-5E3B8F238DB7","transform":{"columns":[[0.93833256,-9.974942e-05,0.3457338,0],[-0.34568933,0.015770853,0.9382165,0],[-0.005546099,-0.99987555,0.014763834,0],[0.2515185,0.7943008,-0.37568775,0.99999994]]},"name":"Sailboat"}},{"content":{"name":"Sailboat","identifier":"C35EAC54-3E90-1B97-807B-5E3B8F238DB7","transform":{"columns":[[0.93833256,-9.974942e-05,0.3457338,0],[-0.34568933,0.015770853,0.9382165,0],[-0.005546099,-0.99987555,0.014763834,0],[0.2515185,0.7943008,-0.37568775,0.99999994]]}},"timestamp":1742662069.829509,"label":"ARImageAnchor didUpdate"},{"label":"ARImageAnchor didAdd","content":{"name":"Mandrill","identifier":"A19C2489-597B-2BED-432C-244B551E75FD","transform":{"columns":[[-0.32320562,-0.014030071,0.94622463,0],[-0.945372,0.0497348,-0.3221769,0],[-0.042540107,-0.9986639,-0.029338207,0],[0.75974464,0.8229592,0.38238975,0.99999994]]}},"timestamp":1742662074.0898628},{"label":"ARImageAnchor didUpdate","timestamp":1742662074.096343,"content":{"transform":{"columns":[[-0.32320562,-0.014030071,0.94622463,0],[-0.945372,0.0497348,-0.3221769,0],[-0.042540107,-0.9986639,-0.029338207,0],[0.75974464,0.8229592,0.38238975,0.99999994]]},"name":"Mandrill","identifier":"A19C2489-597B-2BED-432C-244B551E75FD"}},{"label":"ARImageAnchor didAdd","content":{"transform":{"columns":[[-0.31559202,-0.0066075968,0.9488719,0],[-0.9488336,0.013566393,-0.31548476,0],[-0.0107881725,-0.9998861,-0.010550951,0],[0.59285855,0.20673087,1.1047922,0.99999994]]},"name":"Peppers","identifier":"61BB3DDD-C96C-6E82-3432-BD712CCBCB28"},"timestamp":1742662076.756455},{"label":"ARImageAnchor didUpdate","timestamp":1742662076.762504,"content":{"name":"Peppers","identifier":"61BB3DDD-C96C-6E82-3432-BD712CCBCB28","transform":{"columns":[[-0.31559202,-0.0066075968,0.9488719,0],[-0.9488336,0.013566393,-0.31548476,0],[-0.0107881725,-0.9998861,-0.010550951,0],[0.59285855,0.20673087,1.1047922,0.99999994]]}}},{"content":{"identifier":"4CD026B2-481A-422F-8017-04462F09C7E4","transform":{"columns":[[0.10119386,0.00020017818,-0.9948661,0],[-1.2908441e-05,0.99999917,0.00019989806,0],[0.9948661,-7.3862966e-06,0.10119387,0],[-0.3082868,-0.3341279,-0.4314285,0.99999994]]},"name":"bunny"},"timestamp":1742662081.797471,"label":"Bunny didUpdate"},{"content":{"transform":{"columns":[[0.9496648,-0.008788415,0.31314412,0],[-0.31324548,-0.014781194,0.94955695,0],[-0.00371646,-0.999852,-0.016790144,0],[-1.4516475,0.62109697,-0.9300896,0.9999998]]},"identifier":"088EF783-5990-B052-BE99-B8AA15BA6C68","name":"Earth"},"timestamp":1742662086.861368,"label":"ARImageAnchor didUpdate"},{"content":{"identifier":"088EF783-5990-B052-BE99-B8AA15BA6C68","name":"Earth","transform":{"columns":[[0.9496648,-0.008788415,0.31314412,0],[-0.31324548,-0.014781194,0.94955695,0],[-0.00371646,-0.999852,-0.016790144,0],[-1.4516475,0.62109697,-0.9300896,0.9999998]]}},"label":"ARImageAnchor didUpdate","timestamp":1742662086.894654},{"label":"ARImageAnchor didUpdate","timestamp":1742662087.394929,"content":{"transform":{"columns":[[0.94887775,-0.004576526,0.31561035,0],[-0.31564334,-0.014917197,0.9487606,0],[0.00036599458,-0.99987817,-0.015599158,0],[-1.470689,0.61971164,-0.95357275,0.9999999]]},"name":"Earth","identifier":"088EF783-5990-B052-BE99-B8AA15BA6C68"}},{"label":"ARImageAnchor didUpdate","content":{"name":"Earth","transform":{"columns":[[0.94887775,-0.004576526,0.31561035,0],[-0.31564334,-0.014917197,0.9487606,0],[0.00036599458,-0.99987817,-0.015599158,0],[-1.470689,0.61971164,-0.95357275,0.9999999]]},"identifier":"088EF783-5990-B052-BE99-B8AA15BA6C68"},"timestamp":1742662087.428859},{"timestamp":1742662091.497923,"label":"Bunny didUpdate","content":{"name":"bunny","identifier":"4CD026B2-481A-422F-8017-04462F09C7E4","transform":{"columns":[[0.101280496,0.0004876818,-0.9948571,0],[-0.00018450616,0.999999,0.00047141896,0],[0.9948573,0.00013581185,0.101280585,0],[-0.3082456,-0.33409694,-0.4314785,1]]}}}]