[{"label":"Application launched","timestamp":1742665063.007087},{"label":"Initialize ARViewModel","timestamp":1742665063.007442},{"timestamp":1742665063.009334,"label":"Finished Initialize ARViewModel"},{"timestamp":1742665063.009351,"label":"Initialize AnchorManager"},{"timestamp":1742665063.009356,"label":"Fininshed Initialize AnchorManager"},{"label":"ContentView Initialize","timestamp":1742665063.0093598},{"label":"Finished Ranging","timestamp":1742665086.3325682,"content":{"beaconName":"DWM3001CDK (8449B511)","position":[0.034665994,-0.18222812,-0.21061905]}},{"timestamp":1742665086.385503,"label":"Bunny didAdd","content":{"name":"bunny","transform":{"columns":[[0.35817194,0,-0.9336556,0],[0,1,0,0],[0.9336556,0,0.35817194,0],[0.034665994,-0.18222812,-0.21061905,1]]},"identifier":"868D4FD1-5933-4090-97C3-34ED15865051"}},{"label":"Bunny didUpdate","content":{"identifier":"868D4FD1-5933-4090-97C3-34ED15865051","name":"bunny","transform":{"columns":[[0.35815048,-1.21083485e-05,-0.93366385,0],[3.341871e-06,1,-1.1686708e-05,0],[0.93366385,1.065415e-06,0.35815048,0],[0.034666095,-0.18222797,-0.2106187,1]]}},"timestamp":1742665086.886739},{"timestamp":1742665087.593073,"label":"Bunny didUpdate","content":{"transform":{"columns":[[0.35806286,-0.0001163349,-0.93369746,0],[1.5358453e-05,1,-0.00011870613,0],[0.9336974,2.8164108e-05,0.35806286,0],[0.034666643,-0.18222693,-0.21061608,1]]},"name":"bunny","identifier":"868D4FD1-5933-4090-97C3-34ED15865051"}},{"timestamp":1742665089.1851912,"label":"ARImageAnchor didAdd","content":{"identifier":"FF85DBE1-76D3-E459-2D24-8EDCEE263300","transform":{"columns":[[0.99432963,0.006986967,0.10611002,0],[-0.10594032,-0.02132132,0.9941437,0],[0.00920846,-0.9997482,-0.020460213,0],[-0.27633756,-0.4819837,0.1914118,0.9999999]]},"name":"Car"}},{"label":"ARImageAnchor didUpdate","content":{"identifier":"FF85DBE1-76D3-E459-2D24-8EDCEE263300","transform":{"columns":[[0.99432963,0.006986967,0.10611002,0],[-0.10594032,-0.02132132,0.9941437,0],[0.00920846,-0.9997482,-0.020460213,0],[-0.27633756,-0.4819837,0.1914118,0.9999999]]},"name":"Car"},"timestamp":1742665089.195451},{"content":{"name":"Earth","transform":{"columns":[[0.9991228,-0.0049165525,0.041584063,0],[-0.041667428,-0.018285146,0.99896413,0],[-0.0041510887,-0.9998207,-0.018473964,0],[-1.2401516,0.774924,-0.38189805,0.9999999]]},"identifier":"088EF783-5990-B052-BE99-B8AA15BA6C68"},"timestamp":1742665092.3852348,"label":"ARImageAnchor didAdd"},{"timestamp":1742665092.391597,"content":{"transform":{"columns":[[0.9991228,-0.0049165525,0.041584063,0],[-0.041667428,-0.018285146,0.99896413,0],[-0.0041510887,-0.9998207,-0.018473964,0],[-1.2401516,0.774924,-0.38189805,0.9999999]]},"identifier":"088EF783-5990-B052-BE99-B8AA15BA6C68","name":"Earth"},"label":"ARImageAnchor didUpdate"},{"timestamp":1742665092.89145,"content":{"identifier":"088EF783-5990-B052-BE99-B8AA15BA6C68","name":"Earth","transform":{"columns":[[0.9995759,-0.001295833,0.029090162,0],[-0.029099079,-0.007532715,0.9995481,0],[-0.001076117,-0.9999707,-0.0075672367,0],[-1.249265,0.7780595,-0.3942967,1]]}},"label":"ARImageAnchor didUpdate"},{"content":{"name":"Earth","identifier":"088EF783-5990-B052-BE99-B8AA15BA6C68","transform":{"columns":[[0.9995759,-0.001295833,0.029090162,0],[-0.029099079,-0.007532715,0.9995481,0],[-0.001076117,-0.9999707,-0.0075672367,0],[-1.249265,0.7780595,-0.3942967,1]]}},"timestamp":1742665092.9270182,"label":"ARImageAnchor didUpdate"},{"label":"Bunny didUpdate","content":{"identifier":"868D4FD1-5933-4090-97C3-34ED15865051","transform":{"columns":[[0.35778585,-0.00016515073,-0.9338037,0],[5.5841363e-05,1,-0.00015546256,0],[0.9338037,3.4774212e-06,0.35778582,0],[0.034668364,-0.18222699,-0.21061537,1]]},"name":"bunny"},"timestamp":1742665095.491919},{"content":{"identifier":"6BAD7D5D-D14A-EF93-1C8B-F6BEC80B8329","name":"Lenna","transform":{"columns":[[0.07446076,-0.033366144,-0.9966655,0],[0.9970024,-0.018566873,0.07510755,0],[-0.021010986,-0.9992707,0.031883623,0],[0.41996744,-0.48339474,0.16497308,0.99999994]]}},"timestamp":1742665097.184897,"label":"ARImageAnchor didAdd"},{"timestamp":1742665097.195263,"content":{"transform":{"columns":[[0.07446076,-0.033366144,-0.9966655,0],[0.9970024,-0.018566873,0.07510755,0],[-0.021010986,-0.9992707,0.031883623,0],[0.41996744,-0.48339474,0.16497308,0.99999994]]},"name":"Lenna","identifier":"6BAD7D5D-D14A-EF93-1C8B-F6BEC80B8329"},"label":"ARImageAnchor didUpdate"},{"timestamp":1742665099.8907518,"label":"ARImageAnchor didUpdate","content":{"identifier":"6BAD7D5D-D14A-EF93-1C8B-F6BEC80B8329","transform":{"columns":[[0.071192496,-0.040190745,-0.9966525,0],[0.99659467,-0.03880628,0.07275329,0],[-0.04160036,-0.9984381,0.03729116,0],[0.4253279,-0.48277217,0.16078764,1]]},"name":"Lenna"}},{"timestamp":1742665099.92487,"label":"ARImageAnchor didUpdate","content":{"transform":{"columns":[[0.071192496,-0.040190745,-0.9966525,0],[0.99659467,-0.03880628,0.07275329,0],[-0.04160036,-0.9984381,0.03729116,0],[0.4253279,-0.48277217,0.16078764,1]]},"name":"Lenna","identifier":"6BAD7D5D-D14A-EF93-1C8B-F6BEC80B8329"}},{"label":"Bunny didUpdate","content":{"name":"bunny","transform":{"columns":[[0.35765338,-0.00012256335,-0.9338544,0],[0.000501919,0.99999994,6.09835e-05,0],[0.9338543,-0.00049053016,0.35765335,0],[0.03465916,-0.18222828,-0.21062005,1]]},"identifier":"868D4FD1-5933-4090-97C3-34ED15865051"},"timestamp":1742665103.293138},{"label":"ARImageAnchor didAdd","content":{"transform":{"columns":[[0.99828273,0.0027059175,0.05851488,0],[-0.058497675,-0.006044025,0.99826914,0],[0.0030548908,-0.999978,-0.005875355,0],[0.5898737,0.9353241,-0.31610698,0.99999994]]},"name":"Sailboat","identifier":"C35EAC54-3E90-1B97-807B-5E3B8F238DB7"},"timestamp":1742665103.6514459},{"timestamp":1742665103.658441,"label":"ARImageAnchor didUpdate","content":{"name":"Sailboat","transform":{"columns":[[0.99828273,0.0027059175,0.05851488,0],[-0.058497675,-0.006044025,0.99826914,0],[0.0030548908,-0.999978,-0.005875355,0],[0.5898737,0.9353241,-0.31610698,0.99999994]]},"identifier":"C35EAC54-3E90-1B97-807B-5E3B8F238DB7"}},{"content":{"name":"Mandrill","identifier":"A19C2489-597B-2BED-432C-244B551E75FD","transform":{"columns":[[-0.045544498,-0.014886563,0.99885124,0],[-0.99807906,0.04271379,-0.044872697,0],[-0.04199673,-0.9989764,-0.01680335,0],[1.2877121,0.96535885,0.2793905,1]]}},"label":"ARImageAnchor didAdd","timestamp":1742665105.784703},{"content":{"name":"Mandrill","identifier":"A19C2489-597B-2BED-432C-244B551E75FD","transform":{"columns":[[-0.045544498,-0.014886563,0.99885124,0],[-0.99807906,0.04271379,-0.044872697,0],[-0.04199673,-0.9989764,-0.01680335,0],[1.2877121,0.96535885,0.2793905,1]]}},"label":"ARImageAnchor didUpdate","timestamp":1742665105.792225},{"label":"ARImageAnchor didAdd","timestamp":1742665107.917983,"content":{"identifier":"61BB3DDD-C96C-6E82-3432-BD712CCBCB28","transform":{"columns":[[-0.04999338,-0.006749721,0.99872667,0],[-0.998742,-0.0035452035,-0.050018128,0],[0.0038783108,-0.9999708,-0.0065639936,0],[1.3248767,0.34572726,1.0149941,1]]},"name":"Peppers"}},{"timestamp":1742665107.923888,"label":"ARImageAnchor didUpdate","content":{"name":"Peppers","transform":{"columns":[[-0.04999338,-0.006749721,0.99872667,0],[-0.998742,-0.0035452035,-0.050018128,0],[0.0038783108,-0.9999708,-0.0065639936,0],[1.3248767,0.34572726,1.0149941,1]]},"identifier":"61BB3DDD-C96C-6E82-3432-BD712CCBCB28"}},{"label":"Bunny didUpdate","content":{"identifier":"868D4FD1-5933-4090-97C3-34ED15865051","name":"bunny","transform":{"columns":[[0.35762486,-0.0004190816,-0.93386513,0],[0.00064882654,0.99999976,-0.0002002912,0],[0.933865,-0.0005342874,0.35762504,0],[0.034656003,-0.1822259,-0.21061398,0.99999994]]}},"timestamp":1742665113.892391},{"content":{"name":"Earth","transform":{"columns":[[0.9985476,-0.007012251,0.053417385,0],[-0.053494737,-0.011352811,0.99850357,0],[-0.0063953237,-0.9999109,-0.011711406,0],[-1.2463616,0.7820734,-0.43380997,1]]},"identifier":"088EF783-5990-B052-BE99-B8AA15BA6C68"},"timestamp":1742665115.3564281,"label":"ARImageAnchor didUpdate"},{"timestamp":1742665115.3907971,"label":"ARImageAnchor didUpdate","content":{"name":"Earth","identifier":"088EF783-5990-B052-BE99-B8AA15BA6C68","transform":{"columns":[[0.9985476,-0.007012251,0.053417385,0],[-0.053494737,-0.011352811,0.99850357,0],[-0.0063953237,-0.9999109,-0.011711406,0],[-1.2463616,0.7820734,-0.43380997,1]]}}}]