[{"timestamp":1742659640.0708508,"label":"Application launched"},{"label":"Initialize ARViewModel","timestamp":1742659640.070952},{"label":"Finished Initialize ARViewModel","timestamp":1742659640.0730472},{"timestamp":1742659640.073101,"label":"Initialize AnchorManager"},{"label":"Fininshed Initialize AnchorManager","timestamp":1742659640.0731149},{"timestamp":1742659640.073128,"label":"ContentView Initialize"},{"content":{"beaconName":"DWM3001CDK (8449B511)","position":[-0.045861676,-0.38807783,-0.7680371]},"timestamp":1742659661.94636,"label":"Finished Ranging"},{"content":{"identifier":"A05B34DE-4BB4-4951-B7CE-888FEA4DD62E","transform":{"columns":[[-0.11447227,0,-0.9934265,0],[0,1,0,0],[0.9934265,0,-0.11447227,0],[-0.045861676,-0.38807783,-0.7680371,1]]},"name":"bunny"},"timestamp":1742659662.003325,"label":"Bunny didAdd"},{"label":"Bunny didUpdate","content":{"identifier":"A05B34DE-4BB4-4951-B7CE-888FEA4DD62E","transform":{"columns":[[-0.11626985,7.1303046e-05,-0.9932177,0],[-7.044357e-05,1,8.0036334e-05,0],[0.9932177,7.9271624e-05,-0.11626984,0],[-0.045690283,-0.38708407,-0.7670421,1]]},"name":"bunny"},"timestamp":1742659662.51262},{"label":"ARImageAnchor didAdd","content":{"identifier":"FF85DBE1-76D3-E459-2D24-8EDCEE263300","transform":{"columns":[[0.99358565,0.009367105,0.11269301,0],[-0.11241393,-0.026318386,0.9933128,0],[0.012270379,-0.9996097,-0.025096573,0],[-0.36918575,-0.7178787,-0.3535042,0.99999994]]},"name":"Car"},"timestamp":1742659664.2030358},{"timestamp":1742659664.213115,"content":{"identifier":"FF85DBE1-76D3-E459-2D24-8EDCEE263300","transform":{"columns":[[0.99358565,0.009367105,0.11269301,0],[-0.11241393,-0.026318386,0.9933128,0],[0.012270379,-0.9996097,-0.025096573,0],[-0.36918575,-0.7178787,-0.3535042,0.99999994]]},"name":"Car"},"label":"ARImageAnchor didUpdate"},{"label":"ARImageAnchor didUpdate","timestamp":1742659664.70898,"content":{"identifier":"FF85DBE1-76D3-E459-2D24-8EDCEE263300","transform":{"columns":[[0.992407,0.011965335,0.12241331,0],[-0.12240605,-0.0013407508,0.9924791,0],[0.012039477,-0.99992746,0.00013407427,0],[-0.36935773,-0.71316546,-0.35421878,1]]},"name":"Car"}},{"label":"ARImageAnchor didUpdate","content":{"transform":{"columns":[[0.992407,0.011965335,0.12241331,0],[-0.12240605,-0.0013407508,0.9924791,0],[0.012039477,-0.99992746,0.00013407427,0],[-0.36935773,-0.71316546,-0.35421878,1]]},"identifier":"FF85DBE1-76D3-E459-2D24-8EDCEE263300","name":"Car"},"timestamp":1742659664.742725},{"label":"Bunny didUpdate","content":{"identifier":"A05B34DE-4BB4-4951-B7CE-888FEA4DD62E","name":"bunny","transform":{"columns":[[-0.11619775,0.00033390813,-0.9932261,0],[-5.7045192e-05,0.9999999,0.00034285907,0],[0.9932261,9.649824e-05,-0.11619773,0],[-0.046443574,-0.38659903,-0.76654613,0.99999994]]}},"timestamp":1742659667.509982},{"label":"ARImageAnchor didAdd","content":{"transform":{"columns":[[0.9991937,-0.0024840713,0.04007063,0],[-0.03987655,0.054365166,0.9977245,0],[-0.004656862,-0.99851805,0.05422224,0],[-1.3331451,0.54805094,-0.9711112,0.99999994]]},"identifier":"088EF783-5990-B052-BE99-B8AA15BA6C68","name":"Earth"},"timestamp":1742659668.4695501},{"label":"ARImageAnchor didUpdate","content":{"identifier":"088EF783-5990-B052-BE99-B8AA15BA6C68","transform":{"columns":[[0.9991937,-0.0024840713,0.04007063,0],[-0.03987655,0.054365166,0.9977245,0],[-0.004656862,-0.99851805,0.05422224,0],[-1.3331451,0.54805094,-0.9711112,0.99999994]]},"name":"Earth"},"timestamp":1742659668.475601},{"label":"ARImageAnchor didUpdate","content":{"identifier":"088EF783-5990-B052-BE99-B8AA15BA6C68","transform":{"columns":[[0.9993166,0.0024136072,0.036886923,0],[-0.03696031,0.048053868,0.9981606,0],[0.00063660974,-0.99884176,0.048110228,0],[-1.3295805,0.5447641,-0.98173547,1]]},"name":"Earth"},"timestamp":1742659668.97505},{"content":{"name":"Earth","transform":{"columns":[[0.9993166,0.0024136072,0.036886923,0],[-0.03696031,0.048053868,0.9981606,0],[0.00063660974,-0.99884176,0.048110228,0],[-1.3295805,0.5447641,-0.98173547,1]]},"identifier":"088EF783-5990-B052-BE99-B8AA15BA6C68"},"timestamp":1742659669.0082688,"label":"ARImageAnchor didUpdate"},{"content":{"name":"bunny","identifier":"A05B34DE-4BB4-4951-B7CE-888FEA4DD62E","transform":{"columns":[[-0.11607061,0.00024266193,-0.993241,0],[9.5069256e-05,0.99999994,0.00023320338,0],[0.993241,-6.7358626e-05,-0.11607063,0],[-0.046433434,-0.38660732,-0.7665447,1]]}},"timestamp":1742659674.011098,"label":"Bunny didUpdate"},{"content":{"transform":{"columns":[[-0.11606069,0.00028001168,-0.99324214,0],[9.364367e-05,0.99999994,0.00027097444,0],[0.99324214,-6.156137e-05,-0.11606071,0],[-0.0464319,-0.3866022,-0.76654893,1]]},"name":"bunny","identifier":"A05B34DE-4BB4-4951-B7CE-888FEA4DD62E"},"timestamp":1742659674.310402,"label":"Bunny didUpdate"},{"content":{"identifier":"6BAD7D5D-D14A-EF93-1C8B-F6BEC80B8329","name":"Lenna","transform":{"columns":[[0.103623815,-0.033187054,-0.9940626,0],[0.99456006,-0.0071806465,0.103915446,0],[-0.010586647,-0.9994232,0.032262404,0],[0.35688803,-0.7297161,-0.36992347,1]]}},"timestamp":1742659674.335577,"label":"ARImageAnchor didAdd"},{"timestamp":1742659674.3442621,"content":{"identifier":"6BAD7D5D-D14A-EF93-1C8B-F6BEC80B8329","name":"Lenna","transform":{"columns":[[0.103623815,-0.033187054,-0.9940626,0],[0.99456006,-0.0071806465,0.103915446,0],[-0.010586647,-0.9994232,0.032262404,0],[0.35688803,-0.7297161,-0.36992347,1]]}},"label":"ARImageAnchor didUpdate"},{"label":"Bunny didUpdate","timestamp":1742659678.408592,"content":{"identifier":"A05B34DE-4BB4-4951-B7CE-888FEA4DD62E","transform":{"columns":[[-0.115844496,0.00029917218,-0.99326724,0],[1.9844307e-05,0.9999998,0.00029888554,0],[0.99326736,1.4913551e-05,-0.115844496,0],[-0.046394236,-0.38660255,-0.7665644,0.99999994]]},"name":"bunny"}},{"timestamp":1742659679.109923,"content":{"transform":{"columns":[[-0.115651056,0.0002726401,-0.99328977,0],[1.2361087e-05,0.9999999,0.00027304268,0],[0.9932899,1.929954e-05,-0.11565106,0],[-0.046366364,-0.3866066,-0.7665734,1]]},"identifier":"A05B34DE-4BB4-4951-B7CE-888FEA4DD62E","name":"bunny"},"label":"Bunny didUpdate"},{"label":"ARImageAnchor didAdd","timestamp":1742659680.20191,"content":{"name":"Sailboat","transform":{"columns":[[0.99824727,0.013312815,0.057664484,0],[-0.057207555,-0.032473795,0.997834,0],[0.015156573,-0.9993838,-0.031655293,0],[0.5387418,0.7313328,-0.83671916,1]]},"identifier":"C35EAC54-3E90-1B97-807B-5E3B8F238DB7"}},{"timestamp":1742659680.208503,"content":{"name":"Sailboat","identifier":"C35EAC54-3E90-1B97-807B-5E3B8F238DB7","transform":{"columns":[[0.99824727,0.013312815,0.057664484,0],[-0.057207555,-0.032473795,0.997834,0],[0.015156573,-0.9993838,-0.031655293,0],[0.5387418,0.7313328,-0.83671916,1]]}},"label":"ARImageAnchor didUpdate"},{"content":{"name":"Mandrill","identifier":"A19C2489-597B-2BED-432C-244B551E75FD","transform":{"columns":[[-0.08740401,-0.0120615,0.99609995,0],[-0.9955625,0.0360549,-0.08692032,0],[-0.034865893,-0.99927694,-0.015159327,0],[1.2132062,0.75836796,-0.22320716,1]]}},"timestamp":1742659682.868458,"label":"ARImageAnchor didAdd"},{"content":{"name":"Mandrill","identifier":"A19C2489-597B-2BED-432C-244B551E75FD","transform":{"columns":[[-0.08740401,-0.0120615,0.99609995,0],[-0.9955625,0.0360549,-0.08692032,0],[-0.034865893,-0.99927694,-0.015159327,0],[1.2132062,0.75836796,-0.22320716,1]]}},"label":"ARImageAnchor didUpdate","timestamp":1742659682.8751469},{"timestamp":1742659685.534822,"label":"ARImageAnchor didAdd","content":{"identifier":"61BB3DDD-C96C-6E82-3432-BD712CCBCB28","transform":{"columns":[[-0.096479714,-0.0034273518,0.9953291,0],[-0.9953291,0.0037563276,-0.09646682,0],[-0.0034081673,-0.999987,-0.0037737582,0],[1.2200888,0.14079994,0.51646197,1.0000001]]},"name":"Peppers"}},{"timestamp":1742659685.5409532,"label":"ARImageAnchor didUpdate","content":{"identifier":"61BB3DDD-C96C-6E82-3432-BD712CCBCB28","transform":{"columns":[[-0.096479714,-0.0034273518,0.9953291,0],[-0.9953291,0.0037563276,-0.09646682,0],[-0.0034081673,-0.999987,-0.0037737582,0],[1.2200888,0.14079994,0.51646197,1.0000001]]},"name":"Peppers"}},{"timestamp":1742659691.81021,"label":"Bunny didUpdate","content":{"name":"bunny","identifier":"A05B34DE-4BB4-4951-B7CE-888FEA4DD62E","transform":{"columns":[[-0.115427084,0.00017221337,-0.99331594,0],[1.1960036e-05,0.9999999,0.00017198239,0],[0.993316,7.971336e-06,-0.1154271,0],[-0.046416506,-0.3867571,-0.7667393,1]]}}},{"label":"Bunny didUpdate","content":{"name":"bunny","transform":{"columns":[[-0.11518773,0.00016849313,-0.9933437,0],[3.612446e-05,0.9999999,0.0001654332,0],[0.99334383,-1.6828131e-05,-0.115187734,0],[-0.046446964,-0.38705653,-0.7670982,1]]},"identifier":"A05B34DE-4BB4-4951-B7CE-888FEA4DD62E"},"timestamp":1742659691.909639},{"label":"ARImageAnchor didUpdate","content":{"transform":{"columns":[[0.9917355,0.009149797,0.12797175,0],[-0.1279318,-0.0048238635,0.99177116,0],[0.009691831,-0.9999464,-0.0036134587,0],[-0.36996272,-0.72511333,-0.36174896,0.99999994]]},"name":"Car","identifier":"FF85DBE1-76D3-E459-2D24-8EDCEE263300"},"timestamp":1742659692.4419231},{"label":"ARImageAnchor didUpdate","timestamp":1742659692.475411,"content":{"name":"Car","identifier":"FF85DBE1-76D3-E459-2D24-8EDCEE263300","transform":{"columns":[[0.9917355,0.009149797,0.12797175,0],[-0.1279318,-0.0048238635,0.99177116,0],[0.009691831,-0.9999464,-0.0036134587,0],[-0.36996272,-0.72511333,-0.36174896,0.99999994]]}}},{"timestamp":1742659700.811864,"label":"Bunny didUpdate","content":{"name":"bunny","identifier":"A05B34DE-4BB4-4951-B7CE-888FEA4DD62E","transform":{"columns":[[-0.11510032,0.0001696062,-0.99335384,0],[-9.781531e-06,0.9999999,0.00017187434,0],[0.9933541,2.949932e-05,-0.11510033,0],[-0.04643008,-0.387058,-0.7671026,1]]}}},{"timestamp":1742659701.210868,"label":"Bunny didUpdate","content":{"name":"bunny","identifier":"A05B34DE-4BB4-4951-B7CE-888FEA4DD62E","transform":{"columns":[[-0.115098886,0.00016004263,-0.993354,0],[-1.52379625e-05,0.9999999,0.00016287899,0],[0.9933543,3.3883895e-05,-0.11509891,0],[-0.046429336,-0.38705957,-0.7671017,1]]}}},{"label":"ARImageAnchor didUpdate","timestamp":1742659702.039857,"content":{"transform":{"columns":[[0.99805415,0.010629571,0.06143963,0],[-0.061603677,0.01587123,0.9979744,0],[0.009632928,-0.9998175,0.01649516,0],[0.5101678,0.72403795,-0.83771217,1]]},"identifier":"C35EAC54-3E90-1B97-807B-5E3B8F238DB7","name":"Sailboat"}},{"timestamp":1742659702.075048,"label":"ARImageAnchor didUpdate","content":{"transform":{"columns":[[0.99805415,0.010629571,0.06143963,0],[-0.061603677,0.01587123,0.9979744,0],[0.009632928,-0.9998175,0.01649516,0],[0.5101678,0.72403795,-0.83771217,1]]},"identifier":"C35EAC54-3E90-1B97-807B-5E3B8F238DB7","name":"Sailboat"}},{"label":"Bunny didUpdate","content":{"identifier":"A05B34DE-4BB4-4951-B7CE-888FEA4DD62E","transform":{"columns":[[-0.1150687,0.00012597025,-0.9933576,0],[-3.259936e-05,0.9999999,0.00013058884,0],[0.99335784,4.740953e-05,-0.11506872,0],[-0.04642339,-0.38706508,-0.76710033,1]]},"name":"bunny"},"timestamp":1742659704.910373},{"timestamp":1742659705.607502,"label":"Bunny didUpdate","content":{"name":"bunny","identifier":"A05B34DE-4BB4-4951-B7CE-888FEA4DD62E","transform":{"columns":[[-0.11507745,0.00016997829,-0.9933565,0],[-9.9136116e-05,0.9999998,0.00018259969,0],[0.99335676,0.000119490665,-0.11507745,0],[-0.04636094,-0.38697043,-0.76701665,1]]}}},{"timestamp":1742659706.84102,"label":"ARImageAnchor didUpdate","content":{"identifier":"6BAD7D5D-D14A-EF93-1C8B-F6BEC80B8329","name":"Lenna","transform":{"columns":[[0.09766769,-0.036325924,-0.9945559,0],[0.9944409,-0.03594738,0.09896938,0],[-0.039346833,-0.9986932,0.032613084,0],[0.36353955,-0.72586745,-0.36455098,0.99999994]]}}},{"content":{"identifier":"6BAD7D5D-D14A-EF93-1C8B-F6BEC80B8329","name":"Lenna","transform":{"columns":[[0.09766769,-0.036325924,-0.9945559,0],[0.9944409,-0.03594738,0.09896938,0],[-0.039346833,-0.9986932,0.032613084,0],[0.36353955,-0.72586745,-0.36455098,0.99999994]]}},"label":"ARImageAnchor didUpdate","timestamp":1742659706.874181},{"timestamp":1742659709.507194,"label":"Bunny didUpdate","content":{"name":"bunny","transform":{"columns":[[-0.11509728,0.0002498249,-0.99335414,0],[1.4768663e-05,0.9999998,0.00024978505,0],[0.9933545,1.4079076e-05,-0.11509731,0],[-0.04637505,-0.38695434,-0.76702183,1]]},"identifier":"A05B34DE-4BB4-4951-B7CE-888FEA4DD62E"}},{"timestamp":1742659712.405982,"label":"Bunny didUpdate","content":{"name":"bunny","transform":{"columns":[[-0.11505956,0.0002882607,-0.9933585,0],[1.4222898e-05,0.99999976,0.00028854053,0],[0.99335885,1.907092e-05,-0.11505959,0],[-0.046369694,-0.38694894,-0.7670278,0.99999994]]},"identifier":"A05B34DE-4BB4-4951-B7CE-888FEA4DD62E"}}]