[{"label":"Application launched","timestamp":1742644191.705343},{"timestamp":1742644191.705429,"label":"Initialize ARViewModel"},{"timestamp":1742644191.707356,"label":"Finished Initialize ARViewModel"},{"timestamp":1742644191.707411,"label":"Initialize AnchorManager"},{"timestamp":1742644191.707425,"label":"Fininshed Initialize AnchorManager"},{"label":"ContentView Initialize","timestamp":1742644191.707437},{"timestamp":1742644214.1046948,"content":{"position":[-0.37780103,-0.41345105,-0.37113914],"beaconName":"DWM3001CDK (8449B511)"},"label":"Finished Ranging"},{"timestamp":1742644214.162565,"label":"Bunny didAdd","content":{"transform":{"columns":[[-0.68788266,0,-0.7258219,0],[0,1,0,0],[0.7258219,0,-0.68788266,0],[-0.37780103,-0.41345105,-0.37113914,1]]},"name":"bunny","identifier":"18C2780F-F5A9-4C9C-950C-A0E445F9B252"}},{"content":{"identifier":"FF85DBE1-76D3-E459-2D24-8EDCEE263300","transform":{"columns":[[0.75837934,0.008586399,-0.65175676,0],[0.65152746,0.019624079,0.75837106,0],[0.019301806,-0.9997704,0.009288238,0],[-0.35314214,-0.6951469,0.12663247,1]]},"name":"Car"},"timestamp":1742644215.795642,"label":"ARImageAnchor didAdd"},{"content":{"name":"Car","identifier":"FF85DBE1-76D3-E459-2D24-8EDCEE263300","transform":{"columns":[[0.75837934,0.008586399,-0.65175676,0],[0.65152746,0.019624079,0.75837106,0],[0.019301806,-0.9997704,0.009288238,0],[-0.35314214,-0.6951469,0.12663247,1]]}},"timestamp":1742644215.805029,"label":"ARImageAnchor didUpdate"},{"label":"ARImageAnchor didAdd","timestamp":1742644218.4622169,"content":{"transform":{"columns":[[0.72914934,-0.0017773525,-0.6843522,0],[0.68370825,-0.041557286,0.7285711,0],[-0.029734753,-0.9991345,-0.029086277,0],[-1.4611728,0.5675365,0.38199973,0.99999994]]},"name":"Earth","identifier":"088EF783-5990-B052-BE99-B8AA15BA6C68"}},{"timestamp":1742644218.4684482,"label":"ARImageAnchor didUpdate","content":{"identifier":"088EF783-5990-B052-BE99-B8AA15BA6C68","transform":{"columns":[[0.72914934,-0.0017773525,-0.6843522,0],[0.68370825,-0.041557286,0.7285711,0],[-0.029734753,-0.9991345,-0.029086277,0],[-1.4611728,0.5675365,0.38199973,0.99999994]]},"name":"Earth"}},{"content":{"identifier":"C35EAC54-3E90-1B97-807B-5E3B8F238DB7","transform":{"columns":[[0.7507973,0.0023075808,-0.6605287,0],[0.6602433,0.026974922,0.75056714,0],[0.01954971,-0.9996334,0.01872916,0],[-0.082122624,0.73971057,-0.84281915,1]]},"name":"Sailboat"},"label":"ARImageAnchor didAdd","timestamp":1742644222.195302},{"label":"ARImageAnchor didUpdate","timestamp":1742644222.1998072,"content":{"transform":{"columns":[[0.7507973,0.0023075808,-0.6605287,0],[0.6602433,0.026974922,0.75056714,0],[0.01954971,-0.9996334,0.01872916,0],[-0.082122624,0.73971057,-0.84281915,1]]},"name":"Sailboat","identifier":"C35EAC54-3E90-1B97-807B-5E3B8F238DB7"}},{"timestamp":1742644224.603284,"label":"Bunny didUpdate","content":{"name":"bunny","transform":{"columns":[[-0.6876045,-6.868993e-05,-0.7260854,0],[0.00020423376,0.99999994,-0.0002880129,0],[0.7260854,-0.0003463301,-0.6876044,0],[-0.3778236,-0.41342762,-0.3711473,1]]},"identifier":"18C2780F-F5A9-4C9C-950C-A0E445F9B252"}},{"content":{"transform":{"columns":[[-0.65323085,-0.036986236,-0.7562546,0],[0.7570314,-0.013603666,-0.6532365,0],[0.013872924,-0.999223,0.036886077,0],[0.1443464,-0.68583,-0.39616024,0.9999999]]},"name":"Lenna","identifier":"6BAD7D5D-D14A-EF93-1C8B-F6BEC80B8329"},"label":"ARImageAnchor didAdd","timestamp":1742644224.861762},{"content":{"name":"Lenna","identifier":"6BAD7D5D-D14A-EF93-1C8B-F6BEC80B8329","transform":{"columns":[[-0.65323085,-0.036986236,-0.7562546,0],[0.7570314,-0.013603666,-0.6532365,0],[0.013872924,-0.999223,0.036886077,0],[0.1443464,-0.68583,-0.39616024,0.9999999]]}},"label":"ARImageAnchor didUpdate","timestamp":1742644224.869269},{"label":"ARImageAnchor didAdd","content":{"transform":{"columns":[[0.66351753,-0.013004223,0.74804765,0],[-0.74656653,0.053728946,0.66313773,0],[-0.048815414,-0.99847084,0.025941584,0],[0.84214365,0.7591943,-0.9250182,1]]},"name":"Mandrill","identifier":"A19C2489-597B-2BED-432C-244B551E75FD"},"timestamp":1742644228.061697},{"content":{"identifier":"A19C2489-597B-2BED-432C-244B551E75FD","transform":{"columns":[[0.66351753,-0.013004223,0.74804765,0],[-0.74656653,0.053728946,0.66313773,0],[-0.048815414,-0.99847084,0.025941584,0],[0.84214365,0.7591943,-0.9250182,1]]},"name":"Mandrill"},"timestamp":1742644228.068846,"label":"ARImageAnchor didUpdate"},{"content":{"transform":{"columns":[[0.66567427,-0.0131547935,0.7461264,0],[-0.7445323,0.05593997,0.66523844,0],[-0.05048937,-0.99834746,0.027443642,0],[0.84454346,0.7667522,-0.92385685,0.99999994]]},"identifier":"A19C2489-597B-2BED-432C-244B551E75FD","name":"Mandrill"},"timestamp":1742644228.567648,"label":"ARImageAnchor didUpdate"},{"content":{"name":"Mandrill","transform":{"columns":[[0.66567427,-0.0131547935,0.7461264,0],[-0.7445323,0.05593997,0.66523844,0],[-0.05048937,-0.99834746,0.027443642,0],[0.84454346,0.7667522,-0.92385685,0.99999994]]},"identifier":"A19C2489-597B-2BED-432C-244B551E75FD"},"label":"ARImageAnchor didUpdate","timestamp":1742644228.600669},{"content":{"identifier":"61BB3DDD-C96C-6E82-3432-BD712CCBCB28","name":"Peppers","transform":{"columns":[[0.68082166,-0.008756687,0.7323968,0],[-0.7324488,-0.007223801,0.6807837,0],[-0.0006707029,-0.9999355,-0.011331948,0],[1.3868351,0.14823861,-0.42321742,1]]}},"timestamp":1742644230.194798,"label":"ARImageAnchor didAdd"},{"timestamp":1742644230.201885,"label":"ARImageAnchor didUpdate","content":{"transform":{"columns":[[0.68082166,-0.008756687,0.7323968,0],[-0.7324488,-0.007223801,0.6807837,0],[-0.0006707029,-0.9999355,-0.011331948,0],[1.3868351,0.14823861,-0.42321742,1]]},"name":"Peppers","identifier":"61BB3DDD-C96C-6E82-3432-BD712CCBCB28"}},{"label":"Bunny didUpdate","content":{"name":"bunny","identifier":"18C2780F-F5A9-4C9C-950C-A0E445F9B252","transform":{"columns":[[-0.68699545,0.00028310632,-0.72666156,0],[0.00050452864,0.99999976,-8.738956e-05,0],[0.72666144,-0.00042665785,-0.68699545,0],[-0.37787414,-0.41343227,-0.3711681,0.9999999]]}},"timestamp":1742644237.740304}]