[{"timestamp":1742638193.960655,"label":"Application launched"},{"timestamp":1742638193.9609041,"label":"Initialize ARViewModel"},{"label":"Finished Initialize ARViewModel","timestamp":1742638193.9638538},{"timestamp":1742638193.963897,"label":"Initialize AnchorManager"},{"label":"Fininshed Initialize AnchorManager","timestamp":1742638193.963902},{"timestamp":1742638193.963906,"label":"ContentView Initialize"},{"label":"Finished Ranging","timestamp":1742638217.03518,"content":{"beaconName":"DWM3001CDK (8449B511)","position":[-0.04873686,-0.28613713,-0.41529316]}},{"timestamp":1742638217.056361,"label":"Bunny didAdd","content":{"name":"bunny","identifier":"51BDAD38-B547-4DC6-BCB0-3EB0C9B42D99","transform":{"columns":[[-0.2919742,0,-0.9564262,0],[0,1,0,0],[0.9564262,0,-0.2919742,0],[-0.04873686,-0.28613713,-0.41529316,1]]}}},{"content":{"name":"Car","transform":{"columns":[[0.9897015,0.009631288,-0.14282125,0],[0.14276987,0.0058313226,0.9897386,0],[0.010365296,-0.9999365,0.0043962137,0],[-0.26672637,-0.61540896,0.062151432,1]]},"identifier":"FF85DBE1-76D3-E459-2D24-8EDCEE263300"},"timestamp":1742638218.6895041,"label":"ARImageAnchor didAdd"},{"timestamp":1742638218.698042,"label":"ARImageAnchor didUpdate","content":{"name":"Car","transform":{"columns":[[0.9897015,0.009631288,-0.14282125,0],[0.14276987,0.0058313226,0.9897386,0],[0.010365296,-0.9999365,0.0043962137,0],[-0.26672637,-0.61540896,0.062151432,1]]},"identifier":"FF85DBE1-76D3-E459-2D24-8EDCEE263300"}},{"label":"ARImageAnchor didAdd","content":{"transform":{"columns":[[0.9822573,-0.0043875948,-0.18748611,0],[0.18752314,0.010621036,0.98220265,0],[-0.0023182116,-0.9999339,0.011255378,0],[-1.3467579,0.64315206,-0.276858,0.99999994]]},"identifier":"088EF783-5990-B052-BE99-B8AA15BA6C68","name":"Earth"},"timestamp":1742638221.30759},{"content":{"name":"Earth","identifier":"088EF783-5990-B052-BE99-B8AA15BA6C68","transform":{"columns":[[0.9822573,-0.0043875948,-0.18748611,0],[0.18752314,0.010621036,0.98220265,0],[-0.0023182116,-0.9999339,0.011255378,0],[-1.3467579,0.64315206,-0.276858,0.99999994]]}},"label":"ARImageAnchor didUpdate","timestamp":1742638221.313469},{"timestamp":1742638223.9727302,"label":"ARImageAnchor didAdd","content":{"transform":{"columns":[[0.981869,0.0047511244,-0.18950064,0],[0.18945716,0.008367121,0.98185325,0],[0.0062504914,-0.99995357,0.007315293,0],[0.45761818,0.8198454,-0.6127296,1]]},"name":"Sailboat","identifier":"C35EAC54-3E90-1B97-807B-5E3B8F238DB7"}},{"timestamp":1742638223.978935,"label":"ARImageAnchor didUpdate","content":{"transform":{"columns":[[0.981869,0.0047511244,-0.18950064,0],[0.18945716,0.008367121,0.98185325,0],[0.0062504914,-0.99995357,0.007315293,0],[0.45761818,0.8198454,-0.6127296,1]]},"name":"Sailboat","identifier":"C35EAC54-3E90-1B97-807B-5E3B8F238DB7"}},{"timestamp":1742638226.638946,"content":{"transform":{"columns":[[-0.17950088,-0.031544514,-0.98325187,0],[0.98352927,-0.027288897,-0.17867601,0],[-0.021195628,-0.99912965,0.03592333,0],[0.41495496,-0.6099072,-0.12282558,1]]},"name":"Lenna","identifier":"6BAD7D5D-D14A-EF93-1C8B-F6BEC80B8329"},"label":"ARImageAnchor didAdd"},{"label":"ARImageAnchor didUpdate","timestamp":1742638226.648522,"content":{"identifier":"6BAD7D5D-D14A-EF93-1C8B-F6BEC80B8329","name":"Lenna","transform":{"columns":[[-0.17950088,-0.031544514,-0.98325187,0],[0.98352927,-0.027288897,-0.17867601,0],[-0.021195628,-0.99912965,0.03592333,0],[0.41495496,-0.6099072,-0.12282558,1]]}}},{"timestamp":1742638226.747182,"label":"Bunny didUpdate","content":{"identifier":"51BDAD38-B547-4DC6-BCB0-3EB0C9B42D99","name":"bunny","transform":{"columns":[[-0.2921237,0.00014604807,-0.95638067,0],[0.00020864588,0.9999999,8.897883e-05,0],[0.95638055,-0.00017355211,-0.2921237,0],[-0.048856966,-0.286089,-0.41530824,1]]}}},{"timestamp":1742638229.2555919,"label":"ARImageAnchor didAdd","content":{"name":"Mandrill","transform":{"columns":[[0.18776321,-0.0143150175,0.9821099,0],[-0.9807455,0.05192771,0.18825923,0],[-0.05369368,-0.99854815,-0.0042892694,0],[1.264978,0.84121376,-0.20602527,0.99999994]]},"identifier":"A19C2489-597B-2BED-432C-244B551E75FD"}},{"content":{"transform":{"columns":[[0.18776321,-0.0143150175,0.9821099,0],[-0.9807455,0.05192771,0.18825923,0],[-0.05369368,-0.99854815,-0.0042892694,0],[1.264978,0.84121376,-0.20602527,0.99999994]]},"name":"Mandrill","identifier":"A19C2489-597B-2BED-432C-244B551E75FD"},"label":"ARImageAnchor didUpdate","timestamp":1742638229.263442},{"timestamp":1742638230.8388681,"label":"ARImageAnchor didAdd","content":{"name":"Peppers","transform":{"columns":[[0.16367088,-0.006194138,0.98649544,0],[-0.986497,0.004985992,0.1637024,0],[-0.0059326454,-0.9999683,-0.0052944385,0],[1.4711647,0.22485021,0.5027058,1]]},"identifier":"61BB3DDD-C96C-6E82-3432-BD712CCBCB28"}},{"content":{"identifier":"61BB3DDD-C96C-6E82-3432-BD712CCBCB28","name":"Peppers","transform":{"columns":[[0.16367088,-0.006194138,0.98649544,0],[-0.986497,0.004985992,0.1637024,0],[-0.0059326454,-0.9999683,-0.0052944385,0],[1.4711647,0.22485021,0.5027058,1]]}},"label":"ARImageAnchor didUpdate","timestamp":1742638230.8469748},{"label":"ARImageAnchor didUpdate","content":{"transform":{"columns":[[0.18352686,-0.006989411,0.9829897,0],[-0.98297864,-0.009851449,0.18345469,0],[0.008401632,-0.99992704,-0.008678445,0],[1.46374,0.22757359,0.50186634,1]]},"name":"Peppers","identifier":"61BB3DDD-C96C-6E82-3432-BD712CCBCB28"},"timestamp":1742638231.362788},{"label":"ARImageAnchor didUpdate","content":{"name":"Peppers","identifier":"61BB3DDD-C96C-6E82-3432-BD712CCBCB28","transform":{"columns":[[0.18352686,-0.006989411,0.9829897,0],[-0.98297864,-0.009851449,0.18345469,0],[0.008401632,-0.99992704,-0.008678445,0],[1.46374,0.22757359,0.50186634,1]]}},"timestamp":1742638231.379966},{"timestamp":1742638236.1469378,"label":"Bunny didUpdate","content":{"name":"bunny","identifier":"51BDAD38-B547-4DC6-BCB0-3EB0C9B42D99","transform":{"columns":[[-0.29219446,0.00024547245,-0.9563591,0],[0.000557914,0.99999964,8.621546e-05,0],[0.95635885,-0.0005083746,-0.29219452,0],[-0.04898613,-0.28606677,-0.41530257,1]]}}},{"timestamp":1742638238.646968,"label":"Bunny didUpdate","content":{"identifier":"51BDAD38-B547-4DC6-BCB0-3EB0C9B42D99","transform":{"columns":[[-0.29216692,7.259093e-05,-0.9563678,0],[0.00064256496,0.9999996,-0.00012039857,0],[0.9563674,-0.00064970495,-0.29216686,0],[-0.048999522,-0.28614032,-0.41524494,1.0000001]]},"name":"bunny"}},{"timestamp":1742638239.046673,"label":"Bunny didUpdate","content":{"name":"bunny","transform":{"columns":[[-0.2921402,8.236955e-05,-0.9563761,0],[0.00074894726,0.9999994,-0.00014265107,0],[0.95637554,-0.0007579494,-0.29214007,0],[-0.049019508,-0.28614163,-0.41524026,0.99999994]]},"identifier":"51BDAD38-B547-4DC6-BCB0-3EB0C9B42D99"}},{"timestamp":1742638242.428921,"label":"ARImageAnchor didUpdate","content":{"identifier":"61BB3DDD-C96C-6E82-3432-BD712CCBCB28","transform":{"columns":[[0.18043546,-0.0061882166,0.98356724,0],[-0.98358667,-0.00087805826,0.18043348,0],[-0.0002529391,-0.9999804,-0.0062450795,0],[1.485374,0.22131053,0.5113081,1]]},"name":"Peppers"}},{"timestamp":1742638242.444848,"label":"ARImageAnchor didUpdate","content":{"transform":{"columns":[[0.18043546,-0.0061882166,0.98356724,0],[-0.98358667,-0.00087805826,0.18043348,0],[-0.0002529391,-0.9999804,-0.0062450795,0],[1.485374,0.22131053,0.5113081,1]]},"identifier":"61BB3DDD-C96C-6E82-3432-BD712CCBCB28","name":"Peppers"}},{"content":{"identifier":"A19C2489-597B-2BED-432C-244B551E75FD","transform":{"columns":[[0.1780498,-0.014590883,0.9839132,0],[-0.982493,0.05306958,0.17857975,0],[-0.05482147,-0.99848413,-0.004886424,0],[1.2770194,0.84543073,-0.1985169,1]]},"name":"Mandrill"},"timestamp":1742638247.7613869,"label":"ARImageAnchor didUpdate"},{"label":"ARImageAnchor didUpdate","content":{"identifier":"A19C2489-597B-2BED-432C-244B551E75FD","name":"Mandrill","transform":{"columns":[[0.1780498,-0.014590883,0.9839132,0],[-0.982493,0.05306958,0.17857975,0],[-0.05482147,-0.99848413,-0.004886424,0],[1.2770194,0.84543073,-0.1985169,1]]}},"timestamp":1742638247.778544}]