[{"label":"Application launched","timestamp":1742659846.9048262},{"timestamp":1742659846.9049,"label":"Initialize ARViewModel"},{"label":"Finished Initialize ARViewModel","timestamp":1742659846.907033},{"label":"Initialize AnchorManager","timestamp":1742659846.9070668},{"label":"Fininshed Initialize AnchorManager","timestamp":1742659846.907072},{"timestamp":1742659846.907076,"label":"ContentView Initialize"},{"timestamp":1742659871.967973,"label":"Finished Ranging","content":{"position":[0.027782964,-0.2977689,-0.22948591],"beaconName":"DWM3001CDK (8449B511)"}},{"label":"Bunny didAdd","timestamp":1742659872.022153,"content":{"name":"bunny","transform":{"columns":[[-0.3466624,0,-0.93798995,0],[0,1,0,0],[0.93798995,0,-0.3466624,0],[0.027782964,-0.2977689,-0.22948591,1]]},"identifier":"254B9217-2FBB-422C-AAF8-C497562D3B6C"}},{"timestamp":1742659876.42172,"label":"ARImageAnchor didAdd","content":{"identifier":"FF85DBE1-76D3-E459-2D24-8EDCEE263300","transform":{"columns":[[0.9982628,0.011239089,-0.05783523,0],[0.05832429,-0.049600493,0.99706465,0],[0.008337435,-0.9987058,-0.050169833,0],[-0.2508205,-0.60616356,0.2245931,0.99999994]]},"name":"Car"}},{"timestamp":1742659876.431875,"label":"ARImageAnchor didUpdate","content":{"identifier":"FF85DBE1-76D3-E459-2D24-8EDCEE263300","name":"Car","transform":{"columns":[[0.9982628,0.011239089,-0.05783523,0],[0.05832429,-0.049600493,0.99706465,0],[0.008337435,-0.9987058,-0.050169833,0],[-0.2508205,-0.60616356,0.2245931,0.99999994]]}}},{"label":"ARImageAnchor didAdd","timestamp":1742659879.621593,"content":{"name":"Earth","transform":{"columns":[[0.99523014,0.001092213,-0.097548455,0],[0.09755174,-0.018823335,0.99505246,0],[-0.0007493854,-0.99982214,-0.018840108,0],[-1.3004012,0.6460245,-0.24815941,1]]},"identifier":"088EF783-5990-B052-BE99-B8AA15BA6C68"}},{"content":{"identifier":"088EF783-5990-B052-BE99-B8AA15BA6C68","transform":{"columns":[[0.99523014,0.001092213,-0.097548455,0],[0.09755174,-0.018823335,0.99505246,0],[-0.0007493854,-0.99982214,-0.018840108,0],[-1.3004012,0.6460245,-0.24815941,1]]},"name":"Earth"},"timestamp":1742659879.6276321,"label":"ARImageAnchor didUpdate"},{"timestamp":1742659885.4878268,"content":{"name":"Lenna","identifier":"6BAD7D5D-D14A-EF93-1C8B-F6BEC80B8329","transform":{"columns":[[-0.034668576,-0.030070344,-0.99894637,0],[0.99845517,-0.04446738,-0.03331295,0],[-0.04341878,-0.998558,0.031565484,0],[0.46002325,-0.6146756,0.04249237,1]]}},"label":"ARImageAnchor didAdd"},{"timestamp":1742659885.4958549,"label":"ARImageAnchor didUpdate","content":{"name":"Lenna","transform":{"columns":[[-0.034668576,-0.030070344,-0.99894637,0],[0.99845517,-0.04446738,-0.03331295,0],[-0.04341878,-0.998558,0.031565484,0],[0.46002325,-0.6146756,0.04249237,1]]},"identifier":"6BAD7D5D-D14A-EF93-1C8B-F6BEC80B8329"}},{"label":"ARImageAnchor didUpdate","content":{"name":"Lenna","identifier":"6BAD7D5D-D14A-EF93-1C8B-F6BEC80B8329","transform":{"columns":[[-0.091233104,-0.031519786,-0.9953306,0],[0.993382,-0.07291371,-0.08874549,0],[-0.069775976,-0.99684,0.03796332,0],[0.46280885,-0.6077962,0.049319945,1]]}},"timestamp":1742659885.9979491},{"label":"ARImageAnchor didUpdate","timestamp":1742659886.028537,"content":{"transform":{"columns":[[-0.091233104,-0.031519786,-0.9953306,0],[0.993382,-0.07291371,-0.08874549,0],[-0.069775976,-0.99684,0.03796332,0],[0.46280885,-0.6077962,0.049319945,1]]},"name":"Lenna","identifier":"6BAD7D5D-D14A-EF93-1C8B-F6BEC80B8329"}},{"timestamp":1742659886.130999,"content":{"transform":{"columns":[[-0.34657162,0.00026040745,-0.9380235,0],[0.00058337726,0.9999998,6.207243e-05,0],[0.9380233,-0.00052570907,-0.3465717,0],[0.027640186,-0.2977662,-0.22950155,1]]},"name":"bunny","identifier":"254B9217-2FBB-422C-AAF8-C497562D3B6C"},"label":"Bunny didUpdate"},{"content":{"identifier":"6BAD7D5D-D14A-EF93-1C8B-F6BEC80B8329","name":"Lenna","transform":{"columns":[[-0.050122127,-0.034481883,-0.99814767,0],[0.9972742,-0.055908997,-0.04814684,0],[-0.05414523,-0.9978402,0.03719017,0],[0.45525038,-0.6023603,0.10498327,0.99999994]]}},"timestamp":1742659886.528981,"label":"ARImageAnchor didUpdate"},{"timestamp":1742659886.561821,"label":"ARImageAnchor didUpdate","content":{"identifier":"6BAD7D5D-D14A-EF93-1C8B-F6BEC80B8329","transform":{"columns":[[-0.050122127,-0.034481883,-0.99814767,0],[0.9972742,-0.055908997,-0.04814684,0],[-0.05414523,-0.9978402,0.03719017,0],[0.45525038,-0.6023603,0.10498327,0.99999994]]},"name":"Lenna"}},{"content":{"name":"bunny","transform":{"columns":[[-0.34656483,0.00028071742,-0.93802595,0],[0.00074603414,0.99999964,2.3632776e-05,0],[0.9380256,-0.0006916091,-0.3465649,0],[0.027594928,-0.29778084,-0.22949019,0.99999994]]},"identifier":"254B9217-2FBB-422C-AAF8-C497562D3B6C"},"timestamp":1742659889.431157,"label":"Bunny didUpdate"},{"timestamp":1742659890.354536,"content":{"name":"Sailboat","identifier":"C35EAC54-3E90-1B97-807B-5E3B8F238DB7","transform":{"columns":[[0.99814445,0.0034338266,-0.060793724,0],[0.06085895,-0.02407482,0.9978559,0],[0.0019628815,-0.9997041,-0.024239127,0],[0.5476353,0.8208448,-0.38521934,0.99999994]]}},"label":"ARImageAnchor didAdd"},{"content":{"name":"Sailboat","identifier":"C35EAC54-3E90-1B97-807B-5E3B8F238DB7","transform":{"columns":[[0.99814445,0.0034338266,-0.060793724,0],[0.06085895,-0.02407482,0.9978559,0],[0.0019628815,-0.9997041,-0.024239127,0],[0.5476353,0.8208448,-0.38521934,0.99999994]]}},"label":"ARImageAnchor didUpdate","timestamp":1742659890.3615499},{"label":"ARImageAnchor didUpdate","timestamp":1742659890.8599381,"content":{"identifier":"C35EAC54-3E90-1B97-807B-5E3B8F238DB7","name":"Sailboat","transform":{"columns":[[0.9961692,0.0037470118,-0.08736582,0],[0.08738627,-0.005697813,0.99615806,0],[0.0032348237,-0.9999767,-0.006003426,0],[0.54854167,0.8282283,-0.3912784,0.99999994]]}}},{"label":"ARImageAnchor didUpdate","timestamp":1742659890.893255,"content":{"transform":{"columns":[[0.9961692,0.0037470118,-0.08736582,0],[0.08738627,-0.005697813,0.99615806,0],[0.0032348237,-0.9999767,-0.006003426,0],[0.54854167,0.8282283,-0.3912784,0.99999994]]},"name":"Sailboat","identifier":"C35EAC54-3E90-1B97-807B-5E3B8F238DB7"}},{"content":{"name":"Mandrill","identifier":"A19C2489-597B-2BED-432C-244B551E75FD","transform":{"columns":[[0.07265202,-0.009431565,0.9973126,0],[-0.9959909,0.051637646,0.07304407,0],[-0.0521878,-0.9986212,-0.005642177,0],[1.3100533,0.85548764,0.11261518,0.9999999]]}},"timestamp":1742659893.020648,"label":"ARImageAnchor didAdd"},{"content":{"transform":{"columns":[[0.07265202,-0.009431565,0.9973126,0],[-0.9959909,0.051637646,0.07304407,0],[-0.0521878,-0.9986212,-0.005642177,0],[1.3100533,0.85548764,0.11261518,0.9999999]]},"name":"Mandrill","identifier":"A19C2489-597B-2BED-432C-244B551E75FD"},"label":"ARImageAnchor didUpdate","timestamp":1742659893.027316},{"content":{"transform":{"columns":[[0.07268474,-0.004085188,0.9973466,0],[-0.9973022,-0.010577202,0.072638184,0],[0.010252386,-0.9999356,-0.0048429617,0],[1.4432863,0.23866099,0.8401524,1]]},"name":"Peppers","identifier":"61BB3DDD-C96C-6E82-3432-BD712CCBCB28"},"label":"ARImageAnchor didAdd","timestamp":1742659896.754008},{"timestamp":1742659896.762933,"content":{"name":"Peppers","identifier":"61BB3DDD-C96C-6E82-3432-BD712CCBCB28","transform":{"columns":[[0.07268474,-0.004085188,0.9973466,0],[-0.9973022,-0.010577202,0.072638184,0],[0.010252386,-0.9999356,-0.0048429617,0],[1.4432863,0.23866099,0.8401524,1]]}},"label":"ARImageAnchor didUpdate"},{"content":{"name":"Earth","identifier":"088EF783-5990-B052-BE99-B8AA15BA6C68","transform":{"columns":[[0.99691015,-6.273781e-05,-0.07855013,0],[0.0785459,-0.009612352,0.996864,0],[-0.00081759604,-0.9999537,-0.009577737,0],[-1.3189569,0.652076,-0.27535665,0.99999994]]}},"label":"ARImageAnchor didUpdate","timestamp":1742659903.65933},{"label":"ARImageAnchor didUpdate","timestamp":1742659903.693975,"content":{"identifier":"088EF783-5990-B052-BE99-B8AA15BA6C68","name":"Earth","transform":{"columns":[[0.99691015,-6.273781e-05,-0.07855013,0],[0.0785459,-0.009612352,0.996864,0],[-0.00081759604,-0.9999537,-0.009577737,0],[-1.3189569,0.652076,-0.27535665,0.99999994]]}}},{"label":"Bunny didUpdate","content":{"name":"bunny","transform":{"columns":[[-0.34659556,-1.691213e-05,-0.93801457,0],[0.0006517732,0.9999996,-0.00025885933,0],[0.9380143,-0.0007010923,-0.34659544,0],[0.02761325,-0.29785648,-0.22940895,0.99999994]]},"identifier":"254B9217-2FBB-422C-AAF8-C497562D3B6C"},"timestamp":1742659907.827752},{"timestamp":1742659908.459289,"label":"ARImageAnchor didUpdate","content":{"transform":{"columns":[[0.99958396,0.0080806315,-0.027690113,0],[0.027936999,-0.032233983,0.9990898,0],[0.007180715,-0.99944764,-0.0324463,0],[-0.25173545,-0.61083215,0.21879788,1]]},"identifier":"FF85DBE1-76D3-E459-2D24-8EDCEE263300","name":"Car"}},{"timestamp":1742659908.4933538,"content":{"identifier":"FF85DBE1-76D3-E459-2D24-8EDCEE263300","transform":{"columns":[[0.99958396,0.0080806315,-0.027690113,0],[0.027936999,-0.032233983,0.9990898,0],[0.007180715,-0.99944764,-0.0324463,0],[-0.25173545,-0.61083215,0.21879788,1]]},"name":"Car"},"label":"ARImageAnchor didUpdate"},{"content":{"transform":{"columns":[[-0.34657866,-5.355626e-05,-0.9380209,0],[0.0006033908,0.99999964,-0.000280035,0],[0.9380207,-0.0006630475,-0.34657857,0],[0.027632281,-0.29786122,-0.2294024,1]]},"identifier":"254B9217-2FBB-422C-AAF8-C497562D3B6C","name":"bunny"},"timestamp":1742659910.093769,"label":"Bunny didUpdate"},{"content":{"name":"bunny","identifier":"254B9217-2FBB-422C-AAF8-C497562D3B6C","transform":{"columns":[[-0.3466263,-9.487671e-05,-0.9380032,0],[0.0006690057,0.9999996,-0.00034836942,0],[0.938003,-0.0007482836,-0.34662613,0],[0.027599199,-0.29788166,-0.22938374,1]]}},"label":"Bunny didUpdate","timestamp":1742659911.5273418},{"label":"Bunny didUpdate","content":{"identifier":"254B9217-2FBB-422C-AAF8-C497562D3B6C","name":"bunny","transform":{"columns":[[-0.34665972,-8.9129164e-05,-0.93799084,0],[0.0007002514,0.9999995,-0.00035381803,0],[0.9379906,-0.00077948393,-0.34665957,0],[0.027580276,-0.29788393,-0.22938305,1]]}},"timestamp":1742659912.126453},{"timestamp":1742659912.726304,"label":"Bunny didUpdate","content":{"name":"bunny","identifier":"254B9217-2FBB-422C-AAF8-C497562D3B6C","transform":{"columns":[[-0.34665835,-1.3097525e-05,-0.9379914,0],[0.0007041143,0.9999996,-0.00027418658,0],[0.93799114,-0.0007555024,-0.34665826,0],[0.027579572,-0.29786205,-0.22940612,1]]}}},{"label":"ARImageAnchor didUpdate","content":{"identifier":"61BB3DDD-C96C-6E82-3432-BD712CCBCB28","transform":{"columns":[[0.07715915,-0.009006183,0.9969781,0],[-0.99698144,-0.009339771,0.07707498,0],[0.008617386,-0.9999158,-0.009699651,0],[1.4513289,0.23327631,0.84557754,1]]},"name":"Peppers"},"timestamp":1742659919.658368},{"label":"ARImageAnchor didUpdate","content":{"transform":{"columns":[[0.07715915,-0.009006183,0.9969781,0],[-0.99698144,-0.009339771,0.07707498,0],[0.008617386,-0.9999158,-0.009699651,0],[1.4513289,0.23327631,0.84557754,1]]},"name":"Peppers","identifier":"61BB3DDD-C96C-6E82-3432-BD712CCBCB28"},"timestamp":1742659919.69244},{"label":"ARImageAnchor didUpdate","timestamp":1742659921.793231,"content":{"transform":{"columns":[[0.064878605,-0.015588075,0.9977714,0],[-0.996633,0.049218435,0.06557341,0],[-0.050130896,-0.9986663,-0.01234239,0],[1.3235507,0.8498989,0.1308933,1]]},"name":"Mandrill","identifier":"A19C2489-597B-2BED-432C-244B551E75FD"}},{"content":{"name":"Mandrill","identifier":"A19C2489-597B-2BED-432C-244B551E75FD","transform":{"columns":[[0.064878605,-0.015588075,0.9977714,0],[-0.996633,0.049218435,0.06557341,0],[-0.050130896,-0.9986663,-0.01234239,0],[1.3235507,0.8498989,0.1308933,1]]}},"timestamp":1742659921.826524,"label":"ARImageAnchor didUpdate"}]