[{"label":"Application launched","timestamp":1742667832.836324},{"label":"Initialize ARViewModel","timestamp":1742667832.83641},{"timestamp":1742667832.838274,"label":"Finished Initialize ARViewModel"},{"timestamp":1742667832.838304,"label":"Initialize AnchorManager"},{"timestamp":1742667832.838309,"label":"Fininshed Initialize AnchorManager"},{"label":"ContentView Initialize","timestamp":1742667832.838313},{"content":{"position":[0.04625767,-0.3072808,-0.40932235],"beaconName":"DWM3001CDK (8449B511)"},"timestamp":1742667856.924065,"label":"Finished Ranging"},{"label":"Bunny didAdd","content":{"identifier":"7B1BE0CE-2BBC-4253-AF21-E44C7153A64A","transform":{"columns":[[-0.13288844,0,-0.991131,0],[0,1,0,0],[0.991131,0,-0.13288844,0],[0.04625767,-0.3072808,-0.40932235,1]]},"name":"bunny"},"timestamp":1742667856.9459882},{"timestamp":1742667859.412432,"label":"ARImageAnchor didAdd","content":{"name":"Car","identifier":"FF85DBE1-76D3-E459-2D24-8EDCEE263300","transform":{"columns":[[0.9991019,0.010620389,0.041019164,0],[-0.041227378,0.020195596,0.99894553,0],[0.009780777,-0.9997396,0.020615313,0],[-0.2693007,-0.6109836,0.029529274,1]]}}},{"content":{"transform":{"columns":[[0.9991019,0.010620389,0.041019164,0],[-0.041227378,0.020195596,0.99894553,0],[0.009780777,-0.9997396,0.020615313,0],[-0.2693007,-0.6109836,0.029529274,1]]},"identifier":"FF85DBE1-76D3-E459-2D24-8EDCEE263300","name":"Car"},"timestamp":1742667859.420913,"label":"ARImageAnchor didUpdate"},{"content":{"identifier":"088EF783-5990-B052-BE99-B8AA15BA6C68","transform":{"columns":[[0.9999635,-0.00699302,-0.0048861154,0],[0.004734465,-0.021537535,0.9997568,0],[-0.007096559,-0.9997434,-0.021503642,0],[-1.2454944,0.62411493,-0.51255906,1]]},"name":"Earth"},"timestamp":1742667862.545713,"label":"ARImageAnchor didAdd"},{"timestamp":1742667862.5514941,"content":{"name":"Earth","transform":{"columns":[[0.9999635,-0.00699302,-0.0048861154,0],[0.004734465,-0.021537535,0.9997568,0],[-0.007096559,-0.9997434,-0.021503642,0],[-1.2454944,0.62411493,-0.51255906,1]]},"identifier":"088EF783-5990-B052-BE99-B8AA15BA6C68"},"label":"ARImageAnchor didUpdate"},{"label":"ARImageAnchor didUpdate","timestamp":1742667863.603393,"content":{"transform":{"columns":[[0.9995554,-0.0032775127,-0.029635165,0],[0.02968981,0.018117022,0.9993949,0],[-0.0027386271,-0.9998304,0.018206265,0],[-1.2544528,0.6282615,-0.5283653,0.99999994]]},"name":"Earth","identifier":"088EF783-5990-B052-BE99-B8AA15BA6C68"}},{"timestamp":1742667863.618865,"content":{"name":"Earth","identifier":"088EF783-5990-B052-BE99-B8AA15BA6C68","transform":{"columns":[[0.9995554,-0.0032775127,-0.029635165,0],[0.02968981,0.018117022,0.9993949,0],[-0.0027386271,-0.9998304,0.018206265,0],[-1.2544528,0.6282615,-0.5283653,0.99999994]]}},"label":"ARImageAnchor didUpdate"},{"label":"Bunny didUpdate","timestamp":1742667866.038315,"content":{"transform":{"columns":[[-0.13210632,0.0019465,-0.9912336,0],[0.00013993235,0.99999803,0.0019450616,0],[0.9912355,0.000118249234,-0.13210632,0],[0.046409916,-0.30683917,-0.4096943,1]]},"identifier":"7B1BE0CE-2BBC-4253-AF21-E44C7153A64A","name":"bunny"}},{"content":{"name":"Lenna","transform":{"columns":[[0.03186384,-0.027983239,-0.9991004,0],[0.9975416,-0.061528865,0.033537433,0],[-0.06241199,-0.99771285,0.025953908,0],[0.42786366,-0.6265418,-0.036122486,0.99999994]]},"identifier":"6BAD7D5D-D14A-EF93-1C8B-F6BEC80B8329"},"timestamp":1742667868.311843,"label":"ARImageAnchor didAdd"},{"timestamp":1742667868.323827,"content":{"name":"Lenna","transform":{"columns":[[0.03186384,-0.027983239,-0.9991004,0],[0.9975416,-0.061528865,0.033537433,0],[-0.06241199,-0.99771285,0.025953908,0],[0.42786366,-0.6265418,-0.036122486,0.99999994]]},"identifier":"6BAD7D5D-D14A-EF93-1C8B-F6BEC80B8329"},"label":"ARImageAnchor didUpdate"},{"timestamp":1742667872.038224,"label":"Bunny didUpdate","content":{"transform":{"columns":[[-0.13239665,0.0027375855,-0.99119306,0],[-0.00015362355,0.9999961,0.0027824189,0],[0.99119675,0.00052065344,-0.13239574,0],[0.046403788,-0.30663386,-0.4098808,1.0000001]]},"name":"bunny","identifier":"7B1BE0CE-2BBC-4253-AF21-E44C7153A64A"}},{"content":{"name":"Sailboat","identifier":"C35EAC54-3E90-1B97-807B-5E3B8F238DB7","transform":{"columns":[[0.9999108,0.00018576572,-0.013359925,0],[0.013358302,0.006993762,0.99988616,0],[0.00027918434,-0.99997544,0.006990656,0],[0.5759111,0.79603297,-0.52639675,0.99999994]]}},"label":"ARImageAnchor didAdd","timestamp":1742667872.511554},{"content":{"identifier":"C35EAC54-3E90-1B97-807B-5E3B8F238DB7","name":"Sailboat","transform":{"columns":[[0.9999108,0.00018576572,-0.013359925,0],[0.013358302,0.006993762,0.99988616,0],[0.00027918434,-0.99997544,0.006990656,0],[0.5759111,0.79603297,-0.52639675,0.99999994]]}},"timestamp":1742667872.519577,"label":"ARImageAnchor didUpdate"},{"timestamp":1742667873.569293,"label":"ARImageAnchor didUpdate","content":{"name":"Sailboat","identifier":"C35EAC54-3E90-1B97-807B-5E3B8F238DB7","transform":{"columns":[[0.99988794,-0.0019982622,-0.014829141,0],[0.014857708,0.0151405595,0.999775,0],[-0.0017732909,-0.9998833,0.015168555,0],[0.576899,0.80084294,-0.5272926,0.99999994]]}}},{"content":{"name":"Sailboat","identifier":"C35EAC54-3E90-1B97-807B-5E3B8F238DB7","transform":{"columns":[[0.99988794,-0.0019982622,-0.014829141,0],[0.014857708,0.0151405595,0.999775,0],[-0.0017732909,-0.9998833,0.015168555,0],[0.576899,0.80084294,-0.5272926,0.99999994]]}},"label":"ARImageAnchor didUpdate","timestamp":1742667873.5866308},{"content":{"name":"Mandrill","identifier":"A19C2489-597B-2BED-432C-244B551E75FD","transform":{"columns":[[0.0030925532,-0.014161849,0.9998949,0],[-0.998692,0.05098748,0.003811001,0],[-0.051036097,-0.99859875,-0.013985644,0],[1.302299,0.8238943,0.032946203,1]]}},"timestamp":1742667875.144809,"label":"ARImageAnchor didAdd"},{"label":"ARImageAnchor didUpdate","content":{"identifier":"A19C2489-597B-2BED-432C-244B551E75FD","transform":{"columns":[[0.0030925532,-0.014161849,0.9998949,0],[-0.998692,0.05098748,0.003811001,0],[-0.051036097,-0.99859875,-0.013985644,0],[1.302299,0.8238943,0.032946203,1]]},"name":"Mandrill"},"timestamp":1742667875.152775},{"content":{"name":"Peppers","identifier":"61BB3DDD-C96C-6E82-3432-BD712CCBCB28","transform":{"columns":[[-0.00034608858,-0.0100001525,0.9999498,0],[-0.9999966,0.0025533068,-0.00032056085,0],[-0.0025499775,-0.99994665,-0.010001,0],[1.374675,0.2040098,0.7673575,0.99999994]]}},"timestamp":1742667877.277923,"label":"ARImageAnchor didAdd"},{"content":{"transform":{"columns":[[-0.00034608858,-0.0100001525,0.9999498,0],[-0.9999966,0.0025533068,-0.00032056085,0],[-0.0025499775,-0.99994665,-0.010001,0],[1.374675,0.2040098,0.7673575,0.99999994]]},"identifier":"61BB3DDD-C96C-6E82-3432-BD712CCBCB28","name":"Peppers"},"timestamp":1742667877.285503,"label":"ARImageAnchor didUpdate"},{"content":{"identifier":"7B1BE0CE-2BBC-4253-AF21-E44C7153A64A","transform":{"columns":[[-0.13252234,0.0031159942,-0.99117506,0],[-0.0003336781,0.9999948,0.0031883349,0],[0.9911798,0.000753259,-0.13252065,0],[0.046412174,-0.30653256,-0.40997046,1]]},"name":"bunny"},"timestamp":1742667880.935955,"label":"Bunny didUpdate"},{"timestamp":1742667881.9514852,"label":"Bunny didUpdate","content":{"transform":{"columns":[[-0.13256624,0.0030985822,-0.9911692,0],[-0.00028530788,0.99999493,0.0031643321,0],[0.9911739,0.00070227194,-0.13256466,0],[0.046391923,-0.30654016,-0.40996742,1]]},"name":"bunny","identifier":"7B1BE0CE-2BBC-4253-AF21-E44C7153A64A"}},{"timestamp":1742667882.852024,"label":"Bunny didUpdate","content":{"identifier":"7B1BE0CE-2BBC-4253-AF21-E44C7153A64A","name":"bunny","transform":{"columns":[[-0.13258776,0.0031032674,-0.9911663,0],[-0.00032248278,0.99999475,0.0031740475,0],[0.99117106,0.0007404739,-0.13258609,0],[0.046394665,-0.30653638,-0.40997025,0.9999999]]}}}]