[{"label":"Application launched","timestamp":1742641199.868315},{"timestamp":1742641199.868507,"label":"Initialize ARViewModel"},{"timestamp":1742641199.870096,"label":"Finished Initialize ARViewModel"},{"timestamp":1742641199.870127,"label":"Initialize AnchorManager"},{"timestamp":1742641199.870131,"label":"Fininshed Initialize AnchorManager"},{"timestamp":1742641199.8701348,"label":"ContentView Initialize"},{"label":"Finished Ranging","content":{"position":[0.15476745,-0.272285,-0.41236156],"beaconName":"DWM3001CDK (8449B511)"},"timestamp":1742641227.8548799},{"label":"Bunny didAdd","content":{"transform":{"columns":[[-0.14993274,0,-0.98869616,0],[0,1,0,0],[0.98869616,0,-0.14993274,0],[0.15476745,-0.272285,-0.41236156,1]]},"identifier":"90608DBC-AFF3-45A2-8877-47C72F268803","name":"bunny"},"timestamp":1742641227.909914},{"timestamp":1742641232.9761372,"content":{"transform":{"columns":[[0.99669945,0.017253898,0.07932497,0],[-0.079663254,0.019894205,0.9966233,0],[0.015617531,-0.9996531,0.021203067,0],[-0.15430647,-0.568135,0.00357157,1]]},"identifier":"FF85DBE1-76D3-E459-2D24-8EDCEE263300","name":"Car"},"label":"ARImageAnchor didAdd"},{"timestamp":1742641232.985509,"label":"ARImageAnchor didUpdate","content":{"name":"Car","transform":{"columns":[[0.99669945,0.017253898,0.07932497,0],[-0.079663254,0.019894205,0.9966233,0],[0.015617531,-0.9996531,0.021203067,0],[-0.15430647,-0.568135,0.00357157,1]]},"identifier":"FF85DBE1-76D3-E459-2D24-8EDCEE263300"}},{"label":"ARImageAnchor didAdd","content":{"identifier":"088EF783-5990-B052-BE99-B8AA15BA6C68","transform":{"columns":[[0.99996084,-0.00027193734,0.008859629,0],[-0.008862556,-0.014154774,0.99986064,0],[-0.00014649352,-0.9998998,-0.014156628,0],[-1.1242807,0.6760481,-0.5878555,1]]},"name":"Earth"},"timestamp":1742641235.642887},{"label":"ARImageAnchor didUpdate","content":{"name":"Earth","transform":{"columns":[[0.99996084,-0.00027193734,0.008859629,0],[-0.008862556,-0.014154774,0.99986064,0],[-0.00014649352,-0.9998998,-0.014156628,0],[-1.1242807,0.6760481,-0.5878555,1]]},"identifier":"088EF783-5990-B052-BE99-B8AA15BA6C68"},"timestamp":1742641235.6483579},{"timestamp":1742641236.1483889,"label":"ARImageAnchor didUpdate","content":{"identifier":"088EF783-5990-B052-BE99-B8AA15BA6C68","transform":{"columns":[[0.9994638,0.00073918357,0.032732796,0],[-0.03272955,-0.0039762952,0.9994563,0],[0.0008689359,-0.99999166,-0.0039499733,0],[-1.1331294,0.68053776,-0.5923474,1]]},"name":"Earth"}},{"label":"ARImageAnchor didUpdate","content":{"name":"Earth","identifier":"088EF783-5990-B052-BE99-B8AA15BA6C68","transform":{"columns":[[0.9994638,0.00073918357,0.032732796,0],[-0.03272955,-0.0039762952,0.9994563,0],[0.0008689359,-0.99999166,-0.0039499733,0],[-1.1331294,0.68053776,-0.5923474,1]]}},"timestamp":1742641236.1846042},{"timestamp":1742641239.0844588,"label":"Bunny didUpdate","content":{"transform":{"columns":[[-0.15043034,0.00077334285,-0.9886203,0],[0.00018135914,0.99999976,0.0007546486,0],[0.9886205,-6.577326e-05,-0.15043044,0],[0.15477425,-0.27228796,-0.41233337,1]]},"identifier":"90608DBC-AFF3-45A2-8877-47C72F268803","name":"bunny"}},{"label":"ARImageAnchor didAdd","content":{"identifier":"6BAD7D5D-D14A-EF93-1C8B-F6BEC80B8329","name":"Lenna","transform":{"columns":[[0.055262223,-0.029473498,-0.99803674,0],[0.99809873,-0.025693387,0.05602443,0],[-0.02729417,-0.9992353,0.027997592,0],[0.5521392,-0.56202364,-0.026723437,0.99999994]]}},"timestamp":1742641239.3758578},{"content":{"name":"Lenna","identifier":"6BAD7D5D-D14A-EF93-1C8B-F6BEC80B8329","transform":{"columns":[[0.055262223,-0.029473498,-0.99803674,0],[0.99809873,-0.025693387,0.05602443,0],[-0.02729417,-0.9992353,0.027997592,0],[0.5521392,-0.56202364,-0.026723437,0.99999994]]}},"timestamp":1742641239.3834848,"label":"ARImageAnchor didUpdate"},{"label":"ARImageAnchor didAdd","content":{"name":"Sailboat","identifier":"C35EAC54-3E90-1B97-807B-5E3B8F238DB7","transform":{"columns":[[0.99886316,0.000284281,0.047669556,0],[-0.047668383,0.015133816,0.99874866,0],[-0.00043750432,-0.9998854,0.015130192,0],[0.7046583,0.8586427,-0.5128825,1]]}},"timestamp":1742641241.509218},{"content":{"name":"Sailboat","identifier":"C35EAC54-3E90-1B97-807B-5E3B8F238DB7","transform":{"columns":[[0.99886316,0.000284281,0.047669556,0],[-0.047668383,0.015133816,0.99874866,0],[-0.00043750432,-0.9998854,0.015130192,0],[0.7046583,0.8586427,-0.5128825,1]]}},"timestamp":1742641241.515627,"label":"ARImageAnchor didUpdate"},{"timestamp":1742641243.6424189,"content":{"transform":{"columns":[[-0.04278218,-0.01511749,0.99897003,0],[-0.9981652,0.043530237,-0.042089026,0],[-0.042849142,-0.9989376,-0.016952071,0],[1.4086502,0.8801208,0.085805014,1]]},"name":"Mandrill","identifier":"A19C2489-597B-2BED-432C-244B551E75FD"},"label":"ARImageAnchor didAdd"},{"content":{"transform":{"columns":[[-0.04278218,-0.01511749,0.99897003,0],[-0.9981652,0.043530237,-0.042089026,0],[-0.042849142,-0.9989376,-0.016952071,0],[1.4086502,0.8801208,0.085805014,1]]},"name":"Mandrill","identifier":"A19C2489-597B-2BED-432C-244B551E75FD"},"label":"ARImageAnchor didUpdate","timestamp":1742641243.6521158},{"content":{"identifier":"A19C2489-597B-2BED-432C-244B551E75FD","transform":{"columns":[[-0.039978947,-0.011582572,0.99913335,0],[-0.9976669,0.055842068,-0.039272945,0],[-0.055338793,-0.99837244,-0.01378806,0],[1.3965812,0.87875617,0.08022519,1]]},"name":"Mandrill"},"timestamp":1742641244.148871,"label":"ARImageAnchor didUpdate"},{"timestamp":1742641244.182137,"content":{"identifier":"A19C2489-597B-2BED-432C-244B551E75FD","name":"Mandrill","transform":{"columns":[[-0.039978947,-0.011582572,0.99913335,0],[-0.9976669,0.055842068,-0.039272945,0],[-0.055338793,-0.99837244,-0.01378806,0],[1.3965812,0.87875617,0.08022519,1]]}},"label":"ARImageAnchor didUpdate"},{"content":{"name":"Peppers","identifier":"61BB3DDD-C96C-6E82-3432-BD712CCBCB28","transform":{"columns":[[-0.05917726,-0.0032342547,0.99824226,0],[-0.99820966,0.008897348,-0.059146535,0],[-0.00869043,-0.99995506,-0.0037549883,0],[1.4445139,0.26144296,0.8226223,0.99999994]]}},"timestamp":1742641245.7755919,"label":"ARImageAnchor didAdd"},{"content":{"transform":{"columns":[[-0.05917726,-0.0032342547,0.99824226,0],[-0.99820966,0.008897348,-0.059146535,0],[-0.00869043,-0.99995506,-0.0037549883,0],[1.4445139,0.26144296,0.8226223,0.99999994]]},"identifier":"61BB3DDD-C96C-6E82-3432-BD712CCBCB28","name":"Peppers"},"timestamp":1742641245.782819,"label":"ARImageAnchor didUpdate"},{"timestamp":1742641249.982872,"label":"Bunny didUpdate","content":{"identifier":"90608DBC-AFF3-45A2-8877-47C72F268803","transform":{"columns":[[-0.15059106,0.0012013782,-0.98859555,0],[0.00034920822,0.9999993,0.0011620425,0],[0.9885961,-0.00017023241,-0.15059136,0],[0.15478258,-0.27234077,-0.412312,1.0000001]]},"name":"bunny"}}]