[{"label":"Application launched","timestamp":1742636280.050712},{"timestamp":1742636280.050878,"label":"Initialize ARViewModel"},{"timestamp":1742636280.053191,"label":"Finished Initialize ARViewModel"},{"timestamp":1742636280.0532231,"label":"Initialize AnchorManager"},{"timestamp":1742636280.053228,"label":"Fininshed Initialize AnchorManager"},{"timestamp":1742636280.0532331,"label":"ContentView Initialize"},{"label":"Finished Ranging","content":{"beaconName":"DWM3001CDK (8449B511)","position":[0.0772059,-0.34497625,-0.52066904]},"timestamp":1742636303.4143329},{"timestamp":1742636303.437459,"label":"Bunny didAdd","content":{"transform":{"columns":[[-0.112898946,0,-0.9936065,0],[0,1,0,0],[0.9936065,0,-0.112898946,0],[0.0772059,-0.34497625,-0.52066904,1]]},"identifier":"20EE205F-8D80-4FFF-9012-F06E5D5F0D49","name":"bunny"}},{"label":"ARImageAnchor didAdd","timestamp":1742636305.5538359,"content":{"identifier":"FF85DBE1-76D3-E459-2D24-8EDCEE263300","name":"Car","transform":{"columns":[[0.99978966,0.0077787302,0.018977055,0],[-0.018846659,-0.016506512,0.9996861,0],[0.008089532,-0.9998334,-0.016356442,0],[-0.25956094,-0.6369807,-0.10670678,1]]}}},{"content":{"identifier":"FF85DBE1-76D3-E459-2D24-8EDCEE263300","transform":{"columns":[[0.99978966,0.0077787302,0.018977055,0],[-0.018846659,-0.016506512,0.9996861,0],[0.008089532,-0.9998334,-0.016356442,0],[-0.25956094,-0.6369807,-0.10670678,1]]},"name":"Car"},"label":"ARImageAnchor didUpdate","timestamp":1742636305.561986},{"label":"ARImageAnchor didAdd","content":{"identifier":"088EF783-5990-B052-BE99-B8AA15BA6C68","transform":{"columns":[[0.99992275,-0.007586541,-0.0098516885,0],[0.009665477,-0.024198528,0.9996604,0],[-0.007822363,-0.9996784,-0.024123333,0],[-1.2480092,0.5963383,-0.6554687,1.0000001]]},"name":"Earth"},"timestamp":1742636308.187078},{"content":{"identifier":"088EF783-5990-B052-BE99-B8AA15BA6C68","name":"Earth","transform":{"columns":[[0.99992275,-0.007586541,-0.0098516885,0],[0.009665477,-0.024198528,0.9996604,0],[-0.007822363,-0.9996784,-0.024123333,0],[-1.2480092,0.5963383,-0.6554687,1.0000001]]}},"timestamp":1742636308.194454,"label":"ARImageAnchor didUpdate"},{"label":"ARImageAnchor didUpdate","timestamp":1742636308.711369,"content":{"identifier":"088EF783-5990-B052-BE99-B8AA15BA6C68","name":"Earth","transform":{"columns":[[0.9993893,-0.0009845777,-0.034928452,0],[0.034899857,-0.021148585,0.9991669,0],[-0.0017224418,-0.9997758,-0.021101307,0],[-1.2537552,0.6027451,-0.6483502,0.99999994]]}}},{"timestamp":1742636308.7278662,"label":"ARImageAnchor didUpdate","content":{"identifier":"088EF783-5990-B052-BE99-B8AA15BA6C68","transform":{"columns":[[0.9993893,-0.0009845777,-0.034928452,0],[0.034899857,-0.021148585,0.9991669,0],[-0.0017224418,-0.9997758,-0.021101307,0],[-1.2537552,0.6027451,-0.6483502,0.99999994]]},"name":"Earth"}},{"content":{"identifier":"088EF783-5990-B052-BE99-B8AA15BA6C68","transform":{"columns":[[0.9992638,-0.00015782942,-0.038362727,0],[0.038361847,-0.003794049,0.9992566,0],[-0.00030326267,-0.9999927,-0.003785202,0],[-1.2587467,0.60590243,-0.652223,1]]},"name":"Earth"},"label":"ARImageAnchor didUpdate","timestamp":1742636309.243171},{"label":"ARImageAnchor didUpdate","timestamp":1742636309.2622042,"content":{"transform":{"columns":[[0.9992638,-0.00015782942,-0.038362727,0],[0.038361847,-0.003794049,0.9992566,0],[-0.00030326267,-0.9999927,-0.003785202,0],[-1.2587467,0.60590243,-0.652223,1]]},"name":"Earth","identifier":"088EF783-5990-B052-BE99-B8AA15BA6C68"}},{"content":{"name":"bunny","transform":{"columns":[[-0.11279839,0.00053657964,-0.99361783,0],[-0.00021914362,0.9999998,0.0005649039,0],[0.9936179,0.00028146527,-0.11279824,0],[0.07724056,-0.34490362,-0.52072465,1]]},"identifier":"20EE205F-8D80-4FFF-9012-F06E5D5F0D49"},"timestamp":1742636314.262126,"label":"Bunny didUpdate"},{"timestamp":1742636314.5239139,"label":"ARImageAnchor didAdd","content":{"transform":{"columns":[[0.016143858,-0.037788767,-0.9991552,0],[0.99933,-0.032215096,0.017365076,0],[-0.032844044,-0.99876624,0.037243377,0],[0.44668487,-0.6370356,-0.17250973,0.99999994]]},"identifier":"6BAD7D5D-D14A-EF93-1C8B-F6BEC80B8329","name":"Lenna"}},{"label":"ARImageAnchor didUpdate","timestamp":1742636314.52851,"content":{"name":"Lenna","identifier":"6BAD7D5D-D14A-EF93-1C8B-F6BEC80B8329","transform":{"columns":[[0.016143858,-0.037788767,-0.9991552,0],[0.99933,-0.032215096,0.017365076,0],[-0.032844044,-0.99876624,0.037243377,0],[0.44668487,-0.6370356,-0.17250973,0.99999994]]}}},{"content":{"transform":{"columns":[[-0.11276416,0.00055462855,-0.9936218,0],[-0.00020443111,0.9999998,0.0005813891,0],[0.9936218,0.00026868703,-0.11276398,0],[0.07724254,-0.3449028,-0.5207244,1]]},"identifier":"20EE205F-8D80-4FFF-9012-F06E5D5F0D49","name":"bunny"},"label":"Bunny didUpdate","timestamp":1742636314.5607991},{"timestamp":1742636319.254654,"label":"ARImageAnchor didAdd","content":{"transform":{"columns":[[0.99996513,-9.0816255e-05,0.00834127,0],[-0.008339779,0.010909149,0.99990565,0],[-0.00018181036,-0.9999404,0.010908001,0],[0.5645082,0.7652594,-0.6652474,1]]},"name":"Sailboat","identifier":"C35EAC54-3E90-1B97-807B-5E3B8F238DB7"}},{"content":{"identifier":"C35EAC54-3E90-1B97-807B-5E3B8F238DB7","transform":{"columns":[[0.99996513,-9.0816255e-05,0.00834127,0],[-0.008339779,0.010909149,0.99990565,0],[-0.00018181036,-0.9999404,0.010908001,0],[0.5645082,0.7652594,-0.6652474,1]]},"name":"Sailboat"},"label":"ARImageAnchor didUpdate","timestamp":1742636319.2607598},{"label":"ARImageAnchor didUpdate","timestamp":1742636319.777042,"content":{"transform":{"columns":[[0.9999857,0.0029392913,0.0044495272,0],[-0.0044762976,0.009163327,0.99994797,0],[0.002898367,-0.9999536,0.009176359,0],[0.5665214,0.77183706,-0.6622233,1]]},"name":"Sailboat","identifier":"C35EAC54-3E90-1B97-807B-5E3B8F238DB7"}},{"content":{"transform":{"columns":[[0.9999857,0.0029392913,0.0044495272,0],[-0.0044762976,0.009163327,0.99994797,0],[0.002898367,-0.9999536,0.009176359,0],[0.5665214,0.77183706,-0.6622233,1]]},"name":"Sailboat","identifier":"C35EAC54-3E90-1B97-807B-5E3B8F238DB7"},"timestamp":1742636319.7935839,"label":"ARImageAnchor didUpdate"},{"content":{"identifier":"A19C2489-597B-2BED-432C-244B551E75FD","transform":{"columns":[[0.0025467735,-0.019559368,0.99980533,0],[-0.9996228,0.02728713,0.0030801499,0],[-0.027342048,-0.99943626,-0.019482499,0],[1.2964119,0.7998495,-0.10638761,1]]},"name":"Mandrill"},"label":"ARImageAnchor didAdd","timestamp":1742636322.4194431},{"content":{"transform":{"columns":[[0.0025467735,-0.019559368,0.99980533,0],[-0.9996228,0.02728713,0.0030801499,0],[-0.027342048,-0.99943626,-0.019482499,0],[1.2964119,0.7998495,-0.10638761,1]]},"name":"Mandrill","identifier":"A19C2489-597B-2BED-432C-244B551E75FD"},"timestamp":1742636322.427588,"label":"ARImageAnchor didUpdate"},{"timestamp":1742636325.052623,"content":{"transform":{"columns":[[0.0011365219,-0.007650954,0.9999701,0],[-0.99999005,0.004288724,0.001169363,0],[-0.0042975512,-0.9999615,-0.007645999,0],[1.358878,0.18505809,0.6234644,1]]},"identifier":"61BB3DDD-C96C-6E82-3432-BD712CCBCB28","name":"Peppers"},"label":"ARImageAnchor didAdd"},{"label":"ARImageAnchor didUpdate","timestamp":1742636325.061281,"content":{"name":"Peppers","identifier":"61BB3DDD-C96C-6E82-3432-BD712CCBCB28","transform":{"columns":[[0.0011365219,-0.007650954,0.9999701,0],[-0.99999005,0.004288724,0.001169363,0],[-0.0042975512,-0.9999615,-0.007645999,0],[1.358878,0.18505809,0.6234644,1]]}}},{"timestamp":1742636332.393231,"content":{"identifier":"A19C2489-597B-2BED-432C-244B551E75FD","name":"Mandrill","transform":{"columns":[[0.0060551497,-0.0112247495,0.99991864,0],[-0.99783784,0.06537215,0.0067764563,0],[-0.06544291,-0.9977978,-0.010804637,0],[1.31309,0.8091001,-0.10756065,1]]}},"label":"ARImageAnchor didUpdate"},{"timestamp":1742636332.40817,"label":"ARImageAnchor didUpdate","content":{"transform":{"columns":[[0.0060551497,-0.0112247495,0.99991864,0],[-0.99783784,0.06537215,0.0067764563,0],[-0.06544291,-0.9977978,-0.010804637,0],[1.31309,0.8091001,-0.10756065,1]]},"identifier":"A19C2489-597B-2BED-432C-244B551E75FD","name":"Mandrill"}}]