[{"timestamp":1742632706.884385,"label":"Application launched"},{"timestamp":1742632706.8844671,"label":"Initialize ARViewModel"},{"timestamp":1742632706.8851418,"label":"Finished Initialize ARViewModel"},{"label":"Initialize AnchorManager","timestamp":1742632706.885151},{"timestamp":1742632706.8851562,"label":"Fininshed Initialize AnchorManager"},{"timestamp":1742632706.88516,"label":"ContentView Initialize"},{"timestamp":1742632727.7709122,"label":"Finished Ranging","content":{"beaconName":"DWM3001CDK (8449B511)","position":[-0.11492464,-0.28878325,-0.41571078]}},{"label":"Bunny didAdd","content":{"identifier":"89ED9850-2420-4714-BC05-E22913045CFE","transform":{"columns":[[-0.15381348,0,-0.9880999,0],[0,1,0,0],[0.9880999,0,-0.15381348,0],[-0.11492464,-0.28878325,-0.41571078,1]]},"name":"bunny"},"timestamp":1742632727.806143},{"content":{"identifier":"FF85DBE1-76D3-E459-2D24-8EDCEE263300","name":"Car","transform":{"columns":[[0.9986928,0.014476917,-0.0490233,0],[0.04917771,-0.010510179,0.99873483,0],[0.013943368,-0.9998399,-0.011208376,0],[-0.38465074,-0.61005324,0.040510535,1.0000001]]}},"timestamp":1742632730.6891332,"label":"ARImageAnchor didAdd"},{"label":"ARImageAnchor didUpdate","content":{"identifier":"FF85DBE1-76D3-E459-2D24-8EDCEE263300","transform":{"columns":[[0.9986928,0.014476917,-0.0490233,0],[0.04917771,-0.010510179,0.99873483,0],[0.013943368,-0.9998399,-0.011208376,0],[-0.38465074,-0.61005324,0.040510535,1.0000001]]},"name":"Car"},"timestamp":1742632730.6970491},{"content":{"name":"Earth","identifier":"088EF783-5990-B052-BE99-B8AA15BA6C68","transform":{"columns":[[0.98800266,0.0023802961,-0.15441814,0],[0.15443425,-0.020605395,0.9877881,0],[-0.0008306145,-0.99978477,-0.020725789,0],[-1.4312322,0.64652586,-0.39107597,0.99999994]]}},"timestamp":1742632733.87247,"label":"ARImageAnchor didAdd"},{"timestamp":1742632733.879828,"label":"ARImageAnchor didUpdate","content":{"identifier":"088EF783-5990-B052-BE99-B8AA15BA6C68","transform":{"columns":[[0.98800266,0.0023802961,-0.15441814,0],[0.15443425,-0.020605395,0.9877881,0],[-0.0008306145,-0.99978477,-0.020725789,0],[-1.4312322,0.64652586,-0.39107597,0.99999994]]},"name":"Earth"}},{"timestamp":1742632737.596809,"label":"Bunny didUpdate","content":{"name":"bunny","transform":{"columns":[[-0.15303215,9.526311e-05,-0.98822117,0],[0.00014677794,1,7.3669114e-05,0],[0.9882213,-0.00013377533,-0.15303218,0],[-0.11484257,-0.28877434,-0.4157176,1]]},"identifier":"89ED9850-2420-4714-BC05-E22913045CFE"}},{"content":{"identifier":"6BAD7D5D-D14A-EF93-1C8B-F6BEC80B8329","transform":{"columns":[[-0.105016075,-0.032098018,-0.9939524,0],[0.9906524,-0.090873994,-0.10173278,0],[-0.08705899,-0.9953449,0.041341208,0],[0.33095855,-0.61198115,-0.102570616,1]]},"name":"Lenna"},"label":"ARImageAnchor didAdd","timestamp":1742632739.1886759},{"label":"ARImageAnchor didUpdate","content":{"identifier":"6BAD7D5D-D14A-EF93-1C8B-F6BEC80B8329","name":"Lenna","transform":{"columns":[[-0.105016075,-0.032098018,-0.9939524,0],[0.9906524,-0.090873994,-0.10173278,0],[-0.08705899,-0.9953449,0.041341208,0],[0.33095855,-0.61198115,-0.102570616,1]]}},"timestamp":1742632739.1971111},{"timestamp":1742632741.838677,"label":"ARImageAnchor didAdd","content":{"name":"Sailboat","transform":{"columns":[[0.9931521,0.004951022,-0.11672323,0],[0.116704755,0.003872743,0.99315906,0],[0.0053691897,-0.9999802,0.0032684146,0],[0.40768737,0.81856567,-0.60741097,1]]},"identifier":"C35EAC54-3E90-1B97-807B-5E3B8F238DB7"}},{"content":{"transform":{"columns":[[0.9931521,0.004951022,-0.11672323,0],[0.116704755,0.003872743,0.99315906,0],[0.0053691897,-0.9999802,0.0032684146,0],[0.40768737,0.81856567,-0.60741097,1]]},"name":"Sailboat","identifier":"C35EAC54-3E90-1B97-807B-5E3B8F238DB7"},"timestamp":1742632741.844224,"label":"ARImageAnchor didUpdate"},{"timestamp":1742632745.021669,"label":"ARImageAnchor didAdd","content":{"name":"Mandrill","identifier":"A19C2489-597B-2BED-432C-244B551E75FD","transform":{"columns":[[0.10427425,-0.008744604,0.9945101,0],[-0.9934599,0.04585903,0.104567304,0],[-0.04652166,-0.9989096,-0.0039055082,0],[1.1923846,0.8488712,-0.12109681,1]]}}},{"timestamp":1742632745.031859,"label":"ARImageAnchor didUpdate","content":{"identifier":"A19C2489-597B-2BED-432C-244B551E75FD","name":"Mandrill","transform":{"columns":[[0.10427425,-0.008744604,0.9945101,0],[-0.9934599,0.04585903,0.104567304,0],[-0.04652166,-0.9989096,-0.0039055082,0],[1.1923846,0.8488712,-0.12109681,1]]}}},{"timestamp":1742632748.171519,"content":{"transform":{"columns":[[0.122326344,-0.0061470703,0.99247086,0],[-0.99248964,-0.0013608866,0.12232023,0],[0.00059873785,-0.99998015,-0.0062673762,0],[1.3321552,0.2338226,0.6026711,1]]},"name":"Peppers","identifier":"61BB3DDD-C96C-6E82-3432-BD712CCBCB28"},"label":"ARImageAnchor didAdd"},{"label":"ARImageAnchor didUpdate","content":{"transform":{"columns":[[0.122326344,-0.0061470703,0.99247086,0],[-0.99248964,-0.0013608866,0.12232023,0],[0.00059873785,-0.99998015,-0.0062673762,0],[1.3321552,0.2338226,0.6026711,1]]},"name":"Peppers","identifier":"61BB3DDD-C96C-6E82-3432-BD712CCBCB28"},"timestamp":1742632748.179174},{"label":"Bunny didUpdate","content":{"transform":{"columns":[[-0.15283093,-0.00031095368,-0.98825216,0],[0.00022958266,0.9999999,-0.00035015453,0],[0.98825234,-0.0002804,-0.15283085,0],[-0.114827074,-0.2888286,-0.41566426,1]]},"name":"bunny","identifier":"89ED9850-2420-4714-BC05-E22913045CFE"},"timestamp":1742632751.91264},{"label":"ARImageAnchor didUpdate","content":{"identifier":"A19C2489-597B-2BED-432C-244B551E75FD","transform":{"columns":[[0.1077099,-0.014231165,0.9940803,0],[-0.9927559,0.052002348,0.10831083,0],[-0.053235892,-0.9985454,-0.008526915,0],[1.2091112,0.85705376,-0.09547567,1]]},"name":"Mandrill"},"timestamp":1742632756.096129},{"timestamp":1742632756.113854,"label":"ARImageAnchor didUpdate","content":{"identifier":"A19C2489-597B-2BED-432C-244B551E75FD","name":"Mandrill","transform":{"columns":[[0.1077099,-0.014231165,0.9940803,0],[-0.9927559,0.052002348,0.10831083,0],[-0.053235892,-0.9985454,-0.008526915,0],[1.2091112,0.85705376,-0.09547567,1]]}}},{"content":{"name":"Sailboat","transform":{"columns":[[0.99475336,0.004591774,-0.10219859,0],[0.10201433,0.030298887,0.9943213,0],[0.007662195,-0.9995303,0.029671455,0],[0.42541343,0.82880336,-0.5763074,0.99999994]]},"identifier":"C35EAC54-3E90-1B97-807B-5E3B8F238DB7"},"label":"ARImageAnchor didUpdate","timestamp":1742632757.678776},{"label":"ARImageAnchor didUpdate","timestamp":1742632757.6957521,"content":{"identifier":"C35EAC54-3E90-1B97-807B-5E3B8F238DB7","transform":{"columns":[[0.99475336,0.004591774,-0.10219859,0],[0.10201433,0.030298887,0.9943213,0],[0.007662195,-0.9995303,0.029671455,0],[0.42541343,0.82880336,-0.5763074,0.99999994]]},"name":"Sailboat"}},{"label":"Bunny didUpdate","timestamp":1742632758.195288,"content":{"identifier":"89ED9850-2420-4714-BC05-E22913045CFE","transform":{"columns":[[-0.1525488,-0.00036653553,-0.9882958,0],[0.00014929015,0.9999999,-0.00039392005,0],[0.988296,-0.00020763489,-0.15254876,0],[-0.11478082,-0.28883386,-0.41565776,1]]},"name":"bunny"}},{"content":{"identifier":"C35EAC54-3E90-1B97-807B-5E3B8F238DB7","name":"Sailboat","transform":{"columns":[[0.99833775,0.0044332924,-0.057464544,0],[0.05728273,0.03378745,0.99778605,0],[0.0063650566,-0.99941915,0.033477314,0],[0.40744793,0.8239232,-0.5999975,1.0000001]]}},"timestamp":1742632758.211793,"label":"ARImageAnchor didUpdate"},{"timestamp":1742632758.228482,"label":"ARImageAnchor didUpdate","content":{"name":"Sailboat","transform":{"columns":[[0.99833775,0.0044332924,-0.057464544,0],[0.05728273,0.03378745,0.99778605,0],[0.0063650566,-0.99941915,0.033477314,0],[0.40744793,0.8239232,-0.5999975,1.0000001]]},"identifier":"C35EAC54-3E90-1B97-807B-5E3B8F238DB7"}},{"timestamp":1742632758.395606,"label":"Bunny didUpdate","content":{"identifier":"89ED9850-2420-4714-BC05-E22913045CFE","name":"bunny","transform":{"columns":[[-0.15254688,-0.0003632996,-0.98829603,0],[0.00014464871,0.9999998,-0.00038992893,0],[0.9882962,-0.00020243823,-0.15254682,0],[-0.11477998,-0.28883335,-0.41565827,0.99999994]]}}},{"label":"Bunny didUpdate","content":{"name":"bunny","identifier":"89ED9850-2420-4714-BC05-E22913045CFE","transform":{"columns":[[-0.15254252,-0.00036107746,-0.9882966,0],[0.00014047735,0.99999976,-0.0003870358,0],[0.9882968,-0.00019787274,-0.15254247,0],[-0.114778936,-0.28883305,-0.41565874,0.99999994]]}},"timestamp":1742632758.495772},{"content":{"name":"bunny","identifier":"89ED9850-2420-4714-BC05-E22913045CFE","transform":{"columns":[[-0.15253943,-0.000359141,-0.98829705,0],[0.0001359276,0.9999997,-0.00038437356,0],[0.9882972,-0.00019296902,-0.15253939,0],[-0.11477806,-0.28883296,-0.41565934,0.99999994]]}},"label":"Bunny didUpdate","timestamp":1742632758.5958061},{"label":"Bunny didUpdate","content":{"identifier":"89ED9850-2420-4714-BC05-E22913045CFE","name":"bunny","transform":{"columns":[[-0.1525378,-0.0003568302,-0.9882972,0],[0.00013341192,0.99999964,-0.0003816468,0],[0.9882974,-0.00019006628,-0.15253775,0],[-0.114777535,-0.2888326,-0.41565976,0.99999994]]}},"timestamp":1742632758.695232},{"label":"Bunny didUpdate","content":{"transform":{"columns":[[-0.15253745,-0.00035351422,-0.9882972,0],[0.00013136225,0.9999996,-0.0003779751,0],[0.9882974,-0.00018748039,-0.15253739,0],[-0.11477709,-0.28883147,-0.4156594,0.99999994]]},"name":"bunny","identifier":"89ED9850-2420-4714-BC05-E22913045CFE"},"timestamp":1742632758.794806},{"timestamp":1742632760.8287911,"content":{"transform":{"columns":[[0.110598214,-0.0038197609,0.9938578,0],[-0.9938634,-0.0023672467,0.11058977,0],[0.0019302872,-0.99998987,-0.004058139,0],[1.3467503,0.23060706,0.61715263,1]]},"name":"Peppers","identifier":"61BB3DDD-C96C-6E82-3432-BD712CCBCB28"},"label":"ARImageAnchor didUpdate"},{"label":"ARImageAnchor didUpdate","timestamp":1742632760.847153,"content":{"identifier":"61BB3DDD-C96C-6E82-3432-BD712CCBCB28","name":"Peppers","transform":{"columns":[[0.110598214,-0.0038197609,0.9938578,0],[-0.9938634,-0.0023672467,0.11058977,0],[0.0019302872,-0.99998987,-0.004058139,0],[1.3467503,0.23060706,0.61715263,1]]}}},{"content":{"name":"Mandrill","identifier":"A19C2489-597B-2BED-432C-244B551E75FD","transform":{"columns":[[0.10657427,-0.014902787,0.9941931,0],[-0.9931666,0.04622994,0.10715725,0],[-0.047558416,-0.99881965,-0.009874013,0],[1.1988004,0.85184216,-0.11285703,1]]}},"timestamp":1742632762.928684,"label":"ARImageAnchor didUpdate"},{"timestamp":1742632762.945113,"label":"ARImageAnchor didUpdate","content":{"identifier":"A19C2489-597B-2BED-432C-244B551E75FD","name":"Mandrill","transform":{"columns":[[0.10657427,-0.014902787,0.9941931,0],[-0.9931666,0.04622994,0.10715725,0],[-0.047558416,-0.99881965,-0.009874013,0],[1.1988004,0.85184216,-0.11285703,1]]}}}]