[{"timestamp":1742657608.558914,"label":"Application launched"},{"label":"Initialize ARViewModel","timestamp":1742657608.559002},{"label":"Finished Initialize ARViewModel","timestamp":1742657608.5602632},{"timestamp":1742657608.560282,"label":"Initialize AnchorManager"},{"timestamp":1742657608.560287,"label":"Fininshed Initialize AnchorManager"},{"label":"ContentView Initialize","timestamp":1742657608.560291},{"timestamp":1742657634.0745192,"label":"Finished Ranging","content":{"beaconName":"DWM3001CDK (8449B511)","position":[-0.1850804,-0.391543,-0.5731945]}},{"timestamp":1742657634.127985,"label":"Bunny didAdd","content":{"name":"bunny","identifier":"56415EFB-8801-49F8-BB13-4B44816DA226","transform":{"columns":[[-0.2158463,0,-0.9764274,0],[0,1,0,0],[0.9764274,0,-0.2158463,0],[-0.1850804,-0.391543,-0.5731945,1]]}}},{"label":"ARImageAnchor didAdd","timestamp":1742657636.3278332,"content":{"name":"Car","identifier":"FF85DBE1-76D3-E459-2D24-8EDCEE263300","transform":{"columns":[[0.9999339,0.009527401,-0.0064428872,0],[0.0065922663,-0.015728613,0.99985456,0],[0.009424681,-0.99983084,-0.015790366,0],[-0.48846278,-0.70266604,-0.13289632,1]]}}},{"label":"ARImageAnchor didUpdate","timestamp":1742657636.335829,"content":{"identifier":"FF85DBE1-76D3-E459-2D24-8EDCEE263300","transform":{"columns":[[0.9999339,0.009527401,-0.0064428872,0],[0.0065922663,-0.015728613,0.99985456,0],[0.009424681,-0.99983084,-0.015790366,0],[-0.48846278,-0.70266604,-0.13289632,1]]},"name":"Car"}},{"label":"ARImageAnchor didUpdate","timestamp":1742657636.834797,"content":{"name":"Car","transform":{"columns":[[0.9998733,0.010662056,-0.011823149,0],[0.011970212,-0.013832794,0.99983263,0],[0.0104967225,-0.99984735,-0.013958658,0],[-0.48782575,-0.6980163,-0.13189705,0.9999999]]},"identifier":"FF85DBE1-76D3-E459-2D24-8EDCEE263300"}},{"timestamp":1742657636.868299,"content":{"identifier":"FF85DBE1-76D3-E459-2D24-8EDCEE263300","name":"Car","transform":{"columns":[[0.9998733,0.010662056,-0.011823149,0],[0.011970212,-0.013832794,0.99983263,0],[0.0104967225,-0.99984735,-0.013958658,0],[-0.48782575,-0.6980163,-0.13189705,0.9999999]]}},"label":"ARImageAnchor didUpdate"},{"content":{"transform":{"columns":[[-0.21581288,0.00026806368,-0.9764347,0],[-0.00027254014,0.9999999,0.00033477033,0],[0.97643465,0.00033836538,-0.21581277,0],[-0.18509522,-0.39157143,-0.57317984,0.99999994]]},"name":"bunny","identifier":"56415EFB-8801-49F8-BB13-4B44816DA226"},"timestamp":1742657639.1694279,"label":"Bunny didUpdate"},{"label":"ARImageAnchor didAdd","content":{"name":"Earth","identifier":"088EF783-5990-B052-BE99-B8AA15BA6C68","transform":{"columns":[[0.99838275,-0.0014788592,-0.056828808,0],[0.05682749,-0.0009342157,0.99838346,0],[-0.0015295581,-0.9999983,-0.00084866816,0],[-1.508006,0.564575,-0.6346045,0.9999998]]}},"timestamp":1742657640.060988},{"label":"ARImageAnchor didUpdate","content":{"identifier":"088EF783-5990-B052-BE99-B8AA15BA6C68","transform":{"columns":[[0.99838275,-0.0014788592,-0.056828808,0],[0.05682749,-0.0009342157,0.99838346,0],[-0.0015295581,-0.9999983,-0.00084866816,0],[-1.508006,0.564575,-0.6346045,0.9999998]]},"name":"Earth"},"timestamp":1742657640.0672832},{"label":"Bunny didUpdate","timestamp":1742657644.36871,"content":{"name":"bunny","identifier":"56415EFB-8801-49F8-BB13-4B44816DA226","transform":{"columns":[[-0.21572676,0.00020598313,-0.9764537,0],[-0.00019591689,0.9999998,0.0002542339,0],[0.97645366,0.00024614882,-0.2157267,0],[-0.1850962,-0.39156553,-0.5731892,0.9999999]]}}},{"timestamp":1742657645.3939629,"content":{"name":"Lenna","transform":{"columns":[[0.0016628958,-0.037610803,-0.999291,0],[0.9994026,-0.034431845,0.0029590437,0],[-0.034518722,-0.99869895,0.03753107,0],[0.22964823,-0.70874274,-0.23337527,0.99999994]]},"identifier":"6BAD7D5D-D14A-EF93-1C8B-F6BEC80B8329"},"label":"ARImageAnchor didAdd"},{"timestamp":1742657645.401504,"label":"ARImageAnchor didUpdate","content":{"name":"Lenna","identifier":"6BAD7D5D-D14A-EF93-1C8B-F6BEC80B8329","transform":{"columns":[[0.0016628958,-0.037610803,-0.999291,0],[0.9994026,-0.034431845,0.0029590437,0],[-0.034518722,-0.99869895,0.03753107,0],[0.22964823,-0.70874274,-0.23337527,0.99999994]]}}},{"label":"ARImageAnchor didUpdate","content":{"identifier":"6BAD7D5D-D14A-EF93-1C8B-F6BEC80B8329","name":"Lenna","transform":{"columns":[[-0.008605732,-0.038854428,-0.99920774,0],[0.9995785,-0.028039945,-0.0075185746,0],[-0.027725592,-0.99885124,0.039079357,0],[0.22729859,-0.7036975,-0.2314395,0.99999994]]}},"timestamp":1742657646.4326549},{"label":"ARImageAnchor didUpdate","content":{"transform":{"columns":[[-0.008605732,-0.038854428,-0.99920774,0],[0.9995785,-0.028039945,-0.0075185746,0],[-0.027725592,-0.99885124,0.039079357,0],[0.22729859,-0.7036975,-0.2314395,0.99999994]]},"identifier":"6BAD7D5D-D14A-EF93-1C8B-F6BEC80B8329","name":"Lenna"},"timestamp":1742657646.466316},{"timestamp":1742657650.193626,"content":{"transform":{"columns":[[0.9995843,0.0011177666,-0.028804602,0],[0.02881747,-0.014014698,0.99948627,0],[0.000713504,-0.999901,-0.014041086,0],[0.3472384,0.7236877,-0.72166485,0.99999976]]},"identifier":"C35EAC54-3E90-1B97-807B-5E3B8F238DB7","name":"Sailboat"},"label":"ARImageAnchor didAdd"},{"content":{"transform":{"columns":[[0.9995843,0.0011177666,-0.028804602,0],[0.02881747,-0.014014698,0.99948627,0],[0.000713504,-0.999901,-0.014041086,0],[0.3472384,0.7236877,-0.72166485,0.99999976]]},"identifier":"C35EAC54-3E90-1B97-807B-5E3B8F238DB7","name":"Sailboat"},"label":"ARImageAnchor didUpdate","timestamp":1742657650.201641},{"label":"ARImageAnchor didAdd","timestamp":1742657652.860036,"content":{"name":"Mandrill","identifier":"A19C2489-597B-2BED-432C-244B551E75FD","transform":{"columns":[[0.033442937,-0.017011747,0.99929583,0],[-0.9989429,0.03098217,0.033958536,0],[-0.03153805,-0.99937505,-0.015957631,0],[1.0828664,0.7532486,-0.18517703,1]]}}},{"timestamp":1742657652.8682718,"content":{"identifier":"A19C2489-597B-2BED-432C-244B551E75FD","transform":{"columns":[[0.033442937,-0.017011747,0.99929583,0],[-0.9989429,0.03098217,0.033958536,0],[-0.03153805,-0.99937505,-0.015957631,0],[1.0828664,0.7532486,-0.18517703,1]]},"name":"Mandrill"},"label":"ARImageAnchor didUpdate"},{"content":{"name":"Peppers","transform":{"columns":[[0.0011377851,-0.0009784412,0.9999989,0],[-0.999392,-0.034847073,0.001102961,0],[0.034845997,-0.99939203,-0.0010174988,0],[1.1832039,0.13349341,0.54609835,0.99999994]]},"identifier":"61BB3DDD-C96C-6E82-3432-BD712CCBCB28"},"label":"ARImageAnchor didAdd","timestamp":1742657654.993277},{"content":{"transform":{"columns":[[0.0011377851,-0.0009784412,0.9999989,0],[-0.999392,-0.034847073,0.001102961,0],[0.034845997,-0.99939203,-0.0010174988,0],[1.1832039,0.13349341,0.54609835,0.99999994]]},"name":"Peppers","identifier":"61BB3DDD-C96C-6E82-3432-BD712CCBCB28"},"timestamp":1742657655.0012488,"label":"ARImageAnchor didUpdate"},{"content":{"name":"Peppers","transform":{"columns":[[0.041497067,-0.0068246424,0.9991154,0],[-0.99906486,0.011868312,0.041576006,0],[-0.012141562,-0.99990624,-0.0063257604,0],[1.184133,0.13538077,0.54236126,0.99999994]]},"identifier":"61BB3DDD-C96C-6E82-3432-BD712CCBCB28"},"timestamp":1742657656.033575,"label":"ARImageAnchor didUpdate"},{"label":"ARImageAnchor didUpdate","timestamp":1742657656.0678148,"content":{"identifier":"61BB3DDD-C96C-6E82-3432-BD712CCBCB28","transform":{"columns":[[0.041497067,-0.0068246424,0.9991154,0],[-0.99906486,0.011868312,0.041576006,0],[-0.012141562,-0.99990624,-0.0063257604,0],[1.184133,0.13538077,0.54236126,0.99999994]]},"name":"Peppers"}},{"timestamp":1742657662.270447,"label":"Bunny didUpdate","content":{"name":"bunny","identifier":"56415EFB-8801-49F8-BB13-4B44816DA226","transform":{"columns":[[-0.21633293,-0.00020053654,-0.97631955,0],[-0.0003862328,0.99999964,-0.000119818986,0],[0.9763194,0.00035116586,-0.21633296,0],[-0.18507558,-0.39155528,-0.573177,0.99999994]]}}},{"label":"ARImageAnchor didUpdate","timestamp":1742657662.9647698,"content":{"identifier":"C35EAC54-3E90-1B97-807B-5E3B8F238DB7","name":"Sailboat","transform":{"columns":[[0.99844784,0.007907907,-0.05512976,0],[0.05520804,-0.010049586,0.99842423,0],[0.007341413,-0.9999181,-0.010470569,0],[0.35633183,0.7420199,-0.7111505,0.9999999]]}}},{"timestamp":1742657662.9995232,"label":"ARImageAnchor didUpdate","content":{"transform":{"columns":[[0.99844784,0.007907907,-0.05512976,0],[0.05520804,-0.010049586,0.99842423,0],[0.007341413,-0.9999181,-0.010470569,0],[0.35633183,0.7420199,-0.7111505,0.9999999]]},"name":"Sailboat","identifier":"C35EAC54-3E90-1B97-807B-5E3B8F238DB7"}},{"content":{"name":"Earth","transform":{"columns":[[0.9989244,-0.0037545532,-0.04621543,0],[0.046176925,-0.009770914,0.99888533,0],[-0.0042019337,-0.9999451,-0.009587027,0],[-1.5004901,0.5656528,-0.635344,0.9999999]]},"identifier":"088EF783-5990-B052-BE99-B8AA15BA6C68"},"timestamp":1742657665.631922,"label":"ARImageAnchor didUpdate"},{"label":"ARImageAnchor didUpdate","timestamp":1742657665.6667728,"content":{"transform":{"columns":[[0.9989244,-0.0037545532,-0.04621543,0],[0.046176925,-0.009770914,0.99888533,0],[-0.0042019337,-0.9999451,-0.009587027,0],[-1.5004901,0.5656528,-0.635344,0.9999999]]},"identifier":"088EF783-5990-B052-BE99-B8AA15BA6C68","name":"Earth"}},{"label":"ARImageAnchor didUpdate","content":{"name":"Earth","identifier":"088EF783-5990-B052-BE99-B8AA15BA6C68","transform":{"columns":[[0.99898267,-0.0013228598,-0.045076665,0],[0.045076497,-0.00014872203,0.99898344,0],[-0.0013282199,-0.99999905,-8.893575e-05,0],[-1.5088911,0.5675784,-0.63484025,0.99999994]]}},"timestamp":1742657666.165359},{"timestamp":1742657666.200519,"label":"ARImageAnchor didUpdate","content":{"name":"Earth","identifier":"088EF783-5990-B052-BE99-B8AA15BA6C68","transform":{"columns":[[0.99898267,-0.0013228598,-0.045076665,0],[0.045076497,-0.00014872203,0.99898344,0],[-0.0013282199,-0.99999905,-8.893575e-05,0],[-1.5088911,0.5675784,-0.63484025,0.99999994]]}}},{"timestamp":1742657673.099226,"label":"ARImageAnchor didUpdate","content":{"name":"Peppers","transform":{"columns":[[0.06614045,-0.009063504,0.99776906,0],[-0.99781007,-0.001314171,0.066131234,0],[0.0007118395,-0.9999579,-0.009130575,0],[1.1690226,0.14964814,0.55155754,0.99999994]]},"identifier":"61BB3DDD-C96C-6E82-3432-BD712CCBCB28"}},{"timestamp":1742657673.1348991,"label":"ARImageAnchor didUpdate","content":{"transform":{"columns":[[0.06614045,-0.009063504,0.99776906,0],[-0.99781007,-0.001314171,0.066131234,0],[0.0007118395,-0.9999579,-0.009130575,0],[1.1690226,0.14964814,0.55155754,0.99999994]]},"name":"Peppers","identifier":"61BB3DDD-C96C-6E82-3432-BD712CCBCB28"}},{"content":{"name":"Mandrill","identifier":"A19C2489-597B-2BED-432C-244B551E75FD","transform":{"columns":[[0.036527526,-0.01329382,0.9992441,0],[-0.9976739,0.057101443,0.037229784,0],[-0.05755322,-0.99827975,-0.011177131,0],[1.0678613,0.7650571,-0.17700575,0.99999994]]}},"label":"ARImageAnchor didUpdate","timestamp":1742657675.23259},{"label":"ARImageAnchor didUpdate","content":{"name":"Mandrill","identifier":"A19C2489-597B-2BED-432C-244B551E75FD","transform":{"columns":[[0.036527526,-0.01329382,0.9992441,0],[-0.9976739,0.057101443,0.037229784,0],[-0.05755322,-0.99827975,-0.011177131,0],[1.0678613,0.7650571,-0.17700575,0.99999994]]}},"timestamp":1742657675.2661781},{"timestamp":1742657676.832505,"label":"ARImageAnchor didUpdate","content":{"identifier":"C35EAC54-3E90-1B97-807B-5E3B8F238DB7","transform":{"columns":[[0.99890196,0.001847891,0.046814043,0],[-0.046824567,0.0061405557,0.9988842,0],[0.0015583687,-0.99997926,0.006220336,0],[0.34624898,0.72682947,-0.7168254,0.99999994]]},"name":"Sailboat"}},{"content":{"name":"Sailboat","identifier":"C35EAC54-3E90-1B97-807B-5E3B8F238DB7","transform":{"columns":[[0.99890196,0.001847891,0.046814043,0],[-0.046824567,0.0061405557,0.9988842,0],[0.0015583687,-0.99997926,0.006220336,0],[0.34624898,0.72682947,-0.7168254,0.99999994]]}},"label":"ARImageAnchor didUpdate","timestamp":1742657676.865083},{"content":{"transform":{"columns":[[0.08350789,-0.033720873,-0.9959364,0],[0.9964709,0.011327337,0.08316927,0],[0.008476829,-0.999367,0.034547843,0],[0.1796104,-0.71935725,-0.2371321,0.99999994]]},"identifier":"6BAD7D5D-D14A-EF93-1C8B-F6BEC80B8329","name":"Lenna"},"label":"ARImageAnchor didUpdate","timestamp":1742657678.96575},{"timestamp":1742657678.999682,"content":{"transform":{"columns":[[0.08350789,-0.033720873,-0.9959364,0],[0.9964709,0.011327337,0.08316927,0],[0.008476829,-0.999367,0.034547843,0],[0.1796104,-0.71935725,-0.2371321,0.99999994]]},"name":"Lenna","identifier":"6BAD7D5D-D14A-EF93-1C8B-F6BEC80B8329"},"label":"ARImageAnchor didUpdate"},{"timestamp":1742657681.466955,"label":"Bunny didUpdate","content":{"transform":{"columns":[[-0.21635456,-0.0001788507,-0.9763147,0],[-0.00018975057,0.9999996,-0.00014114019,0],[0.97631466,0.00015471996,-0.21635458,0],[-0.18506518,-0.39154541,-0.5731775,0.99999994]]},"identifier":"56415EFB-8801-49F8-BB13-4B44816DA226","name":"bunny"}},{"label":"Bunny didUpdate","content":{"name":"bunny","identifier":"56415EFB-8801-49F8-BB13-4B44816DA226","transform":{"columns":[[-0.2163653,-0.0001933826,-0.9763122,0],[-0.00019011508,0.99999946,-0.00015594212,0],[0.9763122,0.00015187128,-0.21636532,0],[-0.18506458,-0.3915445,-0.5731773,0.9999999]]}},"timestamp":1742657681.766511},{"timestamp":1742657682.166467,"label":"ARImageAnchor didUpdate","content":{"transform":{"columns":[[0.9999233,0.010229349,0.0069876136,0],[-0.0069312467,-0.0055301166,0.9999608,0],[0.01026758,-0.99993235,-0.0054588336,0],[-0.5096017,-0.698842,-0.12320843,1]]},"name":"Car","identifier":"FF85DBE1-76D3-E459-2D24-8EDCEE263300"}},{"label":"ARImageAnchor didUpdate","timestamp":1742657682.2002559,"content":{"identifier":"FF85DBE1-76D3-E459-2D24-8EDCEE263300","transform":{"columns":[[0.9999233,0.010229349,0.0069876136,0],[-0.0069312467,-0.0055301166,0.9999608,0],[0.01026758,-0.99993235,-0.0054588336,0],[-0.5096017,-0.698842,-0.12320843,1]]},"name":"Car"}},{"timestamp":1742657682.266724,"label":"Bunny didUpdate","content":{"name":"bunny","transform":{"columns":[[-0.216363,-0.00019592457,-0.97631264,0],[-0.00018954545,0.99999934,-0.00015867237,0],[0.97631264,0.00015072485,-0.21636303,0],[-0.18506464,-0.3915443,-0.5731775,0.9999999]]},"identifier":"56415EFB-8801-49F8-BB13-4B44816DA226"}},{"content":{"transform":{"columns":[[-0.21644183,-0.00015131422,-0.9762952,0],[2.562392e-05,0.9999993,-0.00016066885,0],[0.9762952,-5.979201e-05,-0.21644181,0],[-0.18505043,-0.39153424,-0.5731739,0.99999994]]},"name":"bunny","identifier":"56415EFB-8801-49F8-BB13-4B44816DA226"},"label":"Bunny didUpdate","timestamp":1742657689.968008},{"content":{"transform":{"columns":[[0.058085095,-0.008075306,0.9982789,0],[-0.99812776,-0.019658033,0.057917234,0],[0.019156557,-0.999774,-0.009202017,0],[1.1943376,0.14713392,0.55809057,0.99999994]]},"name":"Peppers","identifier":"61BB3DDD-C96C-6E82-3432-BD712CCBCB28"},"timestamp":1742657692.298785,"label":"ARImageAnchor didUpdate"},{"content":{"name":"Peppers","transform":{"columns":[[0.058085095,-0.008075306,0.9982789,0],[-0.99812776,-0.019658033,0.057917234,0],[0.019156557,-0.999774,-0.009202017,0],[1.1943376,0.14713392,0.55809057,0.99999994]]},"identifier":"61BB3DDD-C96C-6E82-3432-BD712CCBCB28"},"label":"ARImageAnchor didUpdate","timestamp":1742657692.332057},{"label":"ARImageAnchor didUpdate","timestamp":1742657692.8324761,"content":{"identifier":"61BB3DDD-C96C-6E82-3432-BD712CCBCB28","transform":{"columns":[[0.047175035,-0.0077759693,0.99885637,0],[-0.9988517,-0.008720813,0.047106884,0],[0.008344561,-0.9999316,-0.008178448,0],[1.1852442,0.14872655,0.5560551,0.99999994]]},"name":"Peppers"}},{"timestamp":1742657692.8669171,"label":"ARImageAnchor didUpdate","content":{"transform":{"columns":[[0.047175035,-0.0077759693,0.99885637,0],[-0.9988517,-0.008720813,0.047106884,0],[0.008344561,-0.9999316,-0.008178448,0],[1.1852442,0.14872655,0.5560551,0.99999994]]},"name":"Peppers","identifier":"61BB3DDD-C96C-6E82-3432-BD712CCBCB28"}},{"timestamp":1742657694.965314,"label":"ARImageAnchor didUpdate","content":{"identifier":"A19C2489-597B-2BED-432C-244B551E75FD","transform":{"columns":[[0.052693367,-0.014431012,0.99850637,0],[-0.99702734,0.055524386,0.05341772,0],[-0.056212336,-0.9983529,-0.011462349,0],[1.073358,0.7674875,-0.17024189,0.9999999]]},"name":"Mandrill"}},{"timestamp":1742657694.998444,"label":"ARImageAnchor didUpdate","content":{"identifier":"A19C2489-597B-2BED-432C-244B551E75FD","transform":{"columns":[[0.052693367,-0.014431012,0.99850637,0],[-0.99702734,0.055524386,0.05341772,0],[-0.056212336,-0.9983529,-0.011462349,0],[1.073358,0.7674875,-0.17024189,0.9999999]]},"name":"Mandrill"}},{"timestamp":1742657696.563731,"content":{"name":"Sailboat","transform":{"columns":[[0.99958885,6.977326e-05,-0.028669797,0],[0.028666347,-0.018174164,0.9994236,0],[-0.0004513155,-0.9998346,-0.018168695,0],[0.31405973,0.7442633,-0.69731694,0.9999998]]},"identifier":"C35EAC54-3E90-1B97-807B-5E3B8F238DB7"},"label":"ARImageAnchor didUpdate"},{"content":{"name":"Sailboat","transform":{"columns":[[0.99958885,6.977326e-05,-0.028669797,0],[0.028666347,-0.018174164,0.9994236,0],[-0.0004513155,-0.9998346,-0.018168695,0],[0.31405973,0.7442633,-0.69731694,0.9999998]]},"identifier":"C35EAC54-3E90-1B97-807B-5E3B8F238DB7"},"timestamp":1742657696.5979261,"label":"ARImageAnchor didUpdate"},{"timestamp":1742657699.3665218,"content":{"transform":{"columns":[[-0.21644183,-0.00015131422,-0.9762952,0],[2.5623916e-05,0.9999992,-0.00016066885,0],[0.9762951,-5.9792008e-05,-0.2164418,0],[-0.18505043,-0.39153424,-0.5731739,0.99999994]]},"identifier":"56415EFB-8801-49F8-BB13-4B44816DA226","name":"bunny"},"label":"Bunny didUpdate"},{"label":"ARImageAnchor didUpdate","timestamp":1742657700.297642,"content":{"identifier":"6BAD7D5D-D14A-EF93-1C8B-F6BEC80B8329","transform":{"columns":[[-0.032121815,-0.037539337,-0.9987787,0],[0.99947125,-0.006248257,-0.03190922,0],[-0.005042775,-0.99927545,0.037720196,0],[0.23259366,-0.70272493,-0.23117979,0.99999994]]},"name":"Lenna"}},{"timestamp":1742657700.331256,"content":{"transform":{"columns":[[-0.032121815,-0.037539337,-0.9987787,0],[0.99947125,-0.006248257,-0.03190922,0],[-0.005042775,-0.99927545,0.037720196,0],[0.23259366,-0.70272493,-0.23117979,0.99999994]]},"identifier":"6BAD7D5D-D14A-EF93-1C8B-F6BEC80B8329","name":"Lenna"},"label":"ARImageAnchor didUpdate"},{"content":{"name":"Car","identifier":"FF85DBE1-76D3-E459-2D24-8EDCEE263300","transform":{"columns":[[0.99995524,0.00945596,-2.6391122e-05,0],[9.669661e-05,-0.0074286377,0.99997234,0],[0.009455482,-0.99992746,-0.007429237,0],[-0.4772339,-0.7015347,-0.1413887,0.99999994]]}},"label":"ARImageAnchor didUpdate","timestamp":1742657703.497332},{"timestamp":1742657703.530867,"label":"ARImageAnchor didUpdate","content":{"transform":{"columns":[[0.99995524,0.00945596,-2.6391122e-05,0],[9.669661e-05,-0.0074286377,0.99997234,0],[0.009455482,-0.99992746,-0.007429237,0],[-0.4772339,-0.7015347,-0.1413887,0.99999994]]},"name":"Car","identifier":"FF85DBE1-76D3-E459-2D24-8EDCEE263300"}},{"timestamp":1742657709.362938,"content":{"transform":{"columns":[[0.99878395,0.006724831,-0.048838962,0],[0.048753712,0.0123116635,0.99873483,0],[0.007317611,-0.9999014,0.011968821,0],[0.36040676,0.7456897,-0.7305248,0.99999994]]},"name":"Sailboat","identifier":"C35EAC54-3E90-1B97-807B-5E3B8F238DB7"},"label":"ARImageAnchor didUpdate"},{"content":{"name":"Sailboat","transform":{"columns":[[0.99878395,0.006724831,-0.048838962,0],[0.048753712,0.0123116635,0.99873483,0],[0.007317611,-0.9999014,0.011968821,0],[0.36040676,0.7456897,-0.7305248,0.99999994]]},"identifier":"C35EAC54-3E90-1B97-807B-5E3B8F238DB7"},"label":"ARImageAnchor didUpdate","timestamp":1742657709.396337},{"label":"ARImageAnchor didUpdate","content":{"identifier":"A19C2489-597B-2BED-432C-244B551E75FD","transform":{"columns":[[0.026761137,-0.01447467,0.999537,0],[-0.99916154,0.030601567,0.02719421,0],[-0.030981021,-0.9994267,-0.013643606,0],[1.1016468,0.76865995,-0.18661383,0.99999994]]},"name":"Mandrill"},"timestamp":1742657714.162867},{"label":"ARImageAnchor didUpdate","timestamp":1742657714.198709,"content":{"transform":{"columns":[[0.026761137,-0.01447467,0.999537,0],[-0.99916154,0.030601567,0.02719421,0],[-0.030981021,-0.9994267,-0.013643606,0],[1.1016468,0.76865995,-0.18661383,0.99999994]]},"identifier":"A19C2489-597B-2BED-432C-244B551E75FD","name":"Mandrill"}},{"label":"ARImageAnchor didUpdate","content":{"name":"Peppers","identifier":"61BB3DDD-C96C-6E82-3432-BD712CCBCB28","transform":{"columns":[[0.020123936,-0.0058457204,0.9997804,0],[-0.9997915,0.0032992898,0.020143384,0],[-0.0034163452,-0.9999774,-0.0057781036,0],[1.1974512,0.14631024,0.55003566,0.99999994]]}},"timestamp":1742657718.962405},{"content":{"transform":{"columns":[[0.020123936,-0.0058457204,0.9997804,0],[-0.9997915,0.0032992898,0.020143384,0],[-0.0034163452,-0.9999774,-0.0057781036,0],[1.1974512,0.14631024,0.55003566,0.99999994]]},"identifier":"61BB3DDD-C96C-6E82-3432-BD712CCBCB28","name":"Peppers"},"timestamp":1742657718.995013,"label":"ARImageAnchor didUpdate"},{"label":"Bunny didUpdate","content":{"transform":{"columns":[[-0.21644183,-0.00015131422,-0.9762952,0],[2.5623916e-05,0.99999917,-0.00016066883,0],[0.97629505,-5.9792004e-05,-0.21644178,0],[-0.18505043,-0.39153424,-0.5731739,0.99999994]]},"name":"bunny","identifier":"56415EFB-8801-49F8-BB13-4B44816DA226"},"timestamp":1742657723.16251},{"timestamp":1742657724.364408,"content":{"name":"bunny","identifier":"56415EFB-8801-49F8-BB13-4B44816DA226","transform":{"columns":[[-0.21644183,-0.00015131422,-0.9762952,0],[2.5623916e-05,0.9999991,-0.00016066882,0],[0.976295,-5.9792e-05,-0.21644177,0],[-0.18505043,-0.39153424,-0.5731739,0.99999994]]}},"label":"Bunny didUpdate"},{"content":{"name":"bunny","transform":{"columns":[[-0.21644183,-0.00015131422,-0.9762952,0],[2.5623913e-05,0.99999905,-0.00016066882,0],[0.97629493,-5.9791997e-05,-0.21644177,0],[-0.18505043,-0.39153424,-0.5731739,0.99999994]]},"identifier":"56415EFB-8801-49F8-BB13-4B44816DA226"},"label":"Bunny didUpdate","timestamp":1742657730.2621899},{"content":{"name":"Peppers","identifier":"61BB3DDD-C96C-6E82-3432-BD712CCBCB28","transform":{"columns":[[0.06545004,-0.00560867,0.99784005,0],[-0.9977424,-0.01544183,0.06535679,0],[0.0150419185,-0.9998648,-0.0066066775,0],[1.1985323,0.15042183,0.5591553,0.99999994]]}},"timestamp":1742657733.362619,"label":"ARImageAnchor didUpdate"},{"timestamp":1742657733.398643,"content":{"transform":{"columns":[[0.06545004,-0.00560867,0.99784005,0],[-0.9977424,-0.01544183,0.06535679,0],[0.0150419185,-0.9998648,-0.0066066775,0],[1.1985323,0.15042183,0.5591553,0.99999994]]},"identifier":"61BB3DDD-C96C-6E82-3432-BD712CCBCB28","name":"Peppers"},"label":"ARImageAnchor didUpdate"}]