[{"label":"Application launched","timestamp":1742642721.819333},{"timestamp":1742642721.8194199,"label":"Initialize ARViewModel"},{"timestamp":1742642721.820881,"label":"Finished Initialize ARViewModel"},{"label":"Initialize AnchorManager","timestamp":1742642721.820907},{"timestamp":1742642721.820911,"label":"Fininshed Initialize AnchorManager"},{"timestamp":1742642721.820915,"label":"ContentView Initialize"},{"timestamp":1742642744.106287,"label":"Finished Ranging","content":{"position":[-0.025252253,-0.3500181,-0.1816335],"beaconName":"DWM3001CDK (8449B511)"}},{"label":"Bunny didAdd","timestamp":1742642744.129381,"content":{"transform":{"columns":[[-0.48332834,0,-0.8754391,0],[0,1,0,0],[0.8754391,0,-0.48332834,0],[-0.025252253,-0.3500181,-0.1816335,1]]},"name":"bunny","identifier":"E7662A2F-5BC1-4E29-8BC1-723F512FF967"}},{"label":"ARImageAnchor didAdd","timestamp":1742642746.295881,"content":{"identifier":"FF85DBE1-76D3-E459-2D24-8EDCEE263300","transform":{"columns":[[0.97617877,0.0107828,-0.21669929,0],[0.21678393,-0.007406171,0.9761915,0],[0.0089211725,-0.9999143,-0.009567263,0],[-0.21366215,-0.623002,0.27411038,1]]},"name":"Car"}},{"timestamp":1742642746.303608,"content":{"identifier":"FF85DBE1-76D3-E459-2D24-8EDCEE263300","transform":{"columns":[[0.97617877,0.0107828,-0.21669929,0],[0.21678393,-0.007406171,0.9761915,0],[0.0089211725,-0.9999143,-0.009567263,0],[-0.21366215,-0.623002,0.27411038,1]]},"name":"Car"},"label":"ARImageAnchor didUpdate"},{"label":"ARImageAnchor didAdd","timestamp":1742642748.9144979,"content":{"name":"Earth","transform":{"columns":[[0.9635675,-0.0010163961,-0.26746288,0],[0.26741734,-0.015176259,0.9634611,0],[-0.005038345,-0.9998841,-0.0143515505,0],[-1.3079462,0.6298015,-0.013064027,0.9999999]]},"identifier":"088EF783-5990-B052-BE99-B8AA15BA6C68"}},{"label":"ARImageAnchor didUpdate","timestamp":1742642748.920774,"content":{"identifier":"088EF783-5990-B052-BE99-B8AA15BA6C68","name":"Earth","transform":{"columns":[[0.9635675,-0.0010163961,-0.26746288,0],[0.26741734,-0.015176259,0.9634611,0],[-0.005038345,-0.9998841,-0.0143515505,0],[-1.3079462,0.6298015,-0.013064027,0.9999999]]}}},{"timestamp":1742642752.603271,"label":"Bunny didUpdate","content":{"identifier":"E7662A2F-5BC1-4E29-8BC1-723F512FF967","name":"bunny","transform":{"columns":[[-0.48341325,9.496463e-05,-0.87539214,0],[0.00027242288,1,-4.1956293e-05,0],[0.87539226,-0.00025875907,-0.48341334,0],[-0.025295686,-0.35000274,-0.18162136,1]]}}},{"label":"ARImageAnchor didAdd","content":{"transform":{"columns":[[-0.25209376,-0.032922577,-0.96714246,0],[0.9675262,-0.027669437,-0.25125182,0],[-0.018488443,-0.99907476,0.038828745,0],[0.45553988,-0.6271321,0.035804443,1]]},"identifier":"6BAD7D5D-D14A-EF93-1C8B-F6BEC80B8329","name":"Lenna"},"timestamp":1742642753.612297},{"content":{"identifier":"6BAD7D5D-D14A-EF93-1C8B-F6BEC80B8329","name":"Lenna","transform":{"columns":[[-0.25209376,-0.032922577,-0.96714246,0],[0.9675262,-0.027669437,-0.25125182,0],[-0.018488443,-0.99907476,0.038828745,0],[0.45553988,-0.6271321,0.035804443,1]]}},"timestamp":1742642753.621047,"label":"ARImageAnchor didUpdate"},{"label":"ARImageAnchor didUpdate","content":{"transform":{"columns":[[-0.22276506,-0.029667536,-0.97442055,0],[0.9730172,-0.068396546,-0.22036177,0],[-0.060109396,-0.9972169,0.04410338,0],[0.46010423,-0.6226118,0.036912948,1]]},"name":"Lenna","identifier":"6BAD7D5D-D14A-EF93-1C8B-F6BEC80B8329"},"timestamp":1742642754.1638331},{"content":{"transform":{"columns":[[-0.22276506,-0.029667536,-0.97442055,0],[0.9730172,-0.068396546,-0.22036177,0],[-0.060109396,-0.9972169,0.04410338,0],[0.46010423,-0.6226118,0.036912948,1]]},"identifier":"6BAD7D5D-D14A-EF93-1C8B-F6BEC80B8329","name":"Lenna"},"label":"ARImageAnchor didUpdate","timestamp":1742642754.170452},{"timestamp":1742642757.3136048,"label":"ARImageAnchor didAdd","content":{"identifier":"C35EAC54-3E90-1B97-807B-5E3B8F238DB7","name":"Sailboat","transform":{"columns":[[0.97273874,0.004814716,-0.23185393,0],[0.23187727,-0.0050270567,0.97273195,0],[0.0035178885,-0.99997574,-0.006006433,0],[0.45520413,0.8019412,-0.4750663,1]]}}},{"timestamp":1742642757.3204808,"label":"ARImageAnchor didUpdate","content":{"identifier":"C35EAC54-3E90-1B97-807B-5E3B8F238DB7","transform":{"columns":[[0.97273874,0.004814716,-0.23185393,0],[0.23187727,-0.0050270567,0.97273195,0],[0.0035178885,-0.99997574,-0.006006433,0],[0.45520413,0.8019412,-0.4750663,1]]},"name":"Sailboat"}},{"content":{"name":"Sailboat","identifier":"C35EAC54-3E90-1B97-807B-5E3B8F238DB7","transform":{"columns":[[0.96118647,0.0057181255,-0.27584004,0],[0.27587458,-0.006536248,0.9611714,0],[0.0036931343,-0.99996215,-0.007860039,0],[0.46378443,0.79843473,-0.4647488,1]]}},"label":"ARImageAnchor didUpdate","timestamp":1742642757.83495},{"label":"ARImageAnchor didUpdate","timestamp":1742642757.851865,"content":{"transform":{"columns":[[0.96118647,0.0057181255,-0.27584004,0],[0.27587458,-0.006536248,0.9611714,0],[0.0036931343,-0.99996215,-0.007860039,0],[0.46378443,0.79843473,-0.4647488,1]]},"identifier":"C35EAC54-3E90-1B97-807B-5E3B8F238DB7","name":"Sailboat"}},{"label":"ARImageAnchor didAdd","timestamp":1742642760.4784598,"content":{"identifier":"A19C2489-597B-2BED-432C-244B551E75FD","transform":{"columns":[[0.25180343,-0.01103397,0.96771544,0],[-0.9663125,0.052148737,0.2520329,0],[-0.053246077,-0.99857825,0.0024689636,0],[1.3057964,0.83287007,-0.11729584,0.99999994]]},"name":"Mandrill"}},{"timestamp":1742642760.4864612,"content":{"transform":{"columns":[[0.25180343,-0.01103397,0.96771544,0],[-0.9663125,0.052148737,0.2520329,0],[-0.053246077,-0.99857825,0.0024689636,0],[1.3057964,0.83287007,-0.11729584,0.99999994]]},"identifier":"A19C2489-597B-2BED-432C-244B551E75FD","name":"Mandrill"},"label":"ARImageAnchor didUpdate"},{"label":"ARImageAnchor didAdd","content":{"name":"Peppers","transform":{"columns":[[0.21449444,-0.0020348667,0.97672296,0],[-0.97672206,-0.0029848854,0.214488,0],[0.0024789367,-0.9999935,-0.0026277364,0],[1.5574148,0.21339732,0.5809977,1]]},"identifier":"61BB3DDD-C96C-6E82-3432-BD712CCBCB28"},"timestamp":1742642762.611759},{"label":"ARImageAnchor didUpdate","content":{"name":"Peppers","identifier":"61BB3DDD-C96C-6E82-3432-BD712CCBCB28","transform":{"columns":[[0.21449444,-0.0020348667,0.97672296,0],[-0.97672206,-0.0029848854,0.214488,0],[0.0024789367,-0.9999935,-0.0026277364,0],[1.5574148,0.21339732,0.5809977,1]]}},"timestamp":1742642762.619882},{"label":"ARImageAnchor didUpdate","content":{"name":"Peppers","identifier":"61BB3DDD-C96C-6E82-3432-BD712CCBCB28","transform":{"columns":[[0.24615823,-0.008575054,0.96919155,0],[-0.9692244,-0.0054341927,0.24611841,0],[0.0031562848,-0.99994844,-0.009648807,0],[1.5517128,0.21566382,0.57760096,1]]}},"timestamp":1742642765.7525392},{"content":{"name":"Peppers","identifier":"61BB3DDD-C96C-6E82-3432-BD712CCBCB28","transform":{"columns":[[0.24615823,-0.008575054,0.96919155,0],[-0.9692244,-0.0054341927,0.24611841,0],[0.0031562848,-0.99994844,-0.009648807,0],[1.5517128,0.21566382,0.57760096,1]]}},"timestamp":1742642765.767864,"label":"ARImageAnchor didUpdate"},{"label":"Bunny didUpdate","content":{"transform":{"columns":[[-0.48316082,0.00037449985,-0.8755315,0],[0.00068816036,0.9999999,4.797964e-05,0],[0.8755314,-0.00057932414,-0.48316103,0],[-0.0253402,-0.34997162,-0.18165253,1]]},"name":"bunny","identifier":"E7662A2F-5BC1-4E29-8BC1-723F512FF967"},"timestamp":1742642772.202997},{"timestamp":1742642774.202898,"label":"Bunny didUpdate","content":{"transform":{"columns":[[-0.48314503,0.00043718534,-0.87554014,0],[0.0007368272,0.99999994,9.273237e-05,0],[0.87554014,-0.0006003186,-0.4831453,0],[-0.025346223,-0.3499662,-0.18165995,1]]},"identifier":"E7662A2F-5BC1-4E29-8BC1-723F512FF967","name":"bunny"}}]