[{"label":"Application launched","timestamp":1742670965.415966},{"timestamp":1742670965.4160361,"label":"Initialize ARViewModel"},{"label":"Finished Initialize ARViewModel","timestamp":1742670965.41753},{"timestamp":1742670965.4175758,"label":"Initialize AnchorManager"},{"label":"Fininshed Initialize AnchorManager","timestamp":1742670965.417589},{"timestamp":1742670965.417602,"label":"ContentView Initialize"},{"label":"Finished Ranging","timestamp":1742670993.614297,"content":{"beaconName":"DWM3001CDK (8449B511)","position":[-0.0951309,-0.20900285,-0.30591807]}},{"content":{"identifier":"910DD6A7-B3F6-4579-81C1-DFD236FED5BC","name":"bunny","transform":{"columns":[[-0.19674468,0,-0.98045474,0],[0,1,0,0],[0.98045474,0,-0.19674468,0],[-0.0951309,-0.20900285,-0.30591807,1]]}},"timestamp":1742670993.668719,"label":"Bunny didAdd"},{"timestamp":1742670995.368565,"label":"ARImageAnchor didAdd","content":{"name":"Car","identifier":"FF85DBE1-76D3-E459-2D24-8EDCEE263300","transform":{"columns":[[0.9926257,0.010443968,-0.12076899,0],[0.120614246,0.014354576,0.99259555,0],[0.012100234,-0.9998424,0.01298907,0],[-0.30690888,-0.5148063,0.17964566,0.99999994]]}}},{"timestamp":1742670995.378985,"label":"ARImageAnchor didUpdate","content":{"identifier":"FF85DBE1-76D3-E459-2D24-8EDCEE263300","transform":{"columns":[[0.9926257,0.010443968,-0.12076899,0],[0.120614246,0.014354576,0.99259555,0],[0.012100234,-0.9998424,0.01298907,0],[-0.30690888,-0.5148063,0.17964566,0.99999994]]},"name":"Car"}},{"timestamp":1742670995.8756518,"label":"ARImageAnchor didUpdate","content":{"transform":{"columns":[[0.9917182,0.011070483,-0.1279536,0],[0.12794368,0.0016019385,0.99178004,0],[0.011184466,-0.99993736,0.00017230559,0],[-0.3057443,-0.50854594,0.18501535,0.9999999]]},"identifier":"FF85DBE1-76D3-E459-2D24-8EDCEE263300","name":"Car"}},{"content":{"identifier":"FF85DBE1-76D3-E459-2D24-8EDCEE263300","transform":{"columns":[[0.9917182,0.011070483,-0.1279536,0],[0.12794368,0.0016019385,0.99178004,0],[0.011184466,-0.99993736,0.00017230559,0],[-0.3057443,-0.50854594,0.18501535,0.9999999]]},"name":"Car"},"timestamp":1742670995.909508,"label":"ARImageAnchor didUpdate"},{"content":{"transform":{"columns":[[0.9848783,-0.0010846646,-0.17324387,0],[0.17323108,0.019805007,0.98468196,0],[0.0023630506,-0.99980325,0.019693423,0],[-1.3790419,0.7424484,-0.17864656,0.99999994]]},"name":"Earth","identifier":"088EF783-5990-B052-BE99-B8AA15BA6C68"},"label":"ARImageAnchor didAdd","timestamp":1742670999.135257},{"label":"ARImageAnchor didUpdate","content":{"identifier":"088EF783-5990-B052-BE99-B8AA15BA6C68","name":"Earth","transform":{"columns":[[0.9848783,-0.0010846646,-0.17324387,0],[0.17323108,0.019805007,0.98468196,0],[0.0023630506,-0.99980325,0.019693423,0],[-1.3790419,0.7424484,-0.17864656,0.99999994]]}},"timestamp":1742670999.143821},{"content":{"name":"Earth","identifier":"088EF783-5990-B052-BE99-B8AA15BA6C68","transform":{"columns":[[0.9849664,-0.0017740102,-0.17273715,0],[0.1727462,0.0102319075,0.9849131,0],[2.0188105e-05,-0.99994594,0.010384533,0],[-1.3878368,0.7457904,-0.19721404,1]]}},"label":"ARImageAnchor didUpdate","timestamp":1742670999.640707},{"label":"ARImageAnchor didUpdate","timestamp":1742670999.674608,"content":{"name":"Earth","identifier":"088EF783-5990-B052-BE99-B8AA15BA6C68","transform":{"columns":[[0.9849664,-0.0017740102,-0.17273715,0],[0.1727462,0.0102319075,0.9849131,0],[2.0188105e-05,-0.99994594,0.010384533,0],[-1.3878368,0.7457904,-0.19721404,1]]}}},{"timestamp":1742671003.744048,"content":{"name":"bunny","transform":{"columns":[[-0.1966432,0.00055583223,-0.98047495,0],[0.00079892355,0.99999964,0.00040666925,0],[0.98047477,-0.00070335576,-0.19664356,0],[-0.09516717,-0.20893161,-0.30594578,1]]},"identifier":"910DD6A7-B3F6-4579-81C1-DFD236FED5BC"},"label":"Bunny didUpdate"},{"content":{"identifier":"910DD6A7-B3F6-4579-81C1-DFD236FED5BC","transform":{"columns":[[-0.19660746,0.00055274874,-0.98048204,0],[0.0008918267,0.9999995,0.00038492147,0],[0.9804818,-0.0007987417,-0.19660786,0],[-0.095170066,-0.20892699,-0.30594686,1]]},"name":"bunny"},"timestamp":1742671004.2435641,"label":"Bunny didUpdate"},{"timestamp":1742671005.001456,"label":"ARImageAnchor didAdd","content":{"transform":{"columns":[[-0.12655935,-0.040185723,-0.99114466,0],[0.9918325,-0.02108313,-0.12579238,0],[-0.015841376,-0.9989697,0.042525776,0],[0.37322482,-0.51615065,-0.0048900023,1]]},"name":"Lenna","identifier":"6BAD7D5D-D14A-EF93-1C8B-F6BEC80B8329"}},{"content":{"transform":{"columns":[[-0.12655935,-0.040185723,-0.99114466,0],[0.9918325,-0.02108313,-0.12579238,0],[-0.015841376,-0.9989697,0.042525776,0],[0.37322482,-0.51615065,-0.0048900023,1]]},"name":"Lenna","identifier":"6BAD7D5D-D14A-EF93-1C8B-F6BEC80B8329"},"timestamp":1742671005.009006,"label":"ARImageAnchor didUpdate"},{"label":"Bunny didUpdate","content":{"name":"bunny","transform":{"columns":[[-0.19679362,0.0011479787,-0.98044413,0],[0.0013015409,0.9999987,0.00090963097,0],[0.98044395,-0.0010970786,-0.19679487,0],[-0.09520162,-0.20887356,-0.30596247,0.9999999]]},"identifier":"910DD6A7-B3F6-4579-81C1-DFD236FED5BC"},"timestamp":1742671008.1095638},{"timestamp":1742671008.734731,"content":{"name":"Sailboat","transform":{"columns":[[0.9872504,0.002129407,-0.15916078,0],[0.15916513,-0.024337217,0.98695195,0],[-0.0017719035,-0.99970144,-0.024365867,0],[0.4286303,0.9093102,-0.5251038,1]]},"identifier":"C35EAC54-3E90-1B97-807B-5E3B8F238DB7"},"label":"ARImageAnchor didAdd"},{"timestamp":1742671008.741832,"content":{"transform":{"columns":[[0.9872504,0.002129407,-0.15916078,0],[0.15916513,-0.024337217,0.98695195,0],[-0.0017719035,-0.99970144,-0.024365867,0],[0.4286303,0.9093102,-0.5251038,1]]},"name":"Sailboat","identifier":"C35EAC54-3E90-1B97-807B-5E3B8F238DB7"},"label":"ARImageAnchor didUpdate"},{"label":"ARImageAnchor didAdd","content":{"transform":{"columns":[[0.1292585,-0.0147654805,0.9915009,0],[-0.9898035,0.05842189,0.12990727,0],[-0.05984351,-0.9981828,-0.0070633944,0],[1.243537,0.93730086,-0.08529753,1]]},"name":"Mandrill","identifier":"A19C2489-597B-2BED-432C-244B551E75FD"},"timestamp":1742671010.868064},{"label":"ARImageAnchor didUpdate","timestamp":1742671010.875596,"content":{"transform":{"columns":[[0.1292585,-0.0147654805,0.9915009,0],[-0.9898035,0.05842189,0.12990727,0],[-0.05984351,-0.9981828,-0.0070633944,0],[1.243537,0.93730086,-0.08529753,1]]},"name":"Mandrill","identifier":"A19C2489-597B-2BED-432C-244B551E75FD"}},{"timestamp":1742671011.375207,"content":{"identifier":"A19C2489-597B-2BED-432C-244B551E75FD","transform":{"columns":[[0.16492453,-0.010940392,0.98624545,0],[-0.9839398,0.06739906,0.16528668,0],[-0.06828033,-0.997666,0.0003510736,0],[1.2337803,0.9389091,-0.08676933,1]]},"name":"Mandrill"},"label":"ARImageAnchor didUpdate"},{"timestamp":1742671011.410461,"label":"ARImageAnchor didUpdate","content":{"transform":{"columns":[[0.16492453,-0.010940392,0.98624545,0],[-0.9839398,0.06739906,0.16528668,0],[-0.06828033,-0.997666,0.0003510736,0],[1.2337803,0.9389091,-0.08676933,1]]},"identifier":"A19C2489-597B-2BED-432C-244B551E75FD","name":"Mandrill"}},{"timestamp":1742671013.534604,"label":"ARImageAnchor didAdd","content":{"identifier":"61BB3DDD-C96C-6E82-3432-BD712CCBCB28","name":"Peppers","transform":{"columns":[[0.15157215,-0.007408409,0.98841834,0],[-0.98844564,-0.0001950401,0.15157491,0],[-0.00093016046,-0.99997246,-0.0073523736,0],[1.4244369,0.31937706,0.62790966,1]]}}},{"label":"ARImageAnchor didUpdate","timestamp":1742671013.5448542,"content":{"name":"Peppers","transform":{"columns":[[0.15157215,-0.007408409,0.98841834,0],[-0.98844564,-0.0001950401,0.15157491,0],[-0.00093016046,-0.99997246,-0.0073523736,0],[1.4244369,0.31937706,0.62790966,1]]},"identifier":"61BB3DDD-C96C-6E82-3432-BD712CCBCB28"}},{"timestamp":1742671014.575197,"label":"ARImageAnchor didUpdate","content":{"transform":{"columns":[[0.1569553,-0.008018141,0.9875731,0],[-0.98757815,0.006177373,0.15700626,0],[-0.007359556,-0.9999487,-0.0069489605,0],[1.4209709,0.320794,0.6239682,0.99999994]]},"name":"Peppers","identifier":"61BB3DDD-C96C-6E82-3432-BD712CCBCB28"}},{"label":"ARImageAnchor didUpdate","timestamp":1742671014.6087332,"content":{"name":"Peppers","transform":{"columns":[[0.1569553,-0.008018141,0.9875731,0],[-0.98757815,0.006177373,0.15700626,0],[-0.007359556,-0.9999487,-0.0069489605,0],[1.4209709,0.320794,0.6239682,0.99999994]]},"identifier":"61BB3DDD-C96C-6E82-3432-BD712CCBCB28"}},{"content":{"transform":{"columns":[[-0.19721001,0.0016442253,-0.9803598,0],[0.0010917251,0.9999983,0.00145755,0],[0.9803606,-0.00078283995,-0.19721149,0],[-0.09521328,-0.20885736,-0.30596474,1]]},"identifier":"910DD6A7-B3F6-4579-81C1-DFD236FED5BC","name":"bunny"},"label":"Bunny didUpdate","timestamp":1742671018.941997},{"timestamp":1742671019.942751,"content":{"identifier":"910DD6A7-B3F6-4579-81C1-DFD236FED5BC","transform":{"columns":[[-0.19724925,0.0017285373,-0.9803517,0],[0.0011597532,0.99999815,0.001529832,0],[0.9803527,-0.00083520805,-0.19725092,0],[-0.09521897,-0.2088493,-0.30596602,1]]},"name":"bunny"},"label":"Bunny didUpdate"},{"timestamp":1742671020.3415852,"label":"Bunny didUpdate","content":{"name":"bunny","transform":{"columns":[[-0.19725503,0.0017164454,-0.98035043,0],[0.0011991088,0.9999981,0.0015095744,0],[0.9803514,-0.00087777607,-0.19725676,0],[-0.09522134,-0.2088479,-0.30596462,0.9999999]]},"identifier":"910DD6A7-B3F6-4579-81C1-DFD236FED5BC"}},{"label":"Bunny didUpdate","content":{"identifier":"910DD6A7-B3F6-4579-81C1-DFD236FED5BC","transform":{"columns":[[-0.19723767,0.0017494757,-0.98035383,0],[0.0012553601,0.99999803,0.0015319651,0],[0.98035485,-0.0009285362,-0.19723952,0],[-0.09522334,-0.20884326,-0.30596685,1]]},"name":"bunny"},"timestamp":1742671020.842875},{"timestamp":1742671021.5421062,"label":"Bunny didUpdate","content":{"transform":{"columns":[[-0.19721769,0.0017876305,-0.9803578,0],[0.0013335684,0.9999979,0.0015551707,0],[0.9803588,-0.0010006672,-0.1972197,0],[-0.09522634,-0.20883712,-0.30596933,1]]},"name":"bunny","identifier":"910DD6A7-B3F6-4579-81C1-DFD236FED5BC"}},{"label":"ARImageAnchor didUpdate","timestamp":1742671030.041004,"content":{"transform":{"columns":[[0.98265177,0.010716436,-0.18515015,0],[0.18497719,0.015354172,0.9826228,0],[0.013373048,-0.99982464,0.013105521,0],[0.4393639,0.9277454,-0.4961803,1]]},"identifier":"C35EAC54-3E90-1B97-807B-5E3B8F238DB7","name":"Sailboat"}},{"timestamp":1742671030.075564,"label":"ARImageAnchor didUpdate","content":{"identifier":"C35EAC54-3E90-1B97-807B-5E3B8F238DB7","name":"Sailboat","transform":{"columns":[[0.98265177,0.010716436,-0.18515015,0],[0.18497719,0.015354172,0.9826228,0],[0.013373048,-0.99982464,0.013105521,0],[0.4393639,0.9277454,-0.4961803,1]]}}},{"timestamp":1742671032.1738582,"label":"ARImageAnchor didUpdate","content":{"transform":{"columns":[[0.17132549,-0.01533491,0.98509514,0],[-0.9838649,0.049654663,0.1718845,0],[-0.051550407,-0.99864864,-0.006580369,0],[1.2487433,0.946801,-0.059978247,1]]},"name":"Mandrill","identifier":"A19C2489-597B-2BED-432C-244B551E75FD"}},{"content":{"transform":{"columns":[[0.17132549,-0.01533491,0.98509514,0],[-0.9838649,0.049654663,0.1718845,0],[-0.051550407,-0.99864864,-0.006580369,0],[1.2487433,0.946801,-0.059978247,1]]},"name":"Mandrill","identifier":"A19C2489-597B-2BED-432C-244B551E75FD"},"timestamp":1742671032.2070541,"label":"ARImageAnchor didUpdate"},{"content":{"identifier":"A19C2489-597B-2BED-432C-244B551E75FD","name":"Mandrill","transform":{"columns":[[0.16922903,-0.017284133,0.9854251,0],[-0.98411936,0.051388685,0.16990617,0],[-0.053576387,-0.99852914,-0.008313192,0],[1.2525239,0.94171107,-0.053694136,1]]}},"timestamp":1742671032.7070122,"label":"ARImageAnchor didUpdate"},{"label":"ARImageAnchor didUpdate","timestamp":1742671032.740391,"content":{"name":"Mandrill","transform":{"columns":[[0.16922903,-0.017284133,0.9854251,0],[-0.98411936,0.051388685,0.16990617,0],[-0.053576387,-0.99852914,-0.008313192,0],[1.2525239,0.94171107,-0.053694136,1]]},"identifier":"A19C2489-597B-2BED-432C-244B551E75FD"}},{"label":"ARImageAnchor didUpdate","timestamp":1742671033.7744489,"content":{"identifier":"61BB3DDD-C96C-6E82-3432-BD712CCBCB28","name":"Peppers","transform":{"columns":[[0.16164812,-0.008505527,0.98681164,0],[-0.9868327,0.00422968,0.16168806,0],[-0.0055491473,-0.99995476,-0.0077098114,0],[1.4401335,0.32407582,0.6570744,0.9999999]]}}},{"content":{"name":"Peppers","transform":{"columns":[[0.16164812,-0.008505527,0.98681164,0],[-0.9868327,0.00422968,0.16168806,0],[-0.0055491473,-0.99995476,-0.0077098114,0],[1.4401335,0.32407582,0.6570744,0.9999999]]},"identifier":"61BB3DDD-C96C-6E82-3432-BD712CCBCB28"},"timestamp":1742671033.808384,"label":"ARImageAnchor didUpdate"},{"timestamp":1742671034.307301,"content":{"name":"Peppers","identifier":"61BB3DDD-C96C-6E82-3432-BD712CCBCB28","transform":{"columns":[[0.21329431,-0.00799017,0.9769553,0],[-0.9769527,0.00674308,0.21334891,0],[-0.0082924,-0.9999453,-0.006367756,0],[1.427013,0.31469858,0.6235272,0.9999999]]}},"label":"ARImageAnchor didUpdate"},{"label":"ARImageAnchor didUpdate","content":{"name":"Peppers","transform":{"columns":[[0.21329431,-0.00799017,0.9769553,0],[-0.9769527,0.00674308,0.21334891,0],[-0.0082924,-0.9999453,-0.006367756,0],[1.427013,0.31469858,0.6235272,0.9999999]]},"identifier":"61BB3DDD-C96C-6E82-3432-BD712CCBCB28"},"timestamp":1742671034.340639},{"content":{"name":"bunny","transform":{"columns":[[-0.19716223,0.002340873,-0.9803678,0],[0.0016094666,0.9999965,0.0020640611,0],[0.9803694,-0.0011709146,-0.19716534,0],[-0.09523775,-0.20879282,-0.30599934,0.9999999]]},"identifier":"910DD6A7-B3F6-4579-81C1-DFD236FED5BC"},"timestamp":1742671034.608598,"label":"Bunny didUpdate"},{"timestamp":1742671034.840815,"label":"Bunny didUpdate","content":{"name":"bunny","identifier":"910DD6A7-B3F6-4579-81C1-DFD236FED5BC","transform":{"columns":[[-0.19716306,0.0023478041,-0.98036754,0],[0.0016128134,0.9999965,0.002070457,0],[0.9803692,-0.0011729327,-0.1971662,0],[-0.09523796,-0.20879228,-0.3059996,1]]}}},{"label":"Bunny didUpdate","content":{"name":"bunny","identifier":"910DD6A7-B3F6-4579-81C1-DFD236FED5BC","transform":{"columns":[[-0.19726823,0.0024653752,-0.980346,0],[0.0016361753,0.99999624,0.0021855552,0],[0.98034805,-0.0011728778,-0.1972716,0],[-0.09524491,-0.2087847,-0.30599895,0.99999994]]}},"timestamp":1742671036.7126741},{"content":{"transform":{"columns":[[-0.19733575,0.0025076722,-0.9803323,0],[0.0016552582,0.9999961,0.0022247767,0],[0.9803344,-0.0011836758,-0.19733919,0],[-0.09524957,-0.20878144,-0.30599675,1]]},"identifier":"910DD6A7-B3F6-4579-81C1-DFD236FED5BC","name":"bunny"},"timestamp":1742671037.9385839,"label":"Bunny didUpdate"}]