[{"label":"Application launched","timestamp":1742665337.215547},{"timestamp":1742665337.215609,"label":"Initialize ARViewModel"},{"timestamp":1742665337.217181,"label":"Finished Initialize ARViewModel"},{"label":"Initialize AnchorManager","timestamp":1742665337.217198},{"label":"Fininshed Initialize AnchorManager","timestamp":1742665337.217202},{"label":"ContentView Initialize","timestamp":1742665337.217206},{"timestamp":1742665361.188077,"label":"Finished Ranging","content":{"beaconName":"DWM3001CDK (8449B511)","position":[-0.12342524,-0.23356023,-0.1963121]}},{"label":"Bunny didAdd","content":{"transform":{"columns":[[-0.56234384,0,-0.8269035,0],[0,1,0,0],[0.8269035,0,-0.56234384,0],[-0.12342524,-0.23356023,-0.1963121,1]]},"identifier":"5E651A09-C4C1-4294-BEE1-D7F0CB75FD17","name":"bunny"},"timestamp":1742665361.241961},{"content":{"identifier":"5E651A09-C4C1-4294-BEE1-D7F0CB75FD17","transform":{"columns":[[-0.5622804,2.9838615e-05,-0.82694644,0],[4.1124576e-06,0.9999998,3.328662e-05,0],[0.82694644,1.531564e-05,-0.5622804,0],[-0.12342109,-0.23355833,-0.1963132,0.99999994]]},"name":"bunny"},"timestamp":1742665361.853323,"label":"Bunny didUpdate"},{"content":{"identifier":"FF85DBE1-76D3-E459-2D24-8EDCEE263300","transform":{"columns":[[0.92712617,0.012514066,-0.3745401,0],[0.3745844,-0.0013186705,0.92719173,0],[0.011109043,-0.9999207,-0.0059102126,0],[-0.23706159,-0.563676,0.32287902,0.99999994]]},"name":"Car"},"timestamp":1742665363.975097,"label":"ARImageAnchor didAdd"},{"timestamp":1742665363.985632,"content":{"transform":{"columns":[[0.92712617,0.012514066,-0.3745401,0],[0.3745844,-0.0013186705,0.92719173,0],[0.011109043,-0.9999207,-0.0059102126,0],[-0.23706159,-0.563676,0.32287902,0.99999994]]},"identifier":"FF85DBE1-76D3-E459-2D24-8EDCEE263300","name":"Car"},"label":"ARImageAnchor didUpdate"},{"timestamp":1742665367.175132,"content":{"identifier":"088EF783-5990-B052-BE99-B8AA15BA6C68","transform":{"columns":[[0.89763516,0.0056265933,-0.44070292,0],[0.43960375,-0.08314732,0.8943348,0],[-0.03161121,-0.99652135,-0.07710943,0],[-1.3563559,0.69060975,0.25072455,0.9999999]]},"name":"Earth"},"label":"ARImageAnchor didAdd"},{"label":"ARImageAnchor didUpdate","content":{"transform":{"columns":[[0.89763516,0.0056265933,-0.44070292,0],[0.43960375,-0.08314732,0.8943348,0],[-0.03161121,-0.99652135,-0.07710943,0],[-1.3563559,0.69060975,0.25072455,0.9999999]]},"identifier":"088EF783-5990-B052-BE99-B8AA15BA6C68","name":"Earth"},"timestamp":1742665367.180962},{"timestamp":1742665367.714447,"content":{"name":"Earth","identifier":"088EF783-5990-B052-BE99-B8AA15BA6C68","transform":{"columns":[[0.9077341,0.0031356586,-0.41953394,0],[0.41933942,-0.038130134,0.90702814,0],[-0.013152749,-0.9992678,-0.035926916,0],[-1.3616922,0.69116765,0.2402444,0.99999994]]}},"label":"ARImageAnchor didUpdate"},{"content":{"name":"Earth","identifier":"088EF783-5990-B052-BE99-B8AA15BA6C68","transform":{"columns":[[0.9077341,0.0031356586,-0.41953394,0],[0.41933942,-0.038130134,0.90702814,0],[-0.013152749,-0.9992678,-0.035926916,0],[-1.3616922,0.69116765,0.2402444,0.99999994]]}},"timestamp":1742665367.7479749,"label":"ARImageAnchor didUpdate"},{"label":"ARImageAnchor didUpdate","content":{"transform":{"columns":[[0.9097009,0.0035585787,-0.4152487,0],[0.41496748,-0.045569308,0.9086942,0],[-0.015688937,-0.99895483,-0.042931136,0],[-1.3679173,0.6938951,0.23232162,0.99999994]]},"name":"Earth","identifier":"088EF783-5990-B052-BE99-B8AA15BA6C68"},"timestamp":1742665368.247994},{"timestamp":1742665368.282916,"label":"ARImageAnchor didUpdate","content":{"transform":{"columns":[[0.9097009,0.0035585787,-0.4152487,0],[0.41496748,-0.045569308,0.9086942,0],[-0.015688937,-0.99895483,-0.042931136,0],[-1.3679173,0.6938951,0.23232162,0.99999994]]},"name":"Earth","identifier":"088EF783-5990-B052-BE99-B8AA15BA6C68"}},{"timestamp":1742665371.3519502,"content":{"identifier":"5E651A09-C4C1-4294-BEE1-D7F0CB75FD17","transform":{"columns":[[-0.56180423,0.000107942426,-0.82726973,0],[0.0003711911,0.9999995,-0.00012159805,0],[0.8272697,-0.0003753897,-0.56180423,0],[-0.12340878,-0.23357052,-0.19629952,0.99999994]]},"name":"bunny"},"label":"Bunny didUpdate"},{"timestamp":1742665373.050303,"content":{"name":"bunny","transform":{"columns":[[-0.56186587,0.00014353012,-0.82722753,0],[0.0004048358,0.9999993,-0.00010146352,0],[0.82722753,-0.00039190057,-0.5618659,0],[-0.12341489,-0.2335696,-0.19630128,0.99999994]]},"identifier":"5E651A09-C4C1-4294-BEE1-D7F0CB75FD17"},"label":"Bunny didUpdate"},{"label":"ARImageAnchor didAdd","timestamp":1742665374.67482,"content":{"transform":{"columns":[[-0.36266762,-0.036542084,-0.93120164,0],[0.93008417,-0.07685297,-0.35921654,0],[-0.0584391,-0.99637246,0.061859306,0],[0.38058513,-0.56301874,-0.026270524,0.9999999]]},"name":"Lenna","identifier":"6BAD7D5D-D14A-EF93-1C8B-F6BEC80B8329"}},{"content":{"name":"Lenna","identifier":"6BAD7D5D-D14A-EF93-1C8B-F6BEC80B8329","transform":{"columns":[[-0.36266762,-0.036542084,-0.93120164,0],[0.93008417,-0.07685297,-0.35921654,0],[-0.0584391,-0.99637246,0.061859306,0],[0.38058513,-0.56301874,-0.026270524,0.9999999]]}},"timestamp":1742665374.682513,"label":"ARImageAnchor didUpdate"},{"label":"Bunny didUpdate","content":{"name":"bunny","identifier":"5E651A09-C4C1-4294-BEE1-D7F0CB75FD17","transform":{"columns":[[-0.56188726,7.067223e-05,-0.8272129,0],[0.0005900454,0.99999905,-0.00031535627,0],[0.8272128,-0.0006652884,-0.5618872,0],[-0.12342675,-0.23358357,-0.19628973,1]]}},"timestamp":1742665377.6156778},{"timestamp":1742665377.874755,"label":"ARImageAnchor didAdd","content":{"name":"Sailboat","identifier":"C35EAC54-3E90-1B97-807B-5E3B8F238DB7","transform":{"columns":[[0.9205491,0.0020552478,-0.3906213,0],[0.39049828,-0.030480186,0.9200987,0],[-0.010015174,-0.99953324,-0.028861064,0],[0.32307893,0.865629,-0.52059495,0.99999994]]}}},{"label":"ARImageAnchor didUpdate","content":{"name":"Sailboat","identifier":"C35EAC54-3E90-1B97-807B-5E3B8F238DB7","transform":{"columns":[[0.9205491,0.0020552478,-0.3906213,0],[0.39049828,-0.030480186,0.9200987,0],[-0.010015174,-0.99953324,-0.028861064,0],[0.32307893,0.865629,-0.52059495,0.99999994]]}},"timestamp":1742665377.884221},{"label":"ARImageAnchor didUpdate","timestamp":1742665378.9147801,"content":{"name":"Sailboat","transform":{"columns":[[0.91135037,0.004528596,-0.41160607,0],[0.41158727,0.0045501934,0.9113588,0],[0.0060000676,-0.99997926,0.002282912,0],[0.32324222,0.8709347,-0.5228571,0.99999994]]},"identifier":"C35EAC54-3E90-1B97-807B-5E3B8F238DB7"}},{"timestamp":1742665378.9485269,"label":"ARImageAnchor didUpdate","content":{"transform":{"columns":[[0.91135037,0.004528596,-0.41160607,0],[0.41158727,0.0045501934,0.9113588,0],[0.0060000676,-0.99997926,0.002282912,0],[0.32324222,0.8709347,-0.5228571,0.99999994]]},"name":"Sailboat","identifier":"C35EAC54-3E90-1B97-807B-5E3B8F238DB7"}},{"label":"ARImageAnchor didAdd","content":{"identifier":"A19C2489-597B-2BED-432C-244B551E75FD","name":"Mandrill","transform":{"columns":[[0.38481987,-0.0132388305,0.9228967,0],[-0.92171544,0.047050785,0.38500226,0],[-0.048519988,-0.9988047,0.0059036384,0],[1.20971,0.8975702,-0.3041265,1]]}},"timestamp":1742665381.074723},{"timestamp":1742665381.0851011,"label":"ARImageAnchor didUpdate","content":{"name":"Mandrill","identifier":"A19C2489-597B-2BED-432C-244B551E75FD","transform":{"columns":[[0.38481987,-0.0132388305,0.9228967,0],[-0.92171544,0.047050785,0.38500226,0],[-0.048519988,-0.9988047,0.0059036384,0],[1.20971,0.8975702,-0.3041265,1]]}}},{"content":{"identifier":"61BB3DDD-C96C-6E82-3432-BD712CCBCB28","transform":{"columns":[[0.38685632,-0.004632933,0.92212814,0],[-0.9219528,-0.022088047,0.38667175,0],[0.018576594,-0.99974525,-0.012816252,0],[1.5755649,0.279228,0.33966404,0.99999994]]},"name":"Peppers"},"label":"ARImageAnchor didAdd","timestamp":1742665383.741243},{"timestamp":1742665383.749021,"content":{"transform":{"columns":[[0.38685632,-0.004632933,0.92212814,0],[-0.9219528,-0.022088047,0.38667175,0],[0.018576594,-0.99974525,-0.012816252,0],[1.5755649,0.279228,0.33966404,0.99999994]]},"identifier":"61BB3DDD-C96C-6E82-3432-BD712CCBCB28","name":"Peppers"},"label":"ARImageAnchor didUpdate"},{"timestamp":1742665384.7813659,"content":{"name":"Peppers","transform":{"columns":[[0.3922242,-0.0057645254,0.9198515,0],[-0.9198655,0.0005009305,0.39223328,0],[-0.002721821,-0.9999832,-0.0051061045,0],[1.5701445,0.28104493,0.33726698,0.99999994]]},"identifier":"61BB3DDD-C96C-6E82-3432-BD712CCBCB28"},"label":"ARImageAnchor didUpdate"},{"timestamp":1742665384.815171,"label":"ARImageAnchor didUpdate","content":{"transform":{"columns":[[0.3922242,-0.0057645254,0.9198515,0],[-0.9198655,0.0005009305,0.39223328,0],[-0.002721821,-0.9999832,-0.0051061045,0],[1.5701445,0.28104493,0.33726698,0.99999994]]},"name":"Peppers","identifier":"61BB3DDD-C96C-6E82-3432-BD712CCBCB28"}},{"timestamp":1742665389.3516722,"label":"Bunny didUpdate","content":{"name":"bunny","identifier":"5E651A09-C4C1-4294-BEE1-D7F0CB75FD17","transform":{"columns":[[-0.5617947,-0.0002120632,-0.8272757,0],[0.00055481633,0.99999875,-0.0006331091,0],[0.82727563,-0.0008146643,-0.5617945,0],[-0.12341851,-0.23360135,-0.19627096,1]]}}},{"timestamp":1742665390.6507468,"label":"Bunny didUpdate","content":{"name":"bunny","identifier":"5E651A09-C4C1-4294-BEE1-D7F0CB75FD17","transform":{"columns":[[-0.5617382,-0.00017232297,-0.8273138,0],[0.0006802297,0.99999845,-0.00067016116,0],[0.8273137,-0.0009392199,-0.5617379,0],[-0.123421475,-0.23360446,-0.19626823,0.9999998]]}}},{"label":"Bunny didUpdate","content":{"identifier":"5E651A09-C4C1-4294-BEE1-D7F0CB75FD17","transform":{"columns":[[-0.5617392,-0.00016987654,-0.8273128,0],[0.0007006513,0.9999982,-0.0006810719,0],[0.8273128,-0.00096224423,-0.5617389,0],[-0.12342298,-0.23360552,-0.19626793,0.9999998]]},"name":"bunny"},"timestamp":1742665391.116301},{"timestamp":1742665394.379335,"label":"ARImageAnchor didUpdate","content":{"identifier":"088EF783-5990-B052-BE99-B8AA15BA6C68","transform":{"columns":[[0.91076714,-0.008100428,-0.4128405,0],[0.41243058,-0.030813748,0.9104675,0],[-0.020096334,-0.99949217,-0.02472328,0],[-1.3564411,0.69040793,0.22446796,0.99999994]]},"name":"Earth"}},{"label":"ARImageAnchor didUpdate","content":{"transform":{"columns":[[0.91076714,-0.008100428,-0.4128405,0],[0.41243058,-0.030813748,0.9104675,0],[-0.020096334,-0.99949217,-0.02472328,0],[-1.3564411,0.69040793,0.22446796,0.99999994]]},"name":"Earth","identifier":"088EF783-5990-B052-BE99-B8AA15BA6C68"},"timestamp":1742665394.41296},{"content":{"identifier":"088EF783-5990-B052-BE99-B8AA15BA6C68","name":"Earth","transform":{"columns":[[0.89690566,-0.0026528388,-0.4422136,0],[0.44164106,-0.045847446,0.8960195,0],[-0.02265136,-0.9989448,-0.03994923,0],[-1.3715168,0.6953009,0.22308779,0.9999999]]}},"label":"ARImageAnchor didUpdate","timestamp":1742665395.4476771},{"timestamp":1742665395.480116,"label":"ARImageAnchor didUpdate","content":{"identifier":"088EF783-5990-B052-BE99-B8AA15BA6C68","name":"Earth","transform":{"columns":[[0.89690566,-0.0026528388,-0.4422136,0],[0.44164106,-0.045847446,0.8960195,0],[-0.02265136,-0.9989448,-0.03994923,0],[-1.3715168,0.6953009,0.22308779,0.9999999]]}}},{"content":{"identifier":"5E651A09-C4C1-4294-BEE1-D7F0CB75FD17","transform":{"columns":[[-0.56170446,-0.0003530936,-0.8273361,0],[0.0006642168,0.99999785,-0.0008777405,0],[0.82733613,-0.0010425634,-0.5617041,0],[-0.1234183,-0.23361616,-0.19625631,0.99999994]]},"name":"bunny"},"timestamp":1742665397.247865,"label":"Bunny didUpdate"},{"content":{"identifier":"5E651A09-C4C1-4294-BEE1-D7F0CB75FD17","name":"bunny","transform":{"columns":[[-0.56170034,-0.00035247227,-0.82733876,0],[0.00066306244,0.99999774,-0.00087619945,0],[0.8273388,-0.001040741,-0.5617,0],[-0.12341599,-0.2336187,-0.19625871,1]]}},"label":"Bunny didUpdate","timestamp":1742665397.347739}]