[{"label":"Application launched","timestamp":1742672405.289483},{"timestamp":1742672405.289567,"label":"Initialize ARViewModel"},{"label":"Finished Initialize ARViewModel","timestamp":1742672405.291223},{"label":"Initialize AnchorManager","timestamp":1742672405.291244},{"timestamp":1742672405.2912478,"label":"Fininshed Initialize AnchorManager"},{"timestamp":1742672405.2912521,"label":"ContentView Initialize"},{"timestamp":1742672427.812695,"label":"Finished Ranging","content":{"position":[0.013467933,-0.25195506,-0.350755],"beaconName":"DWM3001CDK (8449B511)"}},{"label":"Bunny didAdd","timestamp":1742672427.866605,"content":{"transform":{"columns":[[-0.2467792,0,-0.9690717,0],[0,1,0,0],[0.9690717,0,-0.2467792,0],[0.013467933,-0.25195506,-0.350755,1]]},"name":"bunny","identifier":"10119B57-695F-4031-B1CD-C3B306E3736D"}},{"timestamp":1742672429.209136,"label":"Bunny didUpdate","content":{"name":"bunny","identifier":"10119B57-695F-4031-B1CD-C3B306E3736D","transform":{"columns":[[-0.24668604,-0.00020649281,-0.9690954,0],[-0.00015557901,1,-0.00017347481,0],[0.96909547,0.00010797709,-0.24668607,0],[0.013470624,-0.25195524,-0.35075212,1]]}}},{"label":"ARImageAnchor didAdd","content":{"name":"Car","identifier":"FF85DBE1-76D3-E459-2D24-8EDCEE263300","transform":{"columns":[[0.98645973,0.00600323,-0.16389367,0],[0.16391708,-0.0036519547,0.98646736,0],[0.0053234594,-0.9999752,-0.0045865476,0],[-0.18890789,-0.598835,0.14812285,1]]}},"timestamp":1742672431.033239},{"timestamp":1742672431.042725,"label":"ARImageAnchor didUpdate","content":{"name":"Car","identifier":"FF85DBE1-76D3-E459-2D24-8EDCEE263300","transform":{"columns":[[0.98645973,0.00600323,-0.16389367,0],[0.16391708,-0.0036519547,0.98646736,0],[0.0053234594,-0.9999752,-0.0045865476,0],[-0.18890789,-0.598835,0.14812285,1]]}}},{"timestamp":1742672434.1332211,"content":{"name":"Earth","identifier":"088EF783-5990-B052-BE99-B8AA15BA6C68","transform":{"columns":[[0.9751073,0.00078723603,-0.22173229,0],[0.22173315,-0.0055153198,0.97509176,0],[-0.00045529893,-0.99998444,-0.0055525852,0],[-1.2696593,0.6518967,-0.17935565,1.0000001]]}},"label":"ARImageAnchor didAdd"},{"content":{"identifier":"088EF783-5990-B052-BE99-B8AA15BA6C68","name":"Earth","transform":{"columns":[[0.9751073,0.00078723603,-0.22173229,0],[0.22173315,-0.0055153198,0.97509176,0],[-0.00045529893,-0.99998444,-0.0055525852,0],[-1.2696593,0.6518967,-0.17935565,1.0000001]]}},"timestamp":1742672434.140582,"label":"ARImageAnchor didUpdate"},{"content":{"name":"Earth","identifier":"088EF783-5990-B052-BE99-B8AA15BA6C68","transform":{"columns":[[0.9710797,-0.0011277228,-0.23875247,0],[0.23875502,0.005364917,0.9710649,0],[0.00018579097,-0.99998486,0.0054790103,0],[-1.2757281,0.6554061,-0.18408899,1]]}},"timestamp":1742672435.1394691,"label":"ARImageAnchor didUpdate"},{"label":"ARImageAnchor didUpdate","content":{"name":"Earth","identifier":"088EF783-5990-B052-BE99-B8AA15BA6C68","transform":{"columns":[[0.9710797,-0.0011277228,-0.23875247,0],[0.23875502,0.005364917,0.9710649,0],[0.00018579097,-0.99998486,0.0054790103,0],[-1.2757281,0.6554061,-0.18408899,1]]}},"timestamp":1742672435.172441},{"content":{"identifier":"10119B57-695F-4031-B1CD-C3B306E3736D","transform":{"columns":[[-0.24660537,-1.39598915e-05,-0.9691159,0],[-1.9107838e-05,1,-9.542507e-06,0],[0.969116,1.6164478e-05,-0.24660538,0],[0.013471084,-0.25195482,-0.35075173,0.99999994]]},"name":"bunny"},"timestamp":1742672437.609566,"label":"Bunny didUpdate"},{"timestamp":1742672440.332845,"label":"ARImageAnchor didAdd","content":{"transform":{"columns":[[-0.17794947,-0.03963613,-0.98324096,0],[0.98396003,-0.01986854,-0.17727868,0],[-0.01250888,-0.9990166,0.04253596,0],[0.49449366,-0.59966403,-0.05784253,1]]},"identifier":"6BAD7D5D-D14A-EF93-1C8B-F6BEC80B8329","name":"Lenna"}},{"content":{"transform":{"columns":[[-0.17794947,-0.03963613,-0.98324096,0],[0.98396003,-0.01986854,-0.17727868,0],[-0.01250888,-0.9990166,0.04253596,0],[0.49449366,-0.59966403,-0.05784253,1]]},"name":"Lenna","identifier":"6BAD7D5D-D14A-EF93-1C8B-F6BEC80B8329"},"timestamp":1742672440.3401198,"label":"ARImageAnchor didUpdate"},{"timestamp":1742672443.432692,"label":"ARImageAnchor didAdd","content":{"identifier":"C35EAC54-3E90-1B97-807B-5E3B8F238DB7","transform":{"columns":[[0.9747373,0.002933144,-0.2233347,0],[0.22332731,-0.028240234,0.97433424,0],[-0.0034491615,-0.9995968,-0.028181864,0],[0.5303112,0.8313937,-0.57176936,1]]},"name":"Sailboat"}},{"label":"ARImageAnchor didUpdate","content":{"identifier":"C35EAC54-3E90-1B97-807B-5E3B8F238DB7","name":"Sailboat","transform":{"columns":[[0.9747373,0.002933144,-0.2233347,0],[0.22332731,-0.028240234,0.97433424,0],[-0.0034491615,-0.9995968,-0.028181864,0],[0.5303112,0.8313937,-0.57176936,1]]}},"timestamp":1742672443.441156},{"timestamp":1742672445.499351,"label":"ARImageAnchor didAdd","content":{"transform":{"columns":[[0.19434392,-0.019518105,0.9807393,0],[-0.9801005,0.03732944,0.19496027,0],[-0.040415704,-0.9991123,-0.011874962,0],[1.3610481,0.8536792,-0.15911953,1]]},"name":"Mandrill","identifier":"A19C2489-597B-2BED-432C-244B551E75FD"}},{"label":"ARImageAnchor didUpdate","content":{"identifier":"A19C2489-597B-2BED-432C-244B551E75FD","transform":{"columns":[[0.19434392,-0.019518105,0.9807393,0],[-0.9801005,0.03732944,0.19496027,0],[-0.040415704,-0.9991123,-0.011874962,0],[1.3610481,0.8536792,-0.15911953,1]]},"name":"Mandrill"},"timestamp":1742672445.5079532},{"timestamp":1742672446.506253,"label":"ARImageAnchor didUpdate","content":{"identifier":"A19C2489-597B-2BED-432C-244B551E75FD","transform":{"columns":[[0.20471643,-0.01414892,0.97871906,0],[-0.9770183,0.05770882,0.20519497,0],[-0.05938402,-0.998233,-0.0020098074,0],[1.3551248,0.8542986,-0.1628206,1]]},"name":"Mandrill"}},{"timestamp":1742672446.541498,"content":{"identifier":"A19C2489-597B-2BED-432C-244B551E75FD","transform":{"columns":[[0.20471643,-0.01414892,0.97871906,0],[-0.9770183,0.05770882,0.20519497,0],[-0.05938402,-0.998233,-0.0020098074,0],[1.3551248,0.8542986,-0.1628206,1]]},"name":"Mandrill"},"label":"ARImageAnchor didUpdate"},{"label":"ARImageAnchor didAdd","timestamp":1742672448.5991778,"content":{"name":"Peppers","transform":{"columns":[[0.2040925,-0.00833407,0.978916,0],[-0.9788572,-0.01561048,0.20394737,0],[0.013581622,-0.9998433,-0.011343847,0],[1.5672401,0.23951817,0.5387174,0.9999999]]},"identifier":"61BB3DDD-C96C-6E82-3432-BD712CCBCB28"}},{"content":{"name":"Peppers","identifier":"61BB3DDD-C96C-6E82-3432-BD712CCBCB28","transform":{"columns":[[0.2040925,-0.00833407,0.978916,0],[-0.9788572,-0.01561048,0.20394737,0],[0.013581622,-0.9998433,-0.011343847,0],[1.5672401,0.23951817,0.5387174,0.9999999]]}},"label":"ARImageAnchor didUpdate","timestamp":1742672448.6074429},{"timestamp":1742672453.20941,"label":"Bunny didUpdate","content":{"transform":{"columns":[[-0.24705242,0.00075616874,-0.96900177,0],[-2.3340306e-05,0.9999997,0.000786309,0],[0.9690021,0.00021687632,-0.24705234,0],[0.013463395,-0.25194153,-0.35076526,0.99999994]]},"name":"bunny","identifier":"10119B57-695F-4031-B1CD-C3B306E3736D"}}]