[{"label":"Application launched","timestamp":1742632448.151242},{"label":"Initialize ARViewModel","timestamp":1742632448.1513128},{"label":"Finished Initialize ARViewModel","timestamp":1742632448.153362},{"label":"Initialize AnchorManager","timestamp":1742632448.153413},{"timestamp":1742632448.1534262,"label":"Fininshed Initialize AnchorManager"},{"label":"ContentView Initialize","timestamp":1742632448.153439},{"timestamp":1742632469.7484732,"label":"Finished Ranging","content":{"position":[0.10977535,-0.40420762,-0.67493457],"beaconName":"DWM3001CDK (8449B511)"}},{"timestamp":1742632469.804214,"label":"Bunny didAdd","content":{"identifier":"935FE109-AC83-4D7E-B9A1-9BA332C91143","transform":{"columns":[[0.042454362,0,-0.9990984,0],[0,1,0,0],[0.9990984,0,0.042454362,0],[0.10977535,-0.40420762,-0.67493457,1]]},"name":"bunny"}},{"timestamp":1742632473.737173,"content":{"name":"Car","identifier":"FF85DBE1-76D3-E459-2D24-8EDCEE263300","transform":{"columns":[[0.9789125,0.015962364,0.20365521,0],[-0.20324233,-0.024244694,0.97882825,0],[0.020561963,-0.9995785,-0.020489167,0],[-0.29502773,-0.68552655,-0.3509627,1]]}},"label":"ARImageAnchor didAdd"},{"label":"ARImageAnchor didUpdate","content":{"name":"Car","identifier":"FF85DBE1-76D3-E459-2D24-8EDCEE263300","transform":{"columns":[[0.9789125,0.015962364,0.20365521,0],[-0.20324233,-0.024244694,0.97882825,0],[0.020561963,-0.9995785,-0.020489167,0],[-0.29502773,-0.68552655,-0.3509627,1]]}},"timestamp":1742632473.746107},{"content":{"name":"Earth","transform":{"columns":[[0.98237485,-0.002278415,0.18690641,0],[-0.18656254,-0.07378813,0.979668,0],[0.011559386,-0.9972711,-0.07291269,0],[-1.1363115,0.56101424,-1.0959609,0.9999999]]},"identifier":"088EF783-5990-B052-BE99-B8AA15BA6C68"},"timestamp":1742632477.537133,"label":"ARImageAnchor didAdd"},{"label":"ARImageAnchor didUpdate","timestamp":1742632477.5442882,"content":{"transform":{"columns":[[0.98237485,-0.002278415,0.18690641,0],[-0.18656254,-0.07378813,0.979668,0],[0.011559386,-0.9972711,-0.07291269,0],[-1.1363115,0.56101424,-1.0959609,0.9999999]]},"name":"Earth","identifier":"088EF783-5990-B052-BE99-B8AA15BA6C68"}},{"content":{"identifier":"088EF783-5990-B052-BE99-B8AA15BA6C68","name":"Earth","transform":{"columns":[[0.98411185,0.008664031,0.17733787,0],[-0.17660049,-0.055356085,0.98272455,0],[0.018331084,-0.99842894,-0.052946508,0],[-1.1402315,0.5666907,-1.1077423,0.9999999]]}},"label":"ARImageAnchor didUpdate","timestamp":1742632478.043923},{"label":"ARImageAnchor didUpdate","timestamp":1742632478.077827,"content":{"transform":{"columns":[[0.98411185,0.008664031,0.17733787,0],[-0.17660049,-0.055356085,0.98272455,0],[0.018331084,-0.99842894,-0.052946508,0],[-1.1402315,0.5666907,-1.1077423,0.9999999]]},"name":"Earth","identifier":"088EF783-5990-B052-BE99-B8AA15BA6C68"}},{"content":{"transform":{"columns":[[-0.20713596,-0.0033824896,0.9783062,0],[-0.978269,-0.008661527,-0.20715806,0],[0.0091743395,-0.9999566,-0.0015148543,0],[1.1450756,0.15827046,0.76114476,0.99999994]]},"name":"Peppers","identifier":"61BB3DDD-C96C-6E82-3432-BD712CCBCB28"},"label":"ARImageAnchor didAdd","timestamp":1742632481.803553},{"timestamp":1742632481.81253,"label":"ARImageAnchor didUpdate","content":{"name":"Peppers","transform":{"columns":[[-0.20713596,-0.0033824896,0.9783062,0],[-0.978269,-0.008661527,-0.20715806,0],[0.0091743395,-0.9999566,-0.0015148543,0],[1.1450756,0.15827046,0.76114476,0.99999994]]},"identifier":"61BB3DDD-C96C-6E82-3432-BD712CCBCB28"}},{"label":"ARImageAnchor didAdd","timestamp":1742632483.936737,"content":{"transform":{"columns":[[-0.22649182,-0.0074228183,0.9739848,0],[-0.97236854,0.05980466,-0.22566025,0],[-0.056573786,-0.9981824,-0.020762986,0],[1.2341594,0.77653396,0.02266585,0.99999994]]},"name":"Mandrill","identifier":"A19C2489-597B-2BED-432C-244B551E75FD"}},{"content":{"transform":{"columns":[[-0.22649182,-0.0074228183,0.9739848,0],[-0.97236854,0.05980466,-0.22566025,0],[-0.056573786,-0.9981824,-0.020762986,0],[1.2341594,0.77653396,0.02266585,0.99999994]]},"name":"Mandrill","identifier":"A19C2489-597B-2BED-432C-244B551E75FD"},"timestamp":1742632483.9475942,"label":"ARImageAnchor didUpdate"},{"timestamp":1742632486.603195,"label":"ARImageAnchor didAdd","content":{"name":"Sailboat","transform":{"columns":[[0.9813206,0.0033630459,0.19234939,0],[-0.19237405,0.010168912,0.98126894,0],[0.0013440696,-0.99994254,0.010625924,0],[0.65059793,0.74722874,-0.6872313,0.9999999]]},"identifier":"C35EAC54-3E90-1B97-807B-5E3B8F238DB7"}},{"timestamp":1742632486.610719,"label":"ARImageAnchor didUpdate","content":{"transform":{"columns":[[0.9813206,0.0033630459,0.19234939,0],[-0.19237405,0.010168912,0.98126894,0],[0.0013440696,-0.99994254,0.010625924,0],[0.65059793,0.74722874,-0.6872313,0.9999999]]},"name":"Sailboat","identifier":"C35EAC54-3E90-1B97-807B-5E3B8F238DB7"}},{"content":{"transform":{"columns":[[0.2911695,-0.027057406,-0.95628864,0],[0.95667,0.009807394,0.29100817,0],[0.001504773,-0.9995855,0.028740622,0],[0.40785956,-0.68696266,-0.25248337,0.9999998]]},"name":"Lenna","identifier":"6BAD7D5D-D14A-EF93-1C8B-F6BEC80B8329"},"timestamp":1742632492.46953,"label":"ARImageAnchor didAdd"},{"timestamp":1742632492.478004,"label":"ARImageAnchor didUpdate","content":{"transform":{"columns":[[0.2911695,-0.027057406,-0.95628864,0],[0.95667,0.009807394,0.29100817,0],[0.001504773,-0.9995855,0.028740622,0],[0.40785956,-0.68696266,-0.25248337,0.9999998]]},"name":"Lenna","identifier":"6BAD7D5D-D14A-EF93-1C8B-F6BEC80B8329"}},{"content":{"identifier":"6BAD7D5D-D14A-EF93-1C8B-F6BEC80B8329","name":"Lenna","transform":{"columns":[[0.23192623,-0.03690979,-0.9720327,0],[0.97268385,-0.0012790837,0.23213015,0],[-0.009811169,-0.99931765,0.035604928,0],[0.40376464,-0.683649,-0.25077754,0.99999994]]}},"timestamp":1742632493.508593,"label":"ARImageAnchor didUpdate"},{"timestamp":1742632493.544581,"content":{"name":"Lenna","transform":{"columns":[[0.23192623,-0.03690979,-0.9720327,0],[0.97268385,-0.0012790837,0.23213015,0],[-0.009811169,-0.99931765,0.035604928,0],[0.40376464,-0.683649,-0.25077754,0.99999994]]},"identifier":"6BAD7D5D-D14A-EF93-1C8B-F6BEC80B8329"},"label":"ARImageAnchor didUpdate"},{"content":{"name":"bunny","identifier":"935FE109-AC83-4D7E-B9A1-9BA332C91143","transform":{"columns":[[0.043025557,0.0003788589,-0.9990738,0],[0.0002884418,0.9999998,0.00039163197,0],[0.99907374,-0.0003050248,0.043025423,0],[0.10978035,-0.40417695,-0.674988,0.9999999]]}},"label":"Bunny didUpdate","timestamp":1742632495.4787679},{"content":{"name":"bunny","identifier":"935FE109-AC83-4D7E-B9A1-9BA332C91143","transform":{"columns":[[0.042993043,0.00054994965,-0.99907506,0],[0.00022717708,0.9999997,0.0005602347,0],[0.999075,-0.00025105308,0.042992886,0],[0.10978217,-0.40417555,-0.6749939,0.9999999]]}},"label":"Bunny didUpdate","timestamp":1742632496.77701},{"content":{"name":"Peppers","identifier":"61BB3DDD-C96C-6E82-3432-BD712CCBCB28","transform":{"columns":[[-0.22396122,-0.010776431,0.9745384,0],[-0.97453356,-0.009008595,-0.22405988,0],[0.011193776,-0.99990124,-0.008484423,0],[1.1416943,0.15512693,0.7506957,0.99999994]]}},"label":"ARImageAnchor didUpdate","timestamp":1742632500.9745688},{"timestamp":1742632501.01188,"content":{"name":"Peppers","identifier":"61BB3DDD-C96C-6E82-3432-BD712CCBCB28","transform":{"columns":[[-0.22396122,-0.010776431,0.9745384,0],[-0.97453356,-0.009008595,-0.22405988,0],[0.011193776,-0.99990124,-0.008484423,0],[1.1416943,0.15512693,0.7506957,0.99999994]]}},"label":"ARImageAnchor didUpdate"}]