[{"timestamp":1742672188.154364,"label":"Application launched"},{"timestamp":1742672188.1545691,"label":"Initialize ARViewModel"},{"label":"Finished Initialize ARViewModel","timestamp":1742672188.156258},{"label":"Initialize AnchorManager","timestamp":1742672188.156277},{"timestamp":1742672188.156281,"label":"Fininshed Initialize AnchorManager"},{"timestamp":1742672188.156285,"label":"ContentView Initialize"},{"label":"Finished Ranging","content":{"position":[0.028206378,-0.3225526,-0.3071616],"beaconName":"DWM3001CDK (8449B511)"},"timestamp":1742672219.5203161},{"label":"Bunny didAdd","timestamp":1742672219.541871,"content":{"identifier":"3D9B3D16-A849-4979-83C7-FA739E4249A1","transform":{"columns":[[0.025445163,0,-0.99967617,0],[0,1,0,0],[0.99967617,0,0.025445163,0],[0.028206378,-0.3225526,-0.3071616,1]]},"name":"bunny"}},{"timestamp":1742672221.341769,"content":{"name":"Car","transform":{"columns":[[0.99834746,0.0067531336,-0.057067495,0],[0.056970477,0.013775127,0.9982808,0],[0.00752763,-0.9998822,0.01336761,0],[-0.21683614,-0.62512803,0.15653992,0.99999994]]},"identifier":"FF85DBE1-76D3-E459-2D24-8EDCEE263300"},"label":"ARImageAnchor didAdd"},{"content":{"transform":{"columns":[[0.99834746,0.0067531336,-0.057067495,0],[0.056970477,0.013775127,0.9982808,0],[0.00752763,-0.9998822,0.01336761,0],[-0.21683614,-0.62512803,0.15653992,0.99999994]]},"identifier":"FF85DBE1-76D3-E459-2D24-8EDCEE263300","name":"Car"},"label":"ARImageAnchor didUpdate","timestamp":1742672221.354286},{"content":{"name":"Earth","identifier":"088EF783-5990-B052-BE99-B8AA15BA6C68","transform":{"columns":[[0.99189,-0.0034279034,-0.12705286,0],[0.12690939,-0.027871368,0.9915225,0],[-0.0069399765,-0.9996056,-0.027210277,0],[-1.258774,0.635539,-0.2916136,1]]}},"timestamp":1742672223.976314,"label":"ARImageAnchor didAdd"},{"timestamp":1742672223.982336,"label":"ARImageAnchor didUpdate","content":{"identifier":"088EF783-5990-B052-BE99-B8AA15BA6C68","transform":{"columns":[[0.99189,-0.0034279034,-0.12705286,0],[0.12690939,-0.027871368,0.9915225,0],[-0.0069399765,-0.9996056,-0.027210277,0],[-1.258774,0.635539,-0.2916136,1]]},"name":"Earth"}},{"content":{"name":"bunny","transform":{"columns":[[0.025507344,0.00031462428,-0.9996746,0],[0.0001582986,1,0.00031876581,0],[0.99967474,-0.00016637794,0.025507294,0],[0.02818662,-0.3225166,-0.3072156,1]]},"identifier":"3D9B3D16-A849-4979-83C7-FA739E4249A1"},"label":"Bunny didUpdate","timestamp":1742672228.6516418},{"content":{"name":"Lenna","identifier":"6BAD7D5D-D14A-EF93-1C8B-F6BEC80B8329","transform":{"columns":[[-0.07949244,-0.03839782,-0.99609554,0],[0.9963651,-0.03375141,-0.078212924,0],[-0.03061646,-0.99869215,0.040941235,0],[0.49383983,-0.62660915,0.02464445,0.9999999]]}},"timestamp":1742672229.241403,"label":"ARImageAnchor didAdd"},{"content":{"identifier":"6BAD7D5D-D14A-EF93-1C8B-F6BEC80B8329","transform":{"columns":[[-0.07949244,-0.03839782,-0.99609554,0],[0.9963651,-0.03375141,-0.078212924,0],[-0.03061646,-0.99869215,0.040941235,0],[0.49383983,-0.62660915,0.02464445,0.9999999]]},"name":"Lenna"},"label":"ARImageAnchor didUpdate","timestamp":1742672229.2501469},{"label":"ARImageAnchor didUpdate","content":{"transform":{"columns":[[-0.06173475,-0.040196314,-0.99728286,0],[0.9972905,-0.042532902,-0.060020912,0],[-0.040004686,-0.9982861,0.04271317,0],[0.49103048,-0.6305089,0.021513488,1]]},"identifier":"6BAD7D5D-D14A-EF93-1C8B-F6BEC80B8329","name":"Lenna"},"timestamp":1742672229.765892},{"label":"ARImageAnchor didUpdate","timestamp":1742672229.7823138,"content":{"identifier":"6BAD7D5D-D14A-EF93-1C8B-F6BEC80B8329","transform":{"columns":[[-0.06173475,-0.040196314,-0.99728286,0],[0.9972905,-0.042532902,-0.060020912,0],[-0.040004686,-0.9982861,0.04271317,0],[0.49103048,-0.6305089,0.021513488,1]]},"name":"Lenna"}},{"timestamp":1742672232.433196,"content":{"name":"bunny","identifier":"3D9B3D16-A849-4979-83C7-FA739E4249A1","transform":{"columns":[[0.02532102,0.000695106,-0.9996791,0],[0.00036242703,0.99999964,0.0007045089,0],[0.99967945,-0.0003801497,0.025320774,0],[0.028134424,-0.32247278,-0.30727413,0.99999994]]}},"label":"Bunny didUpdate"},{"timestamp":1742672232.907999,"label":"ARImageAnchor didAdd","content":{"transform":{"columns":[[0.99586153,0.00014146534,-0.09088275,0],[0.09085711,-0.025334204,0.99554163,0],[-0.0021616085,-0.99967897,-0.02524221,0],[0.58464855,0.79911274,-0.4724518,1.0000001]]},"name":"Sailboat","identifier":"C35EAC54-3E90-1B97-807B-5E3B8F238DB7"}},{"timestamp":1742672232.915384,"content":{"identifier":"C35EAC54-3E90-1B97-807B-5E3B8F238DB7","name":"Sailboat","transform":{"columns":[[0.99586153,0.00014146534,-0.09088275,0],[0.09085711,-0.025334204,0.99554163,0],[-0.0021616085,-0.99967897,-0.02524221,0],[0.58464855,0.79911274,-0.4724518,1.0000001]]}},"label":"ARImageAnchor didUpdate"},{"label":"ARImageAnchor didAdd","content":{"identifier":"A19C2489-597B-2BED-432C-244B551E75FD","transform":{"columns":[[0.09937601,-0.019791925,0.994853,0],[-0.9945012,0.031221943,0.09996202,0],[-0.033039685,-0.99931645,-0.016580382,0],[1.3562311,0.824167,0.020842105,0.99999994]]},"name":"Mandrill"},"timestamp":1742672235.007904},{"label":"ARImageAnchor didUpdate","timestamp":1742672235.016563,"content":{"identifier":"A19C2489-597B-2BED-432C-244B551E75FD","transform":{"columns":[[0.09937601,-0.019791925,0.994853,0],[-0.9945012,0.031221943,0.09996202,0],[-0.033039685,-0.99931645,-0.016580382,0],[1.3562311,0.824167,0.020842105,0.99999994]]},"name":"Mandrill"}},{"content":{"identifier":"61BB3DDD-C96C-6E82-3432-BD712CCBCB28","transform":{"columns":[[0.10430451,-0.008120402,0.99451226,0],[-0.9945136,-0.008841572,0.10423249,0],[0.007946606,-0.9999279,-0.008998064,0],[1.4939151,0.20464009,0.7409736,1]]},"name":"Peppers"},"label":"ARImageAnchor didAdd","timestamp":1742672237.1078548},{"timestamp":1742672237.115783,"content":{"name":"Peppers","identifier":"61BB3DDD-C96C-6E82-3432-BD712CCBCB28","transform":{"columns":[[0.10430451,-0.008120402,0.99451226,0],[-0.9945136,-0.008841572,0.10423249,0],[0.007946606,-0.9999279,-0.008998064,0],[1.4939151,0.20464009,0.7409736,1]]}},"label":"ARImageAnchor didUpdate"},{"label":"Bunny didUpdate","timestamp":1742672243.7647681,"content":{"identifier":"3D9B3D16-A849-4979-83C7-FA739E4249A1","transform":{"columns":[[0.025021814,0.0012453354,-0.999686,0],[0.00029172155,0.9999991,0.001253027,0],[0.99968696,-0.00032298308,0.025021436,0],[0.02811608,-0.32241955,-0.3073565,0.99999994]]},"name":"bunny"}},{"timestamp":1742672245.749035,"content":{"transform":{"columns":[[0.024968391,0.0012549009,-0.9996874,0],[0.00028431515,0.99999917,0.0012623934,0],[0.99968827,-0.00031574623,0.024968015,0],[0.028111964,-0.32241884,-0.30735675,1]]},"name":"bunny","identifier":"3D9B3D16-A849-4979-83C7-FA739E4249A1"},"label":"Bunny didUpdate"},{"label":"Bunny didUpdate","content":{"identifier":"3D9B3D16-A849-4979-83C7-FA739E4249A1","name":"bunny","transform":{"columns":[[0.025000395,0.0012181234,-0.9996865,0],[0.00020427174,0.9999992,0.0012236128,0],[0.99968755,-0.0002347986,0.025000142,0],[0.028128313,-0.32242477,-0.30735117,0.9999999]]}},"timestamp":1742672246.965538},{"content":{"identifier":"FF85DBE1-76D3-E459-2D24-8EDCEE263300","transform":{"columns":[[0.9985791,0.0059588123,-0.05295438,0],[0.05296368,-0.0014136382,0.9985954,0],[0.005875543,-0.9999811,-0.0017272468,0],[-0.21490702,-0.6299379,0.14669229,0.99999994]]},"name":"Car"},"label":"ARImageAnchor didUpdate","timestamp":1742672248.269483},{"label":"ARImageAnchor didUpdate","content":{"name":"Car","identifier":"FF85DBE1-76D3-E459-2D24-8EDCEE263300","transform":{"columns":[[0.9985791,0.0059588123,-0.05295438,0],[0.05296368,-0.0014136382,0.9985954,0],[0.005875543,-0.9999811,-0.0017272468,0],[-0.21490702,-0.6299379,0.14669229,0.99999994]]}},"timestamp":1742672248.2861218},{"timestamp":1742672248.6500158,"label":"Bunny didUpdate","content":{"identifier":"3D9B3D16-A849-4979-83C7-FA739E4249A1","name":"bunny","transform":{"columns":[[0.02499214,0.0012095525,-0.99968684,0],[0.00023670835,0.9999993,0.0012158484,0],[0.9996878,-0.00026702095,0.024991842,0],[0.02812215,-0.32242474,-0.3073497,1]]}}},{"label":"ARImageAnchor didUpdate","content":{"name":"Earth","identifier":"088EF783-5990-B052-BE99-B8AA15BA6C68","transform":{"columns":[[0.9945608,-0.0033374154,-0.10410449,0],[0.10375289,-0.056312017,0.99300766,0],[-0.009176411,-0.9984076,-0.055659458,0],[-1.245009,0.6325571,-0.29950678,1]]}},"timestamp":1742672251.397943},{"content":{"name":"Earth","identifier":"088EF783-5990-B052-BE99-B8AA15BA6C68","transform":{"columns":[[0.9945608,-0.0033374154,-0.10410449,0],[0.10375289,-0.056312017,0.99300766,0],[-0.009176411,-0.9984076,-0.055659458,0],[-1.245009,0.6325571,-0.29950678,1]]}},"timestamp":1742672251.414139,"label":"ARImageAnchor didUpdate"},{"timestamp":1742672251.930791,"label":"ARImageAnchor didUpdate","content":{"name":"Earth","identifier":"088EF783-5990-B052-BE99-B8AA15BA6C68","transform":{"columns":[[0.99471176,0.0001540673,-0.102705225,0],[0.10267459,-0.025945578,0.9943765,0],[-0.002511545,-0.99966323,-0.025824191,0],[-1.2516026,0.6352787,-0.30398548,1]]}}},{"timestamp":1742672251.947684,"label":"ARImageAnchor didUpdate","content":{"transform":{"columns":[[0.99471176,0.0001540673,-0.102705225,0],[0.10267459,-0.025945578,0.9943765,0],[-0.002511545,-0.99966323,-0.025824191,0],[-1.2516026,0.6352787,-0.30398548,1]]},"identifier":"088EF783-5990-B052-BE99-B8AA15BA6C68","name":"Earth"}},{"label":"ARImageAnchor didUpdate","content":{"name":"Mandrill","transform":{"columns":[[0.09791482,-0.01705455,0.99504864,0],[-0.99405843,0.046093717,0.098607406,0],[-0.047547203,-0.99879146,-0.012439966,0],[1.3633745,0.8358666,0.004736677,1]]},"identifier":"A19C2489-597B-2BED-432C-244B551E75FD"},"timestamp":1742672256.597862},{"label":"ARImageAnchor didUpdate","timestamp":1742672256.625245,"content":{"identifier":"A19C2489-597B-2BED-432C-244B551E75FD","transform":{"columns":[[0.09791482,-0.01705455,0.99504864,0],[-0.99405843,0.046093717,0.098607406,0],[-0.047547203,-0.99879146,-0.012439966,0],[1.3633745,0.8358666,0.004736677,1]]},"name":"Mandrill"}},{"label":"ARImageAnchor didUpdate","content":{"name":"Peppers","identifier":"61BB3DDD-C96C-6E82-3432-BD712CCBCB28","transform":{"columns":[[0.07407741,-0.004415238,0.99724275,0],[-0.9971198,-0.016640114,0.07399465,0],[0.016267514,-0.9998517,-0.005635178,0],[1.4998716,0.21406093,0.73172224,1]]}},"timestamp":1742672258.1985989},{"label":"ARImageAnchor didUpdate","content":{"name":"Peppers","identifier":"61BB3DDD-C96C-6E82-3432-BD712CCBCB28","transform":{"columns":[[0.07407741,-0.004415238,0.99724275,0],[-0.9971198,-0.016640114,0.07399465,0],[0.016267514,-0.9998517,-0.005635178,0],[1.4998716,0.21406093,0.73172224,1]]}},"timestamp":1742672258.214333},{"content":{"transform":{"columns":[[0.025004119,0.0011698364,-0.99968654,0],[0.00024396366,0.9999992,0.0011763044,0],[0.99968755,-0.00027329975,0.025003819,0],[0.028122151,-0.3224285,-0.30734354,0.9999999]]},"name":"bunny","identifier":"3D9B3D16-A849-4979-83C7-FA739E4249A1"},"label":"Bunny didUpdate","timestamp":1742672261.624948},{"timestamp":1742672263.3671699,"content":{"identifier":"3D9B3D16-A849-4979-83C7-FA739E4249A1","name":"bunny","transform":{"columns":[[0.025019055,0.001172105,-0.9996863,0],[0.00026731443,0.9999993,0.0011791622,0],[0.9996873,-0.0002967322,0.025018737,0],[0.02811984,-0.3224277,-0.30734453,1]]}},"label":"Bunny didUpdate"}]