[{"label":"Application launched","timestamp":1742636158.712713},{"timestamp":1742636158.712811,"label":"Initialize ARViewModel"},{"label":"Finished Initialize ARViewModel","timestamp":1742636158.714587},{"label":"Initialize AnchorManager","timestamp":1742636158.715323},{"timestamp":1742636158.715332,"label":"Fininshed Initialize AnchorManager"},{"timestamp":1742636158.7153358,"label":"ContentView Initialize"},{"content":{"position":[0.09203867,-0.38597783,-0.6706233],"beaconName":"DWM3001CDK (8449B511)"},"timestamp":1742636183.122355,"label":"Finished Ranging"},{"label":"Bunny didAdd","content":{"identifier":"CBB7ABDA-69ED-4815-B33E-2907F8E624BF","name":"bunny","transform":{"columns":[[-0.10473359,0,-0.9945002,0],[0,1,0,0],[0.9945002,0,-0.10473359,0],[0.09203867,-0.38597783,-0.6706233,1]]}},"timestamp":1742636183.144959},{"content":{"name":"Car","identifier":"FF85DBE1-76D3-E459-2D24-8EDCEE263300","transform":{"columns":[[0.99606025,0.0043754675,0.088571005,0],[-0.088411786,-0.028483829,0.9956766,0],[0.0068793804,-0.9995846,-0.027984776,0],[-0.25796264,-0.7223453,-0.26313114,1]]}},"timestamp":1742636185.294599,"label":"ARImageAnchor didAdd"},{"timestamp":1742636185.304168,"content":{"identifier":"FF85DBE1-76D3-E459-2D24-8EDCEE263300","name":"Car","transform":{"columns":[[0.99606025,0.0043754675,0.088571005,0],[-0.088411786,-0.028483829,0.9956766,0],[0.0068793804,-0.9995846,-0.027984776,0],[-0.25796264,-0.7223453,-0.26313114,1]]}},"label":"ARImageAnchor didUpdate"},{"content":{"identifier":"FF85DBE1-76D3-E459-2D24-8EDCEE263300","transform":{"columns":[[0.99604625,0.008096118,0.08846625,0],[-0.08832261,-0.016651247,0.99595267,0],[0.009536426,-0.9998285,-0.01587038,0],[-0.2566699,-0.71499765,-0.2672101,1]]},"name":"Car"},"timestamp":1742636185.81853,"label":"ARImageAnchor didUpdate"},{"label":"ARImageAnchor didUpdate","timestamp":1742636185.835952,"content":{"identifier":"FF85DBE1-76D3-E459-2D24-8EDCEE263300","transform":{"columns":[[0.99604625,0.008096118,0.08846625,0],[-0.08832261,-0.016651247,0.99595267,0],[0.009536426,-0.9998285,-0.01587038,0],[-0.2566699,-0.71499765,-0.2672101,1]]},"name":"Car"}},{"timestamp":1742636188.427814,"label":"ARImageAnchor didAdd","content":{"identifier":"088EF783-5990-B052-BE99-B8AA15BA6C68","name":"Earth","transform":{"columns":[[0.9994421,-0.0032139728,0.033242114,0],[-0.0333193,-0.02804558,0.9990511,0],[-0.0022786295,-0.99960136,-0.028137019,0],[-1.230514,0.5390662,-0.85450196,1]]}}},{"timestamp":1742636188.433432,"label":"ARImageAnchor didUpdate","content":{"name":"Earth","identifier":"088EF783-5990-B052-BE99-B8AA15BA6C68","transform":{"columns":[[0.9994421,-0.0032139728,0.033242114,0],[-0.0333193,-0.02804558,0.9990511,0],[-0.0022786295,-0.99960136,-0.028137019,0],[-1.230514,0.5390662,-0.85450196,1]]}}},{"timestamp":1742636192.62759,"content":{"name":"Sailboat","transform":{"columns":[[0.9997282,0.0034612103,0.02305048,0],[-0.023138937,0.028170973,0.9993352,0],[0.002809556,-0.999597,0.028243402,0],[0.6097332,0.71511763,-0.7701271,1]]},"identifier":"C35EAC54-3E90-1B97-807B-5E3B8F238DB7"},"label":"ARImageAnchor didAdd"},{"timestamp":1742636192.6364331,"label":"ARImageAnchor didUpdate","content":{"transform":{"columns":[[0.9997282,0.0034612103,0.02305048,0],[-0.023138937,0.028170973,0.9993352,0],[0.002809556,-0.999597,0.028243402,0],[0.6097332,0.71511763,-0.7701271,1]]},"name":"Sailboat","identifier":"C35EAC54-3E90-1B97-807B-5E3B8F238DB7"}},{"content":{"name":"Lenna","identifier":"6BAD7D5D-D14A-EF93-1C8B-F6BEC80B8329","transform":{"columns":[[0.07741071,-0.034080755,-0.9964165,0],[0.9968585,-0.01414694,0.07792893,0],[-0.016752152,-0.99931884,0.032878578,0],[0.44834673,-0.73483443,-0.29388016,1]]}},"label":"ARImageAnchor didAdd","timestamp":1742636194.7440472},{"timestamp":1742636194.7526588,"label":"ARImageAnchor didUpdate","content":{"name":"Lenna","identifier":"6BAD7D5D-D14A-EF93-1C8B-F6BEC80B8329","transform":{"columns":[[0.07741071,-0.034080755,-0.9964165,0],[0.9968585,-0.01414694,0.07792893,0],[-0.016752152,-0.99931884,0.032878578,0],[0.44834673,-0.73483443,-0.29388016,1]]}}},{"timestamp":1742636195.268585,"content":{"identifier":"6BAD7D5D-D14A-EF93-1C8B-F6BEC80B8329","name":"Lenna","transform":{"columns":[[0.08200384,-0.034696683,-0.9960278,0],[0.996079,-0.030432861,0.08306818,0],[-0.03319418,-0.9989344,0.032065026,0],[0.4527082,-0.72817266,-0.293734,1]]}},"label":"ARImageAnchor didUpdate"},{"timestamp":1742636195.285497,"label":"ARImageAnchor didUpdate","content":{"transform":{"columns":[[0.08200384,-0.034696683,-0.9960278,0],[0.996079,-0.030432861,0.08306818,0],[-0.03319418,-0.9989344,0.032065026,0],[0.4527082,-0.72817266,-0.293734,1]]},"identifier":"6BAD7D5D-D14A-EF93-1C8B-F6BEC80B8329","name":"Lenna"}},{"timestamp":1742636198.41519,"label":"ARImageAnchor didAdd","content":{"transform":{"columns":[[-0.05236424,-0.015210214,0.99851215,0],[-0.9979465,0.037731778,-0.051759806,0],[-0.036888365,-0.9991721,-0.017154776,0],[1.3226695,0.7418176,-0.1695912,1]]},"identifier":"A19C2489-597B-2BED-432C-244B551E75FD","name":"Mandrill"}},{"timestamp":1742636198.419349,"label":"ARImageAnchor didUpdate","content":{"name":"Mandrill","identifier":"A19C2489-597B-2BED-432C-244B551E75FD","transform":{"columns":[[-0.05236424,-0.015210214,0.99851215,0],[-0.9979465,0.037731778,-0.051759806,0],[-0.036888365,-0.9991721,-0.017154776,0],[1.3226695,0.7418176,-0.1695912,1]]}}},{"content":{"name":"Peppers","transform":{"columns":[[-0.060701102,-0.0073277056,0.998129,0],[-0.99808925,-0.011113387,-0.060780253,0],[0.01153795,-0.9999113,-0.006639111,0],[1.3582822,0.11847344,0.5747345,1]]},"identifier":"61BB3DDD-C96C-6E82-3432-BD712CCBCB28"},"label":"ARImageAnchor didAdd","timestamp":1742636199.977036},{"timestamp":1742636199.985229,"content":{"identifier":"61BB3DDD-C96C-6E82-3432-BD712CCBCB28","name":"Peppers","transform":{"columns":[[-0.060701102,-0.0073277056,0.998129,0],[-0.99808925,-0.011113387,-0.060780253,0],[0.01153795,-0.9999113,-0.006639111,0],[1.3582822,0.11847344,0.5747345,1]]}},"label":"ARImageAnchor didUpdate"},{"label":"ARImageAnchor didUpdate","content":{"name":"Peppers","transform":{"columns":[[-0.0488264,-0.007470909,0.9987792,0],[-0.99875873,-0.009478058,-0.0488963,0],[0.009831765,-0.99992704,-0.006998857,0],[1.3577076,0.12430896,0.5656333,0.9999999]]},"identifier":"61BB3DDD-C96C-6E82-3432-BD712CCBCB28"},"timestamp":1742636200.501436},{"content":{"identifier":"61BB3DDD-C96C-6E82-3432-BD712CCBCB28","transform":{"columns":[[-0.0488264,-0.007470909,0.9987792,0],[-0.99875873,-0.009478058,-0.0488963,0],[0.009831765,-0.99992704,-0.006998857,0],[1.3577076,0.12430896,0.5656333,0.9999999]]},"name":"Peppers"},"label":"ARImageAnchor didUpdate","timestamp":1742636200.518087},{"label":"Bunny didUpdate","content":{"identifier":"CBB7ABDA-69ED-4815-B33E-2907F8E624BF","transform":{"columns":[[-0.10438375,-0.0007636541,-0.99453664,0],[-0.00031176204,0.9999997,-0.00073512725,0],[0.99453694,0.00023332344,-0.10438397,0],[0.09225168,-0.3863107,-0.6704966,1]]},"name":"bunny"},"timestamp":1742636210.150778}]