[{"label":"Application launched","timestamp":1742665122.496436},{"label":"Initialize ARViewModel","timestamp":1742665122.496632},{"label":"Finished Initialize ARViewModel","timestamp":1742665122.498524},{"label":"Initialize AnchorManager","timestamp":1742665122.4985619},{"timestamp":1742665122.498567,"label":"Fininshed Initialize AnchorManager"},{"label":"ContentView Initialize","timestamp":1742665122.498571},{"content":{"position":[0.030782325,-0.22747451,-0.2384273],"beaconName":"DWM3001CDK (8449B511)"},"timestamp":1742665149.3962379,"label":"Finished Ranging"},{"timestamp":1742665149.4496732,"content":{"name":"bunny","identifier":"CD6BB042-7296-45F5-B5B5-EC574FEA41BB","transform":{"columns":[[0.33740258,0,-0.9413605,0],[0,1,0,0],[0.9413605,0,0.33740258,0],[0.030782325,-0.22747451,-0.2384273,1]]}},"label":"Bunny didAdd"},{"timestamp":1742665151.891258,"label":"Bunny didUpdate","content":{"identifier":"CD6BB042-7296-45F5-B5B5-EC574FEA41BB","name":"bunny","transform":{"columns":[[0.33739862,-1.6826614e-05,-0.9413619,0],[0.00021910097,0.99999994,6.0654413e-05,0],[0.94136184,-0.00022671804,0.3373986,0],[0.030760325,-0.22746608,-0.23843324,1]]}}},{"timestamp":1742665152.091233,"label":"Bunny didUpdate","content":{"identifier":"CD6BB042-7296-45F5-B5B5-EC574FEA41BB","transform":{"columns":[[0.33740997,4.8867787e-06,-0.94135773,0],[0.0002298435,0.9999999,8.757378e-05,0],[0.94135773,-0.00024591328,0.33740997,0],[0.03076,-0.22746417,-0.23843615,0.99999994]]},"name":"bunny"}},{"label":"ARImageAnchor didAdd","content":{"identifier":"FF85DBE1-76D3-E459-2D24-8EDCEE263300","name":"Car","transform":{"columns":[[0.99877524,0.011931166,0.04801524,0],[-0.048128817,0.009418779,0.9987966,0],[0.011464563,-0.99988437,0.009981485,0],[-0.2674755,-0.5249461,0.18499228,1]]}},"timestamp":1742665152.382927},{"content":{"name":"Car","identifier":"FF85DBE1-76D3-E459-2D24-8EDCEE263300","transform":{"columns":[[0.99877524,0.011931166,0.04801524,0],[-0.048128817,0.009418779,0.9987966,0],[0.011464563,-0.99988437,0.009981485,0],[-0.2674755,-0.5249461,0.18499228,1]]}},"timestamp":1742665152.3923979,"label":"ARImageAnchor didUpdate"},{"label":"Bunny didUpdate","timestamp":1742665154.890993,"content":{"name":"bunny","identifier":"CD6BB042-7296-45F5-B5B5-EC574FEA41BB","transform":{"columns":[[0.33726597,-0.00012483867,-0.94140935,0],[0.0003847214,0.9999998,5.2207006e-06,0],[0.94140923,-0.0003639412,0.33726597,0],[0.030735135,-0.22746599,-0.23842472,1]]}}},{"timestamp":1742665155.582817,"content":{"transform":{"columns":[[0.9987047,-0.0016176985,-0.0508538,0],[0.050800476,-0.023987513,0.99842054,0],[-0.002834992,-0.9997109,-0.023874264,0],[-1.2642506,0.73163366,-0.33777574,1]]},"name":"Earth","identifier":"088EF783-5990-B052-BE99-B8AA15BA6C68"},"label":"ARImageAnchor didAdd"},{"content":{"name":"Earth","identifier":"088EF783-5990-B052-BE99-B8AA15BA6C68","transform":{"columns":[[0.9987047,-0.0016176985,-0.0508538,0],[0.050800476,-0.023987513,0.99842054,0],[-0.002834992,-0.9997109,-0.023874264,0],[-1.2642506,0.73163366,-0.33777574,1]]}},"timestamp":1742665155.588223,"label":"ARImageAnchor didUpdate"},{"timestamp":1742665158.190281,"label":"Bunny didUpdate","content":{"identifier":"CD6BB042-7296-45F5-B5B5-EC574FEA41BB","transform":{"columns":[[0.33744785,-0.0001623056,-0.94134414,0],[0.0005223392,0.9999997,1.4826335e-05,0],[0.941344,-0.00049670413,0.33744788,0],[0.030733481,-0.22746247,-0.23842978,1]]},"name":"bunny"}},{"content":{"identifier":"CD6BB042-7296-45F5-B5B5-EC574FEA41BB","transform":{"columns":[[0.33741125,-0.00015231271,-0.94135714,0],[0.00052494084,0.9999996,2.6353782e-05,0],[0.9413571,-0.0005030491,0.3374113,0],[0.030730797,-0.22746167,-0.23843007,0.99999994]]},"name":"bunny"},"timestamp":1742665158.4918098,"label":"Bunny didUpdate"},{"content":{"name":"Lenna","identifier":"6BAD7D5D-D14A-EF93-1C8B-F6BEC80B8329","transform":{"columns":[[0.0019437622,-0.034464557,-0.99940383,0],[0.9997998,-0.019825662,0.0026282333,0],[-0.019904418,-0.99920917,0.034419116,0],[0.42784783,-0.52901703,0.12267847,0.99999994]]}},"label":"ARImageAnchor didAdd","timestamp":1742665160.915783},{"label":"ARImageAnchor didUpdate","content":{"transform":{"columns":[[0.0019437622,-0.034464557,-0.99940383,0],[0.9997998,-0.019825662,0.0026282333,0],[-0.019904418,-0.99920917,0.034419116,0],[0.42784783,-0.52901703,0.12267847,0.99999994]]},"name":"Lenna","identifier":"6BAD7D5D-D14A-EF93-1C8B-F6BEC80B8329"},"timestamp":1742665160.923568},{"content":{"name":"Sailboat","transform":{"columns":[[0.99951077,0.0034515725,-0.031076606,0],[0.031053508,0.0065498147,0.99949604,0],[0.0036533796,-0.99997246,0.0064394292,0],[0.5731062,0.89229685,-0.35212335,1]]},"identifier":"C35EAC54-3E90-1B97-807B-5E3B8F238DB7"},"label":"ARImageAnchor didAdd","timestamp":1742665164.64916},{"timestamp":1742665164.655941,"content":{"name":"Sailboat","transform":{"columns":[[0.99951077,0.0034515725,-0.031076606,0],[0.031053508,0.0065498147,0.99949604,0],[0.0036533796,-0.99997246,0.0064394292,0],[0.5731062,0.89229685,-0.35212335,1]]},"identifier":"C35EAC54-3E90-1B97-807B-5E3B8F238DB7"},"label":"ARImageAnchor didUpdate"},{"timestamp":1742665166.782495,"content":{"transform":{"columns":[[-0.011025145,-0.012134629,0.9998655,0],[-0.9985081,0.053609543,-0.010359556,0],[-0.05347662,-0.9984882,-0.012707581,0],[1.2976847,0.9226909,0.20056209,0.99999994]]},"name":"Mandrill","identifier":"A19C2489-597B-2BED-432C-244B551E75FD"},"label":"ARImageAnchor didAdd"},{"label":"ARImageAnchor didUpdate","timestamp":1742665166.7905111,"content":{"identifier":"A19C2489-597B-2BED-432C-244B551E75FD","name":"Mandrill","transform":{"columns":[[-0.011025145,-0.012134629,0.9998655,0],[-0.9985081,0.053609543,-0.010359556,0],[-0.05347662,-0.9984882,-0.012707581,0],[1.2976847,0.9226909,0.20056209,0.99999994]]}}},{"label":"ARImageAnchor didAdd","content":{"name":"Peppers","identifier":"61BB3DDD-C96C-6E82-3432-BD712CCBCB28","transform":{"columns":[[-0.012527864,-0.006407997,0.9999008,0],[-0.99971545,-0.020215485,-0.012655113,0],[0.020294579,-0.999775,-0.006152921,0],[1.3658171,0.3047772,0.9354253,0.99999994]]}},"timestamp":1742665168.9156342},{"timestamp":1742665168.923036,"content":{"transform":{"columns":[[-0.012527864,-0.006407997,0.9999008,0],[-0.99971545,-0.020215485,-0.012655113,0],[0.020294579,-0.999775,-0.006152921,0],[1.3658171,0.3047772,0.9354253,0.99999994]]},"identifier":"61BB3DDD-C96C-6E82-3432-BD712CCBCB28","name":"Peppers"},"label":"ARImageAnchor didUpdate"},{"label":"Bunny didUpdate","timestamp":1742665174.290432,"content":{"name":"bunny","identifier":"CD6BB042-7296-45F5-B5B5-EC574FEA41BB","transform":{"columns":[[0.3365315,-0.0002560567,-0.94167185,0],[0.00096341915,0.9999991,7.238664e-05,0],[0.94167143,-0.00093158573,0.3365316,0],[0.030629294,-0.22744942,-0.23841472,0.9999999]]}}},{"label":"ARImageAnchor didUpdate","content":{"name":"Earth","identifier":"088EF783-5990-B052-BE99-B8AA15BA6C68","transform":{"columns":[[0.99949706,-0.01058036,-0.0298912,0],[0.029175587,-0.062324468,0.9976293,0],[-0.01241823,-0.99799985,-0.06198443,0],[-1.2611156,0.7311338,-0.35789382,1]]}},"timestamp":1742665175.81957},{"label":"ARImageAnchor didUpdate","timestamp":1742665175.854154,"content":{"identifier":"088EF783-5990-B052-BE99-B8AA15BA6C68","transform":{"columns":[[0.99949706,-0.01058036,-0.0298912,0],[0.029175587,-0.062324468,0.9976293,0],[-0.01241823,-0.99799985,-0.06198443,0],[-1.2611156,0.7311338,-0.35789382,1]]},"name":"Earth"}},{"content":{"identifier":"088EF783-5990-B052-BE99-B8AA15BA6C68","name":"Earth","transform":{"columns":[[0.9990831,0.0011522437,-0.042794127,0],[0.042809613,-0.02804168,0.9986895,0],[-4.9284983e-05,-0.9996061,-0.028065296,0],[-1.2689041,0.7340021,-0.36924383,0.99999994]]}},"timestamp":1742665176.8874931,"label":"ARImageAnchor didUpdate"},{"content":{"transform":{"columns":[[0.9990831,0.0011522437,-0.042794127,0],[0.042809613,-0.02804168,0.9986895,0],[-4.9284983e-05,-0.9996061,-0.028065296,0],[-1.2689041,0.7340021,-0.36924383,0.99999994]]},"name":"Earth","identifier":"088EF783-5990-B052-BE99-B8AA15BA6C68"},"timestamp":1742665176.9212441,"label":"ARImageAnchor didUpdate"},{"label":"Bunny didUpdate","content":{"name":"bunny","identifier":"CD6BB042-7296-45F5-B5B5-EC574FEA41BB","transform":{"columns":[[0.33656317,-0.00025584895,-0.9416605,0],[0.0011513515,0.9999989,0.0001398103,0],[0.9416599,-0.001131238,0.33656326,0],[0.03061274,-0.22744125,-0.23842216,1]]}},"timestamp":1742665180.789123},{"timestamp":1742665183.288219,"label":"ARImageAnchor didUpdate","content":{"identifier":"C35EAC54-3E90-1B97-807B-5E3B8F238DB7","name":"Sailboat","transform":{"columns":[[0.99956733,0.009330414,-0.027889883,0],[0.027665462,0.023374144,0.99934375,0],[0.009976183,-0.99968314,0.023105897,0],[0.57467175,0.9149327,-0.34435037,0.99999994]]}}},{"content":{"transform":{"columns":[[0.99956733,0.009330414,-0.027889883,0],[0.027665462,0.023374144,0.99934375,0],[0.009976183,-0.99968314,0.023105897,0],[0.57467175,0.9149327,-0.34435037,0.99999994]]},"name":"Sailboat","identifier":"C35EAC54-3E90-1B97-807B-5E3B8F238DB7"},"timestamp":1742665183.322001,"label":"ARImageAnchor didUpdate"},{"timestamp":1742665184.889389,"label":"ARImageAnchor didUpdate","content":{"identifier":"A19C2489-597B-2BED-432C-244B551E75FD","transform":{"columns":[[0.011876851,-0.014571899,0.9998232,0],[-0.99845856,0.054040425,0.012648244,0],[-0.054215193,-0.99843234,-0.013907609,0],[1.3012271,0.9368168,0.2116294,0.99999994]]},"name":"Mandrill"}},{"label":"ARImageAnchor didUpdate","content":{"identifier":"A19C2489-597B-2BED-432C-244B551E75FD","transform":{"columns":[[0.011876851,-0.014571899,0.9998232,0],[-0.99845856,0.054040425,0.012648244,0],[-0.054215193,-0.99843234,-0.013907609,0],[1.3012271,0.9368168,0.2116294,0.99999994]]},"name":"Mandrill"},"timestamp":1742665184.9227118},{"content":{"transform":{"columns":[[0.33648166,-0.00029398012,-0.9416896,0],[0.0011949184,0.9999988,0.00011478134,0],[0.94168895,-0.0011638649,0.33648178,0],[0.030603053,-0.22744185,-0.23841785,0.99999994]]},"identifier":"CD6BB042-7296-45F5-B5B5-EC574FEA41BB","name":"bunny"},"timestamp":1742665187.888931,"label":"Bunny didUpdate"},{"timestamp":1742665189.8888922,"content":{"name":"bunny","transform":{"columns":[[0.33643654,-0.00039478487,-0.94170564,0],[0.0012782096,0.9999987,3.7434358e-05,0],[0.94170487,-0.0012162924,0.3364368,0],[0.03059181,-0.22744486,-0.23840915,0.99999994]]},"identifier":"CD6BB042-7296-45F5-B5B5-EC574FEA41BB"},"label":"Bunny didUpdate"}]