[{"label":"Application launched","timestamp":1742675511.768087},{"label":"Initialize ARViewModel","timestamp":1742675511.768167},{"timestamp":1742675511.768775,"label":"Finished Initialize ARViewModel"},{"label":"Initialize AnchorManager","timestamp":1742675511.768784},{"timestamp":1742675511.7687879,"label":"Fininshed Initialize AnchorManager"},{"timestamp":1742675511.7687922,"label":"ContentView Initialize"},{"content":{"beaconName":"DWM3001CDK (8449B511)","position":[0.13037145,-0.37587807,-0.46120268]},"timestamp":1742675534.483,"label":"Finished Ranging"},{"label":"Bunny didAdd","content":{"name":"bunny","identifier":"30DAB721-A0F4-426D-9A81-D8DB2C033608","transform":{"columns":[[-0.2309984,0,-0.97295403,0],[0,1,0,0],[0.97295403,0,-0.2309984,0],[0.13037145,-0.37587807,-0.46120268,1]]}},"timestamp":1742675534.505784},{"content":{"identifier":"FF85DBE1-76D3-E459-2D24-8EDCEE263300","transform":{"columns":[[0.9994936,0.008139881,0.030758781,0],[-0.030939166,0.023056231,0.9992551,0],[0.0074246507,-0.99970096,0.02329634,0],[-0.1740115,-0.6652466,-0.036742628,1.0000001]]},"name":"Car"},"timestamp":1742675536.6221452,"label":"ARImageAnchor didAdd"},{"label":"ARImageAnchor didUpdate","content":{"name":"Car","transform":{"columns":[[0.9994936,0.008139881,0.030758781,0],[-0.030939166,0.023056231,0.9992551,0],[0.0074246507,-0.99970096,0.02329634,0],[-0.1740115,-0.6652466,-0.036742628,1.0000001]]},"identifier":"FF85DBE1-76D3-E459-2D24-8EDCEE263300"},"timestamp":1742675536.63021},{"label":"ARImageAnchor didAdd","content":{"transform":{"columns":[[0.9996322,-0.0019502516,-0.027043607,0],[0.026797203,-0.08093003,0.9963593,0],[-0.004131794,-0.9967177,-0.08084799,0],[-1.1667584,0.5845655,-0.569043,1]]},"identifier":"088EF783-5990-B052-BE99-B8AA15BA6C68","name":"Earth"},"timestamp":1742675540.338807},{"label":"ARImageAnchor didUpdate","timestamp":1742675540.345923,"content":{"transform":{"columns":[[0.9996322,-0.0019502516,-0.027043607,0],[0.026797203,-0.08093003,0.9963593,0],[-0.004131794,-0.9967177,-0.08084799,0],[-1.1667584,0.5845655,-0.569043,1]]},"name":"Earth","identifier":"088EF783-5990-B052-BE99-B8AA15BA6C68"}},{"timestamp":1742675546.205097,"label":"ARImageAnchor didAdd","content":{"transform":{"columns":[[0.0329162,-0.04012448,-0.9986522,0],[0.9975561,-0.060292345,0.03530257,0],[-0.061627567,-0.9973739,0.03804182,0],[0.5169091,-0.6640664,-0.09272401,0.99999994]]},"identifier":"6BAD7D5D-D14A-EF93-1C8B-F6BEC80B8329","name":"Lenna"}},{"content":{"name":"Lenna","transform":{"columns":[[0.0329162,-0.04012448,-0.9986522,0],[0.9975561,-0.060292345,0.03530257,0],[-0.061627567,-0.9973739,0.03804182,0],[0.5169091,-0.6640664,-0.09272401,0.99999994]]},"identifier":"6BAD7D5D-D14A-EF93-1C8B-F6BEC80B8329"},"label":"ARImageAnchor didUpdate","timestamp":1742675546.213074},{"timestamp":1742675549.888332,"label":"ARImageAnchor didAdd","content":{"name":"Sailboat","identifier":"C35EAC54-3E90-1B97-807B-5E3B8F238DB7","transform":{"columns":[[0.9999966,0.0023783196,0.00078360166,0],[-0.0007296052,-0.022612447,0.9997439,0],[0.0023954296,-0.99974144,-0.022610622,0],[0.6564929,0.75597614,-0.58400434,0.99999994]]}}},{"timestamp":1742675549.895555,"label":"ARImageAnchor didUpdate","content":{"name":"Sailboat","identifier":"C35EAC54-3E90-1B97-807B-5E3B8F238DB7","transform":{"columns":[[0.9999966,0.0023783196,0.00078360166,0],[-0.0007296052,-0.022612447,0.9997439,0],[0.0023954296,-0.99974144,-0.022610622,0],[0.6564929,0.75597614,-0.58400434,0.99999994]]}}},{"label":"ARImageAnchor didAdd","timestamp":1742675552.004921,"content":{"transform":{"columns":[[-0.014868054,-0.0154658565,0.9997697,0],[-0.9994425,0.030115955,-0.014397381,0],[-0.029886352,-0.9994267,-0.015905004,0],[1.3791515,0.7845904,-0.027330855,0.99999994]]},"name":"Mandrill","identifier":"A19C2489-597B-2BED-432C-244B551E75FD"}},{"label":"ARImageAnchor didUpdate","timestamp":1742675552.012677,"content":{"transform":{"columns":[[-0.014868054,-0.0154658565,0.9997697,0],[-0.9994425,0.030115955,-0.014397381,0],[-0.029886352,-0.9994267,-0.015905004,0],[1.3791515,0.7845904,-0.027330855,0.99999994]]},"name":"Mandrill","identifier":"A19C2489-597B-2BED-432C-244B551E75FD"}},{"content":{"identifier":"61BB3DDD-C96C-6E82-3432-BD712CCBCB28","transform":{"columns":[[0.009839035,-0.008507446,0.9999153,0],[-0.9999474,0.0027126847,0.009862381,0],[-0.0027964131,-0.99996006,-0.00848031,0],[1.4517533,0.16813052,0.70895046,0.9999999]]},"name":"Peppers"},"label":"ARImageAnchor didAdd","timestamp":1742675554.104807},{"content":{"name":"Peppers","identifier":"61BB3DDD-C96C-6E82-3432-BD712CCBCB28","transform":{"columns":[[0.009839035,-0.008507446,0.9999153,0],[-0.9999474,0.0027126847,0.009862381,0],[-0.0027964131,-0.99996006,-0.00848031,0],[1.4517533,0.16813052,0.70895046,0.9999999]]}},"timestamp":1742675554.112314,"label":"ARImageAnchor didUpdate"},{"timestamp":1742675561.5299869,"content":{"transform":{"columns":[[0.99891686,0.014671284,0.044153694,0],[-0.044268433,0.007587783,0.9989907,0],[0.014321421,-0.9998635,0.008228988,0],[-0.18669386,-0.6734339,-0.029558405,1]]},"name":"Car","identifier":"FF85DBE1-76D3-E459-2D24-8EDCEE263300"},"label":"ARImageAnchor didUpdate"},{"timestamp":1742675561.546032,"label":"ARImageAnchor didUpdate","content":{"name":"Car","identifier":"FF85DBE1-76D3-E459-2D24-8EDCEE263300","transform":{"columns":[[0.99891686,0.014671284,0.044153694,0],[-0.044268433,0.007587783,0.9989907,0],[0.014321421,-0.9998635,0.008228988,0],[-0.18669386,-0.6734339,-0.029558405,1]]}}},{"label":"Bunny didUpdate","content":{"identifier":"30DAB721-A0F4-426D-9A81-D8DB2C033608","name":"bunny","transform":{"columns":[[-0.23079193,0.00083328673,-0.97300243,0],[-0.0010669826,0.9999986,0.0011094898,0],[0.97300225,0.0012942386,-0.23079072,0],[0.13090536,-0.3753264,-0.46164787,1]]}},"timestamp":1742675561.579721},{"timestamp":1742675564.729508,"content":{"transform":{"columns":[[0.99966013,-9.451393e-05,-0.026064321,0],[0.026055831,-0.02220758,0.99941367,0],[-0.0006732847,-0.99975324,-0.022197573,0],[-1.1777377,0.58872986,-0.59817743,1]]},"name":"Earth","identifier":"088EF783-5990-B052-BE99-B8AA15BA6C68"},"label":"ARImageAnchor didUpdate"},{"timestamp":1742675564.745109,"content":{"transform":{"columns":[[0.99966013,-9.451393e-05,-0.026064321,0],[0.026055831,-0.02220758,0.99941367,0],[-0.0006732847,-0.99975324,-0.022197573,0],[-1.1777377,0.58872986,-0.59817743,1]]},"name":"Earth","identifier":"088EF783-5990-B052-BE99-B8AA15BA6C68"},"label":"ARImageAnchor didUpdate"},{"timestamp":1742675565.261932,"content":{"identifier":"088EF783-5990-B052-BE99-B8AA15BA6C68","transform":{"columns":[[0.9999855,-0.00012558757,-0.0053282115,0],[0.0053292094,0.010582077,0.99992967,0],[-6.919671e-05,-0.9999439,0.010582593,0],[-1.172062,0.58682775,-0.58708996,1]]},"name":"Earth"},"label":"ARImageAnchor didUpdate"},{"timestamp":1742675565.27817,"content":{"identifier":"088EF783-5990-B052-BE99-B8AA15BA6C68","name":"Earth","transform":{"columns":[[0.9999855,-0.00012558757,-0.0053282115,0],[0.0053292094,0.010582077,0.99992967,0],[-6.919671e-05,-0.9999439,0.010582593,0],[-1.172062,0.58682775,-0.58708996,1]]}},"label":"ARImageAnchor didUpdate"},{"label":"Bunny didUpdate","content":{"name":"bunny","identifier":"30DAB721-A0F4-426D-9A81-D8DB2C033608","transform":{"columns":[[-0.23071614,0.0011127681,-0.97302,0],[-0.0010121393,0.9999981,0.0013836125,0],[0.97302,0.0013040543,-0.23071468,0],[0.1309292,-0.37516314,-0.46175992,1]]}},"timestamp":1742675567.363661},{"timestamp":1742675581.878209,"content":{"transform":{"columns":[[-0.23109081,0.0015544856,-0.9729304,0],[-0.0008497041,0.9999973,0.0017995534,0],[0.97293097,0.0012425641,-0.23108903,0],[0.13064396,-0.374909,-0.46188736,1]]},"name":"bunny","identifier":"30DAB721-A0F4-426D-9A81-D8DB2C033608"},"label":"Bunny didUpdate"}]