[{"timestamp":1742663632.1441011,"label":"Application launched"},{"timestamp":1742663632.144174,"label":"Initialize ARViewModel"},{"timestamp":1742663632.144967,"label":"Finished Initialize ARViewModel"},{"timestamp":1742663632.1449819,"label":"Initialize AnchorManager"},{"timestamp":1742663632.144987,"label":"Fininshed Initialize AnchorManager"},{"timestamp":1742663632.1449919,"label":"ContentView Initialize"},{"content":{"beaconName":"DWM3001CDK (8449B511)","position":[-0.016307492,-0.052414577,-0.055582643]},"timestamp":1742663655.211811,"label":"Finished Ranging"},{"timestamp":1742663655.266807,"label":"Bunny didAdd","content":{"transform":{"columns":[[-0.6687751,0,-0.7434649,0],[0,1,0,0],[0.7434649,0,-0.6687751,0],[-0.016307492,-0.052414577,-0.055582643,1]]},"name":"bunny","identifier":"61FE1721-2C98-4749-9532-FCD4C77F2E06"}},{"content":{"transform":{"columns":[[-0.66867465,0.0002338357,-0.7435553,0],[9.088119e-05,1.0000001,0.00023275448,0],[0.7435553,8.8061795e-05,-0.66867465,0],[-0.01630301,-0.052401055,-0.055591308,1.0000001]]},"name":"bunny","identifier":"61FE1721-2C98-4749-9532-FCD4C77F2E06"},"timestamp":1742663657.441689,"label":"Bunny didUpdate"},{"timestamp":1742663657.7998881,"label":"ARImageAnchor didAdd","content":{"identifier":"FF85DBE1-76D3-E459-2D24-8EDCEE263300","name":"Car","transform":{"columns":[[0.9208275,0.005977988,-0.38992468,0],[0.38983908,-0.04006762,0.9200111,0],[-0.010123531,-0.9991791,-0.039225798,0],[-0.11525771,-0.36353514,0.48075572,1.0000001]]}}},{"timestamp":1742663657.8074532,"content":{"transform":{"columns":[[0.9208275,0.005977988,-0.38992468,0],[0.38983908,-0.04006762,0.9200111,0],[-0.010123531,-0.9991791,-0.039225798,0],[-0.11525771,-0.36353514,0.48075572,1.0000001]]},"name":"Car","identifier":"FF85DBE1-76D3-E459-2D24-8EDCEE263300"},"label":"ARImageAnchor didUpdate"},{"label":"ARImageAnchor didAdd","content":{"identifier":"088EF783-5990-B052-BE99-B8AA15BA6C68","transform":{"columns":[[0.88674587,-0.0005379986,-0.4622571,0],[0.46220377,-0.01420476,0.88666004,0],[-0.007043262,-0.99989897,-0.01234733,0],[-1.2485952,0.8908222,0.41960293,0.99999994]]},"name":"Earth"},"timestamp":1742663660.999971},{"timestamp":1742663661.006061,"label":"ARImageAnchor didUpdate","content":{"name":"Earth","identifier":"088EF783-5990-B052-BE99-B8AA15BA6C68","transform":{"columns":[[0.88674587,-0.0005379986,-0.4622571,0],[0.46220377,-0.01420476,0.88666004,0],[-0.007043262,-0.99989897,-0.01234733,0],[-1.2485952,0.8908222,0.41960293,0.99999994]]}}},{"content":{"identifier":"088EF783-5990-B052-BE99-B8AA15BA6C68","transform":{"columns":[[0.8870356,0.0002707235,-0.4617012,0],[0.46170118,-0.0012097626,0.88703495,0],[-0.00031840915,-0.9999993,-0.0011980952,0],[-1.2572432,0.89358515,0.41180408,1.0000001]]},"name":"Earth"},"timestamp":1742663664.1724892,"label":"ARImageAnchor didUpdate"},{"label":"ARImageAnchor didUpdate","content":{"identifier":"088EF783-5990-B052-BE99-B8AA15BA6C68","transform":{"columns":[[0.8870356,0.0002707235,-0.4617012,0],[0.46170118,-0.0012097626,0.88703495,0],[-0.00031840915,-0.9999993,-0.0011980952,0],[-1.2572432,0.89358515,0.41180408,1.0000001]]},"name":"Earth"},"timestamp":1742663664.206363},{"timestamp":1742663667.678218,"content":{"name":"bunny","transform":{"columns":[[-0.66844404,0.00052902027,-0.7437624,0],[0.00010522981,1,0.00061670254,0],[0.7437626,0.00033396503,-0.66844404,0],[-0.016287163,-0.052380726,-0.055606857,1]]},"identifier":"61FE1721-2C98-4749-9532-FCD4C77F2E06"},"label":"Bunny didUpdate"},{"content":{"name":"Lenna","identifier":"6BAD7D5D-D14A-EF93-1C8B-F6BEC80B8329","transform":{"columns":[[-0.42424247,-0.039237753,-0.90469825,0],[0.9055488,-0.01822411,-0.4238509,0],[0.00014366001,-0.9990638,0.04326314,0],[0.4962662,-0.36850032,0.112196475,1]]}},"timestamp":1742663670.066118,"label":"ARImageAnchor didAdd"},{"timestamp":1742663670.073234,"label":"ARImageAnchor didUpdate","content":{"transform":{"columns":[[-0.42424247,-0.039237753,-0.90469825,0],[0.9055488,-0.01822411,-0.4238509,0],[0.00014366001,-0.9990638,0.04326314,0],[0.4962662,-0.36850032,0.112196475,1]]},"name":"Lenna","identifier":"6BAD7D5D-D14A-EF93-1C8B-F6BEC80B8329"}},{"timestamp":1742663670.140424,"label":"Bunny didUpdate","content":{"identifier":"61FE1721-2C98-4749-9532-FCD4C77F2E06","name":"bunny","transform":{"columns":[[-0.66853034,0.00077144406,-0.74368465,0],[0.0002700782,1,0.000794542,0],[0.74368507,0.00033032228,-0.66853034,0],[-0.016297996,-0.052369013,-0.055610254,1]]}}},{"content":{"name":"Lenna","identifier":"6BAD7D5D-D14A-EF93-1C8B-F6BEC80B8329","transform":{"columns":[[-0.4234233,-0.037817664,-0.9051425,0],[0.9055159,-0.047950435,-0.42159453,0],[-0.027458241,-0.9981336,0.05454782,0],[0.49774724,-0.36449412,0.113548346,1.0000001]]}},"timestamp":1742663671.107348,"label":"ARImageAnchor didUpdate"},{"label":"ARImageAnchor didUpdate","timestamp":1742663671.13904,"content":{"identifier":"6BAD7D5D-D14A-EF93-1C8B-F6BEC80B8329","transform":{"columns":[[-0.4234233,-0.037817664,-0.9051425,0],[0.9055159,-0.047950435,-0.42159453,0],[-0.027458241,-0.9981336,0.05454782,0],[0.49774724,-0.36449412,0.113548346,1.0000001]]},"name":"Lenna"}},{"timestamp":1742663673.5407429,"content":{"name":"bunny","transform":{"columns":[[-0.66871715,0.0012727535,-0.743516,0],[0.00047802847,0.9999996,0.0012818652,0],[0.743517,0.0005017831,-0.66871715,0],[-0.016317144,-0.052340418,-0.055620596,1]]},"identifier":"61FE1721-2C98-4749-9532-FCD4C77F2E06"},"label":"Bunny didUpdate"},{"timestamp":1742663674.865971,"label":"ARImageAnchor didAdd","content":{"transform":{"columns":[[0.8978957,0.002575444,-0.440201,0],[0.44007525,0.019361088,0.8977524,0],[0.010834885,-0.9998092,0.016250849,0],[0.41040045,1.057613,-0.38412446,1]]},"name":"Sailboat","identifier":"C35EAC54-3E90-1B97-807B-5E3B8F238DB7"}},{"label":"ARImageAnchor didUpdate","content":{"transform":{"columns":[[0.8978957,0.002575444,-0.440201,0],[0.44007525,0.019361088,0.8977524,0],[0.010834885,-0.9998092,0.016250849,0],[0.41040045,1.057613,-0.38412446,1]]},"name":"Sailboat","identifier":"C35EAC54-3E90-1B97-807B-5E3B8F238DB7"},"timestamp":1742663674.8727121},{"timestamp":1742663675.907011,"label":"ARImageAnchor didUpdate","content":{"name":"Sailboat","identifier":"C35EAC54-3E90-1B97-807B-5E3B8F238DB7","transform":{"columns":[[0.89776677,0.0019500017,-0.4404671,0],[0.43994066,0.045106445,0.8968935,0],[0.021616848,-0.99898034,0.039637182,0],[0.4086544,1.0622346,-0.3861556,1]]}}},{"content":{"identifier":"C35EAC54-3E90-1B97-807B-5E3B8F238DB7","transform":{"columns":[[0.89776677,0.0019500017,-0.4404671,0],[0.43994066,0.045106445,0.8968935,0],[0.021616848,-0.99898034,0.039637182,0],[0.4086544,1.0622346,-0.3861556,1]]},"name":"Sailboat"},"timestamp":1742663675.939227,"label":"ARImageAnchor didUpdate"},{"label":"ARImageAnchor didAdd","timestamp":1742663678.599217,"content":{"name":"Mandrill","identifier":"A19C2489-597B-2BED-432C-244B551E75FD","transform":{"columns":[[0.43130615,-0.012549533,0.90211856,0],[-0.9010335,0.044963915,0.43141285,0],[-0.04597681,-0.99890983,0.008085661,0],[1.3035818,1.0857279,-0.19184276,1]]}}},{"label":"ARImageAnchor didUpdate","content":{"name":"Mandrill","identifier":"A19C2489-597B-2BED-432C-244B551E75FD","transform":{"columns":[[0.43130615,-0.012549533,0.90211856,0],[-0.9010335,0.044963915,0.43141285,0],[-0.04597681,-0.99890983,0.008085661,0],[1.3035818,1.0857279,-0.19184276,1]]}},"timestamp":1742663678.607461},{"label":"ARImageAnchor didAdd","content":{"name":"Peppers","identifier":"61BB3DDD-C96C-6E82-3432-BD712CCBCB28","transform":{"columns":[[0.42407805,-0.0057490626,0.9056075,0],[-0.905589,-0.011701998,0.42399508,0],[0.008159865,-0.99991494,-0.010168855,0],[1.6747221,0.47161853,0.43777213,0.9999999]]}},"timestamp":1742663681.265707},{"timestamp":1742663681.273139,"content":{"identifier":"61BB3DDD-C96C-6E82-3432-BD712CCBCB28","name":"Peppers","transform":{"columns":[[0.42407805,-0.0057490626,0.9056075,0],[-0.905589,-0.011701998,0.42399508,0],[0.008159865,-0.99991494,-0.010168855,0],[1.6747221,0.47161853,0.43777213,0.9999999]]}},"label":"ARImageAnchor didUpdate"},{"label":"Bunny didUpdate","content":{"identifier":"61FE1721-2C98-4749-9532-FCD4C77F2E06","transform":{"columns":[[-0.66886747,0.001538829,-0.7433802,0],[0.0005126686,0.99999917,0.0016087606,0],[0.7433816,0.0006949395,-0.66886735,0],[-0.016328737,-0.05232276,-0.055626974,1]]},"name":"bunny"},"timestamp":1742663685.970829},{"label":"ARImageAnchor didUpdate","timestamp":1742663689.2396069,"content":{"transform":{"columns":[[0.43316138,-0.011637784,0.9012414,0],[-0.89928126,0.061579164,0.43301442,0],[-0.060537014,-0.9980344,0.016208094,0],[1.3331589,1.1008235,-0.19898531,1]]},"identifier":"A19C2489-597B-2BED-432C-244B551E75FD","name":"Mandrill"}},{"timestamp":1742663689.271704,"label":"ARImageAnchor didUpdate","content":{"transform":{"columns":[[0.43316138,-0.011637784,0.9012414,0],[-0.89928126,0.061579164,0.43301442,0],[-0.060537014,-0.9980344,0.016208094,0],[1.3331589,1.1008235,-0.19898531,1]]},"name":"Mandrill","identifier":"A19C2489-597B-2BED-432C-244B551E75FD"}},{"content":{"identifier":"C35EAC54-3E90-1B97-807B-5E3B8F238DB7","name":"Sailboat","transform":{"columns":[[0.901437,0.0022835922,-0.43290496,0],[0.43284252,0.013018833,0.9013757,0],[0.0076942933,-0.9999127,0.010747214,0],[0.42794424,1.075375,-0.39551836,1]]}},"timestamp":1742663690.838488,"label":"ARImageAnchor didUpdate"},{"content":{"transform":{"columns":[[0.901437,0.0022835922,-0.43290496,0],[0.43284252,0.013018833,0.9013757,0],[0.0076942933,-0.9999127,0.010747214,0],[0.42794424,1.075375,-0.39551836,1]]},"name":"Sailboat","identifier":"C35EAC54-3E90-1B97-807B-5E3B8F238DB7"},"timestamp":1742663690.872458,"label":"ARImageAnchor didUpdate"},{"label":"Bunny didUpdate","content":{"transform":{"columns":[[-0.669034,0.0015989816,-0.7432301,0],[0.0005019356,0.99999917,0.0016995659,0],[0.7432317,0.00076401315,-0.66903377,0],[-0.016340166,-0.05231814,-0.055626318,1]]},"identifier":"61FE1721-2C98-4749-9532-FCD4C77F2E06","name":"bunny"},"timestamp":1742663691.241952},{"timestamp":1742663691.337933,"label":"Bunny didUpdate","content":{"identifier":"61FE1721-2C98-4749-9532-FCD4C77F2E06","transform":{"columns":[[-0.6690379,0.0015888686,-0.74322665,0],[0.00049670244,0.99999934,0.0016906755,0],[0.74322814,0.0007619628,-0.6690376,0],[-0.016340315,-0.052318692,-0.05562599,1]]},"name":"bunny"}},{"timestamp":1742663691.371643,"label":"ARImageAnchor didUpdate","content":{"identifier":"C35EAC54-3E90-1B97-807B-5E3B8F238DB7","transform":{"columns":[[0.90867615,0.000675992,-0.41750157,0],[0.4174677,0.011358341,0.9086209,0],[0.005356347,-0.99993527,0.0100388555,0],[0.40848795,1.0659151,-0.3879676,1]]},"name":"Sailboat"}},{"timestamp":1742663691.4059482,"content":{"name":"Sailboat","identifier":"C35EAC54-3E90-1B97-807B-5E3B8F238DB7","transform":{"columns":[[0.90867615,0.000675992,-0.41750157,0],[0.4174677,0.011358341,0.9086209,0],[0.005356347,-0.99993527,0.0100388555,0],[0.40848795,1.0659151,-0.3879676,1]]}},"label":"ARImageAnchor didUpdate"},{"label":"Bunny didUpdate","content":{"name":"bunny","identifier":"61FE1721-2C98-4749-9532-FCD4C77F2E06","transform":{"columns":[[-0.6690489,0.0015810299,-0.74321663,0],[0.0004981316,0.9999994,0.0016788575,0],[0.7432181,0.00075301714,-0.66904855,0],[-0.016341113,-0.05231929,-0.055625424,1]]}},"timestamp":1742663691.739977},{"label":"Bunny didUpdate","timestamp":1742663691.8383741,"content":{"identifier":"61FE1721-2C98-4749-9532-FCD4C77F2E06","transform":{"columns":[[-0.66905177,0.0015777099,-0.743214,0],[0.0004978363,0.9999995,0.0016746606,0],[0.7432154,0.00075043476,-0.6690514,0],[-0.016341314,-0.05231951,-0.055625245,1]]},"name":"bunny"}},{"content":{"name":"bunny","transform":{"columns":[[-0.6690552,0.0015763234,-0.7432109,0],[0.0004978665,0.9999998,0.0016727733,0],[0.74321234,0.0007491567,-0.6690549,0],[-0.016341552,-0.05231962,-0.055625103,1.0000001]]},"identifier":"61FE1721-2C98-4749-9532-FCD4C77F2E06"},"label":"Bunny didUpdate","timestamp":1742663691.939861},{"content":{"identifier":"61FE1721-2C98-4749-9532-FCD4C77F2E06","name":"bunny","transform":{"columns":[[-0.66899455,0.0017136384,-0.7432651,0],[0.000596332,0.99999964,0.0017688106,0],[0.7432668,0.0007400908,-0.66899437,0],[-0.016340122,-0.05231312,-0.05562906,1]]}},"timestamp":1742663696.639013,"label":"Bunny didUpdate"},{"content":{"name":"Peppers","transform":{"columns":[[0.43395448,-0.007416712,0.9009045,0],[-0.90093476,-0.0041032024,0.4339354,0],[0.00047822238,-0.9999641,-0.008462598,0],[1.7024739,0.47625962,0.4478122,1]]},"identifier":"61BB3DDD-C96C-6E82-3432-BD712CCBCB28"},"label":"ARImageAnchor didUpdate","timestamp":1742663705.2384272},{"timestamp":1742663705.271926,"label":"ARImageAnchor didUpdate","content":{"identifier":"61BB3DDD-C96C-6E82-3432-BD712CCBCB28","name":"Peppers","transform":{"columns":[[0.43395448,-0.007416712,0.9009045,0],[-0.90093476,-0.0041032024,0.4339354,0],[0.00047822238,-0.9999641,-0.008462598,0],[1.7024739,0.47625962,0.4478122,1]]}}},{"timestamp":1742663708.974811,"label":"ARImageAnchor didUpdate","content":{"name":"Mandrill","identifier":"A19C2489-597B-2BED-432C-244B551E75FD","transform":{"columns":[[0.4298284,-0.011387744,0.90283895,0],[-0.9008661,0.061846104,0.4296691,0],[-0.060730033,-0.99802077,0.016324356,0],[1.3230188,1.0981023,-0.19176303,0.99999994]]}}},{"label":"ARImageAnchor didUpdate","content":{"transform":{"columns":[[0.4298284,-0.011387744,0.90283895,0],[-0.9008661,0.061846104,0.4296691,0],[-0.060730033,-0.99802077,0.016324356,0],[1.3230188,1.0981023,-0.19176303,0.99999994]]},"identifier":"A19C2489-597B-2BED-432C-244B551E75FD","name":"Mandrill"},"timestamp":1742663709.0056329},{"label":"Bunny didUpdate","timestamp":1742663709.638966,"content":{"name":"bunny","transform":{"columns":[[-0.6689944,0.001928092,-0.7432647,0],[0.0007040324,0.9999993,0.001960402,0],[0.74326676,0.00078821415,-0.6689943,0],[-0.016343199,-0.05230151,-0.055634513,1]]},"identifier":"61FE1721-2C98-4749-9532-FCD4C77F2E06"}}]