[{"timestamp":1742657919.28531,"label":"Application launched"},{"label":"Initialize ARViewModel","timestamp":1742657919.285389},{"timestamp":1742657919.286176,"label":"Finished Initialize ARViewModel"},{"timestamp":1742657919.2861872,"label":"Initialize AnchorManager"},{"label":"Fininshed Initialize AnchorManager","timestamp":1742657919.286191},{"label":"ContentView Initialize","timestamp":1742657919.286196},{"content":{"beaconName":"DWM3001CDK (8449B511)","position":[-0.081217505,-0.37435925,-0.6780304]},"label":"Finished Ranging","timestamp":1742657942.886047},{"label":"Bunny didAdd","timestamp":1742657942.942154,"content":{"identifier":"156D7F10-B89F-4D9D-A7DA-E3B7FAD2E57E","name":"bunny","transform":{"columns":[[0.31435353,0,-0.949306,0],[0,1,0,0],[0.949306,0,0.31435353,0],[-0.081217505,-0.37435925,-0.6780304,1]]}}},{"label":"ARImageAnchor didAdd","content":{"name":"Car","identifier":"FF85DBE1-76D3-E459-2D24-8EDCEE263300","transform":{"columns":[[0.94201696,0.015818272,0.33519197,0],[-0.3355354,0.031132448,0.94151294,0],[0.0044577527,-0.99938995,0.03463488,0],[-0.48833096,-0.6957651,-0.36045483,1]]}},"timestamp":1742657945.475041},{"timestamp":1742657945.483028,"label":"ARImageAnchor didUpdate","content":{"identifier":"FF85DBE1-76D3-E459-2D24-8EDCEE263300","transform":{"columns":[[0.94201696,0.015818272,0.33519197,0],[-0.3355354,0.031132448,0.94151294,0],[0.0044577527,-0.99938995,0.03463488,0],[-0.48833096,-0.6957651,-0.36045483,1]]},"name":"Car"}},{"content":{"name":"bunny","identifier":"156D7F10-B89F-4D9D-A7DA-E3B7FAD2E57E","transform":{"columns":[[0.31437737,-9.9922385e-05,-0.949298,0],[0.00019612336,0.9999999,-4.03094e-05,0],[0.949298,-0.00017350716,0.3143774,0],[-0.08120985,-0.37435287,-0.6780322,0.99999994]]}},"timestamp":1742657945.982743,"label":"Bunny didUpdate"},{"timestamp":1742657949.741627,"label":"ARImageAnchor didAdd","content":{"identifier":"088EF783-5990-B052-BE99-B8AA15BA6C68","transform":{"columns":[[0.9616568,0.00058172725,0.27425474,0],[-0.2741755,-0.02208029,0.9614261,0],[0.006614911,-0.99975586,-0.021074168,0],[-1.2910007,0.5561166,-1.1707404,1]]},"name":"Earth"}},{"content":{"name":"Earth","identifier":"088EF783-5990-B052-BE99-B8AA15BA6C68","transform":{"columns":[[0.9616568,0.00058172725,0.27425474,0],[-0.2741755,-0.02208029,0.9614261,0],[0.006614911,-0.99975586,-0.021074168,0],[-1.2910007,0.5561166,-1.1707404,1]]}},"timestamp":1742657949.748904,"label":"ARImageAnchor didUpdate"},{"content":{"transform":{"columns":[[0.31462827,8.582049e-05,-0.94921476,0],[0.0005253681,0.9999996,0.00026455146,0],[0.94921476,-0.00058192265,0.31462818,0],[-0.081195205,-0.37434146,-0.6780277,0.9999999]]},"identifier":"156D7F10-B89F-4D9D-A7DA-E3B7FAD2E57E","name":"bunny"},"label":"Bunny didUpdate","timestamp":1742657954.616805},{"content":{"identifier":"156D7F10-B89F-4D9D-A7DA-E3B7FAD2E57E","transform":{"columns":[[0.31463617,8.795375e-05,-0.94921213,0],[0.00054217724,0.9999996,0.00027237574,0],[0.9492122,-0.00060034066,0.31463614,0],[-0.08119472,-0.37434062,-0.6780274,1]]},"name":"bunny"},"label":"Bunny didUpdate","timestamp":1742657954.7176828},{"timestamp":1742657955.60779,"label":"ARImageAnchor didAdd","content":{"name":"Lenna","identifier":"6BAD7D5D-D14A-EF93-1C8B-F6BEC80B8329","transform":{"columns":[[0.29929766,-0.032447353,-0.95360786,0],[0.9536226,-0.023354154,0.30009702,0],[-0.032008037,-0.9992004,0.023952683,0],[0.20397612,-0.6990798,-0.23119104,1]]}}},{"timestamp":1742657955.6156921,"label":"ARImageAnchor didUpdate","content":{"identifier":"6BAD7D5D-D14A-EF93-1C8B-F6BEC80B8329","name":"Lenna","transform":{"columns":[[0.29929766,-0.032447353,-0.95360786,0],[0.9536226,-0.023354154,0.30009702,0],[-0.032008037,-0.9992004,0.023952683,0],[0.20397612,-0.6990798,-0.23119104,1]]}}},{"timestamp":1742657959.716954,"label":"Bunny didUpdate","content":{"transform":{"columns":[[0.31469905,0.00019949743,-0.9491914,0],[0.00047846313,0.9999996,0.0003688079,0],[0.94919145,-0.0005702167,0.314699,0],[-0.081196494,-0.37434205,-0.67802584,1]]},"name":"bunny","identifier":"156D7F10-B89F-4D9D-A7DA-E3B7FAD2E57E"}},{"timestamp":1742657960.474252,"content":{"identifier":"C35EAC54-3E90-1B97-807B-5E3B8F238DB7","transform":{"columns":[[0.96030563,0.010398488,0.2787552,0],[-0.27843496,-0.024906507,0.9601318,0],[0.016926728,-0.99963546,-0.021022534,0],[0.47113287,0.72766775,-0.64356625,0.99999994]]},"name":"Sailboat"},"label":"ARImageAnchor didAdd"},{"timestamp":1742657960.480812,"content":{"name":"Sailboat","identifier":"C35EAC54-3E90-1B97-807B-5E3B8F238DB7","transform":{"columns":[[0.96030563,0.010398488,0.2787552,0],[-0.27843496,-0.024906507,0.9601318,0],[0.016926728,-0.99963546,-0.021022534,0],[0.47113287,0.72766775,-0.64356625,0.99999994]]}},"label":"ARImageAnchor didUpdate"},{"timestamp":1742657960.9811978,"label":"ARImageAnchor didUpdate","content":{"name":"Sailboat","identifier":"C35EAC54-3E90-1B97-807B-5E3B8F238DB7","transform":{"columns":[[0.9670771,0.007489446,0.2543727,0],[-0.25436926,-0.0014251907,0.967106,0],[0.007605619,-0.9999708,0.0005268197,0],[0.47473645,0.73527163,-0.6509001,1]]}}},{"content":{"transform":{"columns":[[0.9670771,0.007489446,0.2543727,0],[-0.25436926,-0.0014251907,0.967106,0],[0.007605619,-0.9999708,0.0005268197,0],[0.47473645,0.73527163,-0.6509001,1]]},"name":"Sailboat","identifier":"C35EAC54-3E90-1B97-807B-5E3B8F238DB7"},"timestamp":1742657961.016664,"label":"ARImageAnchor didUpdate"},{"timestamp":1742657963.140696,"content":{"name":"Mandrill","identifier":"A19C2489-597B-2BED-432C-244B551E75FD","transform":{"columns":[[-0.28321317,-0.013069276,0.9589678,0],[-0.95884717,0.024766888,-0.28284,0],[-0.020054141,-0.99960756,-0.019545754,0],[1.0076814,0.7614006,0.08734307,1]]}},"label":"ARImageAnchor didAdd"},{"timestamp":1742657963.1494498,"label":"ARImageAnchor didUpdate","content":{"name":"Mandrill","transform":{"columns":[[-0.28321317,-0.013069276,0.9589678,0],[-0.95884717,0.024766888,-0.28284,0],[-0.020054141,-0.99960756,-0.019545754,0],[1.0076814,0.7614006,0.08734307,1]]},"identifier":"A19C2489-597B-2BED-432C-244B551E75FD"}},{"content":{"name":"Peppers","identifier":"61BB3DDD-C96C-6E82-3432-BD712CCBCB28","transform":{"columns":[[-0.27526277,-0.0043141996,0.9613592,0],[-0.9612754,-0.0127119785,-0.27529582,0],[0.013408454,-0.9999097,-0.00064800144,0],[0.8680974,0.1479757,0.8122755,1]]}},"timestamp":1742657965.8404012,"label":"ARImageAnchor didAdd"},{"label":"ARImageAnchor didUpdate","content":{"name":"Peppers","identifier":"61BB3DDD-C96C-6E82-3432-BD712CCBCB28","transform":{"columns":[[-0.27526277,-0.0043141996,0.9613592,0],[-0.9612754,-0.0127119785,-0.27529582,0],[0.013408454,-0.9999097,-0.00064800144,0],[0.8680974,0.1479757,0.8122755,1]]}},"timestamp":1742657965.847368},{"timestamp":1742657975.512048,"content":{"name":"bunny","identifier":"156D7F10-B89F-4D9D-A7DA-E3B7FAD2E57E","transform":{"columns":[[0.3144174,-9.681925e-05,-0.9492847,0],[0.0008439121,0.9999993,0.0001775247,0],[0.9492845,-0.00085693,0.31441742,0],[-0.08116682,-0.37443137,-0.6780532,0.9999999]]}},"label":"Bunny didUpdate"}]