[{"label":"Application launched","timestamp":1742634742.996859},{"timestamp":1742634742.99711,"label":"Initialize ARViewModel"},{"timestamp":1742634743.006284,"label":"Finished Initialize ARViewModel"},{"label":"Initialize AnchorManager","timestamp":1742634743.006366},{"timestamp":1742634743.0063791,"label":"Fininshed Initialize AnchorManager"},{"label":"ContentView Initialize","timestamp":1742634743.006393},{"content":{"beaconName":"DWM3001CDK (8449B511)","position":[0.29008222,-0.40853927,-0.5179073]},"timestamp":1742634766.143218,"label":"Finished Ranging"},{"content":{"name":"bunny","identifier":"054F66E1-5E90-4AFB-ADBA-DD4915809D8D","transform":{"columns":[[0.14247125,0,-0.98979896,0],[0,1,0,0],[0.98979896,0,0.14247125,0],[0.29008222,-0.40853927,-0.5179073,1]]}},"timestamp":1742634766.1986818,"label":"Bunny didAdd"},{"timestamp":1742634769.031599,"label":"ARImageAnchor didAdd","content":{"transform":{"columns":[[0.92571414,0.007989761,0.37813935,0],[-0.3781873,0.0056889607,0.9257114,0],[0.0052449913,-0.9999518,0.008287989,0],[-0.1360395,-0.68678486,-0.2398238,0.99999994]]},"name":"Car","identifier":"FF85DBE1-76D3-E459-2D24-8EDCEE263300"}},{"label":"ARImageAnchor didUpdate","content":{"name":"Car","transform":{"columns":[[0.92571414,0.007989761,0.37813935,0],[-0.3781873,0.0056889607,0.9257114,0],[0.0052449913,-0.9999518,0.008287989,0],[-0.1360395,-0.68678486,-0.2398238,0.99999994]]},"identifier":"FF85DBE1-76D3-E459-2D24-8EDCEE263300"},"timestamp":1742634769.042057},{"label":"ARImageAnchor didAdd","timestamp":1742634773.831475,"content":{"identifier":"088EF783-5990-B052-BE99-B8AA15BA6C68","transform":{"columns":[[0.9437309,-0.0062243636,0.3306556,0],[-0.33068788,-0.030368218,0.9432514,0],[0.0041702893,-0.9995193,-0.030717753,0],[-0.9012681,0.5658339,-1.0832565,0.99999994]]},"name":"Earth"}},{"timestamp":1742634773.837836,"content":{"name":"Earth","identifier":"088EF783-5990-B052-BE99-B8AA15BA6C68","transform":{"columns":[[0.9437309,-0.0062243636,0.3306556,0],[-0.33068788,-0.030368218,0.9432514,0],[0.0041702893,-0.9995193,-0.030717753,0],[-0.9012681,0.5658339,-1.0832565,0.99999994]]}},"label":"ARImageAnchor didUpdate"},{"label":"ARImageAnchor didAdd","timestamp":1742634779.164216,"content":{"transform":{"columns":[[0.30860868,-0.038511593,-0.9504091,0],[0.9503957,-0.02831626,0.3097518,0],[-0.038841058,-0.9988568,0.027862607,0],[0.5593729,-0.6891873,-0.06256932,0.99999994]]},"name":"Lenna","identifier":"6BAD7D5D-D14A-EF93-1C8B-F6BEC80B8329"}},{"label":"ARImageAnchor didUpdate","timestamp":1742634779.171993,"content":{"identifier":"6BAD7D5D-D14A-EF93-1C8B-F6BEC80B8329","transform":{"columns":[[0.30860868,-0.038511593,-0.9504091,0],[0.9503957,-0.02831626,0.3097518,0],[-0.038841058,-0.9988568,0.027862607,0],[0.5593729,-0.6891873,-0.06256932,0.99999994]]},"name":"Lenna"}},{"label":"Bunny didUpdate","content":{"identifier":"054F66E1-5E90-4AFB-ADBA-DD4915809D8D","transform":{"columns":[[0.14173503,0.0003626894,-0.9899046,0],[4.2331034e-05,0.9999999,0.00037244923,0],[0.98990464,-9.469277e-05,0.141735,0],[0.28994235,-0.4084738,-0.5179885,0.99999994]]},"name":"bunny"},"timestamp":1742634785.840894},{"label":"ARImageAnchor didAdd","content":{"identifier":"C35EAC54-3E90-1B97-807B-5E3B8F238DB7","transform":{"columns":[[0.94416964,-0.0008855631,0.3294583,0],[-0.32945797,-0.0055931015,0.9441536,0],[0.0010065892,-0.99998385,-0.0055725956,0],[0.83957404,0.7404896,-0.48474556,0.99999994]]},"name":"Sailboat"},"timestamp":1742634790.963656},{"content":{"identifier":"C35EAC54-3E90-1B97-807B-5E3B8F238DB7","name":"Sailboat","transform":{"columns":[[0.94416964,-0.0008855631,0.3294583,0],[-0.32945797,-0.0055931015,0.9441536,0],[0.0010065892,-0.99998385,-0.0055725956,0],[0.83957404,0.7404896,-0.48474556,0.99999994]]}},"label":"ARImageAnchor didUpdate","timestamp":1742634790.970426},{"timestamp":1742634793.6299329,"label":"ARImageAnchor didAdd","content":{"identifier":"A19C2489-597B-2BED-432C-244B551E75FD","transform":{"columns":[[-0.3250037,-0.017680965,0.9455474,0],[-0.9443865,0.05899762,-0.32350147,0],[-0.050065182,-0.9981014,-0.03587212,0],[1.3511847,0.76597595,0.27491266,0.99999994]]},"name":"Mandrill"}},{"content":{"name":"Mandrill","transform":{"columns":[[-0.3250037,-0.017680965,0.9455474,0],[-0.9443865,0.05899762,-0.32350147,0],[-0.050065182,-0.9981014,-0.03587212,0],[1.3511847,0.76597595,0.27491266,0.99999994]]},"identifier":"A19C2489-597B-2BED-432C-244B551E75FD"},"timestamp":1742634793.636856,"label":"ARImageAnchor didUpdate"},{"content":{"identifier":"61BB3DDD-C96C-6E82-3432-BD712CCBCB28","transform":{"columns":[[-0.33594278,-0.006730344,0.9418583,0],[-0.94162506,0.025768563,-0.33567548,0],[-0.022011131,-0.9996452,-0.01499423,0],[1.1831315,0.14458461,0.99569887,1]]},"name":"Peppers"},"label":"ARImageAnchor didAdd","timestamp":1742634797.363085},{"label":"ARImageAnchor didUpdate","timestamp":1742634797.371232,"content":{"transform":{"columns":[[-0.33594278,-0.006730344,0.9418583,0],[-0.94162506,0.025768563,-0.33567548,0],[-0.022011131,-0.9996452,-0.01499423,0],[1.1831315,0.14458461,0.99569887,1]]},"name":"Peppers","identifier":"61BB3DDD-C96C-6E82-3432-BD712CCBCB28"}},{"content":{"identifier":"088EF783-5990-B052-BE99-B8AA15BA6C68","name":"Earth","transform":{"columns":[[0.95191956,-0.0039045562,0.30632305,0],[-0.3063411,-0.005473832,0.95190597,0],[-0.0020400223,-0.99997723,-0.0064068036,0],[-0.93757313,0.5757855,-1.139849,0.99999994]]}},"timestamp":1742634806.935406,"label":"ARImageAnchor didUpdate"},{"timestamp":1742634806.9709039,"content":{"identifier":"088EF783-5990-B052-BE99-B8AA15BA6C68","name":"Earth","transform":{"columns":[[0.95191956,-0.0039045562,0.30632305,0],[-0.3063411,-0.005473832,0.95190597,0],[-0.0020400223,-0.99997723,-0.0064068036,0],[-0.93757313,0.5757855,-1.139849,0.99999994]]}},"label":"ARImageAnchor didUpdate"},{"content":{"identifier":"088EF783-5990-B052-BE99-B8AA15BA6C68","transform":{"columns":[[0.95392215,-0.003830796,0.30002975,0],[-0.30005288,-0.015097914,0.9538031,0],[0.0008759868,-0.9998785,-0.015551678,0],[-0.93340135,0.5721488,-1.1141932,0.99999994]]},"name":"Earth"},"timestamp":1742634807.468503,"label":"ARImageAnchor didUpdate"},{"timestamp":1742634807.5023031,"content":{"identifier":"088EF783-5990-B052-BE99-B8AA15BA6C68","transform":{"columns":[[0.95392215,-0.003830796,0.30002975,0],[-0.30005288,-0.015097914,0.9538031,0],[0.0008759868,-0.9998785,-0.015551678,0],[-0.93340135,0.5721488,-1.1141932,0.99999994]]},"name":"Earth"},"label":"ARImageAnchor didUpdate"},{"timestamp":1742634811.73531,"label":"Bunny didUpdate","content":{"identifier":"054F66E1-5E90-4AFB-ADBA-DD4915809D8D","transform":{"columns":[[0.14164735,0.0005480099,-0.989917,0],[4.9821578e-05,0.9999998,0.0005607206,0],[0.9899171,-0.00012874382,0.14164731,0],[0.28992507,-0.40844095,-0.51803404,0.99999994]]},"name":"bunny"}},{"content":{"name":"Car","identifier":"FF85DBE1-76D3-E459-2D24-8EDCEE263300","transform":{"columns":[[0.9303201,0.013816452,0.36648816,0],[-0.3664577,-0.0047608046,0.9304224,0],[0.014599918,-0.99989307,0.0006340797,0],[-0.15358144,-0.6888394,-0.25344816,1]]}},"timestamp":1742634813.3356009,"label":"ARImageAnchor didUpdate"},{"content":{"name":"bunny","transform":{"columns":[[0.14157844,0.0005309028,-0.98992676,0],[2.0154861e-05,0.9999998,0.0005391877,0],[0.989927,-9.62892e-05,0.14157844,0],[0.28992042,-0.40844518,-0.5180276,0.99999994]]},"identifier":"054F66E1-5E90-4AFB-ADBA-DD4915809D8D"},"timestamp":1742634813.335634,"label":"Bunny didUpdate"},{"label":"ARImageAnchor didUpdate","content":{"name":"Car","transform":{"columns":[[0.9303201,0.013816452,0.36648816,0],[-0.3664577,-0.0047608046,0.9304224,0],[0.014599918,-0.99989307,0.0006340797,0],[-0.15358144,-0.6888394,-0.25344816,1]]},"identifier":"FF85DBE1-76D3-E459-2D24-8EDCEE263300"},"timestamp":1742634813.369155},{"timestamp":1742634818.3359718,"label":"Bunny didUpdate","content":{"identifier":"054F66E1-5E90-4AFB-ADBA-DD4915809D8D","transform":{"columns":[[0.14149474,0.0006416919,-0.98993856,0],[7.421652e-05,0.99999976,0.0006588217,0],[0.9899389,-0.00016668961,0.1414947,0],[0.28989223,-0.40842348,-0.5180561,0.99999994]]},"name":"bunny"}},{"label":"Bunny didUpdate","timestamp":1742634818.53686,"content":{"identifier":"054F66E1-5E90-4AFB-ADBA-DD4915809D8D","transform":{"columns":[[0.14148277,0.0006465504,-0.98994017,0],[7.1892035e-05,0.9999997,0.0006633954,0],[0.9899406,-0.00016502783,0.14148273,0],[0.28988916,-0.40842456,-0.5180615,0.99999994]]},"name":"bunny"}},{"timestamp":1742634818.6689,"content":{"name":"Lenna","identifier":"6BAD7D5D-D14A-EF93-1C8B-F6BEC80B8329","transform":{"columns":[[0.31418946,-0.03542166,-0.9486992,0],[0.9492873,-0.0006671529,0.31440917,0],[-0.011769804,-0.9993721,0.033415727,0],[0.55022204,-0.68707186,-0.08195931,0.99999994]]}},"label":"ARImageAnchor didUpdate"},{"content":{"name":"Lenna","identifier":"6BAD7D5D-D14A-EF93-1C8B-F6BEC80B8329","transform":{"columns":[[0.31418946,-0.03542166,-0.9486992,0],[0.9492873,-0.0006671529,0.31440917,0],[-0.011769804,-0.9993721,0.033415727,0],[0.55022204,-0.68707186,-0.08195931,0.99999994]]}},"timestamp":1742634818.7043362,"label":"ARImageAnchor didUpdate"},{"content":{"name":"Lenna","transform":{"columns":[[0.32186037,-0.032528702,-0.94622815,0],[0.94631517,-0.020499285,0.32259467,0],[-0.029890593,-0.9992604,0.02418449,0],[0.5601231,-0.6878539,-0.06218172,0.99999994]]},"identifier":"6BAD7D5D-D14A-EF93-1C8B-F6BEC80B8329"},"label":"ARImageAnchor didUpdate","timestamp":1742634819.204366},{"timestamp":1742634819.23523,"label":"ARImageAnchor didUpdate","content":{"transform":{"columns":[[0.32186037,-0.032528702,-0.94622815,0],[0.94631517,-0.020499285,0.32259467,0],[-0.029890593,-0.9992604,0.02418449,0],[0.5601231,-0.6878539,-0.06218172,0.99999994]]},"identifier":"6BAD7D5D-D14A-EF93-1C8B-F6BEC80B8329","name":"Lenna"}}]