[{"timestamp":1742661953.866716,"label":"Application launched"},{"timestamp":1742661953.8668032,"label":"Initialize ARViewModel"},{"label":"Finished Initialize ARViewModel","timestamp":1742661953.867463},{"label":"Initialize AnchorManager","timestamp":1742661953.867471},{"timestamp":1742661953.867476,"label":"Fininshed Initialize AnchorManager"},{"timestamp":1742661953.86748,"label":"ContentView Initialize"},{"content":{"beaconName":"DWM3001CDK (8449B511)","position":[0.0029202763,-0.25808224,-0.2469071]},"label":"Finished Ranging","timestamp":1742661976.908575},{"content":{"identifier":"6CB60A20-FC7B-463B-8DF0-675923282274","name":"bunny","transform":{"columns":[[0.40215635,0,-0.91557103,0],[0,1,0,0],[0.91557103,0,0.40215635,0],[0.0029202763,-0.25808224,-0.2469071,1]]}},"timestamp":1742661976.961617,"label":"Bunny didAdd"},{"timestamp":1742661980.594644,"label":"ARImageAnchor didAdd","content":{"identifier":"FF85DBE1-76D3-E459-2D24-8EDCEE263300","name":"Car","transform":{"columns":[[0.7760461,0.012508711,0.630552,0],[-0.630637,0.0042587016,0.7760662,0],[0.0070222546,-0.9999125,0.011193431,0],[-0.5008214,-0.5574914,-0.1218974,0.99999994]]}}},{"timestamp":1742661980.604896,"label":"ARImageAnchor didUpdate","content":{"transform":{"columns":[[0.7760461,0.012508711,0.630552,0],[-0.630637,0.0042587016,0.7760662,0],[0.0070222546,-0.9999125,0.011193431,0],[-0.5008214,-0.5574914,-0.1218974,0.99999994]]},"identifier":"FF85DBE1-76D3-E459-2D24-8EDCEE263300","name":"Car"}},{"timestamp":1742661983.2612848,"label":"ARImageAnchor didAdd","content":{"name":"Earth","identifier":"088EF783-5990-B052-BE99-B8AA15BA6C68","transform":{"columns":[[0.8135402,-0.0021380917,0.58150464,0],[-0.5811933,-0.035909105,0.81297266,0],[0.019143095,-0.9993526,-0.030456148,0],[-0.9884834,0.70451045,-1.125008,0.99999994]]}}},{"content":{"name":"Earth","identifier":"088EF783-5990-B052-BE99-B8AA15BA6C68","transform":{"columns":[[0.8135402,-0.0021380917,0.58150464,0],[-0.5811933,-0.035909105,0.81297266,0],[0.019143095,-0.9993526,-0.030456148,0],[-0.9884834,0.70451045,-1.125008,0.99999994]]}},"label":"ARImageAnchor didUpdate","timestamp":1742661983.267231},{"timestamp":1742661986.40217,"content":{"identifier":"6CB60A20-FC7B-463B-8DF0-675923282274","name":"bunny","transform":{"columns":[[0.40270177,-0.0001621393,-0.91533124,0],[0.00014781774,0.99999994,-0.00011210462,0],[0.91533124,-9.015746e-05,0.40270177,0],[0.0029309995,-0.25810048,-0.24684143,1]]}},"label":"Bunny didUpdate"},{"content":{"transform":{"columns":[[0.61176693,-0.032309175,-0.7903779,0],[0.7905007,-0.011849679,0.61234635,0],[-0.02915019,-0.9994075,0.01829109,0],[0.09574056,-0.56015927,0.24515831,0.99999994]]},"identifier":"6BAD7D5D-D14A-EF93-1C8B-F6BEC80B8329","name":"Lenna"},"label":"ARImageAnchor didAdd","timestamp":1742661988.094188},{"timestamp":1742661988.10246,"label":"ARImageAnchor didUpdate","content":{"identifier":"6BAD7D5D-D14A-EF93-1C8B-F6BEC80B8329","name":"Lenna","transform":{"columns":[[0.61176693,-0.032309175,-0.7903779,0],[0.7905007,-0.011849679,0.61234635,0],[-0.02915019,-0.9994075,0.01829109,0],[0.09574056,-0.56015927,0.24515831,0.99999994]]}}},{"content":{"transform":{"columns":[[0.4027802,-0.00034742276,-0.91529655,0],[0.00020573035,0.9999998,-0.00028904143,0],[0.9152966,-7.1884104e-05,0.4027803,0],[0.002929609,-0.25811267,-0.24681897,0.9999999]]},"identifier":"6CB60A20-FC7B-463B-8DF0-675923282274","name":"bunny"},"timestamp":1742661988.202259,"label":"Bunny didUpdate"},{"timestamp":1742661992.3939152,"label":"ARImageAnchor didAdd","content":{"identifier":"C35EAC54-3E90-1B97-807B-5E3B8F238DB7","transform":{"columns":[[0.8060595,0.005064072,0.5918128,0],[-0.5917781,-0.006908694,0.80607116,0],[0.008170644,-0.9999631,-0.0025719963,0],[0.5100035,0.8689302,-0.061851278,0.9999999]]},"name":"Sailboat"}},{"timestamp":1742661992.400671,"content":{"transform":{"columns":[[0.8060595,0.005064072,0.5918128,0],[-0.5917781,-0.006908694,0.80607116,0],[0.008170644,-0.9999631,-0.0025719963,0],[0.5100035,0.8689302,-0.061851278,0.9999999]]},"name":"Sailboat","identifier":"C35EAC54-3E90-1B97-807B-5E3B8F238DB7"},"label":"ARImageAnchor didUpdate"},{"content":{"name":"Mandrill","identifier":"A19C2489-597B-2BED-432C-244B551E75FD","transform":{"columns":[[-0.60246956,-0.01265148,0.7980415,0],[-0.797845,0.03680802,-0.60173774,0],[-0.021761457,-0.9992421,-0.03226963,0],[0.754875,0.90021586,0.8224085,0.99999994]]}},"timestamp":1742661994.527223,"label":"ARImageAnchor didAdd"},{"label":"ARImageAnchor didUpdate","content":{"identifier":"A19C2489-597B-2BED-432C-244B551E75FD","transform":{"columns":[[-0.60246956,-0.01265148,0.7980415,0],[-0.797845,0.03680802,-0.60173774,0],[-0.021761457,-0.9992421,-0.03226963,0],[0.754875,0.90021586,0.8224085,0.99999994]]},"name":"Mandrill"},"timestamp":1742661994.534081},{"content":{"identifier":"61BB3DDD-C96C-6E82-3432-BD712CCBCB28","transform":{"columns":[[-0.5983332,-0.0065320726,0.8012208,0],[-0.80117345,-0.008700214,-0.5983689,0],[0.010879386,-0.9999407,-2.7679334e-05,0],[0.3743291,0.28306955,1.4558399,0.99999994]]},"name":"Peppers"},"label":"ARImageAnchor didAdd","timestamp":1742661996.660497},{"content":{"identifier":"61BB3DDD-C96C-6E82-3432-BD712CCBCB28","name":"Peppers","transform":{"columns":[[-0.5983332,-0.0065320726,0.8012208,0],[-0.80117345,-0.008700214,-0.5983689,0],[0.010879386,-0.9999407,-2.7679334e-05,0],[0.3743291,0.28306955,1.4558399,0.99999994]]}},"timestamp":1742661996.667567,"label":"ARImageAnchor didUpdate"},{"timestamp":1742662005.701878,"label":"ARImageAnchor didUpdate","content":{"identifier":"6BAD7D5D-D14A-EF93-1C8B-F6BEC80B8329","transform":{"columns":[[0.6104008,-0.03197873,-0.7914468,0],[0.7916287,-0.009561454,0.61092746,0],[-0.027104063,-0.99944264,0.01947896,0],[0.10364832,-0.5626471,0.23519164,1]]},"name":"Lenna"}},{"label":"ARImageAnchor didUpdate","timestamp":1742662005.735163,"content":{"name":"Lenna","transform":{"columns":[[0.6104008,-0.03197873,-0.7914468,0],[0.7916287,-0.009561454,0.61092746,0],[-0.027104063,-0.99944264,0.01947896,0],[0.10364832,-0.5626471,0.23519164,1]]},"identifier":"6BAD7D5D-D14A-EF93-1C8B-F6BEC80B8329"}},{"label":"ARImageAnchor didUpdate","timestamp":1742662006.233326,"content":{"name":"Lenna","transform":{"columns":[[0.5821571,-0.033146705,-0.8124003,0],[0.8118248,-0.031718373,0.5830388,0],[-0.04509386,-0.9989469,0.0084441975,0],[0.10798818,-0.55511624,0.24889348,0.99999994]]},"identifier":"6BAD7D5D-D14A-EF93-1C8B-F6BEC80B8329"}},{"content":{"identifier":"6BAD7D5D-D14A-EF93-1C8B-F6BEC80B8329","name":"Lenna","transform":{"columns":[[0.5821571,-0.033146705,-0.8124003,0],[0.8118248,-0.031718373,0.5830388,0],[-0.04509386,-0.9989469,0.0084441975,0],[0.10798818,-0.55511624,0.24889348,0.99999994]]}},"label":"ARImageAnchor didUpdate","timestamp":1742662006.2691212},{"content":{"name":"bunny","transform":{"columns":[[0.40332693,-0.00073315424,-0.91505545,0],[0.0010694426,0.9999992,-0.0003298365,0],[0.9150552,-0.0008455674,0.4033275,0],[0.0028827076,-0.2581963,-0.24675883,0.9999999]]},"identifier":"6CB60A20-FC7B-463B-8DF0-675923282274"},"timestamp":1742662008.202059,"label":"Bunny didUpdate"},{"label":"Bunny didUpdate","timestamp":1742662008.7009501,"content":{"transform":{"columns":[[0.40332726,-0.0007338105,-0.9150552,0],[0.0010757914,0.99999917,-0.0003277549,0],[0.91505504,-0.0008522163,0.40332788,0],[0.0028822199,-0.2581968,-0.24675897,0.99999994]]},"name":"bunny","identifier":"6CB60A20-FC7B-463B-8DF0-675923282274"}},{"timestamp":1742662011.03285,"label":"ARImageAnchor didUpdate","content":{"identifier":"088EF783-5990-B052-BE99-B8AA15BA6C68","transform":{"columns":[[0.8064923,-0.0036100764,0.5912334,0],[-0.5911574,-0.022081247,0.8062538,0],[0.010144531,-0.99974954,-0.01994248,0],[-0.9753505,0.70640755,-1.1661342,0.9999999]]},"name":"Earth"}},{"timestamp":1742662011.065929,"label":"ARImageAnchor didUpdate","content":{"name":"Earth","identifier":"088EF783-5990-B052-BE99-B8AA15BA6C68","transform":{"columns":[[0.8064923,-0.0036100764,0.5912334,0],[-0.5911574,-0.022081247,0.8062538,0],[0.010144531,-0.99974954,-0.01994248,0],[-0.9753505,0.70640755,-1.1661342,0.9999999]]}}},{"content":{"name":"Earth","transform":{"columns":[[0.82259905,0.0014117929,0.5686201,0],[-0.5683669,-0.027889427,0.8223023,0],[0.017019395,-0.99960995,-0.02213939,0],[-0.9697421,0.70757204,-1.1626127,0.99999994]]},"identifier":"088EF783-5990-B052-BE99-B8AA15BA6C68"},"timestamp":1742662011.566328,"label":"ARImageAnchor didUpdate"},{"label":"ARImageAnchor didUpdate","content":{"name":"Earth","transform":{"columns":[[0.82259905,0.0014117929,0.5686201,0],[-0.5683669,-0.027889427,0.8223023,0],[0.017019395,-0.99960995,-0.02213939,0],[-0.9697421,0.70757204,-1.1626127,0.99999994]]},"identifier":"088EF783-5990-B052-BE99-B8AA15BA6C68"},"timestamp":1742662011.598825}]