[{"label":"Application launched","timestamp":1742655956.644915},{"timestamp":1742655956.644999,"label":"Initialize ARViewModel"},{"timestamp":1742655956.645967,"label":"Finished Initialize ARViewModel"},{"timestamp":1742655956.64598,"label":"Initialize AnchorManager"},{"label":"Fininshed Initialize AnchorManager","timestamp":1742655956.6459842},{"label":"ContentView Initialize","timestamp":1742655956.645988},{"content":{"position":[-0.10492364,-0.36683035,-0.38443407],"beaconName":"DWM3001CDK (8449B511)"},"timestamp":1742655979.574963,"label":"Finished Ranging"},{"label":"Bunny didAdd","content":{"identifier":"7AD8CA02-EC6B-40B3-985A-3642065DCB7E","transform":{"columns":[[-0.2502581,0,-0.96817917,0],[0,1,0,0],[0.96817917,0,-0.2502581,0],[-0.10492364,-0.36683035,-0.38443407,1]]},"name":"bunny"},"timestamp":1742655979.629291},{"timestamp":1742655982.595525,"content":{"identifier":"FF85DBE1-76D3-E459-2D24-8EDCEE263300","transform":{"columns":[[0.9998894,0.009553412,0.011389915,0],[-0.011436414,0.0048272978,0.9999228,0],[0.009497694,-0.9999426,0.004936038,0],[-0.4048468,-0.64491117,0.041169643,0.9999999]]},"name":"Car"},"label":"ARImageAnchor didAdd"},{"label":"ARImageAnchor didUpdate","content":{"transform":{"columns":[[0.9998894,0.009553412,0.011389915,0],[-0.011436414,0.0048272978,0.9999228,0],[0.009497694,-0.9999426,0.004936038,0],[-0.4048468,-0.64491117,0.041169643,0.9999999]]},"name":"Car","identifier":"FF85DBE1-76D3-E459-2D24-8EDCEE263300"},"timestamp":1742655982.604693},{"label":"ARImageAnchor didAdd","timestamp":1742655985.695313,"content":{"name":"Earth","transform":{"columns":[[0.9985651,-0.007170111,-0.053070255,0],[0.052908126,-0.021167701,0.99837494,0],[-0.0082818335,-0.99975014,-0.02075797,0],[-1.3988416,0.59416807,-0.46844622,0.99999994]]},"identifier":"088EF783-5990-B052-BE99-B8AA15BA6C68"}},{"label":"ARImageAnchor didUpdate","timestamp":1742655985.702207,"content":{"identifier":"088EF783-5990-B052-BE99-B8AA15BA6C68","transform":{"columns":[[0.9985651,-0.007170111,-0.053070255,0],[0.052908126,-0.021167701,0.99837494,0],[-0.0082818335,-0.99975014,-0.02075797,0],[-1.3988416,0.59416807,-0.46844622,0.99999994]]},"name":"Earth"}},{"label":"ARImageAnchor didUpdate","timestamp":1742655986.702323,"content":{"name":"Earth","identifier":"088EF783-5990-B052-BE99-B8AA15BA6C68","transform":{"columns":[[0.9968003,-0.0017848857,-0.07991131,0],[0.07988263,-0.012613549,0.9967243,0],[-0.002786997,-0.9999187,-0.012430609,0],[-1.4085131,0.5977501,-0.47546262,0.99999994]]}}},{"timestamp":1742655986.735626,"label":"ARImageAnchor didUpdate","content":{"transform":{"columns":[[0.9968003,-0.0017848857,-0.07991131,0],[0.07988263,-0.012613549,0.9967243,0],[-0.002786997,-0.9999187,-0.012430609,0],[-1.4085131,0.5977501,-0.47546262,0.99999994]]},"identifier":"088EF783-5990-B052-BE99-B8AA15BA6C68","name":"Earth"}},{"label":"ARImageAnchor didAdd","content":{"transform":{"columns":[[0.9993981,-0.002255244,-0.0346155,0],[0.03465749,0.022467403,0.9991466,0],[-0.0014756052,-0.99974495,0.022532035,0],[0.4087632,0.7694698,-0.54497194,0.99999994]]},"name":"Sailboat","identifier":"C35EAC54-3E90-1B97-807B-5E3B8F238DB7"},"timestamp":1742655991.8950129},{"content":{"name":"Sailboat","identifier":"C35EAC54-3E90-1B97-807B-5E3B8F238DB7","transform":{"columns":[[0.9993981,-0.002255244,-0.0346155,0],[0.03465749,0.022467403,0.9991466,0],[-0.0014756052,-0.99974495,0.022532035,0],[0.4087632,0.7694698,-0.54497194,0.99999994]]}},"label":"ARImageAnchor didUpdate","timestamp":1742655991.901382},{"content":{"name":"Lenna","identifier":"6BAD7D5D-D14A-EF93-1C8B-F6BEC80B8329","transform":{"columns":[[-0.02300484,-0.039309792,-0.9989621,0],[0.99942684,-0.02572196,-0.022003379,0],[-0.024830295,-0.9988959,0.03987899,0],[0.2953894,-0.6571004,-0.050101023,0.99999994]]}},"timestamp":1742655994.9946918,"label":"ARImageAnchor didAdd"},{"content":{"name":"Lenna","transform":{"columns":[[-0.02300484,-0.039309792,-0.9989621,0],[0.99942684,-0.02572196,-0.022003379,0],[-0.024830295,-0.9988959,0.03987899,0],[0.2953894,-0.6571004,-0.050101023,0.99999994]]},"identifier":"6BAD7D5D-D14A-EF93-1C8B-F6BEC80B8329"},"timestamp":1742655995.002147,"label":"ARImageAnchor didUpdate"},{"timestamp":1742655999.127625,"content":{"name":"Mandrill","identifier":"A19C2489-597B-2BED-432C-244B551E75FD","transform":{"columns":[[0.045848846,-0.012791102,0.9988663,0],[-0.9970573,0.06090944,0.046545822,0],[-0.061435767,-0.9980612,-0.009960833,0],[1.163742,0.78987247,-0.0031266883,0.9999999]]}},"label":"ARImageAnchor didAdd"},{"content":{"transform":{"columns":[[0.045848846,-0.012791102,0.9988663,0],[-0.9970573,0.06090944,0.046545822,0],[-0.061435767,-0.9980612,-0.009960833,0],[1.163742,0.78987247,-0.0031266883,0.9999999]]},"identifier":"A19C2489-597B-2BED-432C-244B551E75FD","name":"Mandrill"},"label":"ARImageAnchor didUpdate","timestamp":1742655999.135385},{"content":{"transform":{"columns":[[0.033222456,-0.008096391,0.99941516,0],[-0.99943364,0.005080691,0.03326424,0],[-0.0053470326,-0.9999543,-0.007923014,0],[1.2572551,0.17193903,0.7274638,0.99999994]]},"name":"Peppers","identifier":"61BB3DDD-C96C-6E82-3432-BD712CCBCB28"},"timestamp":1742656002.2609348,"label":"ARImageAnchor didAdd"},{"timestamp":1742656002.267744,"content":{"name":"Peppers","transform":{"columns":[[0.033222456,-0.008096391,0.99941516,0],[-0.99943364,0.005080691,0.03326424,0],[-0.0053470326,-0.9999543,-0.007923014,0],[1.2572551,0.17193903,0.7274638,0.99999994]]},"identifier":"61BB3DDD-C96C-6E82-3432-BD712CCBCB28"},"label":"ARImageAnchor didUpdate"},{"timestamp":1742656011.5365272,"label":"ARImageAnchor didUpdate","content":{"identifier":"61BB3DDD-C96C-6E82-3432-BD712CCBCB28","name":"Peppers","transform":{"columns":[[0.025548346,-0.009663436,0.9996268,0],[-0.9996617,-0.005099051,0.025499944,0],[0.0048507066,-0.99994016,-0.009790468,0],[1.2510121,0.17575344,0.7168008,1]]}}},{"label":"ARImageAnchor didUpdate","timestamp":1742656011.5689712,"content":{"identifier":"61BB3DDD-C96C-6E82-3432-BD712CCBCB28","transform":{"columns":[[0.025548346,-0.009663436,0.9996268,0],[-0.9996617,-0.005099051,0.025499944,0],[0.0048507066,-0.99994016,-0.009790468,0],[1.2510121,0.17575344,0.7168008,1]]},"name":"Peppers"}},{"label":"ARImageAnchor didUpdate","timestamp":1742656014.667307,"content":{"identifier":"A19C2489-597B-2BED-432C-244B551E75FD","transform":{"columns":[[0.027049635,-0.0137398485,0.9995395,0],[-0.9975278,0.064502075,0.027881833,0],[-0.06485545,-0.9978229,-0.011961128,0],[1.1614672,0.7986735,-0.021522105,0.99999994]]},"name":"Mandrill"}},{"content":{"transform":{"columns":[[0.027049635,-0.0137398485,0.9995395,0],[-0.9975278,0.064502075,0.027881833,0],[-0.06485545,-0.9978229,-0.011961128,0],[1.1614672,0.7986735,-0.021522105,0.99999994]]},"name":"Mandrill","identifier":"A19C2489-597B-2BED-432C-244B551E75FD"},"label":"ARImageAnchor didUpdate","timestamp":1742656014.6994429},{"timestamp":1742656015.5329099,"content":{"transform":{"columns":[[-0.251372,0.0024046,-0.9678873,0],[4.8297243e-05,0.9999968,0.0024718288,0],[0.96789026,0.00057460234,-0.25137135,0],[-0.10492927,-0.36680934,-0.38431236,0.9999998]]},"name":"bunny","identifier":"7AD8CA02-EC6B-40B3-985A-3642065DCB7E"},"label":"Bunny didUpdate"},{"timestamp":1742656015.735503,"label":"ARImageAnchor didUpdate","content":{"identifier":"A19C2489-597B-2BED-432C-244B551E75FD","transform":{"columns":[[0.027649973,-0.012093729,0.9995445,0],[-0.9971024,0.0705562,0.028436149,0],[-0.070867956,-0.9974344,-0.010107815,0],[1.162797,0.79326314,-0.0044481754,0.99999994]]},"name":"Mandrill"}},{"timestamp":1742656015.769281,"content":{"identifier":"A19C2489-597B-2BED-432C-244B551E75FD","transform":{"columns":[[0.027649973,-0.012093729,0.9995445,0],[-0.9971024,0.0705562,0.028436149,0],[-0.070867956,-0.9974344,-0.010107815,0],[1.162797,0.79326314,-0.0044481754,0.99999994]]},"name":"Mandrill"},"label":"ARImageAnchor didUpdate"},{"label":"ARImageAnchor didUpdate","content":{"name":"Earth","identifier":"088EF783-5990-B052-BE99-B8AA15BA6C68","transform":{"columns":[[0.998723,-0.0044994354,-0.050318927,0],[0.050250564,-0.014196351,0.99863565,0],[-0.0052076364,-0.99988896,-0.013952121,0],[-1.4337206,0.5965583,-0.4785691,0.99999994]]}},"timestamp":1742656025.099941},{"label":"ARImageAnchor didUpdate","timestamp":1742656025.1330252,"content":{"transform":{"columns":[[0.998723,-0.0044994354,-0.050318927,0],[0.050250564,-0.014196351,0.99863565,0],[-0.0052076364,-0.99988896,-0.013952121,0],[-1.4337206,0.5965583,-0.4785691,0.99999994]]},"name":"Earth","identifier":"088EF783-5990-B052-BE99-B8AA15BA6C68"}},{"label":"Bunny didUpdate","timestamp":1742656027.667122,"content":{"name":"bunny","transform":{"columns":[[-0.25057834,0.0025556018,-0.96809244,0],[0.00011071439,0.9999963,0.002611166,0],[0.9680957,0.0005471201,-0.25057778,0],[-0.10547984,-0.3669068,-0.38419315,0.9999998]]},"identifier":"7AD8CA02-EC6B-40B3-985A-3642065DCB7E"}}]