[{"label":"Application launched","timestamp":1742655878.139615},{"label":"Initialize ARViewModel","timestamp":1742655878.139709},{"timestamp":1742655878.142998,"label":"Finished Initialize ARViewModel"},{"timestamp":1742655878.1430578,"label":"Initialize AnchorManager"},{"label":"Fininshed Initialize AnchorManager","timestamp":1742655878.1430721},{"label":"ContentView Initialize","timestamp":1742655878.143085},{"content":{"beaconName":"DWM3001CDK (8449B511)","position":[-0.024788294,-0.42008194,-0.5504638]},"timestamp":1742655899.461854,"label":"Finished Ranging"},{"timestamp":1742655899.484683,"label":"Bunny didAdd","content":{"identifier":"A67663EF-BEA1-401F-9518-4B87536FF3AB","transform":{"columns":[[-0.33112872,0,-0.9435855,0],[0,1,0,0],[0.9435855,0,-0.33112872,0],[-0.024788294,-0.42008194,-0.5504638,1]]},"name":"bunny"}},{"content":{"name":"Car","transform":{"columns":[[0.99498224,0.009335393,-0.09961503,0],[0.09949684,0.012373007,0.9949609,0],[0.010520869,-0.9998797,0.011382065,0],[-0.26820686,-0.7623506,-0.059556708,0.99999994]]},"identifier":"FF85DBE1-76D3-E459-2D24-8EDCEE263300"},"timestamp":1742655903.0509849,"label":"ARImageAnchor didAdd"},{"content":{"transform":{"columns":[[0.99498224,0.009335393,-0.09961503,0],[0.09949684,0.012373007,0.9949609,0],[0.010520869,-0.9998797,0.011382065,0],[-0.26820686,-0.7623506,-0.059556708,0.99999994]]},"name":"Car","identifier":"FF85DBE1-76D3-E459-2D24-8EDCEE263300"},"timestamp":1742655903.060384,"label":"ARImageAnchor didUpdate"},{"label":"ARImageAnchor didAdd","content":{"identifier":"088EF783-5990-B052-BE99-B8AA15BA6C68","name":"Earth","transform":{"columns":[[0.9786111,-1.6070695e-05,-0.20571867,0],[0.20556651,-0.038377825,0.97789025,0],[-0.007910751,-0.99926317,-0.037553668,0],[-1.3260128,0.48430797,-0.43097356,0.99999994]]}},"timestamp":1742655906.700893},{"label":"ARImageAnchor didUpdate","timestamp":1742655906.7077541,"content":{"name":"Earth","identifier":"088EF783-5990-B052-BE99-B8AA15BA6C68","transform":{"columns":[[0.9786111,-1.6070695e-05,-0.20571867,0],[0.20556651,-0.038377825,0.97789025,0],[-0.007910751,-0.99926317,-0.037553668,0],[-1.3260128,0.48430797,-0.43097356,0.99999994]]}}},{"content":{"transform":{"columns":[[0.98567945,-0.009470341,-0.16836303,0],[0.16854055,0.022956619,0.9854273,0],[-0.0054672873,-0.99969155,0.024224008,0],[-1.3391588,0.49066165,-0.44475213,0.9999999]]},"identifier":"088EF783-5990-B052-BE99-B8AA15BA6C68","name":"Earth"},"timestamp":1742655907.2255301,"label":"ARImageAnchor didUpdate"},{"content":{"name":"Earth","identifier":"088EF783-5990-B052-BE99-B8AA15BA6C68","transform":{"columns":[[0.98567945,-0.009470341,-0.16836303,0],[0.16854055,0.022956619,0.9854273,0],[-0.0054672873,-0.99969155,0.024224008,0],[-1.3391588,0.49066165,-0.44475213,0.9999999]]}},"timestamp":1742655907.243236,"label":"ARImageAnchor didUpdate"},{"label":"Bunny didUpdate","content":{"identifier":"A67663EF-BEA1-401F-9518-4B87536FF3AB","transform":{"columns":[[-0.3316269,0.0011557202,-0.94340986,0],[0.000357094,0.9999993,0.0010995191,0],[0.9434105,2.7744132e-05,-0.33162707,0],[-0.024830993,-0.4199743,-0.5504358,0.99999994]]},"name":"bunny"},"timestamp":1742655910.226283},{"content":{"identifier":"6BAD7D5D-D14A-EF93-1C8B-F6BEC80B8329","name":"Lenna","transform":{"columns":[[-0.11855134,-0.039898973,-0.99214596,0],[0.99289376,0.00566729,-0.1188686,0],[0.010365509,-0.9991875,0.038943585,0],[0.41423565,-0.76068676,-0.23496287,0.99999994]]}},"label":"ARImageAnchor didAdd","timestamp":1742655911.950385},{"timestamp":1742655911.959002,"label":"ARImageAnchor didUpdate","content":{"identifier":"6BAD7D5D-D14A-EF93-1C8B-F6BEC80B8329","name":"Lenna","transform":{"columns":[[-0.11855134,-0.039898973,-0.99214596,0],[0.99289376,0.00566729,-0.1188686,0],[0.010365509,-0.9991875,0.038943585,0],[0.41423565,-0.76068676,-0.23496287,0.99999994]]}}},{"timestamp":1742655915.633558,"content":{"transform":{"columns":[[0.985985,0.000106212865,-0.16683398,0],[0.16682011,-0.013539752,0.9858944,0],[-0.0021541726,-0.9999082,-0.013367712,0],[0.47050208,0.65510184,-0.7431759,0.99999994]]},"name":"Sailboat","identifier":"C35EAC54-3E90-1B97-807B-5E3B8F238DB7"},"label":"ARImageAnchor didAdd"},{"timestamp":1742655915.640981,"content":{"identifier":"C35EAC54-3E90-1B97-807B-5E3B8F238DB7","transform":{"columns":[[0.985985,0.000106212865,-0.16683398,0],[0.16682011,-0.013539752,0.9858944,0],[-0.0021541726,-0.9999082,-0.013367712,0],[0.47050208,0.65510184,-0.7431759,0.99999994]]},"name":"Sailboat"},"label":"ARImageAnchor didUpdate"},{"label":"ARImageAnchor didUpdate","timestamp":1742655916.708061,"content":{"transform":{"columns":[[0.9819579,-0.00049905013,-0.18909869,0],[0.1890593,0.023172317,0.98169214,0],[0.0038919423,-0.9997313,0.022848591,0],[0.4708285,0.6643541,-0.74751806,0.99999994]]},"identifier":"C35EAC54-3E90-1B97-807B-5E3B8F238DB7","name":"Sailboat"}},{"label":"ARImageAnchor didUpdate","content":{"name":"Sailboat","identifier":"C35EAC54-3E90-1B97-807B-5E3B8F238DB7","transform":{"columns":[[0.9819579,-0.00049905013,-0.18909869,0],[0.1890593,0.023172317,0.98169214,0],[0.0038919423,-0.9997313,0.022848591,0],[0.4708285,0.6643541,-0.74751806,0.99999994]]}},"timestamp":1742655916.724299},{"content":{"name":"Mandrill","identifier":"A19C2489-597B-2BED-432C-244B551E75FD","transform":{"columns":[[0.15356962,-0.014532938,0.9880309,0],[-0.9867862,0.050023995,0.15411189,0],[-0.051664956,-0.9986422,-0.0066587394,0],[1.2834278,0.68908143,-0.30420747,0.9999999]]}},"label":"ARImageAnchor didAdd","timestamp":1742655918.2834191},{"content":{"identifier":"A19C2489-597B-2BED-432C-244B551E75FD","name":"Mandrill","transform":{"columns":[[0.15356962,-0.014532938,0.9880309,0],[-0.9867862,0.050023995,0.15411189,0],[-0.051664956,-0.9986422,-0.0066587394,0],[1.2834278,0.68908143,-0.30420747,0.9999999]]}},"label":"ARImageAnchor didUpdate","timestamp":1742655918.291398},{"timestamp":1742655920.41649,"label":"ARImageAnchor didAdd","content":{"transform":{"columns":[[0.14809644,-0.006754188,0.9889498,0],[-0.9889042,-0.012796483,0.14800219,0],[0.011655421,-0.9998953,-0.008574355,0],[1.4650455,0.06614717,0.41314033,0.99999994]]},"name":"Peppers","identifier":"61BB3DDD-C96C-6E82-3432-BD712CCBCB28"}},{"content":{"identifier":"61BB3DDD-C96C-6E82-3432-BD712CCBCB28","transform":{"columns":[[0.14809644,-0.006754188,0.9889498,0],[-0.9889042,-0.012796483,0.14800219,0],[0.011655421,-0.9998953,-0.008574355,0],[1.4650455,0.06614717,0.41314033,0.99999994]]},"name":"Peppers"},"timestamp":1742655920.425115,"label":"ARImageAnchor didUpdate"},{"content":{"name":"Peppers","identifier":"61BB3DDD-C96C-6E82-3432-BD712CCBCB28","transform":{"columns":[[0.14929754,-0.008328456,0.9887572,0],[-0.9887898,-0.0034762488,0.14927317,0],[0.0021939361,-0.9999591,-0.00875409,0],[1.4648616,0.06957195,0.40741658,0.9999999]]}},"timestamp":1742655920.9347749,"label":"ARImageAnchor didUpdate"},{"content":{"identifier":"61BB3DDD-C96C-6E82-3432-BD712CCBCB28","name":"Peppers","transform":{"columns":[[0.14929754,-0.008328456,0.9887572,0],[-0.9887898,-0.0034762488,0.14927317,0],[0.0021939361,-0.9999591,-0.00875409,0],[1.4648616,0.06957195,0.40741658,0.9999999]]}},"timestamp":1742655920.94087,"label":"ARImageAnchor didUpdate"},{"content":{"identifier":"A67663EF-BEA1-401F-9518-4B87536FF3AB","name":"bunny","transform":{"columns":[[-0.33223453,0.0022708138,-0.943194,0],[0.0005430382,0.9999974,0.0022162902,0],[0.9431967,0.00022413791,-0.33223495,0],[-0.024886131,-0.41987035,-0.5504055,0.99999994]]}},"timestamp":1742655925.438977,"label":"Bunny didUpdate"},{"label":"ARImageAnchor didUpdate","timestamp":1742655932.12291,"content":{"identifier":"C35EAC54-3E90-1B97-807B-5E3B8F238DB7","transform":{"columns":[[0.9838901,0.0011964182,-0.17877017,0],[0.17867626,0.026508393,0.98355067,0],[0.0059156446,-0.99964774,0.025867555,0],[0.47466075,0.66879463,-0.74063826,0.99999994]]},"name":"Sailboat"}},{"content":{"identifier":"C35EAC54-3E90-1B97-807B-5E3B8F238DB7","transform":{"columns":[[0.9838901,0.0011964182,-0.17877017,0],[0.17867626,0.026508393,0.98355067,0],[0.0059156446,-0.99964774,0.025867555,0],[0.47466075,0.66879463,-0.74063826,0.99999994]]},"name":"Sailboat"},"timestamp":1742655932.1395001,"label":"ARImageAnchor didUpdate"},{"timestamp":1742655937.8837519,"label":"ARImageAnchor didUpdate","content":{"transform":{"columns":[[0.9820637,-0.0019118172,-0.18853939,0],[0.18843353,-0.025054311,0.9817663,0],[-0.006600689,-0.9996842,-0.024244696,0],[-1.3597432,0.50001866,-0.46679696,1]]},"name":"Earth","identifier":"088EF783-5990-B052-BE99-B8AA15BA6C68"}},{"timestamp":1742655937.8893862,"content":{"name":"Earth","identifier":"088EF783-5990-B052-BE99-B8AA15BA6C68","transform":{"columns":[[0.9820637,-0.0019118172,-0.18853939,0],[0.18843353,-0.025054311,0.9817663,0],[-0.006600689,-0.9996842,-0.024244696,0],[-1.3597432,0.50001866,-0.46679696,1]]}},"label":"ARImageAnchor didUpdate"},{"content":{"transform":{"columns":[[-0.33219838,0.0027480847,-0.9432055,0],[0.00061711675,0.999996,0.0026961982,0],[0.94320935,0.00031360498,-0.33219886,0],[-0.024881817,-0.419825,-0.55039954,0.9999999]]},"identifier":"A67663EF-BEA1-401F-9518-4B87536FF3AB","name":"bunny"},"timestamp":1742655941.222989,"label":"Bunny didUpdate"},{"content":{"transform":{"columns":[[-0.33217967,0.002737905,-0.9432121,0],[0.00056676817,0.9999959,0.0027031298,0],[0.94321597,0.0003633423,-0.33217996,0],[-0.024880681,-0.41982555,-0.55039984,0.9999999]]},"name":"bunny","identifier":"A67663EF-BEA1-401F-9518-4B87536FF3AB"},"timestamp":1742655942.225729,"label":"Bunny didUpdate"},{"label":"ARImageAnchor didUpdate","timestamp":1742655943.138236,"content":{"name":"Car","identifier":"FF85DBE1-76D3-E459-2D24-8EDCEE263300","transform":{"columns":[[0.9890264,0.008090983,-0.14751701,0],[0.14741121,0.012406151,0.98899746,0],[0.009832081,-0.99989027,0.011077322,0],[-0.2652348,-0.7672336,-0.06334886,0.99999994]]}}},{"content":{"transform":{"columns":[[0.9890264,0.008090983,-0.14751701,0],[0.14741121,0.012406151,0.98899746,0],[0.009832081,-0.99989027,0.011077322,0],[-0.2652348,-0.7672336,-0.06334886,0.99999994]]},"name":"Car","identifier":"FF85DBE1-76D3-E459-2D24-8EDCEE263300"},"label":"ARImageAnchor didUpdate","timestamp":1742655943.1562939},{"timestamp":1742655945.82373,"label":"Bunny didUpdate","content":{"identifier":"A67663EF-BEA1-401F-9518-4B87536FF3AB","name":"bunny","transform":{"columns":[[-0.33222678,0.0027657954,-0.9431954,0],[0.0004998362,0.99999577,0.002756295,0],[0.94319946,0.000444272,-0.33222693,0],[-0.02488602,-0.4198225,-0.55039793,0.99999994]]}}},{"label":"ARImageAnchor didUpdate","timestamp":1742655946.308609,"content":{"name":"Lenna","identifier":"6BAD7D5D-D14A-EF93-1C8B-F6BEC80B8329","transform":{"columns":[[-0.15763801,-0.039301686,-0.98671454,0],[0.98749137,-0.00959333,-0.15738003,0],[-0.0032805772,-0.9991813,0.04032233,0],[0.41446358,-0.7645011,-0.24312672,0.9999999]]}}},{"label":"ARImageAnchor didUpdate","timestamp":1742655946.323148,"content":{"identifier":"6BAD7D5D-D14A-EF93-1C8B-F6BEC80B8329","name":"Lenna","transform":{"columns":[[-0.15763801,-0.039301686,-0.98671454,0],[0.98749137,-0.00959333,-0.15738003,0],[-0.0032805772,-0.9991813,0.04032233,0],[0.41446358,-0.7645011,-0.24312672,0.9999999]]}}},{"content":{"name":"bunny","identifier":"A67663EF-BEA1-401F-9518-4B87536FF3AB","transform":{"columns":[[-0.3322312,0.0027963035,-0.94319373,0],[0.0004891057,0.99999565,0.0027924222,0],[0.94319797,0.00046640862,-0.3322313,0],[-0.024885338,-0.41982314,-0.5503985,0.99999994]]}},"timestamp":1742655949.251512,"label":"Bunny didUpdate"}]