[{"label":"Application launched","timestamp":1742642640.234832},{"timestamp":1742642640.2349381,"label":"Initialize ARViewModel"},{"timestamp":1742642640.23674,"label":"Finished Initialize ARViewModel"},{"timestamp":1742642640.236806,"label":"Initialize AnchorManager"},{"timestamp":1742642640.23682,"label":"Fininshed Initialize AnchorManager"},{"timestamp":1742642640.236833,"label":"ContentView Initialize"},{"label":"Finished Ranging","content":{"position":[0.15297465,-0.35491142,-0.7668667],"beaconName":"DWM3001CDK (8449B511)"},"timestamp":1742642664.1695318},{"label":"Bunny didAdd","content":{"name":"bunny","identifier":"9C8EFDD4-8623-4061-87C4-14CB64DA5818","transform":{"columns":[[0.22737437,0,-0.9738074,0],[0,1,0,0],[0.9738074,0,0.22737437,0],[0.15297465,-0.35491142,-0.7668667,1]]}},"timestamp":1742642664.217061},{"label":"Bunny didUpdate","timestamp":1742642665.325295,"content":{"name":"bunny","transform":{"columns":[[0.22740117,-8.587068e-06,-0.9738012,0],[-6.576022e-06,0.99999994,-1.0353717e-05,0],[0.9738012,8.758187e-06,0.22740117,0],[0.15297759,-0.3549125,-0.7668667,1]]},"identifier":"9C8EFDD4-8623-4061-87C4-14CB64DA5818"}},{"content":{"transform":{"columns":[[0.2293577,-4.574104e-05,-0.9733421,0],[3.937578e-05,0.9999999,-3.77153e-05,0],[0.9733422,-2.9675819e-05,0.22935772,0],[0.15210032,-0.35411176,-0.7661502,1]]},"name":"bunny","identifier":"9C8EFDD4-8623-4061-87C4-14CB64DA5818"},"timestamp":1742642665.724613,"label":"Bunny didUpdate"},{"content":{"name":"Car","transform":{"columns":[[0.84190303,0.016667087,0.5393712,0],[-0.539531,0.0069863037,0.8419365,0],[0.010264429,-0.99983656,0.014874183,0],[-0.32228506,-0.6729926,-0.5383562,0.9999999]]},"identifier":"FF85DBE1-76D3-E459-2D24-8EDCEE263300"},"label":"ARImageAnchor didAdd","timestamp":1742642666.383524},{"content":{"transform":{"columns":[[0.84190303,0.016667087,0.5393712,0],[-0.539531,0.0069863037,0.8419365,0],[0.010264429,-0.99983656,0.014874183,0],[-0.32228506,-0.6729926,-0.5383562,0.9999999]]},"name":"Car","identifier":"FF85DBE1-76D3-E459-2D24-8EDCEE263300"},"timestamp":1742642666.391119,"label":"ARImageAnchor didUpdate"},{"label":"ARImageAnchor didAdd","content":{"name":"Earth","transform":{"columns":[[0.872178,-0.002432629,0.48918244,0],[-0.48884544,-0.041775,0.8713694,0],[0.01831588,-0.999124,-0.037624415,0],[-0.9259908,0.58794576,-1.5205078,1]]},"identifier":"088EF783-5990-B052-BE99-B8AA15BA6C68"},"timestamp":1742642670.1171021},{"label":"ARImageAnchor didUpdate","timestamp":1742642670.123128,"content":{"name":"Earth","identifier":"088EF783-5990-B052-BE99-B8AA15BA6C68","transform":{"columns":[[0.872178,-0.002432629,0.48918244,0],[-0.48884544,-0.041775,0.8713694,0],[0.01831588,-0.999124,-0.037624415,0],[-0.9259908,0.58794576,-1.5205078,1]]}}},{"timestamp":1742642673.024687,"content":{"name":"bunny","transform":{"columns":[[0.22928852,5.279537e-06,-0.97335845,0],[0.0009223936,0.99999934,0.00022270705,0],[0.97335804,-0.00094888406,0.2292884,0],[0.1520676,-0.3540791,-0.766156,1]]},"identifier":"9C8EFDD4-8623-4061-87C4-14CB64DA5818"},"label":"Bunny didUpdate"},{"label":"Bunny didUpdate","content":{"name":"bunny","transform":{"columns":[[0.22939175,1.8852044e-05,-0.97333413,0],[0.0008961725,0.9999993,0.00023057511,0],[0.9733338,-0.0009251677,0.22939166,0],[0.15189162,-0.35384586,-0.7660605,1]]},"identifier":"9C8EFDD4-8623-4061-87C4-14CB64DA5818"},"timestamp":1742642673.5247278},{"content":{"transform":{"columns":[[0.5179281,-0.033637833,-0.8547624,0],[0.8546831,-0.02122691,0.5187155,0],[-0.035592414,-0.99920857,0.017755672,0],[0.3402006,-0.6682389,-0.2311727,1]]},"identifier":"6BAD7D5D-D14A-EF93-1C8B-F6BEC80B8329","name":"Lenna"},"timestamp":1742642675.449767,"label":"ARImageAnchor didAdd"},{"timestamp":1742642675.457196,"content":{"identifier":"6BAD7D5D-D14A-EF93-1C8B-F6BEC80B8329","name":"Lenna","transform":{"columns":[[0.5179281,-0.033637833,-0.8547624,0],[0.8546831,-0.02122691,0.5187155,0],[-0.035592414,-0.99920857,0.017755672,0],[0.3402006,-0.6682389,-0.2311727,1]]}},"label":"ARImageAnchor didUpdate"},{"content":{"transform":{"columns":[[0.5256358,-0.035214927,-0.8499804,0],[0.8490012,-0.04157416,0.52675265,0],[-0.0538868,-0.9985146,0.008044635,0],[0.3394845,-0.66423887,-0.22822645,1.0000001]]},"identifier":"6BAD7D5D-D14A-EF93-1C8B-F6BEC80B8329","name":"Lenna"},"timestamp":1742642675.95654,"label":"ARImageAnchor didUpdate"},{"content":{"name":"Lenna","transform":{"columns":[[0.5256358,-0.035214927,-0.8499804,0],[0.8490012,-0.04157416,0.52675265,0],[-0.0538868,-0.9985146,0.008044635,0],[0.3394845,-0.66423887,-0.22822645,1.0000001]]},"identifier":"6BAD7D5D-D14A-EF93-1C8B-F6BEC80B8329"},"label":"ARImageAnchor didUpdate","timestamp":1742642675.98925},{"timestamp":1742642679.749619,"content":{"identifier":"C35EAC54-3E90-1B97-807B-5E3B8F238DB7","transform":{"columns":[[0.8777236,0.011308843,0.47903353,0],[-0.47843143,-0.034687266,0.8774393,0],[0.026539179,-0.9993341,-0.025035314,0],[0.6864637,0.7564758,-0.5927587,0.99999994]]},"name":"Sailboat"},"label":"ARImageAnchor didAdd"},{"content":{"transform":{"columns":[[0.8777236,0.011308843,0.47903353,0],[-0.47843143,-0.034687266,0.8774393,0],[0.026539179,-0.9993341,-0.025035314,0],[0.6864637,0.7564758,-0.5927587,0.99999994]]},"identifier":"C35EAC54-3E90-1B97-807B-5E3B8F238DB7","name":"Sailboat"},"label":"ARImageAnchor didUpdate","timestamp":1742642679.755882},{"timestamp":1742642680.255732,"content":{"identifier":"C35EAC54-3E90-1B97-807B-5E3B8F238DB7","name":"Sailboat","transform":{"columns":[[0.8742192,0.0072454135,0.48547724,0],[-0.4854733,-0.002401665,0.8742481,0],[0.0075002313,-0.99997085,0.0014178787,0],[0.6880886,0.7620775,-0.5937933,1]]}},"label":"ARImageAnchor didUpdate"},{"label":"ARImageAnchor didUpdate","content":{"name":"Sailboat","identifier":"C35EAC54-3E90-1B97-807B-5E3B8F238DB7","transform":{"columns":[[0.8742192,0.0072454135,0.48547724,0],[-0.4854733,-0.002401665,0.8742481,0],[0.0075002313,-0.99997085,0.0014178787,0],[0.6880886,0.7620775,-0.5937933,1]]}},"timestamp":1742642680.289334},{"label":"ARImageAnchor didAdd","timestamp":1742642682.4161592,"content":{"transform":{"columns":[[-0.49757355,-0.011316163,0.86734784,0],[-0.86692977,0.040159073,-0.49680978,0],[-0.029209912,-0.9991291,-0.029792415,0],[1.0397958,0.79354787,0.24664435,1]]},"name":"Mandrill","identifier":"A19C2489-597B-2BED-432C-244B551E75FD"}},{"content":{"transform":{"columns":[[-0.49757355,-0.011316163,0.86734784,0],[-0.86692977,0.040159073,-0.49680978,0],[-0.029209912,-0.9991291,-0.029792415,0],[1.0397958,0.79354787,0.24664435,1]]},"name":"Mandrill","identifier":"A19C2489-597B-2BED-432C-244B551E75FD"},"label":"ARImageAnchor didUpdate","timestamp":1742642682.423677},{"timestamp":1742642685.082583,"label":"ARImageAnchor didAdd","content":{"identifier":"61BB3DDD-C96C-6E82-3432-BD712CCBCB28","transform":{"columns":[[-0.5024542,-0.0025613878,0.8645999,0],[-0.8646019,-0.0005312708,-0.5024571,0],[0.0017463326,-0.9999965,-0.0019476394,0],[0.7367395,0.18061602,0.9231717,1]]},"name":"Peppers"}},{"label":"ARImageAnchor didUpdate","content":{"identifier":"61BB3DDD-C96C-6E82-3432-BD712CCBCB28","name":"Peppers","transform":{"columns":[[-0.5024542,-0.0025613878,0.8645999,0],[-0.8646019,-0.0005312708,-0.5024571,0],[0.0017463326,-0.9999965,-0.0019476394,0],[0.7367395,0.18061602,0.9231717,1]]}},"timestamp":1742642685.09024},{"label":"Bunny didUpdate","content":{"name":"bunny","identifier":"9C8EFDD4-8623-4061-87C4-14CB64DA5818","transform":{"columns":[[0.22850409,-0.00019741117,-0.9735429,0],[0.0010355101,0.9999991,4.0272877e-05,0],[0.9735424,-0.0010173166,0.22850417,0],[0.15179926,-0.35386738,-0.7660509,1]]}},"timestamp":1742642694.72331},{"content":{"name":"bunny","transform":{"columns":[[0.2285157,-0.00024063424,-0.97354007,0],[0.0011853714,0.9999988,3.106405e-05,0],[0.9735394,-0.0011611059,0.22851582,0],[0.15179625,-0.35386688,-0.7660509,0.9999999]]},"identifier":"9C8EFDD4-8623-4061-87C4-14CB64DA5818"},"timestamp":1742642696.9241529,"label":"Bunny didUpdate"},{"label":"Bunny didUpdate","timestamp":1742642698.156821,"content":{"transform":{"columns":[[0.22849673,-0.00026361458,-0.9735445,0],[0.0011951826,0.9999987,9.738759e-06,0],[0.97354376,-0.0011657894,0.22849688,0],[0.15179399,-0.35386893,-0.76605,0.9999999]]},"name":"bunny","identifier":"9C8EFDD4-8623-4061-87C4-14CB64DA5818"}},{"content":{"name":"Mandrill","identifier":"A19C2489-597B-2BED-432C-244B551E75FD","transform":{"columns":[[-0.49360135,-0.011160831,0.86961645,0],[-0.868745,0.052879557,-0.49242812,0],[-0.040489044,-0.99853843,-0.035797335,0],[1.0361634,0.7845177,0.2710368,1]]}},"label":"ARImageAnchor didUpdate","timestamp":1742642703.721253},{"timestamp":1742642703.755045,"content":{"name":"Mandrill","transform":{"columns":[[-0.49360135,-0.011160831,0.86961645,0],[-0.868745,0.052879557,-0.49242812,0],[-0.040489044,-0.99853843,-0.035797335,0],[1.0361634,0.7845177,0.2710368,1]]},"identifier":"A19C2489-597B-2BED-432C-244B551E75FD"},"label":"ARImageAnchor didUpdate"},{"content":{"identifier":"61BB3DDD-C96C-6E82-3432-BD712CCBCB28","transform":{"columns":[[-0.48985428,-0.0047791437,0.8717912,0],[-0.87169033,-0.013479859,-0.4898715,0],[0.014092787,-0.99989766,0.002437235,0],[0.7308416,0.16822812,0.9444462,1]]},"name":"Peppers"},"timestamp":1742642705.8554149,"label":"ARImageAnchor didUpdate"},{"label":"ARImageAnchor didUpdate","content":{"name":"Peppers","transform":{"columns":[[-0.48985428,-0.0047791437,0.8717912,0],[-0.87169033,-0.013479859,-0.4898715,0],[0.014092787,-0.99989766,0.002437235,0],[0.7308416,0.16822812,0.9444462,1]]},"identifier":"61BB3DDD-C96C-6E82-3432-BD712CCBCB28"},"timestamp":1742642705.888197},{"label":"ARImageAnchor didUpdate","timestamp":1742642714.387162,"content":{"transform":{"columns":[[-0.4905159,-0.0038281851,0.87142366,0],[-0.871425,-0.0018958049,-0.490525,0],[0.0035298658,-0.99999076,-0.0024060663,0],[0.73090506,0.17289424,0.9320666,1]]},"name":"Peppers","identifier":"61BB3DDD-C96C-6E82-3432-BD712CCBCB28"}},{"label":"ARImageAnchor didUpdate","timestamp":1742642714.421541,"content":{"transform":{"columns":[[-0.4905159,-0.0038281851,0.87142366,0],[-0.871425,-0.0018958049,-0.490525,0],[0.0035298658,-0.99999076,-0.0024060663,0],[0.73090506,0.17289424,0.9320666,1]]},"identifier":"61BB3DDD-C96C-6E82-3432-BD712CCBCB28","name":"Peppers"}}]