[{"timestamp":1742644135.7049952,"label":"Application launched"},{"label":"Initialize ARViewModel","timestamp":1742644135.705062},{"timestamp":1742644135.7064571,"label":"Finished Initialize ARViewModel"},{"timestamp":1742644135.7065039,"label":"Initialize AnchorManager"},{"label":"Fininshed Initialize AnchorManager","timestamp":1742644135.706509},{"label":"ContentView Initialize","timestamp":1742644135.706514},{"content":{"position":[0.0060916655,-0.23470308,-0.27688986],"beaconName":"DWM3001CDK (8449B511)"},"timestamp":1742644160.579992,"label":"Finished Ranging"},{"label":"Bunny didAdd","timestamp":1742644160.632083,"content":{"name":"bunny","identifier":"ADD52DA7-8CE0-4706-8DC0-16B610C09A97","transform":{"columns":[[-0.15275097,0,-0.9882647,0],[0,1,0,0],[0.9882647,0,-0.15275097,0],[0.0060916655,-0.23470308,-0.27688986,1]]}}},{"label":"ARImageAnchor didAdd","timestamp":1742644162.8985171,"content":{"transform":{"columns":[[0.99881864,0.010067173,0.047538415,0],[-0.04785988,0.034552682,0.99825615,0],[0.008407039,-0.99935204,0.034993697,0],[-0.31379345,-0.53998315,0.14583552,1]]},"name":"Car","identifier":"FF85DBE1-76D3-E459-2D24-8EDCEE263300"}},{"timestamp":1742644162.9054332,"label":"ARImageAnchor didUpdate","content":{"identifier":"FF85DBE1-76D3-E459-2D24-8EDCEE263300","name":"Car","transform":{"columns":[[0.99881864,0.010067173,0.047538415,0],[-0.04785988,0.034552682,0.99825615,0],[0.008407039,-0.99935204,0.034993697,0],[-0.31379345,-0.53998315,0.14583552,1]]}}},{"label":"ARImageAnchor didAdd","timestamp":1742644165.565093,"content":{"transform":{"columns":[[0.99980617,-0.0030624093,-0.019440392,0],[0.019367645,-0.022235116,0.99956506,0],[-0.0034933419,-0.99974793,-0.022171497,0],[-1.3008837,0.7019335,-0.39509457,0.9999999]]},"name":"Earth","identifier":"088EF783-5990-B052-BE99-B8AA15BA6C68"}},{"content":{"identifier":"088EF783-5990-B052-BE99-B8AA15BA6C68","transform":{"columns":[[0.99980617,-0.0030624093,-0.019440392,0],[0.019367645,-0.022235116,0.99956506,0],[-0.0034933419,-0.99974793,-0.022171497,0],[-1.3008837,0.7019335,-0.39509457,0.9999999]]},"name":"Earth"},"label":"ARImageAnchor didUpdate","timestamp":1742644165.57089},{"content":{"identifier":"088EF783-5990-B052-BE99-B8AA15BA6C68","transform":{"columns":[[0.9999765,-0.0062330063,-0.0028066135,0],[0.0026900284,-0.018635169,0.99982256,0],[-0.006284204,-0.99980676,-0.018617967,0],[-1.3082863,0.7065315,-0.4026407,0.99999994]]},"name":"Earth"},"timestamp":1742644166.070401,"label":"ARImageAnchor didUpdate"},{"label":"ARImageAnchor didUpdate","timestamp":1742644166.10421,"content":{"transform":{"columns":[[0.9999765,-0.0062330063,-0.0028066135,0],[0.0026900284,-0.018635169,0.99982256,0],[-0.006284204,-0.99980676,-0.018617967,0],[-1.3082863,0.7065315,-0.4026407,0.99999994]]},"identifier":"088EF783-5990-B052-BE99-B8AA15BA6C68","name":"Earth"}},{"label":"ARImageAnchor didAdd","content":{"transform":{"columns":[[0.009085878,-0.04038872,-0.9991426,0],[0.99987966,-0.012194286,0.009585537,0],[-0.012570987,-0.9991095,0.04027306,0],[0.38247404,-0.5465724,0.08390769,0.99999994]]},"name":"Lenna","identifier":"6BAD7D5D-D14A-EF93-1C8B-F6BEC80B8329"},"timestamp":1742644169.298233},{"timestamp":1742644169.3063831,"label":"ARImageAnchor didUpdate","content":{"name":"Lenna","identifier":"6BAD7D5D-D14A-EF93-1C8B-F6BEC80B8329","transform":{"columns":[[0.009085878,-0.04038872,-0.9991426,0],[0.99987966,-0.012194286,0.009585537,0],[-0.012570987,-0.9991095,0.04027306,0],[0.38247404,-0.5465724,0.08390769,0.99999994]]}}},{"timestamp":1742644172.498114,"label":"ARImageAnchor didAdd","content":{"name":"Sailboat","identifier":"C35EAC54-3E90-1B97-807B-5E3B8F238DB7","transform":{"columns":[[0.9999039,0.002844433,-0.013565204,0],[0.013542231,0.007950021,0.9998767,0],[0.0029519277,-0.99996424,0.007910732,0],[0.5173583,0.8704754,-0.4129771,0.99999994]]}}},{"label":"ARImageAnchor didUpdate","content":{"name":"Sailboat","transform":{"columns":[[0.9999039,0.002844433,-0.013565204,0],[0.013542231,0.007950021,0.9998767,0],[0.0029519277,-0.99996424,0.007910732,0],[0.5173583,0.8704754,-0.4129771,0.99999994]]},"identifier":"C35EAC54-3E90-1B97-807B-5E3B8F238DB7"},"timestamp":1742644172.504266},{"label":"ARImageAnchor didAdd","content":{"transform":{"columns":[[0.014824183,-0.01647506,0.99975437,0],[-0.99895364,0.043017607,0.015521196,0],[-0.043262765,-0.9989383,-0.015820121,0],[1.2448452,0.8963137,0.1576002,0.99999994]]},"name":"Mandrill","identifier":"A19C2489-597B-2BED-432C-244B551E75FD"},"timestamp":1742644174.631326},{"timestamp":1742644174.639042,"content":{"name":"Mandrill","identifier":"A19C2489-597B-2BED-432C-244B551E75FD","transform":{"columns":[[0.014824183,-0.01647506,0.99975437,0],[-0.99895364,0.043017607,0.015521196,0],[-0.043262765,-0.9989383,-0.015820121,0],[1.2448452,0.8963137,0.1576002,0.99999994]]}},"label":"ARImageAnchor didUpdate"},{"timestamp":1742644175.138731,"label":"ARImageAnchor didUpdate","content":{"transform":{"columns":[[-0.0062054736,-0.014862418,0.99987036,0],[-0.99908227,0.042467963,-0.0055693793,0],[-0.04237968,-0.9989872,-0.015112315,0],[1.2370634,0.8966991,0.15174985,0.99999994]]},"name":"Mandrill","identifier":"A19C2489-597B-2BED-432C-244B551E75FD"}},{"timestamp":1742644175.17382,"content":{"identifier":"A19C2489-597B-2BED-432C-244B551E75FD","transform":{"columns":[[-0.0062054736,-0.014862418,0.99987036,0],[-0.99908227,0.042467963,-0.0055693793,0],[-0.04237968,-0.9989872,-0.015112315,0],[1.2370634,0.8966991,0.15174985,0.99999994]]},"name":"Mandrill"},"label":"ARImageAnchor didUpdate"},{"label":"ARImageAnchor didAdd","content":{"name":"Peppers","identifier":"61BB3DDD-C96C-6E82-3432-BD712CCBCB28","transform":{"columns":[[-0.018243408,-0.008863598,0.9997942,0],[-0.9997865,0.009854309,-0.018155923,0],[-0.009691386,-0.9999121,-0.0090414835,0],[1.299948,0.27338386,0.89033633,0.99999994]]}},"timestamp":1742644176.76454},{"content":{"transform":{"columns":[[-0.018243408,-0.008863598,0.9997942,0],[-0.9997865,0.009854309,-0.018155923,0],[-0.009691386,-0.9999121,-0.0090414835,0],[1.299948,0.27338386,0.89033633,0.99999994]]},"name":"Peppers","identifier":"61BB3DDD-C96C-6E82-3432-BD712CCBCB28"},"label":"ARImageAnchor didUpdate","timestamp":1742644176.7717881},{"content":{"name":"Earth","identifier":"088EF783-5990-B052-BE99-B8AA15BA6C68","transform":{"columns":[[0.999979,-0.006445566,-0.00042626093,0],[0.00027756527,-0.023053179,0.9997341,0],[-0.0064536845,-0.9997133,-0.02305091,0],[-1.3073224,0.69827706,-0.42446554,0.9999999]]}},"timestamp":1742644185.2701,"label":"ARImageAnchor didUpdate"},{"timestamp":1742644185.3041759,"label":"ARImageAnchor didUpdate","content":{"name":"Earth","identifier":"088EF783-5990-B052-BE99-B8AA15BA6C68","transform":{"columns":[[0.999979,-0.006445566,-0.00042626093,0],[0.00027756527,-0.023053179,0.9997341,0],[-0.0064536845,-0.9997133,-0.02305091,0],[-1.3073224,0.69827706,-0.42446554,0.9999999]]}}},{"label":"Bunny didUpdate","content":{"identifier":"ADD52DA7-8CE0-4706-8DC0-16B610C09A97","transform":{"columns":[[-0.15327097,0.0022130623,-0.9881816,0],[0.0006009929,0.99999744,0.002146308,0],[0.98818386,-0.0002649233,-0.15327191,0],[0.0061224084,-0.23472446,-0.2767986,0.99999994]]},"name":"bunny"},"timestamp":1742644187.6693711}]