[{"timestamp":1742667719.571198,"label":"Application launched"},{"timestamp":1742667719.57129,"label":"Initialize ARViewModel"},{"label":"Finished Initialize ARViewModel","timestamp":1742667719.575388},{"timestamp":1742667719.575417,"label":"Initialize AnchorManager"},{"label":"Fininshed Initialize AnchorManager","timestamp":1742667719.5754251},{"label":"ContentView Initialize","timestamp":1742667719.5754318},{"label":"Finished Ranging","content":{"beaconName":"DWM3001CDK (8449B511)","position":[0.24518524,-0.3879568,-0.50825137]},"timestamp":1742667744.415512},{"timestamp":1742667744.4360008,"label":"Bunny didAdd","content":{"name":"bunny","transform":{"columns":[[0.06378412,0,-0.9979637,0],[0,1,0,0],[0.9979637,0,0.06378412,0],[0.24518524,-0.3879568,-0.50825137,1]]},"identifier":"957F6E40-A767-4301-8A95-853D3B0DE0D5"}},{"label":"ARImageAnchor didAdd","timestamp":1742667747.5525498,"content":{"name":"Car","identifier":"FF85DBE1-76D3-E459-2D24-8EDCEE263300","transform":{"columns":[[0.9522621,0.009995494,0.30511776,0],[-0.30513403,0.00011217053,0.9523093,0],[0.009484582,-0.99995,0.003156809,0],[-0.13182749,-0.6845794,-0.15208077,1]]}}},{"label":"ARImageAnchor didUpdate","content":{"transform":{"columns":[[0.9522621,0.009995494,0.30511776,0],[-0.30513403,0.00011217053,0.9523093,0],[0.009484582,-0.99995,0.003156809,0],[-0.13182749,-0.6845794,-0.15208077,1]]},"name":"Car","identifier":"FF85DBE1-76D3-E459-2D24-8EDCEE263300"},"timestamp":1742667747.561065},{"timestamp":1742667750.510052,"label":"Bunny didUpdate","content":{"transform":{"columns":[[0.06387177,0.0002635021,-0.9979581,0],[0.00014001834,0.99999994,0.00027300278,0],[0.997958,-0.00015716956,0.06387177,0],[0.24518448,-0.3879418,-0.50826216,1]]},"identifier":"957F6E40-A767-4301-8A95-853D3B0DE0D5","name":"bunny"}},{"timestamp":1742667751.235694,"content":{"identifier":"088EF783-5990-B052-BE99-B8AA15BA6C68","transform":{"columns":[[0.97264737,-0.0028989417,0.23226815,0],[-0.23228359,-0.016861847,0.97250175,0],[0.0010972377,-0.99985355,-0.017074006,0],[-0.9640704,0.5635631,-0.9357123,0.9999999]]},"name":"Earth"},"label":"ARImageAnchor didAdd"},{"timestamp":1742667751.24303,"label":"ARImageAnchor didUpdate","content":{"name":"Earth","identifier":"088EF783-5990-B052-BE99-B8AA15BA6C68","transform":{"columns":[[0.97264737,-0.0028989417,0.23226815,0],[-0.23228359,-0.016861847,0.97250175,0],[0.0010972377,-0.99985355,-0.017074006,0],[-0.9640704,0.5635631,-0.9357123,0.9999999]]}}},{"content":{"transform":{"columns":[[0.063941695,0.0004075278,-0.9979536,0],[0.00017234424,0.9999999,0.00041940607,0],[0.9979534,-0.00019880905,0.06394159,0],[0.24518655,-0.3879345,-0.50826836,1]]},"name":"bunny","identifier":"957F6E40-A767-4301-8A95-853D3B0DE0D5"},"label":"Bunny didUpdate","timestamp":1742667754.6113791},{"timestamp":1742667757.01858,"content":{"identifier":"6BAD7D5D-D14A-EF93-1C8B-F6BEC80B8329","transform":{"columns":[[0.29360476,-0.04023272,-0.95507973,0],[0.955815,-0.0029195987,0.2939538,0],[-0.014614993,-0.999186,0.037597828,0],[0.5626285,-0.69353074,-0.03440959,0.99999994]]},"name":"Lenna"},"label":"ARImageAnchor didAdd"},{"label":"ARImageAnchor didUpdate","content":{"name":"Lenna","transform":{"columns":[[0.29360476,-0.04023272,-0.95507973,0],[0.955815,-0.0029195987,0.2939538,0],[-0.014614993,-0.999186,0.037597828,0],[0.5626285,-0.69353074,-0.03440959,0.99999994]]},"identifier":"6BAD7D5D-D14A-EF93-1C8B-F6BEC80B8329"},"timestamp":1742667757.026548},{"label":"ARImageAnchor didAdd","content":{"identifier":"C35EAC54-3E90-1B97-807B-5E3B8F238DB7","name":"Sailboat","transform":{"columns":[[0.965694,0.001218666,0.2596793,0],[-0.25953627,-0.028977806,0.9652983,0],[0.008701308,-0.99957913,-0.027667392,0],[0.8220281,0.7261481,-0.46853927,0.9999999]]}},"timestamp":1742667760.6850939},{"content":{"name":"Sailboat","identifier":"C35EAC54-3E90-1B97-807B-5E3B8F238DB7","transform":{"columns":[[0.965694,0.001218666,0.2596793,0],[-0.25953627,-0.028977806,0.9652983,0],[0.008701308,-0.99957913,-0.027667392,0],[0.8220281,0.7261481,-0.46853927,0.9999999]]}},"label":"ARImageAnchor didUpdate","timestamp":1742667760.692927},{"timestamp":1742667761.208925,"label":"ARImageAnchor didUpdate","content":{"identifier":"C35EAC54-3E90-1B97-807B-5E3B8F238DB7","transform":{"columns":[[0.9725655,-1.8371387e-05,0.23262864,0],[-0.23261331,0.011410052,0.9725023,0],[-0.0026721735,-0.99993485,0.011092756,0],[0.82354456,0.73054314,-0.46952736,1]]},"name":"Sailboat"}},{"label":"ARImageAnchor didUpdate","content":{"name":"Sailboat","identifier":"C35EAC54-3E90-1B97-807B-5E3B8F238DB7","transform":{"columns":[[0.9725655,-1.8371387e-05,0.23262864,0],[-0.23261331,0.011410052,0.9725023,0],[-0.0026721735,-0.99993485,0.011092756,0],[0.82354456,0.73054314,-0.46952736,1]]}},"timestamp":1742667761.225389},{"timestamp":1742667763.3515692,"label":"ARImageAnchor didAdd","content":{"identifier":"A19C2489-597B-2BED-432C-244B551E75FD","name":"Mandrill","transform":{"columns":[[-0.26791373,-0.014550243,0.96333295,0],[-0.96261865,0.04539037,-0.26702952,0],[-0.03984069,-0.9988633,-0.026167048,0],[1.3757576,0.75653493,0.26192662,1]]}}},{"content":{"transform":{"columns":[[-0.26791373,-0.014550243,0.96333295,0],[-0.96261865,0.04539037,-0.26702952,0],[-0.03984069,-0.9988633,-0.026167048,0],[1.3757576,0.75653493,0.26192662,1]]},"identifier":"A19C2489-597B-2BED-432C-244B551E75FD","name":"Mandrill"},"timestamp":1742667763.360021,"label":"ARImageAnchor didUpdate"},{"timestamp":1742667765.451499,"label":"ARImageAnchor didAdd","content":{"name":"Peppers","identifier":"61BB3DDD-C96C-6E82-3432-BD712CCBCB28","transform":{"columns":[[-0.27551758,-0.007669129,0.9612654,0],[-0.96127814,0.008285582,-0.27545518,0],[-0.00585216,-0.99993616,-0.009655,0],[1.2482275,0.1351287,0.98974395,1]]}}},{"label":"ARImageAnchor didUpdate","timestamp":1742667765.4603438,"content":{"identifier":"61BB3DDD-C96C-6E82-3432-BD712CCBCB28","transform":{"columns":[[-0.27551758,-0.007669129,0.9612654,0],[-0.96127814,0.008285582,-0.27545518,0],[-0.00585216,-0.99993616,-0.009655,0],[1.2482275,0.1351287,0.98974395,1]]},"name":"Peppers"}},{"timestamp":1742667765.976056,"label":"ARImageAnchor didUpdate","content":{"identifier":"61BB3DDD-C96C-6E82-3432-BD712CCBCB28","name":"Peppers","transform":{"columns":[[-0.2651809,-0.0076503614,0.9641683,0],[-0.9641916,0.0059195426,-0.26514035,0],[-0.003679011,-0.9999531,-0.00894616,0],[1.2453166,0.13835268,0.9833733,0.99999994]]}}},{"content":{"transform":{"columns":[[-0.2651809,-0.0076503614,0.9641683,0],[-0.9641916,0.0059195426,-0.26514035,0],[-0.003679011,-0.9999531,-0.00894616,0],[1.2453166,0.13835268,0.9833733,0.99999994]]},"name":"Peppers","identifier":"61BB3DDD-C96C-6E82-3432-BD712CCBCB28"},"label":"ARImageAnchor didUpdate","timestamp":1742667765.9924312},{"timestamp":1742667769.92576,"content":{"identifier":"957F6E40-A767-4301-8A95-853D3B0DE0D5","transform":{"columns":[[0.06382768,0.00082123186,-0.99796057,0],[0.00014464789,0.99999964,0.0008321612,0],[0.9979607,-0.00019746777,0.06382752,0],[0.24518237,-0.38791648,-0.5082802,1]]},"name":"bunny"},"label":"Bunny didUpdate"},{"timestamp":1742667771.309023,"content":{"transform":{"columns":[[0.06385861,0.0008642162,-0.99795854,0],[0.00015478683,0.99999964,0.0008758884,0],[0.9979586,-0.00021040381,0.06385841,0],[0.24518225,-0.38791254,-0.5082797,1]]},"name":"bunny","identifier":"957F6E40-A767-4301-8A95-853D3B0DE0D5"},"label":"Bunny didUpdate"}]