[{"label":"Application launched","timestamp":1742647243.903802},{"timestamp":1742647243.9038901,"label":"Initialize ARViewModel"},{"label":"Finished Initialize ARViewModel","timestamp":1742647243.905446},{"label":"Initialize AnchorManager","timestamp":1742647243.9054642},{"label":"Fininshed Initialize AnchorManager","timestamp":1742647243.905469},{"label":"ContentView Initialize","timestamp":1742647243.905473},{"timestamp":1742647267.108697,"content":{"beaconName":"DWM3001CDK (8449B511)","position":[0.0896236,-0.40470594,-0.56174546]},"label":"Finished Ranging"},{"label":"Bunny didAdd","content":{"name":"bunny","identifier":"DC1A1B44-4EE9-4B12-BA63-C887F92F5937","transform":{"columns":[[-0.25576997,0,-0.9667377,0],[0,1,0,0],[0.9667377,0,-0.25576997,0],[0.0896236,-0.40470594,-0.56174546,1]]}},"timestamp":1742647267.163492},{"timestamp":1742647269.337836,"content":{"identifier":"DC1A1B44-4EE9-4B12-BA63-C887F92F5937","transform":{"columns":[[-0.25578043,0.00013596127,-0.966735,0],[5.918192e-05,1,0.0001249812,0],[0.966735,-2.5245494e-05,-0.2557804,0],[0.08962332,-0.40470204,-0.5617453,1]]},"name":"bunny"},"label":"Bunny didUpdate"},{"label":"Bunny didUpdate","content":{"name":"bunny","identifier":"DC1A1B44-4EE9-4B12-BA63-C887F92F5937","transform":{"columns":[[-0.25579256,0.00013582173,-0.9667319,0],[0.000101414276,1,0.00011366205,0],[0.9667319,-6.896651e-05,-0.25579253,0],[0.08962302,-0.40470088,-0.5617449,1]]}},"timestamp":1742647269.738184},{"content":{"identifier":"FF85DBE1-76D3-E459-2D24-8EDCEE263300","transform":{"columns":[[0.99984205,0.014635224,-0.010074097,0],[0.009875691,0.013566086,0.99985904,0],[0.014769842,-0.9998006,0.013419413,0],[-0.18539289,-0.71103674,-0.117290676,0.99999994]]},"name":"Car"},"timestamp":1742647270.196517,"label":"ARImageAnchor didAdd"},{"timestamp":1742647270.2040029,"label":"ARImageAnchor didUpdate","content":{"transform":{"columns":[[0.99984205,0.014635224,-0.010074097,0],[0.009875691,0.013566086,0.99985904,0],[0.014769842,-0.9998006,0.013419413,0],[-0.18539289,-0.71103674,-0.117290676,0.99999994]]},"name":"Car","identifier":"FF85DBE1-76D3-E459-2D24-8EDCEE263300"}},{"timestamp":1742647273.963221,"label":"ARImageAnchor didAdd","content":{"identifier":"088EF783-5990-B052-BE99-B8AA15BA6C68","name":"Earth","transform":{"columns":[[0.9960151,0.004173591,-0.08908512,0],[0.089181595,-0.041368384,0.9951558,0],[0.00046806768,-0.999135,-0.041575756,0],[-1.205156,0.5377698,-0.63186693,1]]}}},{"label":"ARImageAnchor didUpdate","content":{"name":"Earth","transform":{"columns":[[0.9960151,0.004173591,-0.08908512,0],[0.089181595,-0.041368384,0.9951558,0],[0.00046806768,-0.999135,-0.041575756,0],[-1.205156,0.5377698,-0.63186693,1]]},"identifier":"088EF783-5990-B052-BE99-B8AA15BA6C68"},"timestamp":1742647273.969925},{"timestamp":1742647277.838038,"label":"Bunny didUpdate","content":{"identifier":"DC1A1B44-4EE9-4B12-BA63-C887F92F5937","name":"bunny","transform":{"columns":[[-0.25598773,0.00051982043,-0.96668017,0],[0.0008397083,0.9999995,0.0003153734,0],[0.96668,-0.00073099753,-0.25598803,0],[0.08961813,-0.40467453,-0.561739,0.99999994]]}}},{"content":{"transform":{"columns":[[-0.016276894,-0.030440498,-0.99940395,0],[0.99861085,-0.050588474,-0.0147231305,0],[-0.050110154,-0.9982554,0.03122164,0],[0.5075886,-0.7111961,-0.21404167,1]]},"name":"Lenna","identifier":"6BAD7D5D-D14A-EF93-1C8B-F6BEC80B8329"},"label":"ARImageAnchor didAdd","timestamp":1742647278.229636},{"timestamp":1742647278.237659,"label":"ARImageAnchor didUpdate","content":{"name":"Lenna","transform":{"columns":[[-0.016276894,-0.030440498,-0.99940395,0],[0.99861085,-0.050588474,-0.0147231305,0],[-0.050110154,-0.9982554,0.03122164,0],[0.5075886,-0.7111961,-0.21404167,1]]},"identifier":"6BAD7D5D-D14A-EF93-1C8B-F6BEC80B8329"}},{"timestamp":1742647279.802343,"content":{"transform":{"columns":[[-0.026794618,-0.03472005,-0.99903774,0],[0.9995853,-0.0114607075,-0.026411021,0],[-0.010532669,-0.9993312,0.035012748,0],[0.5101474,-0.7143811,-0.21353206,0.99999994]]},"name":"Lenna","identifier":"6BAD7D5D-D14A-EF93-1C8B-F6BEC80B8329"},"label":"ARImageAnchor didUpdate"},{"content":{"name":"Lenna","transform":{"columns":[[-0.026794618,-0.03472005,-0.99903774,0],[0.9995853,-0.0114607075,-0.026411021,0],[-0.010532669,-0.9993312,0.035012748,0],[0.5101474,-0.7143811,-0.21353206,0.99999994]]},"identifier":"6BAD7D5D-D14A-EF93-1C8B-F6BEC80B8329"},"timestamp":1742647279.835475,"label":"ARImageAnchor didUpdate"},{"label":"ARImageAnchor didAdd","timestamp":1742647281.9629169,"content":{"identifier":"C35EAC54-3E90-1B97-807B-5E3B8F238DB7","transform":{"columns":[[0.99963164,-0.001744386,-0.027078465,0],[0.027047692,-0.015741395,0.99951005,0],[-0.002169796,-0.99987435,-0.015688417,0],[0.63251686,0.7150991,-0.7044531,1]]},"name":"Sailboat"}},{"label":"ARImageAnchor didUpdate","content":{"identifier":"C35EAC54-3E90-1B97-807B-5E3B8F238DB7","transform":{"columns":[[0.99963164,-0.001744386,-0.027078465,0],[0.027047692,-0.015741395,0.99951005,0],[-0.002169796,-0.99987435,-0.015688417,0],[0.63251686,0.7150991,-0.7044531,1]]},"name":"Sailboat"},"timestamp":1742647281.970086},{"timestamp":1742647283.0051441,"label":"ARImageAnchor didUpdate","content":{"name":"Sailboat","identifier":"C35EAC54-3E90-1B97-807B-5E3B8F238DB7","transform":{"columns":[[0.99852186,0.0058194874,-0.05403721,0],[0.054002434,0.0059755216,0.9985227,0],[0.0061337873,-0.99996495,0.0056524267,0],[0.6289024,0.71202296,-0.7040469,0.99999994]]}}},{"timestamp":1742647283.036528,"label":"ARImageAnchor didUpdate","content":{"name":"Sailboat","identifier":"C35EAC54-3E90-1B97-807B-5E3B8F238DB7","transform":{"columns":[[0.99852186,0.0058194874,-0.05403721,0],[0.054002434,0.0059755216,0.9985227,0],[0.0061337873,-0.99996495,0.0056524267,0],[0.6289024,0.71202296,-0.7040469,0.99999994]]}}},{"timestamp":1742647285.6960568,"label":"ARImageAnchor didAdd","content":{"identifier":"A19C2489-597B-2BED-432C-244B551E75FD","transform":{"columns":[[0.02953617,-0.014127357,0.99946374,0],[-0.9980867,0.053917088,0.030257562,0],[-0.054315653,-0.9984453,-0.012507821,0],[1.3669392,0.73675406,-0.16658796,1]]},"name":"Mandrill"}},{"label":"ARImageAnchor didUpdate","content":{"identifier":"A19C2489-597B-2BED-432C-244B551E75FD","transform":{"columns":[[0.02953617,-0.014127357,0.99946374,0],[-0.9980867,0.053917088,0.030257562,0],[-0.054315653,-0.9984453,-0.012507821,0],[1.3669392,0.73675406,-0.16658796,1]]},"name":"Mandrill"},"timestamp":1742647285.702725},{"content":{"name":"Peppers","identifier":"61BB3DDD-C96C-6E82-3432-BD712CCBCB28","transform":{"columns":[[0.018127868,-0.004062179,0.99982727,0],[-0.9998337,0.0017925088,0.018135274,0],[-0.0018658882,-0.9999899,-0.0040290104,0],[1.4683044,0.1217836,0.56477267,0.99999994]]}},"timestamp":1742647288.3627582,"label":"ARImageAnchor didAdd"},{"timestamp":1742647288.370637,"content":{"transform":{"columns":[[0.018127868,-0.004062179,0.99982727,0],[-0.9998337,0.0017925088,0.018135274,0],[-0.0018658882,-0.9999899,-0.0040290104,0],[1.4683044,0.1217836,0.56477267,0.99999994]]},"name":"Peppers","identifier":"61BB3DDD-C96C-6E82-3432-BD712CCBCB28"},"label":"ARImageAnchor didUpdate"},{"timestamp":1742647297.1381311,"label":"Bunny didUpdate","content":{"transform":{"columns":[[-0.2562066,0.0010800129,-0.96662176,0],[0.0010142538,0.999999,0.00084847404,0],[0.9666219,-0.0007630153,-0.25620747,0],[0.08961407,-0.40466028,-0.56173307,0.99999994]]},"identifier":"DC1A1B44-4EE9-4B12-BA63-C887F92F5937","name":"bunny"}},{"content":{"name":"bunny","identifier":"DC1A1B44-4EE9-4B12-BA63-C887F92F5937","transform":{"columns":[[-0.25615245,0.0010778736,-0.9666363,0],[0.0010667025,0.9999989,0.0008324064,0],[0.9666363,-0.00081789045,-0.25615337,0],[0.0896149,-0.40465897,-0.5617349,1]]}},"timestamp":1742647297.9411259,"label":"Bunny didUpdate"},{"content":{"transform":{"columns":[[-0.2561498,0.0010795702,-0.9666371,0],[0.001084554,0.99999887,0.0008294331,0],[0.9666371,-0.00083591125,-0.25615072,0],[0.08961486,-0.40465844,-0.56173486,0.99999994]]},"identifier":"DC1A1B44-4EE9-4B12-BA63-C887F92F5937","name":"bunny"},"timestamp":1742647299.037362,"label":"Bunny didUpdate"}]