[{"timestamp":1742657535.767057,"label":"Application launched"},{"label":"Initialize ARViewModel","timestamp":1742657535.767291},{"label":"Finished Initialize ARViewModel","timestamp":1742657535.769662},{"timestamp":1742657535.76972,"label":"Initialize AnchorManager"},{"label":"Fininshed Initialize AnchorManager","timestamp":1742657535.769738},{"timestamp":1742657535.769753,"label":"ContentView Initialize"},{"label":"Finished Ranging","content":{"beaconName":"DWM3001CDK (8449B511)","position":[0.14426894,-0.3358212,-0.28811368]},"timestamp":1742657558.67764},{"content":{"identifier":"7BEC27CD-E876-45E6-BF02-6A684188633D","name":"bunny","transform":{"columns":[[-0.17453742,0,-0.9846505,0],[0,1,0,0],[0.9846505,0,-0.17453742,0],[0.14426894,-0.3358212,-0.28811368,1]]}},"timestamp":1742657558.732795,"label":"Bunny didAdd"},{"label":"Bunny didUpdate","timestamp":1742657560.838962,"content":{"name":"bunny","identifier":"7BEC27CD-E876-45E6-BF02-6A684188633D","transform":{"columns":[[-0.17457056,7.7017125e-05,-0.9846446,0],[-2.939747e-05,0.9999998,8.343013e-05,0],[0.98464453,4.351052e-05,-0.17457056,0],[0.14426978,-0.33581814,-0.2881195,1]]}}},{"label":"ARImageAnchor didAdd","content":{"transform":{"columns":[[0.9924787,0.011858109,0.121840104,0],[-0.12176349,-0.0069836406,0.99253434,0],[0.012620477,-0.9999052,-0.005487214,0],[-0.2200275,-0.62451977,0.10607231,0.99999994]]},"identifier":"FF85DBE1-76D3-E459-2D24-8EDCEE263300","name":"Car"},"timestamp":1742657560.8993092},{"timestamp":1742657560.9068341,"content":{"identifier":"FF85DBE1-76D3-E459-2D24-8EDCEE263300","name":"Car","transform":{"columns":[[0.9924787,0.011858109,0.121840104,0],[-0.12176349,-0.0069836406,0.99253434,0],[0.012620477,-0.9999052,-0.005487214,0],[-0.2200275,-0.62451977,0.10607231,0.99999994]]}},"label":"ARImageAnchor didUpdate"},{"content":{"identifier":"088EF783-5990-B052-BE99-B8AA15BA6C68","transform":{"columns":[[0.9974325,-0.000116667004,0.071611576,0],[-0.071580544,0.0278549,0.9970457,0],[-0.002111056,-0.9996119,0.02777503,0],[-1.1861985,0.6251091,-0.519411,1]]},"name":"Earth"},"label":"ARImageAnchor didAdd","timestamp":1742657563.565881},{"label":"ARImageAnchor didUpdate","content":{"identifier":"088EF783-5990-B052-BE99-B8AA15BA6C68","name":"Earth","transform":{"columns":[[0.9974325,-0.000116667004,0.071611576,0],[-0.071580544,0.0278549,0.9970457,0],[-0.002111056,-0.9996119,0.02777503,0],[-1.1861985,0.6251091,-0.519411,1]]}},"timestamp":1742657563.5716372},{"timestamp":1742657567.741939,"label":"Bunny didUpdate","content":{"identifier":"7BEC27CD-E876-45E6-BF02-6A684188633D","name":"bunny","transform":{"columns":[[-0.17414445,0.0008312743,-0.98471963,0],[0.000556849,0.99999917,0.0007456959,0],[0.98471975,-0.00041848148,-0.1741448,0],[0.14424318,-0.33577332,-0.28818253,0.9999999]]}}},{"content":{"transform":{"columns":[[0.09726604,-0.0357355,-0.9946165,0],[0.9950023,-0.019170636,0.09799255,0],[-0.02256924,-0.9991774,0.033692252,0],[0.48270285,-0.6296802,0.094210595,1]]},"name":"Lenna","identifier":"6BAD7D5D-D14A-EF93-1C8B-F6BEC80B8329"},"timestamp":1742657568.398847,"label":"ARImageAnchor didAdd"},{"label":"ARImageAnchor didUpdate","content":{"transform":{"columns":[[0.09726604,-0.0357355,-0.9946165,0],[0.9950023,-0.019170636,0.09799255,0],[-0.02256924,-0.9991774,0.033692252,0],[0.48270285,-0.6296802,0.094210595,1]]},"name":"Lenna","identifier":"6BAD7D5D-D14A-EF93-1C8B-F6BEC80B8329"},"timestamp":1742657568.4070702},{"label":"Bunny didUpdate","content":{"identifier":"7BEC27CD-E876-45E6-BF02-6A684188633D","name":"bunny","transform":{"columns":[[-0.17424044,0.0011845536,-0.98470217,0],[0.0006744609,0.99999857,0.0010836103,0],[0.9847025,-0.0004753347,-0.17424104,0],[0.14422938,-0.3357549,-0.28820688,1]]}},"timestamp":1742657571.1396031},{"content":{"identifier":"C35EAC54-3E90-1B97-807B-5E3B8F238DB7","transform":{"columns":[[0.9970498,0.0023639463,0.07671904,0],[-0.07646489,-0.056305133,0.9954811,0],[0.006672944,-0.99841076,-0.05595826,0],[0.6582967,0.7986518,-0.3726642,1.0000001]]},"name":"Sailboat"},"timestamp":1742657571.5988111,"label":"ARImageAnchor didAdd"},{"timestamp":1742657571.605257,"label":"ARImageAnchor didUpdate","content":{"name":"Sailboat","identifier":"C35EAC54-3E90-1B97-807B-5E3B8F238DB7","transform":{"columns":[[0.9970498,0.0023639463,0.07671904,0],[-0.07646489,-0.056305133,0.9954811,0],[0.006672944,-0.99841076,-0.05595826,0],[0.6582967,0.7986518,-0.3726642,1.0000001]]}}},{"timestamp":1742657572.638739,"label":"ARImageAnchor didUpdate","content":{"identifier":"C35EAC54-3E90-1B97-807B-5E3B8F238DB7","transform":{"columns":[[0.9980136,0.002789271,0.06293372,0],[-0.062989555,0.030455641,0.99754924,0],[0.0008657464,-0.99953216,0.030570844,0],[0.65750855,0.804509,-0.3792444,1]]},"name":"Sailboat"}},{"label":"ARImageAnchor didUpdate","content":{"name":"Sailboat","identifier":"C35EAC54-3E90-1B97-807B-5E3B8F238DB7","transform":{"columns":[[0.9980136,0.002789271,0.06293372,0],[-0.062989555,0.030455641,0.99754924,0],[0.0008657464,-0.99953216,0.030570844,0],[0.65750855,0.804509,-0.3792444,1]]}},"timestamp":1742657572.671451},{"timestamp":1742657574.265219,"label":"ARImageAnchor didAdd","content":{"identifier":"A19C2489-597B-2BED-432C-244B551E75FD","transform":{"columns":[[-0.08442431,-0.017809551,0.9962706,0],[-0.9961497,0.025209615,-0.083963424,0],[-0.023620248,-0.9995235,-0.019869285,0],[1.3341279,0.8293239,0.23955932,1]]},"name":"Mandrill"}},{"content":{"name":"Mandrill","identifier":"A19C2489-597B-2BED-432C-244B551E75FD","transform":{"columns":[[-0.08442431,-0.017809551,0.9962706,0],[-0.9961497,0.025209615,-0.083963424,0],[-0.023620248,-0.9995235,-0.019869285,0],[1.3341279,0.8293239,0.23955932,1]]}},"timestamp":1742657574.275186,"label":"ARImageAnchor didUpdate"},{"timestamp":1742657574.772753,"label":"ARImageAnchor didUpdate","content":{"name":"Mandrill","transform":{"columns":[[-0.07301925,-0.013513104,0.9972389,0],[-0.9964111,0.043910213,-0.07236366,0],[-0.042811114,-0.998944,-0.0166709,0],[1.328456,0.8295782,0.2358836,0.99999994]]},"identifier":"A19C2489-597B-2BED-432C-244B551E75FD"}},{"content":{"name":"Mandrill","identifier":"A19C2489-597B-2BED-432C-244B551E75FD","transform":{"columns":[[-0.07301925,-0.013513104,0.9972389,0],[-0.9964111,0.043910213,-0.07236366,0],[-0.042811114,-0.998944,-0.0166709,0],[1.328456,0.8295782,0.2358836,0.99999994]]}},"timestamp":1742657574.807632,"label":"ARImageAnchor didUpdate"},{"content":{"transform":{"columns":[[-0.08642557,-0.004945508,0.99624586,0],[-0.99613184,-0.015493064,-0.08649255,0],[0.015862647,-0.9998677,-0.0035873903,0],[1.346086,0.21200125,0.9747274,1]]},"name":"Peppers","identifier":"61BB3DDD-C96C-6E82-3432-BD712CCBCB28"},"timestamp":1742657576.932688,"label":"ARImageAnchor didAdd"},{"content":{"transform":{"columns":[[-0.08642557,-0.004945508,0.99624586,0],[-0.99613184,-0.015493064,-0.08649255,0],[0.015862647,-0.9998677,-0.0035873903,0],[1.346086,0.21200125,0.9747274,1]]},"name":"Peppers","identifier":"61BB3DDD-C96C-6E82-3432-BD712CCBCB28"},"timestamp":1742657576.938581,"label":"ARImageAnchor didUpdate"},{"label":"ARImageAnchor didUpdate","content":{"transform":{"columns":[[-0.06638249,-0.005987213,0.99777615,0],[-0.9976577,-0.01613379,-0.06647139,0],[0.016495863,-0.9998518,-0.004902206,0],[1.3431723,0.2139555,0.9699835,1]]},"name":"Peppers","identifier":"61BB3DDD-C96C-6E82-3432-BD712CCBCB28"},"timestamp":1742657577.438702},{"content":{"name":"Peppers","identifier":"61BB3DDD-C96C-6E82-3432-BD712CCBCB28","transform":{"columns":[[-0.06638249,-0.005987213,0.99777615,0],[-0.9976577,-0.01613379,-0.06647139,0],[0.016495863,-0.9998518,-0.004902206,0],[1.3431723,0.2139555,0.9699835,1]]}},"label":"ARImageAnchor didUpdate","timestamp":1742657577.471652},{"label":"ARImageAnchor didUpdate","timestamp":1742657581.172432,"content":{"identifier":"A19C2489-597B-2BED-432C-244B551E75FD","transform":{"columns":[[-0.083353125,-0.0087496955,0.99648166,0],[-0.99393755,0.07267304,-0.082502164,0],[-0.07169548,-0.9973174,-0.014754168,0],[1.3354412,0.8282623,0.23824382,1]]},"name":"Mandrill"}},{"timestamp":1742657581.204808,"label":"ARImageAnchor didUpdate","content":{"name":"Mandrill","identifier":"A19C2489-597B-2BED-432C-244B551E75FD","transform":{"columns":[[-0.083353125,-0.0087496955,0.99648166,0],[-0.99393755,0.07267304,-0.082502164,0],[-0.07169548,-0.9973174,-0.014754168,0],[1.3354412,0.8282623,0.23824382,1]]}}},{"content":{"name":"bunny","transform":{"columns":[[-0.17400561,0.0014051575,-0.9847433,0],[0.00078169093,0.999998,0.0012887986,0],[0.98474383,-0.0005455072,-0.17400642,0],[0.14423221,-0.33574334,-0.28822964,0.9999999]]},"identifier":"7BEC27CD-E876-45E6-BF02-6A684188633D"},"label":"Bunny didUpdate","timestamp":1742657586.1754851},{"content":{"identifier":"7BEC27CD-E876-45E6-BF02-6A684188633D","transform":{"columns":[[-0.17409569,0.0016104376,-0.984727,0],[0.00091820076,0.9999974,0.0014730765,0],[0.9847277,-0.0006477214,-0.17409688,0],[0.1442168,-0.33573103,-0.28824133,1]]},"name":"bunny"},"label":"Bunny didUpdate","timestamp":1742657589.039311},{"content":{"identifier":"FF85DBE1-76D3-E459-2D24-8EDCEE263300","name":"Car","transform":{"columns":[[0.99343604,0.009651895,0.11397989,0],[-0.113969795,-0.0015822188,0.99348265,0],[0.009769348,-0.9999521,-0.0004717558,0],[-0.23238829,-0.62851185,0.09769525,0.99999994]]}},"timestamp":1742657589.705241,"label":"ARImageAnchor didUpdate"},{"label":"ARImageAnchor didUpdate","content":{"transform":{"columns":[[0.99343604,0.009651895,0.11397989,0],[-0.113969795,-0.0015822188,0.99348265,0],[0.009769348,-0.9999521,-0.0004717558,0],[-0.23238829,-0.62851185,0.09769525,0.99999994]]},"identifier":"FF85DBE1-76D3-E459-2D24-8EDCEE263300","name":"Car"},"timestamp":1742657589.739953},{"content":{"name":"bunny","transform":{"columns":[[-0.17409572,0.0016104375,-0.98472697,0],[0.00091820053,0.99999714,0.0014730762,0],[0.98472756,-0.0006477213,-0.17409687,0],[0.14421682,-0.335731,-0.28824133,1]]},"identifier":"7BEC27CD-E876-45E6-BF02-6A684188633D"},"label":"Bunny didUpdate","timestamp":1742657589.972255},{"content":{"transform":{"columns":[[0.9937,0.010400754,0.11158698,0],[-0.11160567,0.0012303197,0.9937516,0],[0.010198475,-0.9999451,0.0023833495,0],[-0.22543818,-0.6252675,0.10475366,1]]},"identifier":"FF85DBE1-76D3-E459-2D24-8EDCEE263300","name":"Car"},"timestamp":1742657590.2393851,"label":"ARImageAnchor didUpdate"},{"timestamp":1742657590.27137,"content":{"identifier":"FF85DBE1-76D3-E459-2D24-8EDCEE263300","transform":{"columns":[[0.9937,0.010400754,0.11158698,0],[-0.11160567,0.0012303197,0.9937516,0],[0.010198475,-0.9999451,0.0023833495,0],[-0.22543818,-0.6252675,0.10475366,1]]},"name":"Car"},"label":"ARImageAnchor didUpdate"},{"timestamp":1742657593.9696941,"label":"ARImageAnchor didUpdate","content":{"transform":{"columns":[[0.9997496,0.0014839775,0.022324253,0],[-0.022168482,-0.069070905,0.99736524,0],[0.0030220249,-0.9976107,-0.0690207,0],[-1.1828933,0.63169026,-0.52371216,1]]},"identifier":"088EF783-5990-B052-BE99-B8AA15BA6C68","name":"Earth"}},{"label":"ARImageAnchor didUpdate","content":{"name":"Earth","identifier":"088EF783-5990-B052-BE99-B8AA15BA6C68","transform":{"columns":[[0.9997496,0.0014839775,0.022324253,0],[-0.022168482,-0.069070905,0.99736524,0],[0.0030220249,-0.9976107,-0.0690207,0],[-1.1828933,0.63169026,-0.52371216,1]]}},"timestamp":1742657594.0031362},{"timestamp":1742657600.371011,"label":"ARImageAnchor didUpdate","content":{"name":"Peppers","transform":{"columns":[[-0.06601745,-0.0061563007,0.9977993,0],[-0.9977863,0.00841017,-0.06596472,0],[-0.00798559,-0.9999456,-0.006697896,0],[1.3514929,0.21267799,0.9841899,0.9999999]]},"identifier":"61BB3DDD-C96C-6E82-3432-BD712CCBCB28"}},{"timestamp":1742657600.404058,"content":{"name":"Peppers","identifier":"61BB3DDD-C96C-6E82-3432-BD712CCBCB28","transform":{"columns":[[-0.06601745,-0.0061563007,0.9977993,0],[-0.9977863,0.00841017,-0.06596472,0],[-0.00798559,-0.9999456,-0.006697896,0],[1.3514929,0.21267799,0.9841899,0.9999999]]}},"label":"ARImageAnchor didUpdate"},{"timestamp":1742657603.67138,"label":"Bunny didUpdate","content":{"transform":{"columns":[[-0.17407046,0.0016622319,-0.9847313,0],[0.0012221476,0.9999966,0.001471961,0],[0.9847316,-0.0009472633,-0.17407215,0],[0.14419414,-0.3357241,-0.28824228,1]]},"name":"bunny","identifier":"7BEC27CD-E876-45E6-BF02-6A684188633D"}}]