[{"timestamp":1742636356.175846,"label":"Application launched"},{"label":"Initialize ARViewModel","timestamp":1742636356.175918},{"label":"Finished Initialize ARViewModel","timestamp":1742636356.17668},{"timestamp":1742636356.176691,"label":"Initialize AnchorManager"},{"label":"Fininshed Initialize AnchorManager","timestamp":1742636356.1766949},{"label":"ContentView Initialize","timestamp":1742636356.1767},{"timestamp":1742636377.492033,"label":"Finished Ranging","content":{"position":[-0.23679224,-0.37026745,-0.26357892],"beaconName":"DWM3001CDK (8449B511)"}},{"label":"Bunny didAdd","timestamp":1742636377.516221,"content":{"identifier":"3B51D3C0-038F-453C-9A99-24C5117F7EF4","transform":{"columns":[[-0.96110415,0,-0.2761859,0],[0,1,0,0],[0.2761859,0,-0.96110415,0],[-0.23679224,-0.37026745,-0.26357892,1]]},"name":"bunny"}},{"timestamp":1742636379.715867,"label":"ARImageAnchor didAdd","content":{"name":"Car","identifier":"FF85DBE1-76D3-E459-2D24-8EDCEE263300","transform":{"columns":[[0.4376523,0.010713075,-0.8990804,0],[0.8986165,0.02904017,0.43777257,0],[0.030799389,-0.9995207,0.0030825853,0],[0.009171963,-0.6584129,0.18044753,1]]}}},{"label":"ARImageAnchor didUpdate","content":{"identifier":"FF85DBE1-76D3-E459-2D24-8EDCEE263300","name":"Car","transform":{"columns":[[0.4376523,0.010713075,-0.8990804,0],[0.8986165,0.02904017,0.43777257,0],[0.030799389,-0.9995207,0.0030825853,0],[0.009171963,-0.6584129,0.18044753,1]]}},"timestamp":1742636379.726022},{"label":"ARImageAnchor didAdd","content":{"transform":{"columns":[[0.38777792,0.0015537543,-0.9217514,0],[0.92142916,-0.027150942,0.3875965,0],[-0.02442419,-0.9996301,-0.011960206,0],[-0.89777267,0.5865754,0.85826874,1]]},"name":"Earth","identifier":"088EF783-5990-B052-BE99-B8AA15BA6C68"},"timestamp":1742636382.332372},{"timestamp":1742636382.3392391,"content":{"name":"Earth","identifier":"088EF783-5990-B052-BE99-B8AA15BA6C68","transform":{"columns":[[0.38777792,0.0015537543,-0.9217514,0],[0.92142916,-0.027150942,0.3875965,0],[-0.02442419,-0.9996301,-0.011960206,0],[-0.89777267,0.5865754,0.85826874,1]]}},"label":"ARImageAnchor didUpdate"},{"content":{"identifier":"088EF783-5990-B052-BE99-B8AA15BA6C68","transform":{"columns":[[0.39311704,0.0034921146,-0.9194818,0],[0.919487,0.00031845822,0.3931205,0],[0.0016656384,-0.99999386,-0.003085762,0],[-0.9052725,0.5917328,0.8648669,1.0000001]]},"name":"Earth"},"label":"ARImageAnchor didUpdate","timestamp":1742636382.856787},{"content":{"identifier":"088EF783-5990-B052-BE99-B8AA15BA6C68","transform":{"columns":[[0.39311704,0.0034921146,-0.9194818,0],[0.919487,0.00031845822,0.3931205,0],[0.0016656384,-0.99999386,-0.003085762,0],[-0.9052725,0.5917328,0.8648669,1.0000001]]},"name":"Earth"},"timestamp":1742636382.884314,"label":"ARImageAnchor didUpdate"},{"timestamp":1742636388.1320338,"label":"ARImageAnchor didAdd","content":{"identifier":"6BAD7D5D-D14A-EF93-1C8B-F6BEC80B8329","transform":{"columns":[[-0.9138219,-0.03642625,-0.404478,0],[0.40470538,0.00122749,-0.9144461,0],[0.033806354,-0.9993356,0.013620183,0],[0.24154691,-0.657149,-0.48738706,1]]},"name":"Lenna"}},{"content":{"name":"Lenna","identifier":"6BAD7D5D-D14A-EF93-1C8B-F6BEC80B8329","transform":{"columns":[[-0.9138219,-0.03642625,-0.404478,0],[0.40470538,0.00122749,-0.9144461,0],[0.033806354,-0.9993356,0.013620183,0],[0.24154691,-0.657149,-0.48738706,1]]}},"label":"ARImageAnchor didUpdate","timestamp":1742636388.140308},{"label":"ARImageAnchor didAdd","content":{"transform":{"columns":[[0.40367106,-0.0013882226,-0.91490304,0],[0.9143489,-0.03421972,0.4034784,0],[-0.031867843,-0.9994134,-0.012544188,0],[-0.14789319,0.76644164,-0.8053027,1]]},"name":"Sailboat","identifier":"C35EAC54-3E90-1B97-807B-5E3B8F238DB7"},"timestamp":1742636391.350236},{"timestamp":1742636391.357234,"label":"ARImageAnchor didUpdate","content":{"transform":{"columns":[[0.40367106,-0.0013882226,-0.91490304,0],[0.9143489,-0.03421972,0.4034784,0],[-0.031867843,-0.9994134,-0.012544188,0],[-0.14789319,0.76644164,-0.8053027,1]]},"name":"Sailboat","identifier":"C35EAC54-3E90-1B97-807B-5E3B8F238DB7"}},{"label":"ARImageAnchor didUpdate","content":{"name":"Sailboat","transform":{"columns":[[0.39685014,0.006301959,-0.91786164,0],[0.91788316,-0.0021723777,0.3968445,0],[0.0005069486,-0.9999777,-0.006646571,0],[-0.1512705,0.7777204,-0.8064742,1]]},"identifier":"C35EAC54-3E90-1B97-807B-5E3B8F238DB7"},"timestamp":1742636392.40588},{"content":{"name":"Sailboat","identifier":"C35EAC54-3E90-1B97-807B-5E3B8F238DB7","transform":{"columns":[[0.39685014,0.006301959,-0.91786164,0],[0.91788316,-0.0021723777,0.3968445,0],[0.0005069486,-0.9999777,-0.006646571,0],[-0.1512705,0.7777204,-0.8064742,1]]}},"timestamp":1742636392.4221458,"label":"ARImageAnchor didUpdate"},{"label":"ARImageAnchor didAdd","timestamp":1742636393.981646,"content":{"identifier":"A19C2489-597B-2BED-432C-244B551E75FD","transform":{"columns":[[0.91445816,-0.014649606,0.40441498,0],[-0.4038733,0.030039972,0.9143215,0],[-0.02554307,-0.99944127,0.021553716,0],[0.66505706,0.8054563,-1.243439,1]]},"name":"Mandrill"}},{"timestamp":1742636393.989843,"label":"ARImageAnchor didUpdate","content":{"identifier":"A19C2489-597B-2BED-432C-244B551E75FD","transform":{"columns":[[0.91445816,-0.014649606,0.40441498,0],[-0.4038733,0.030039972,0.9143215,0],[-0.02554307,-0.99944127,0.021553716,0],[0.66505706,0.8054563,-1.243439,1]]},"name":"Mandrill"}},{"label":"ARImageAnchor didAdd","content":{"transform":{"columns":[[0.90508467,0.000354701,0.42523098,0],[-0.42520788,-0.009723278,0.90504336,0],[0.004455664,-0.9999526,-0.008649559,0],[1.3649061,0.18395118,-1.0110979,0.99999994]]},"name":"Peppers","identifier":"61BB3DDD-C96C-6E82-3432-BD712CCBCB28"},"timestamp":1742636396.081409},{"label":"ARImageAnchor didUpdate","timestamp":1742636396.090087,"content":{"name":"Peppers","identifier":"61BB3DDD-C96C-6E82-3432-BD712CCBCB28","transform":{"columns":[[0.90508467,0.000354701,0.42523098,0],[-0.42520788,-0.009723278,0.90504336,0],[0.004455664,-0.9999526,-0.008649559,0],[1.3649061,0.18395118,-1.0110979,0.99999994]]}}},{"label":"ARImageAnchor didUpdate","content":{"name":"Peppers","identifier":"61BB3DDD-C96C-6E82-3432-BD712CCBCB28","transform":{"columns":[[0.9118116,-0.0036309694,0.41059253,0],[-0.41060174,-0.0022995553,0.9118117,0],[-0.0023665868,-0.9999907,-0.0035876145,0],[1.3594233,0.18884248,-1.0098175,1]]}},"timestamp":1742636397.1389},{"timestamp":1742636397.154537,"label":"ARImageAnchor didUpdate","content":{"name":"Peppers","identifier":"61BB3DDD-C96C-6E82-3432-BD712CCBCB28","transform":{"columns":[[0.9118116,-0.0036309694,0.41059253,0],[-0.41060174,-0.0022995553,0.9118117,0],[-0.0023665868,-0.9999907,-0.0035876145,0],[1.3594233,0.18884248,-1.0098175,1]]}}},{"timestamp":1742636400.822719,"content":{"identifier":"A19C2489-597B-2BED-432C-244B551E75FD","name":"Mandrill","transform":{"columns":[[0.9114245,-0.013021223,0.41126052,0],[-0.41022253,0.04890682,0.9106728,0],[-0.031971518,-0.9987183,0.039233286,0],[0.6594943,0.8081696,-1.249371,0.9999999]]}},"label":"ARImageAnchor didUpdate"},{"label":"ARImageAnchor didUpdate","timestamp":1742636400.8392081,"content":{"transform":{"columns":[[0.9114245,-0.013021223,0.41126052,0],[-0.41022253,0.04890682,0.9106728,0],[-0.031971518,-0.9987183,0.039233286,0],[0.6594943,0.8081696,-1.249371,0.9999999]]},"identifier":"A19C2489-597B-2BED-432C-244B551E75FD","name":"Mandrill"}},{"timestamp":1742636405.8890681,"label":"Bunny didUpdate","content":{"name":"bunny","identifier":"3B51D3C0-038F-453C-9A99-24C5117F7EF4","transform":{"columns":[[-0.9612358,-0.00032860835,-0.27572703,0],[-0.00020007926,0.9999999,-0.00049427507,0],[0.27572712,-0.00041994773,-0.9612358,0],[-0.23687637,-0.37043852,-0.26337597,1]]}}},{"label":"Bunny didUpdate","content":{"identifier":"3B51D3C0-038F-453C-9A99-24C5117F7EF4","transform":{"columns":[[-0.96122706,-0.00032193135,-0.27575758,0],[-0.00019625375,0.9999999,-0.00048334803,0],[0.27575764,-0.0004104889,-0.96122706,0],[-0.23686895,-0.3704348,-0.26338533,1]]},"name":"bunny"},"timestamp":1742636406.191032},{"content":{"identifier":"3B51D3C0-038F-453C-9A99-24C5117F7EF4","transform":{"columns":[[-0.9612293,-0.00032740503,-0.27574912,0],[-0.00018674597,0.9999998,-0.0005363543,0],[0.2757492,-0.00046406462,-0.9612294,0],[-0.23687296,-0.37044612,-0.26337323,0.9999999]]},"name":"bunny"},"label":"Bunny didUpdate","timestamp":1742636407.18848},{"timestamp":1742636410.321358,"label":"ARImageAnchor didUpdate","content":{"transform":{"columns":[[0.3749758,0.0032683152,-0.9270288,0],[0.9268527,-0.021128843,0.37483004,0],[-0.01836197,-0.99977136,-0.010952052,0],[-0.8704764,0.59338844,0.87911457,1]]},"name":"Earth","identifier":"088EF783-5990-B052-BE99-B8AA15BA6C68"}},{"content":{"name":"Earth","transform":{"columns":[[0.3749758,0.0032683152,-0.9270288,0],[0.9268527,-0.021128843,0.37483004,0],[-0.01836197,-0.99977136,-0.010952052,0],[-0.8704764,0.59338844,0.87911457,1]]},"identifier":"088EF783-5990-B052-BE99-B8AA15BA6C68"},"label":"ARImageAnchor didUpdate","timestamp":1742636410.338845},{"content":{"transform":{"columns":[[-0.9612305,-0.0003410008,-0.2757451,0],[-0.00017354511,0.9999999,-0.0006316844,0],[0.27574515,-0.00055934023,-0.96123046,0],[-0.23687652,-0.37046745,-0.26335436,1]]},"name":"bunny","identifier":"3B51D3C0-038F-453C-9A99-24C5117F7EF4"},"timestamp":1742636412.888993,"label":"Bunny didUpdate"},{"timestamp":1742636412.988759,"content":{"identifier":"3B51D3C0-038F-453C-9A99-24C5117F7EF4","transform":{"columns":[[-0.96144307,-0.00034088656,-0.2750033,0],[-0.00017249602,0.99999994,-0.00063650653,0],[0.2750034,-0.0005645279,-0.9614429,0],[-0.23665035,-0.37034917,-0.2630897,1]]},"name":"bunny"},"label":"Bunny didUpdate"}]