[{"timestamp":1742670740.835863,"label":"Application launched"},{"timestamp":1742670740.83598,"label":"Initialize ARViewModel"},{"timestamp":1742670740.8374472,"label":"Finished Initialize ARViewModel"},{"timestamp":1742670740.837463,"label":"Initialize AnchorManager"},{"label":"Fininshed Initialize AnchorManager","timestamp":1742670740.8374681},{"label":"ContentView Initialize","timestamp":1742670740.837471},{"timestamp":1742670763.4433641,"content":{"position":[0.031433266,-0.3210817,-0.2197542],"beaconName":"DWM3001CDK (8449B511)"},"label":"Finished Ranging"},{"content":{"name":"bunny","identifier":"24E167B4-B0A6-444F-8700-D124566A5C2A","transform":{"columns":[[-0.34168005,0,-0.93981636,0],[0,1,0,0],[0.93981636,0,-0.34168005,0],[0.031433266,-0.3210817,-0.2197542,1]]}},"label":"Bunny didAdd","timestamp":1742670763.479423},{"timestamp":1742670765.579187,"label":"ARImageAnchor didAdd","content":{"name":"Car","identifier":"FF85DBE1-76D3-E459-2D24-8EDCEE263300","transform":{"columns":[[0.99185175,0.0037928158,-0.1273404,0],[0.12727532,0.014140343,0.99176645,0],[0.005562239,-0.9998927,0.013542441,0],[-0.22789848,-0.6190321,0.26087072,1]]}}},{"content":{"transform":{"columns":[[0.99185175,0.0037928158,-0.1273404,0],[0.12727532,0.014140343,0.99176645,0],[0.005562239,-0.9998927,0.013542441,0],[-0.22789848,-0.6190321,0.26087072,1]]},"identifier":"FF85DBE1-76D3-E459-2D24-8EDCEE263300","name":"Car"},"timestamp":1742670765.591772,"label":"ARImageAnchor didUpdate"},{"label":"ARImageAnchor didUpdate","timestamp":1742670766.6201549,"content":{"identifier":"FF85DBE1-76D3-E459-2D24-8EDCEE263300","transform":{"columns":[[0.9952797,0.010719531,-0.0964523,0],[0.0964357,0.0020561744,0.99533695,0],[0.010867872,-0.9999403,0.0010127166,0],[-0.22648862,-0.6139674,0.26022208,1]]},"name":"Car"}},{"content":{"identifier":"FF85DBE1-76D3-E459-2D24-8EDCEE263300","name":"Car","transform":{"columns":[[0.9952797,0.010719531,-0.0964523,0],[0.0964357,0.0020561744,0.99533695,0],[0.010867872,-0.9999403,0.0010127166,0],[-0.22648862,-0.6139674,0.26022208,1]]}},"label":"ARImageAnchor didUpdate","timestamp":1742670766.6370149},{"content":{"name":"bunny","transform":{"columns":[[-0.34208632,0.0008156582,-0.9396682,0],[-0.0005370689,0.99999917,0.0010635469,0],[0.93966836,0.0008684916,-0.34208563,0],[0.031470694,-0.3208829,-0.21998811,1.0000001]]},"identifier":"24E167B4-B0A6-444F-8700-D124566A5C2A"},"timestamp":1742670769.653675,"label":"Bunny didUpdate"},{"label":"ARImageAnchor didAdd","content":{"identifier":"088EF783-5990-B052-BE99-B8AA15BA6C68","transform":{"columns":[[0.9856798,-0.00627786,-0.16850927,0],[0.16776787,-0.06418769,0.98373437,0],[-0.016991971,-0.9979179,-0.06221529,0],[-1.2942007,0.64036506,-0.13105652,0.9999999]]},"name":"Earth"},"timestamp":1742670769.7971768},{"label":"ARImageAnchor didUpdate","content":{"identifier":"088EF783-5990-B052-BE99-B8AA15BA6C68","transform":{"columns":[[0.9856798,-0.00627786,-0.16850927,0],[0.16776787,-0.06418769,0.98373437,0],[-0.016991971,-0.9979179,-0.06221529,0],[-1.2942007,0.64036506,-0.13105652,0.9999999]]},"name":"Earth"},"timestamp":1742670769.803485},{"label":"ARImageAnchor didUpdate","content":{"identifier":"088EF783-5990-B052-BE99-B8AA15BA6C68","name":"Earth","transform":{"columns":[[0.986812,-0.0033678494,-0.16183384,0],[0.16179492,-0.009696393,0.9867764,0],[-0.004892519,-0.99994713,-0.009023618,0],[-1.2970226,0.64249325,-0.14569774,0.9999999]]}},"timestamp":1742670770.3188949},{"label":"ARImageAnchor didUpdate","content":{"transform":{"columns":[[0.986812,-0.0033678494,-0.16183384,0],[0.16179492,-0.009696393,0.9867764,0],[-0.004892519,-0.99994713,-0.009023618,0],[-1.2970226,0.64249325,-0.14569774,0.9999999]]},"name":"Earth","identifier":"088EF783-5990-B052-BE99-B8AA15BA6C68"},"timestamp":1742670770.33563},{"content":{"transform":{"columns":[[-0.34200108,0.00080790784,-0.9396992,0],[-0.00041346886,0.99999917,0.0010102317,0],[0.9396995,0.000734037,-0.3420006,0],[0.031460643,-0.32089752,-0.21997315,1]]},"identifier":"24E167B4-B0A6-444F-8700-D124566A5C2A","name":"bunny"},"timestamp":1742670773.0573258,"label":"Bunny didUpdate"},{"timestamp":1742670773.8571448,"label":"Bunny didUpdate","content":{"identifier":"24E167B4-B0A6-444F-8700-D124566A5C2A","name":"bunny","transform":{"columns":[[-0.34204006,0.0008364904,-0.9396849,0],[-0.00046199257,0.9999989,0.0010583434,0],[0.9396851,0.0007961237,-0.34203947,0],[0.031463653,-0.32088733,-0.21998474,1]]}}},{"content":{"transform":{"columns":[[-0.10772942,-0.0394695,-0.99339634,0],[0.99417263,-0.008144968,-0.10748999,0],[-0.0038485767,-0.9991875,0.040116947,0],[0.46207017,-0.61902666,0.09058845,1]]},"identifier":"6BAD7D5D-D14A-EF93-1C8B-F6BEC80B8329","name":"Lenna"},"label":"ARImageAnchor didAdd","timestamp":1742670775.662108},{"timestamp":1742670775.6732059,"label":"ARImageAnchor didUpdate","content":{"name":"Lenna","identifier":"6BAD7D5D-D14A-EF93-1C8B-F6BEC80B8329","transform":{"columns":[[-0.10772942,-0.0394695,-0.99339634,0],[0.99417263,-0.008144968,-0.10748999,0],[-0.0038485767,-0.9991875,0.040116947,0],[0.46207017,-0.61902666,0.09058845,1]]}}},{"timestamp":1742670779.361744,"content":{"name":"Sailboat","identifier":"C35EAC54-3E90-1B97-807B-5E3B8F238DB7","transform":{"columns":[[0.9889071,-0.00016077317,-0.14853449,0],[0.1485237,-0.011028144,0.98884714,0],[-0.0017970386,-0.99993914,-0.010881931,0],[0.5308322,0.8048087,-0.41879597,1.0000001]]}},"label":"ARImageAnchor didAdd"},{"timestamp":1742670779.3681579,"label":"ARImageAnchor didUpdate","content":{"transform":{"columns":[[0.9889071,-0.00016077317,-0.14853449,0],[0.1485237,-0.011028144,0.98884714,0],[-0.0017970386,-0.99993914,-0.010881931,0],[0.5308322,0.8048087,-0.41879597,1.0000001]]},"name":"Sailboat","identifier":"C35EAC54-3E90-1B97-807B-5E3B8F238DB7"}},{"content":{"name":"Mandrill","transform":{"columns":[[0.15444657,-0.015114384,0.9878854,0],[-0.98647285,0.05323314,0.15504013,0],[-0.054931585,-0.9984677,-0.006688258,0],[1.3267486,0.82917106,0.03536767,1]]},"identifier":"A19C2489-597B-2BED-432C-244B551E75FD"},"label":"ARImageAnchor didAdd","timestamp":1742670782.028286},{"timestamp":1742670782.036257,"label":"ARImageAnchor didUpdate","content":{"name":"Mandrill","identifier":"A19C2489-597B-2BED-432C-244B551E75FD","transform":{"columns":[[0.15444657,-0.015114384,0.9878854,0],[-0.98647285,0.05323314,0.15504013,0],[-0.054931585,-0.9984677,-0.006688258,0],[1.3267486,0.82917106,0.03536767,1]]}}},{"timestamp":1742670784.161574,"label":"ARImageAnchor didAdd","content":{"identifier":"61BB3DDD-C96C-6E82-3432-BD712CCBCB28","transform":{"columns":[[0.1299947,-0.00872914,0.9914761,0],[-0.99151057,0.0017029315,0.13001421,0],[-0.00282334,-0.99996036,-0.008433663,0],[1.5041957,0.21061853,0.74890727,1]]},"name":"Peppers"}},{"timestamp":1742670784.169409,"label":"ARImageAnchor didUpdate","content":{"name":"Peppers","identifier":"61BB3DDD-C96C-6E82-3432-BD712CCBCB28","transform":{"columns":[[0.1299947,-0.00872914,0.9914761,0],[-0.99151057,0.0017029315,0.13001421,0],[-0.00282334,-0.99996036,-0.008433663,0],[1.5041957,0.21061853,0.74890727,1]]}}},{"label":"Bunny didUpdate","content":{"name":"bunny","transform":{"columns":[[-0.34250224,0.0017794559,-0.93951523,0],[-0.0005227537,0.99999714,0.00208458,0],[0.9395167,0.0012051092,-0.3425005,0],[0.031395704,-0.320717,-0.22021383,1]]},"identifier":"24E167B4-B0A6-444F-8700-D124566A5C2A"},"timestamp":1742670788.252366}]