[{"timestamp":1742675594.664073,"label":"Application launched"},{"timestamp":1742675594.664154,"label":"Initialize ARViewModel"},{"timestamp":1742675594.666054,"label":"Finished Initialize ARViewModel"},{"timestamp":1742675594.6661139,"label":"Initialize AnchorManager"},{"timestamp":1742675594.6661282,"label":"Fininshed Initialize AnchorManager"},{"timestamp":1742675594.666141,"label":"ContentView Initialize"},{"timestamp":1742675621.511438,"label":"Finished Ranging","content":{"beaconName":"DWM3001CDK (8449B511)","position":[0.04002181,-0.41454586,-0.80678016]}},{"label":"Bunny didAdd","content":{"transform":{"columns":[[0.1754685,0,-0.98448503,0],[0,1,0,0],[0.98448503,0,0.1754685,0],[0.04002181,-0.41454586,-0.80678016,1]]},"name":"bunny","identifier":"64522DB0-2310-4066-8A3D-5A1232C2F000"},"timestamp":1742675621.535732},{"content":{"transform":{"columns":[[0.9146528,0.013385538,0.40401867,0],[-0.40391394,-0.009894156,0.9147435,0],[0.016241763,-0.9998614,-0.0036431064,0],[-0.40452746,-0.70574534,-0.52107155,1]]},"name":"Car","identifier":"FF85DBE1-76D3-E459-2D24-8EDCEE263300"},"timestamp":1742675624.33553,"label":"ARImageAnchor didAdd"},{"timestamp":1742675624.3453798,"label":"ARImageAnchor didUpdate","content":{"name":"Car","transform":{"columns":[[0.9146528,0.013385538,0.40401867,0],[-0.40391394,-0.009894156,0.9147435,0],[0.016241763,-0.9998614,-0.0036431064,0],[-0.40452746,-0.70574534,-0.52107155,1]]},"identifier":"FF85DBE1-76D3-E459-2D24-8EDCEE263300"}},{"content":{"name":"Earth","identifier":"088EF783-5990-B052-BE99-B8AA15BA6C68","transform":{"columns":[[0.9350036,-0.006749804,0.35457405,0],[-0.3542912,-0.062000856,0.9330775,0],[0.0156858,-0.9980532,-0.06036241,0],[-1.1448717,0.54302853,-1.3702844,1]]}},"timestamp":1742675628.053375,"label":"ARImageAnchor didAdd"},{"timestamp":1742675628.059473,"label":"ARImageAnchor didUpdate","content":{"transform":{"columns":[[0.9350036,-0.006749804,0.35457405,0],[-0.3542912,-0.062000856,0.9330775,0],[0.0156858,-0.9980532,-0.06036241,0],[-1.1448717,0.54302853,-1.3702844,1]]},"name":"Earth","identifier":"088EF783-5990-B052-BE99-B8AA15BA6C68"}},{"content":{"identifier":"088EF783-5990-B052-BE99-B8AA15BA6C68","transform":{"columns":[[0.94177103,0.0018874636,0.33624983,0],[-0.33612266,-0.022775441,0.9415427,0],[0.0094353715,-0.99973875,-0.02081483,0],[-1.1478243,0.5485507,-1.3846313,1]]},"name":"Earth"},"label":"ARImageAnchor didUpdate","timestamp":1742675628.577114},{"timestamp":1742675628.5927591,"label":"ARImageAnchor didUpdate","content":{"transform":{"columns":[[0.94177103,0.0018874636,0.33624983,0],[-0.33612266,-0.022775441,0.9415427,0],[0.0094353715,-0.99973875,-0.02081483,0],[-1.1478243,0.5485507,-1.3846313,1]]},"identifier":"088EF783-5990-B052-BE99-B8AA15BA6C68","name":"Earth"}},{"content":{"identifier":"64522DB0-2310-4066-8A3D-5A1232C2F000","name":"bunny","transform":{"columns":[[0.17552671,0.0006068555,-0.9844744,0],[0.0006814833,0.9999994,0.00073793053,0],[0.98447436,-0.0008004294,0.17552619,0],[0.040009793,-0.4144792,-0.80679893,0.9999999]]}},"label":"Bunny didUpdate","timestamp":1742675634.278084},{"timestamp":1742675636.0015988,"content":{"identifier":"6BAD7D5D-D14A-EF93-1C8B-F6BEC80B8329","transform":{"columns":[[0.3829051,-0.03510886,-0.9231201,0],[0.9236511,-0.0026262517,0.38322523,0],[-0.015878933,-0.99938,0.03142275,0],[0.2870499,-0.7041084,-0.33085346,0.99999994]]},"name":"Lenna"},"label":"ARImageAnchor didAdd"},{"label":"ARImageAnchor didUpdate","content":{"transform":{"columns":[[0.3829051,-0.03510886,-0.9231201,0],[0.9236511,-0.0026262517,0.38322523,0],[-0.015878933,-0.99938,0.03142275,0],[0.2870499,-0.7041084,-0.33085346,0.99999994]]},"identifier":"6BAD7D5D-D14A-EF93-1C8B-F6BEC80B8329","name":"Lenna"},"timestamp":1742675636.009138},{"label":"ARImageAnchor didAdd","content":{"transform":{"columns":[[0.93214947,0.001968131,0.36206815,0],[-0.36206335,-0.0024142826,0.9321503,0],[0.002708729,-0.9999952,-0.0015378917,0],[0.58500075,0.725122,-0.73600006,1]]},"name":"Sailboat","identifier":"C35EAC54-3E90-1B97-807B-5E3B8F238DB7"},"timestamp":1742675640.734802},{"timestamp":1742675640.741698,"label":"ARImageAnchor didUpdate","content":{"identifier":"C35EAC54-3E90-1B97-807B-5E3B8F238DB7","transform":{"columns":[[0.93214947,0.001968131,0.36206815,0],[-0.36206335,-0.0024142826,0.9321503,0],[0.002708729,-0.9999952,-0.0015378917,0],[0.58500075,0.725122,-0.73600006,1]]},"name":"Sailboat"}},{"timestamp":1742675643.937227,"content":{"identifier":"A19C2489-597B-2BED-432C-244B551E75FD","name":"Mandrill","transform":{"columns":[[-0.35441896,-0.012810926,0.9349989,0],[-0.93479025,0.030030034,-0.35392845,0],[-0.023543911,-0.9994668,-0.022618748,0],[1.0665863,0.75264823,0.042246643,1]]}},"label":"ARImageAnchor didAdd"},{"label":"ARImageAnchor didUpdate","content":{"identifier":"A19C2489-597B-2BED-432C-244B551E75FD","transform":{"columns":[[-0.35441896,-0.012810926,0.9349989,0],[-0.93479025,0.030030034,-0.35392845,0],[-0.023543911,-0.9994668,-0.022618748,0],[1.0665863,0.75264823,0.042246643,1]]},"name":"Mandrill"},"timestamp":1742675643.942425},{"label":"ARImageAnchor didAdd","content":{"transform":{"columns":[[-0.35102028,-0.0040005515,0.9363593,0],[-0.9363229,-0.008285758,-0.35104215,0],[0.009162793,-0.9999576,-0.00083732785,0],[0.8707181,0.13204303,0.75738984,1]]},"identifier":"61BB3DDD-C96C-6E82-3432-BD712CCBCB28","name":"Peppers"},"timestamp":1742675646.5678968},{"label":"ARImageAnchor didUpdate","content":{"name":"Peppers","transform":{"columns":[[-0.35102028,-0.0040005515,0.9363593,0],[-0.9363229,-0.008285758,-0.35104215,0],[0.009162793,-0.9999576,-0.00083732785,0],[0.8707181,0.13204303,0.75738984,1]]},"identifier":"61BB3DDD-C96C-6E82-3432-BD712CCBCB28"},"timestamp":1742675646.575623},{"label":"ARImageAnchor didUpdate","content":{"name":"Peppers","identifier":"61BB3DDD-C96C-6E82-3432-BD712CCBCB28","transform":{"columns":[[-0.3489096,-0.0035748787,0.9371496,0],[-0.93706363,-0.012735102,-0.3489262,0],[0.013182097,-0.9999124,0.0010935187,0],[0.87110144,0.13488579,0.75218964,0.99999994]]}},"timestamp":1742675647.09215},{"content":{"name":"Peppers","identifier":"61BB3DDD-C96C-6E82-3432-BD712CCBCB28","transform":{"columns":[[-0.3489096,-0.0035748787,0.9371496,0],[-0.93706363,-0.012735102,-0.3489262,0],[0.013182097,-0.9999124,0.0010935187,0],[0.87110144,0.13488579,0.75218964,0.99999994]]}},"timestamp":1742675647.108921,"label":"ARImageAnchor didUpdate"},{"label":"Bunny didUpdate","timestamp":1742675654.77543,"content":{"transform":{"columns":[[0.17533968,0.000673343,-0.9845077,0],[0.0013556484,0.9999985,0.00092537724,0],[0.98450696,-0.0014969017,0.17533852,0],[0.03998592,-0.41443965,-0.8067944,0.99999994]]},"name":"bunny","identifier":"64522DB0-2310-4066-8A3D-5A1232C2F000"}},{"timestamp":1742675663.007245,"content":{"identifier":"61BB3DDD-C96C-6E82-3432-BD712CCBCB28","transform":{"columns":[[-0.36422706,-0.0016904763,0.93130857,0],[-0.93118656,-0.015623965,-0.36420768,0],[0.015166423,-0.9998764,0.0041165324,0],[0.8531959,0.12925157,0.758235,1]]},"name":"Peppers"},"label":"ARImageAnchor didUpdate"},{"timestamp":1742675663.024406,"content":{"name":"Peppers","identifier":"61BB3DDD-C96C-6E82-3432-BD712CCBCB28","transform":{"columns":[[-0.36422706,-0.0016904763,0.93130857,0],[-0.93118656,-0.015623965,-0.36420768,0],[0.015166423,-0.9998764,0.0041165324,0],[0.8531959,0.12925157,0.758235,1]]}},"label":"ARImageAnchor didUpdate"},{"timestamp":1742675664.5852609,"label":"ARImageAnchor didUpdate","content":{"identifier":"C35EAC54-3E90-1B97-807B-5E3B8F238DB7","transform":{"columns":[[0.9391166,0.009152649,0.34347647,0],[-0.3435604,0.010136441,0.9390758,0],[0.0051133945,-0.99990666,0.0126637975,0],[0.5598457,0.72425264,-0.7428286,1]]},"name":"Sailboat"}},{"label":"ARImageAnchor didUpdate","timestamp":1742675664.5913591,"content":{"transform":{"columns":[[0.9391166,0.009152649,0.34347647,0],[-0.3435604,0.010136441,0.9390758,0],[0.0051133945,-0.99990666,0.0126637975,0],[0.5598457,0.72425264,-0.7428286,1]]},"identifier":"C35EAC54-3E90-1B97-807B-5E3B8F238DB7","name":"Sailboat"}},{"content":{"name":"bunny","identifier":"64522DB0-2310-4066-8A3D-5A1232C2F000","transform":{"columns":[[0.17541364,0.0007185086,-0.9844945,0],[0.0017018399,0.99999785,0.001033051,0],[0.98449326,-0.0018566634,0.17541204,0],[0.03998204,-0.4144188,-0.80680007,0.99999994]]}},"label":"Bunny didUpdate","timestamp":1742675667.475772},{"content":{"name":"bunny","identifier":"64522DB0-2310-4066-8A3D-5A1232C2F000","transform":{"columns":[[0.17541343,0.0007136491,-0.98449457,0],[0.0017188772,0.9999978,0.0010311501,0],[0.98449326,-0.001873103,0.17541182,0],[0.039981678,-0.41441807,-0.80680007,0.99999994]]}},"label":"Bunny didUpdate","timestamp":1742675667.674035},{"content":{"transform":{"columns":[[0.17540616,0.0006942502,-0.984496,0],[0.0017753256,0.99999774,0.0010214889,0],[0.9844945,-0.0019269764,0.17540453,0],[0.03998006,-0.41441604,-0.80679953,1]]},"name":"bunny","identifier":"64522DB0-2310-4066-8A3D-5A1232C2F000"},"timestamp":1742675667.9905481,"label":"Bunny didUpdate"}]