[{"label":"Application launched","timestamp":1742667777.940289},{"timestamp":1742667777.940356,"label":"Initialize ARViewModel"},{"label":"Finished Initialize ARViewModel","timestamp":1742667777.941893},{"timestamp":1742667777.94191,"label":"Initialize AnchorManager"},{"timestamp":1742667777.941915,"label":"Fininshed Initialize AnchorManager"},{"label":"ContentView Initialize","timestamp":1742667777.94192},{"content":{"beaconName":"DWM3001CDK (8449B511)","position":[-0.0208697,-0.36443898,-0.9004096]},"timestamp":1742667803.627881,"label":"Finished Ranging"},{"content":{"name":"bunny","identifier":"FD9209BC-DDE7-44F1-BB87-E91747FF61F0","transform":{"columns":[[-0.3164817,0,-0.9485987,0],[0,1,0,0],[0.9485987,0,-0.3164817,0],[-0.0208697,-0.36443898,-0.9004096,1]]}},"timestamp":1742667803.649335,"label":"Bunny didAdd"},{"timestamp":1742667806.699049,"content":{"transform":{"columns":[[0.99206996,0.0049051135,-0.12559074,0],[0.12560096,-0.0018391962,0.9920791,0],[0.004635275,-0.999986,-0.002440656,0],[-0.22355565,-0.71085316,-0.4010154,1]]},"name":"Car","identifier":"FF85DBE1-76D3-E459-2D24-8EDCEE263300"},"label":"ARImageAnchor didAdd"},{"timestamp":1742667806.711279,"label":"ARImageAnchor didUpdate","content":{"identifier":"FF85DBE1-76D3-E459-2D24-8EDCEE263300","name":"Car","transform":{"columns":[[0.99206996,0.0049051135,-0.12559074,0],[0.12560096,-0.0018391962,0.9920791,0],[0.004635275,-0.999986,-0.002440656,0],[-0.22355565,-0.71085316,-0.4010154,1]]}}},{"content":{"transform":{"columns":[[0.98613065,0.00079810736,-0.16596769,0],[0.1659657,0.002092232,0.9861292,0],[0.0011342773,-0.99999726,0.0019307525,0],[-1.2841116,0.54197294,-0.77739716,1]]},"name":"Earth","identifier":"088EF783-5990-B052-BE99-B8AA15BA6C68"},"timestamp":1742667809.3177152,"label":"ARImageAnchor didAdd"},{"timestamp":1742667809.3226418,"content":{"name":"Earth","transform":{"columns":[[0.98613065,0.00079810736,-0.16596769,0],[0.1659657,0.002092232,0.9861292,0],[0.0011342773,-0.99999726,0.0019307525,0],[-1.2841116,0.54197294,-0.77739716,1]]},"identifier":"088EF783-5990-B052-BE99-B8AA15BA6C68"},"label":"ARImageAnchor didUpdate"},{"timestamp":1742667812.441483,"label":"Bunny didUpdate","content":{"name":"bunny","transform":{"columns":[[-0.31633562,0.00021814469,-0.9486474,0],[0.00024323861,0.9999999,0.00014884314,0],[0.94864744,-0.00018366327,-0.31633565,0],[-0.02087464,-0.36440167,-0.9004359,0.99999994]]},"identifier":"FD9209BC-DDE7-44F1-BB87-E91747FF61F0"}},{"timestamp":1742667812.643722,"label":"Bunny didUpdate","content":{"transform":{"columns":[[-0.3163244,0.00023766364,-0.94865113,0],[0.00027226598,0.9999998,0.00015974179,0],[0.9486512,-0.00020775523,-0.31632444,0],[-0.020875761,-0.3643985,-0.90043855,0.99999994]]},"name":"bunny","identifier":"FD9209BC-DDE7-44F1-BB87-E91747FF61F0"}},{"content":{"name":"Lenna","identifier":"6BAD7D5D-D14A-EF93-1C8B-F6BEC80B8329","transform":{"columns":[[-0.15448537,-0.036686525,-0.98731357,0],[0.98799455,-0.0049825073,-0.15440683,0],[0.00074534194,-0.99931425,0.03701581,0],[0.4636044,-0.7140213,-0.58890074,1]]}},"timestamp":1742667814.048593,"label":"ARImageAnchor didAdd"},{"timestamp":1742667814.059774,"content":{"transform":{"columns":[[-0.15448537,-0.036686525,-0.98731357,0],[0.98799455,-0.0049825073,-0.15440683,0],[0.00074534194,-0.99931425,0.03701581,0],[0.4636044,-0.7140213,-0.58890074,1]]},"name":"Lenna","identifier":"6BAD7D5D-D14A-EF93-1C8B-F6BEC80B8329"},"label":"ARImageAnchor didUpdate"},{"label":"ARImageAnchor didUpdate","content":{"name":"Lenna","transform":{"columns":[[-0.13726692,-0.032792382,-0.98999095,0],[0.99043846,-0.018417923,-0.1367189,0],[-0.013750221,-0.99929225,0.035007037,0],[0.4595564,-0.7111338,-0.5859773,1]]},"identifier":"6BAD7D5D-D14A-EF93-1C8B-F6BEC80B8329"},"timestamp":1742667815.1060262},{"content":{"name":"Lenna","identifier":"6BAD7D5D-D14A-EF93-1C8B-F6BEC80B8329","transform":{"columns":[[-0.13726692,-0.032792382,-0.98999095,0],[0.99043846,-0.018417923,-0.1367189,0],[-0.013750221,-0.99929225,0.035007037,0],[0.4595564,-0.7111338,-0.5859773,1]]}},"timestamp":1742667815.122648,"label":"ARImageAnchor didUpdate"},{"timestamp":1742667817.748304,"label":"ARImageAnchor didAdd","content":{"identifier":"C35EAC54-3E90-1B97-807B-5E3B8F238DB7","transform":{"columns":[[0.98340166,0.008883494,-0.181224,0],[0.18142752,-0.035713606,0.9827556,0],[0.0022581457,-0.9993225,-0.036732517,0],[0.5215706,0.7098386,-1.0823805,1]]},"name":"Sailboat"}},{"label":"ARImageAnchor didUpdate","timestamp":1742667817.756374,"content":{"name":"Sailboat","identifier":"C35EAC54-3E90-1B97-807B-5E3B8F238DB7","transform":{"columns":[[0.98340166,0.008883494,-0.181224,0],[0.18142752,-0.035713606,0.9827556,0],[0.0022581457,-0.9993225,-0.036732517,0],[0.5215706,0.7098386,-1.0823805,1]]}}},{"content":{"name":"Mandrill","identifier":"A19C2489-597B-2BED-432C-244B551E75FD","transform":{"columns":[[0.1462171,-0.0149054155,0.98914015,0],[-0.98760486,0.055486236,0.1468263,0],[-0.05707218,-0.998348,-0.0066076345,0],[1.321667,0.74056375,-0.6440986,1]]}},"timestamp":1742667820.381537,"label":"ARImageAnchor didAdd"},{"content":{"name":"Mandrill","identifier":"A19C2489-597B-2BED-432C-244B551E75FD","transform":{"columns":[[0.1462171,-0.0149054155,0.98914015,0],[-0.98760486,0.055486236,0.1468263,0],[-0.05707218,-0.998348,-0.0066076345,0],[1.321667,0.74056375,-0.6440986,1]]}},"label":"ARImageAnchor didUpdate","timestamp":1742667820.3898458},{"timestamp":1742667822.466861,"content":{"name":"Peppers","identifier":"61BB3DDD-C96C-6E82-3432-BD712CCBCB28","transform":{"columns":[[0.1685574,-0.0071306513,0.9856658,0],[-0.9856845,-0.0049998104,0.16852446,0],[0.0037264242,-0.9999618,-0.007871329,0],[1.5122571,0.124766946,0.06345855,0.9999999]]}},"label":"ARImageAnchor didAdd"},{"label":"ARImageAnchor didUpdate","content":{"identifier":"61BB3DDD-C96C-6E82-3432-BD712CCBCB28","transform":{"columns":[[0.1685574,-0.0071306513,0.9856658,0],[-0.9856845,-0.0049998104,0.16852446,0],[0.0037264242,-0.9999618,-0.007871329,0],[1.5122571,0.124766946,0.06345855,0.9999999]]},"name":"Peppers"},"timestamp":1742667822.472419},{"timestamp":1742667826.340734,"label":"Bunny didUpdate","content":{"name":"bunny","identifier":"FD9209BC-DDE7-44F1-BB87-E91747FF61F0","transform":{"columns":[[-0.3169173,0.00061915576,-0.9484531,0],[0.00027829298,0.9999996,0.00055981654,0],[0.94845325,-8.653233e-05,-0.31691736,0],[-0.020954719,-0.36434758,-0.9004297,0.99999994]]}}},{"timestamp":1742667827.437696,"content":{"identifier":"FD9209BC-DDE7-44F1-BB87-E91747FF61F0","name":"bunny","transform":{"columns":[[-0.3169033,0.0006109738,-0.9484579,0],[0.00029383716,0.9999995,0.0005459974,0],[0.94845796,-0.00010566376,-0.3169034,0],[-0.020954406,-0.36434814,-0.9004294,0.99999994]]}},"label":"Bunny didUpdate"},{"label":"Bunny didUpdate","timestamp":1742667828.23733,"content":{"name":"bunny","identifier":"FD9209BC-DDE7-44F1-BB87-E91747FF61F0","transform":{"columns":[[-0.31693843,0.0005881011,-0.9484463,0],[0.0002892715,0.9999996,0.000523403,0],[0.9484463,-0.000108471955,-0.3169385,0],[-0.020958591,-0.3643513,-0.9004245,1]]}}}]