[{"label":"Application launched","timestamp":1742636503.573416},{"label":"Initialize ARViewModel","timestamp":1742636503.573528},{"timestamp":1742636503.585258,"label":"Finished Initialize ARViewModel"},{"label":"Initialize AnchorManager","timestamp":1742636503.585417},{"label":"Fininshed Initialize AnchorManager","timestamp":1742636503.5854402},{"label":"ContentView Initialize","timestamp":1742636503.585445},{"timestamp":1742636525.1259398,"label":"Finished Ranging","content":{"beaconName":"DWM3001CDK (8449B511)","position":[0.054292206,-0.37339765,-0.51770025]}},{"label":"Bunny didAdd","timestamp":1742636525.190213,"content":{"transform":{"columns":[[0.026281118,0,-0.99965465,0],[0,1,0,0],[0.99965465,0,0.026281118,0],[0.054292206,-0.37339765,-0.51770025,1]]},"name":"bunny","identifier":"A08F3CD3-4378-4C72-AC35-FEF290151B46"}},{"label":"ARImageAnchor didAdd","content":{"transform":{"columns":[[0.97417045,0.0072825034,0.22569631,0],[-0.22560932,-0.011131672,0.9741542,0],[0.00960667,-0.9999114,-0.009201154,0],[-0.33237287,-0.673878,-0.1516704,0.99999994]]},"identifier":"FF85DBE1-76D3-E459-2D24-8EDCEE263300","name":"Car"},"timestamp":1742636527.589944},{"label":"ARImageAnchor didUpdate","timestamp":1742636527.600482,"content":{"identifier":"FF85DBE1-76D3-E459-2D24-8EDCEE263300","transform":{"columns":[[0.97417045,0.0072825034,0.22569631,0],[-0.22560932,-0.011131672,0.9741542,0],[0.00960667,-0.9999114,-0.009201154,0],[-0.33237287,-0.673878,-0.1516704,0.99999994]]},"name":"Car"}},{"label":"ARImageAnchor didUpdate","timestamp":1742636528.100038,"content":{"identifier":"FF85DBE1-76D3-E459-2D24-8EDCEE263300","transform":{"columns":[[0.97655773,0.0065450747,0.2151563,0],[-0.2150535,-0.013659304,0.97650677,0],[0.009330196,-0.99988526,-0.01193154,0],[-0.3309876,-0.66858566,-0.15710965,1]]},"name":"Car"}},{"content":{"name":"Car","identifier":"FF85DBE1-76D3-E459-2D24-8EDCEE263300","transform":{"columns":[[0.97655773,0.0065450747,0.2151563,0],[-0.2150535,-0.013659304,0.97650677,0],[0.009330196,-0.99988526,-0.01193154,0],[-0.3309876,-0.66858566,-0.15710965,1]]}},"timestamp":1742636528.130727,"label":"ARImageAnchor didUpdate"},{"content":{"transform":{"columns":[[0.98980045,-0.0027199404,0.14243521,0],[-0.14245336,-0.029367028,0.9893659,0],[0.0014918887,-0.99956495,-0.029454958,0],[-1.2238909,0.59170437,-0.8879978,1.0000001]]},"identifier":"088EF783-5990-B052-BE99-B8AA15BA6C68","name":"Earth"},"timestamp":1742636531.8564959,"label":"ARImageAnchor didAdd"},{"label":"ARImageAnchor didUpdate","content":{"name":"Earth","transform":{"columns":[[0.98980045,-0.0027199404,0.14243521,0],[-0.14245336,-0.029367028,0.9893659,0],[0.0014918887,-0.99956495,-0.029454958,0],[-1.2238909,0.59170437,-0.8879978,1.0000001]]},"identifier":"088EF783-5990-B052-BE99-B8AA15BA6C68"},"timestamp":1742636531.862728},{"label":"ARImageAnchor didAdd","content":{"identifier":"6BAD7D5D-D14A-EF93-1C8B-F6BEC80B8329","name":"Lenna","transform":{"columns":[[0.19768299,-0.041683376,-0.9793793,0],[0.9793996,-0.033596933,0.199117,0],[-0.041204035,-0.9985658,0.03418314,0],[0.3810645,-0.6785591,-0.10468812,1]]}},"timestamp":1742636536.6560888},{"timestamp":1742636536.664048,"content":{"identifier":"6BAD7D5D-D14A-EF93-1C8B-F6BEC80B8329","name":"Lenna","transform":{"columns":[[0.19768299,-0.041683376,-0.9793793,0],[0.9793996,-0.033596933,0.199117,0],[-0.041204035,-0.9985658,0.03418314,0],[0.3810645,-0.6785591,-0.10468812,1]]}},"label":"ARImageAnchor didUpdate"},{"label":"Bunny didUpdate","content":{"name":"bunny","identifier":"A08F3CD3-4378-4C72-AC35-FEF290151B46","transform":{"columns":[[0.02622328,0.0009864721,-0.99965566,0],[-0.00035256287,0.99999946,0.000977563,0],[0.999656,0.00032680656,0.02622361,0],[0.054277852,-0.3734157,-0.51765734,1]]}},"timestamp":1742636537.033895},{"label":"ARImageAnchor didUpdate","content":{"transform":{"columns":[[0.21210617,-0.03754629,-0.976525,0],[0.9750384,-0.05900679,0.21405204,0],[-0.0656585,-0.997551,0.024093363,0],[0.38448006,-0.67520124,-0.09979066,0.99999994]]},"identifier":"6BAD7D5D-D14A-EF93-1C8B-F6BEC80B8329","name":"Lenna"},"timestamp":1742636537.163735},{"content":{"identifier":"6BAD7D5D-D14A-EF93-1C8B-F6BEC80B8329","name":"Lenna","transform":{"columns":[[0.21210617,-0.03754629,-0.976525,0],[0.9750384,-0.05900679,0.21405204,0],[-0.0656585,-0.997551,0.024093363,0],[0.38448006,-0.67520124,-0.09979066,0.99999994]]}},"timestamp":1742636537.196722,"label":"ARImageAnchor didUpdate"},{"timestamp":1742636538.2295098,"label":"ARImageAnchor didUpdate","content":{"transform":{"columns":[[0.17607875,-0.037039984,-0.983679,0],[0.9831824,-0.04258171,0.17759326,0],[-0.04846478,-0.99840605,0.028919328,0],[0.38377225,-0.67087954,-0.10035039,1]]},"name":"Lenna","identifier":"6BAD7D5D-D14A-EF93-1C8B-F6BEC80B8329"}},{"label":"ARImageAnchor didUpdate","content":{"name":"Lenna","transform":{"columns":[[0.17607875,-0.037039984,-0.983679,0],[0.9831824,-0.04258171,0.17759326,0],[-0.04846478,-0.99840605,0.028919328,0],[0.38377225,-0.67087954,-0.10035039,1]]},"identifier":"6BAD7D5D-D14A-EF93-1C8B-F6BEC80B8329"},"timestamp":1742636538.263032},{"label":"ARImageAnchor didAdd","timestamp":1742636541.52255,"content":{"identifier":"C35EAC54-3E90-1B97-807B-5E3B8F238DB7","name":"Sailboat","transform":{"columns":[[0.9833314,-0.001477473,0.18181555,0],[-0.18173094,0.02357511,0.9830656,0],[-0.0057387715,-0.99972075,0.02291363,0],[0.600487,0.7619846,-0.5503757,0.9999999]]}}},{"content":{"name":"Sailboat","transform":{"columns":[[0.9833314,-0.001477473,0.18181555,0],[-0.18173094,0.02357511,0.9830656,0],[-0.0057387715,-0.99972075,0.02291363,0],[0.600487,0.7619846,-0.5503757,0.9999999]]},"identifier":"C35EAC54-3E90-1B97-807B-5E3B8F238DB7"},"label":"ARImageAnchor didUpdate","timestamp":1742636541.528621},{"label":"ARImageAnchor didAdd","content":{"name":"Mandrill","identifier":"A19C2489-597B-2BED-432C-244B551E75FD","transform":{"columns":[[-0.18359938,-0.016491126,0.9828626,0],[-0.98196304,0.04901147,-0.18260902,0],[-0.045160107,-0.99866194,-0.025192153,0],[1.216168,0.78875387,0.12107977,0.9999999]]}},"timestamp":1742636544.1891088},{"content":{"identifier":"A19C2489-597B-2BED-432C-244B551E75FD","transform":{"columns":[[-0.18359938,-0.016491126,0.9828626,0],[-0.98196304,0.04901147,-0.18260902,0],[-0.045160107,-0.99866194,-0.025192153,0],[1.216168,0.78875387,0.12107977,0.9999999]]},"name":"Mandrill"},"timestamp":1742636544.195224,"label":"ARImageAnchor didUpdate"},{"timestamp":1742636546.322215,"content":{"name":"Peppers","transform":{"columns":[[-0.17066754,-0.007488937,0.9853002,0],[-0.9851705,0.019211592,-0.1704991,0],[-0.017652335,-0.99978733,-0.010656677,0],[1.1589446,0.16651395,0.85938615,1]]},"identifier":"61BB3DDD-C96C-6E82-3432-BD712CCBCB28"},"label":"ARImageAnchor didAdd"},{"label":"ARImageAnchor didUpdate","content":{"identifier":"61BB3DDD-C96C-6E82-3432-BD712CCBCB28","transform":{"columns":[[-0.17066754,-0.007488937,0.9853002,0],[-0.9851705,0.019211592,-0.1704991,0],[-0.017652335,-0.99978733,-0.010656677,0],[1.1589446,0.16651395,0.85938615,1]]},"name":"Peppers"},"timestamp":1742636546.329268},{"label":"Bunny didUpdate","content":{"name":"bunny","transform":{"columns":[[0.026469076,0.0017246322,-0.9996482,0],[-0.0006625882,0.9999984,0.0017076923,0],[0.99964947,0.00061715406,0.026470164,0],[0.054262087,-0.37342805,-0.51763,1]]},"identifier":"A08F3CD3-4378-4C72-AC35-FEF290151B46"},"timestamp":1742636556.029436},{"label":"ARImageAnchor didUpdate","content":{"identifier":"088EF783-5990-B052-BE99-B8AA15BA6C68","transform":{"columns":[[0.9851341,-0.009500201,0.17152391,0],[-0.17175901,-0.036527663,0.98446155,0],[-0.0030872256,-0.9992874,-0.037616376,0],[-1.211084,0.5746142,-0.8670057,0.9999999]]},"name":"Earth"},"timestamp":1742636561.227038},{"content":{"transform":{"columns":[[0.9851341,-0.009500201,0.17152391,0],[-0.17175901,-0.036527663,0.98446155,0],[-0.0030872256,-0.9992874,-0.037616376,0],[-1.211084,0.5746142,-0.8670057,0.9999999]]},"name":"Earth","identifier":"088EF783-5990-B052-BE99-B8AA15BA6C68"},"label":"ARImageAnchor didUpdate","timestamp":1742636561.260891},{"label":"Bunny didUpdate","content":{"transform":{"columns":[[0.02644799,0.0018464752,-0.9996486,0],[-0.0006315623,0.9999981,0.0018304114,0],[0.9996501,0.0005829297,0.0264491,0],[0.054263636,-0.37342882,-0.51762444,1]]},"name":"bunny","identifier":"A08F3CD3-4378-4C72-AC35-FEF290151B46"},"timestamp":1742636564.066539}]