[{"timestamp":1742636430.40885,"label":"Application launched"},{"label":"Initialize ARViewModel","timestamp":1742636430.409017},{"label":"Finished Initialize ARViewModel","timestamp":1742636430.410702},{"timestamp":1742636430.410748,"label":"Initialize AnchorManager"},{"timestamp":1742636430.4107618,"label":"Fininshed Initialize AnchorManager"},{"timestamp":1742636430.410774,"label":"ContentView Initialize"},{"timestamp":1742636453.638361,"content":{"position":[0.11892506,-0.39398405,-0.6492594],"beaconName":"DWM3001CDK (8449B511)"},"label":"Finished Ranging"},{"label":"Bunny didAdd","timestamp":1742636453.661248,"content":{"transform":{"columns":[[0.17247456,0,-0.98501396,0],[0,1,0,0],[0.98501396,0,0.17247456,0],[0.11892506,-0.39398405,-0.6492594,1]]},"name":"bunny","identifier":"7C2C8211-B774-49AC-911D-35476DD39587"}},{"label":"ARImageAnchor didAdd","timestamp":1742636455.860942,"content":{"identifier":"FF85DBE1-76D3-E459-2D24-8EDCEE263300","transform":{"columns":[[0.97429544,0.0105115,0.22502865,0],[-0.22508816,0.00485552,0.9743262,0],[0.009148995,-0.99993294,0.007096732,0],[-0.25501597,-0.69403774,-0.30884257,1]]},"name":"Car"}},{"label":"ARImageAnchor didUpdate","timestamp":1742636455.8703399,"content":{"name":"Car","identifier":"FF85DBE1-76D3-E459-2D24-8EDCEE263300","transform":{"columns":[[0.97429544,0.0105115,0.22502865,0],[-0.22508816,0.00485552,0.9743262,0],[0.009148995,-0.99993294,0.007096732,0],[-0.25501597,-0.69403774,-0.30884257,1]]}}},{"content":{"identifier":"088EF783-5990-B052-BE99-B8AA15BA6C68","transform":{"columns":[[0.9859111,-0.0014466777,0.16726343,0],[-0.16723771,-0.028078556,0.9855166,0],[0.0032707935,-0.9996045,-0.027924899,0],[-1.1329839,0.5647319,-1.0372205,1]]},"name":"Earth"},"label":"ARImageAnchor didAdd","timestamp":1742636459.060822},{"timestamp":1742636459.0676432,"label":"ARImageAnchor didUpdate","content":{"identifier":"088EF783-5990-B052-BE99-B8AA15BA6C68","transform":{"columns":[[0.9859111,-0.0014466777,0.16726343,0],[-0.16723771,-0.028078556,0.9855166,0],[0.0032707935,-0.9996045,-0.027924899,0],[-1.1329839,0.5647319,-1.0372205,1]]},"name":"Earth"}},{"label":"ARImageAnchor didUpdate","timestamp":1742636459.584862,"content":{"name":"Earth","identifier":"088EF783-5990-B052-BE99-B8AA15BA6C68","transform":{"columns":[[0.9869703,-8.3412684e-05,0.1609025,0],[-0.1608775,-0.018152516,0.98680735,0],[0.002838473,-0.99983525,-0.017929416,0],[-1.138921,0.57208174,-1.0483116,1]]}}},{"timestamp":1742636459.601493,"label":"ARImageAnchor didUpdate","content":{"transform":{"columns":[[0.9869703,-8.3412684e-05,0.1609025,0],[-0.1608775,-0.018152516,0.98680735,0],[0.002838473,-0.99983525,-0.017929416,0],[-1.138921,0.57208174,-1.0483116,1]]},"identifier":"088EF783-5990-B052-BE99-B8AA15BA6C68","name":"Earth"}},{"timestamp":1742636463.13642,"content":{"identifier":"7C2C8211-B774-49AC-911D-35476DD39587","transform":{"columns":[[0.17276819,0.00023353068,-0.98496246,0],[-0.000110215726,1,0.00021776355,0],[0.9849626,7.093575e-05,0.17276822,0],[0.11899259,-0.39394546,-0.6492885,1]]},"name":"bunny"},"label":"Bunny didUpdate"},{"label":"Bunny didUpdate","timestamp":1742636463.63533,"content":{"name":"bunny","identifier":"7C2C8211-B774-49AC-911D-35476DD39587","transform":{"columns":[[0.17377529,0.00026131765,-0.98478526,0],[-0.00016156006,0.99999994,0.00023684604,0],[0.9847853,0.00011794397,0.17377533,0],[0.11950456,-0.3947376,-0.65051085,1]]}}},{"timestamp":1742636466.027111,"label":"ARImageAnchor didAdd","content":{"name":"Lenna","transform":{"columns":[[0.19817147,-0.03721115,-0.9794608,0],[0.97837263,-0.05293238,0.19996229,0],[-0.05928602,-0.9979044,0.025916692,0],[0.4572879,-0.69511956,-0.23876561,0.99999994]]},"identifier":"6BAD7D5D-D14A-EF93-1C8B-F6BEC80B8329"}},{"timestamp":1742636466.033783,"label":"ARImageAnchor didUpdate","content":{"identifier":"6BAD7D5D-D14A-EF93-1C8B-F6BEC80B8329","transform":{"columns":[[0.19817147,-0.03721115,-0.9794608,0],[0.97837263,-0.05293238,0.19996229,0],[-0.05928602,-0.9979044,0.025916692,0],[0.4572879,-0.69511956,-0.23876561,0.99999994]]},"name":"Lenna"}},{"timestamp":1742636470.19378,"label":"ARImageAnchor didAdd","content":{"transform":{"columns":[[0.98236364,0.00047383073,0.1869798,0],[-0.1869372,0.023984855,0.98207897,0],[-0.004019344,-0.9997121,0.023650436,0],[0.67584723,0.74198425,-0.69507813,1]]},"name":"Sailboat","identifier":"C35EAC54-3E90-1B97-807B-5E3B8F238DB7"}},{"label":"ARImageAnchor didUpdate","content":{"transform":{"columns":[[0.98236364,0.00047383073,0.1869798,0],[-0.1869372,0.023984855,0.98207897,0],[-0.004019344,-0.9997121,0.023650436,0],[0.67584723,0.74198425,-0.69507813,1]]},"name":"Sailboat","identifier":"C35EAC54-3E90-1B97-807B-5E3B8F238DB7"},"timestamp":1742636470.200543},{"label":"ARImageAnchor didAdd","content":{"transform":{"columns":[[-0.18708397,-0.012795755,0.98226035,0],[-0.9808941,0.0567385,-0.18608457,0],[-0.053350918,-0.998307,-0.023166152,0],[1.2849181,0.7698695,-0.012732338,0.99999994]]},"name":"Mandrill","identifier":"A19C2489-597B-2BED-432C-244B551E75FD"},"timestamp":1742636473.326716},{"timestamp":1742636473.332627,"label":"ARImageAnchor didUpdate","content":{"transform":{"columns":[[-0.18708397,-0.012795755,0.98226035,0],[-0.9808941,0.0567385,-0.18608457,0],[-0.053350918,-0.998307,-0.023166152,0],[1.2849181,0.7698695,-0.012732338,0.99999994]]},"name":"Mandrill","identifier":"A19C2489-597B-2BED-432C-244B551E75FD"}},{"timestamp":1742636475.426503,"label":"ARImageAnchor didAdd","content":{"transform":{"columns":[[-0.18883803,-0.0099665765,0.98195755,0],[-0.9819867,-0.004691391,-0.18889123,0],[0.006489343,-0.99993926,-0.008901139,0],[1.2082295,0.14753231,0.72311866,1]]},"name":"Peppers","identifier":"61BB3DDD-C96C-6E82-3432-BD712CCBCB28"}},{"timestamp":1742636475.433899,"label":"ARImageAnchor didUpdate","content":{"transform":{"columns":[[-0.18883803,-0.0099665765,0.98195755,0],[-0.9819867,-0.004691391,-0.18889123,0],[0.006489343,-0.99993926,-0.008901139,0],[1.2082295,0.14753231,0.72311866,1]]},"identifier":"61BB3DDD-C96C-6E82-3432-BD712CCBCB28","name":"Peppers"}},{"label":"Bunny didUpdate","content":{"identifier":"7C2C8211-B774-49AC-911D-35476DD39587","transform":{"columns":[[0.17457668,0.0005248644,-0.98464334,0],[-0.00073435,0.9999996,0.0004028503,0],[0.98464334,0.0006527448,0.17457701,0],[0.11930229,-0.39584014,-0.6518632,1]]},"name":"bunny"},"timestamp":1742636481.234519},{"timestamp":1742636486.734676,"content":{"name":"bunny","transform":{"columns":[[0.17453553,0.00029108522,-0.9846507,0],[-0.00071223115,0.9999996,0.0001693753,0],[0.98465055,0.0006717371,0.1745357,0],[0.11936783,-0.39538187,-0.6518105,0.9999999]]},"identifier":"7C2C8211-B774-49AC-911D-35476DD39587"},"label":"Bunny didUpdate"},{"content":{"name":"Earth","identifier":"088EF783-5990-B052-BE99-B8AA15BA6C68","transform":{"columns":[[0.98378974,-0.0065391036,0.1792063,0],[-0.17932552,-0.03661618,0.9831081,0],[0.00013320707,-0.99930793,-0.037195235,0],[-1.1584575,0.5716808,-1.0303166,1]]}},"label":"ARImageAnchor didUpdate","timestamp":1742636488.833943},{"content":{"name":"Earth","transform":{"columns":[[0.98378974,-0.0065391036,0.1792063,0],[-0.17932552,-0.03661618,0.9831081,0],[0.00013320707,-0.99930793,-0.037195235,0],[-1.1584575,0.5716808,-1.0303166,1]]},"identifier":"088EF783-5990-B052-BE99-B8AA15BA6C68"},"label":"ARImageAnchor didUpdate","timestamp":1742636488.868959},{"label":"Bunny didUpdate","content":{"transform":{"columns":[[0.17452997,0.00022089385,-0.9846517,0],[-0.0007912941,0.9999995,8.407971e-05,0],[0.98465157,0.00076447485,0.17453012,0],[0.119377196,-0.39539456,-0.651798,1]]},"identifier":"7C2C8211-B774-49AC-911D-35476DD39587","name":"bunny"},"timestamp":1742636491.2888021},{"timestamp":1742636492.631959,"label":"Bunny didUpdate","content":{"name":"bunny","identifier":"7C2C8211-B774-49AC-911D-35476DD39587","transform":{"columns":[[0.17506467,0.00024553304,-0.9845566,0],[-0.00080692314,0.99999946,0.000105904735,0],[0.9845566,0.00077592174,0.17506485,0],[0.11940955,-0.39533123,-0.65179807,0.99999994]]}}}]