[{"timestamp":1742662113.068325,"label":"Application launched"},{"label":"Initialize ARViewModel","timestamp":1742662113.068409},{"timestamp":1742662113.0701342,"label":"Finished Initialize ARViewModel"},{"timestamp":1742662113.0701551,"label":"Initialize AnchorManager"},{"timestamp":1742662113.07016,"label":"Fininshed Initialize AnchorManager"},{"label":"ContentView Initialize","timestamp":1742662113.0701652},{"timestamp":1742662137.931926,"label":"Finished Ranging","content":{"beaconName":"DWM3001CDK (8449B511)","position":[0.083141565,-0.36829892,-0.49177772]}},{"label":"Bunny didAdd","timestamp":1742662137.986483,"content":{"transform":{"columns":[[-0.06426811,0,-0.99793273,0],[0,1,0,0],[0.99793273,0,-0.06426811,0],[0.083141565,-0.36829892,-0.49177772,1]]},"name":"bunny","identifier":"849E31A7-2E4D-47A2-8B14-9E789E843924"}},{"label":"ARImageAnchor didAdd","timestamp":1742662141.4529948,"content":{"transform":{"columns":[[0.9756487,0.016104436,0.21874693,0],[-0.21889175,0.007839598,0.9757176,0],[0.013998485,-0.99983954,0.0111738425,0],[-0.2669975,-0.6626172,-0.119378015,1]]},"name":"Car","identifier":"FF85DBE1-76D3-E459-2D24-8EDCEE263300"}},{"content":{"name":"Car","identifier":"FF85DBE1-76D3-E459-2D24-8EDCEE263300","transform":{"columns":[[0.9756487,0.016104436,0.21874693,0],[-0.21889175,0.007839598,0.9757176,0],[0.013998485,-0.99983954,0.0111738425,0],[-0.2669975,-0.6626172,-0.119378015,1]]}},"label":"ARImageAnchor didUpdate","timestamp":1742662141.460144},{"timestamp":1742662144.652989,"label":"ARImageAnchor didAdd","content":{"name":"Earth","identifier":"088EF783-5990-B052-BE99-B8AA15BA6C68","transform":{"columns":[[0.9878997,0.0010639004,0.15509008,0],[-0.15487637,-0.046152726,0.98685515,0],[0.008207747,-0.99893373,-0.045429494,0],[-1.1693461,0.5889806,-0.82038105,1]]}}},{"timestamp":1742662144.658927,"label":"ARImageAnchor didUpdate","content":{"identifier":"088EF783-5990-B052-BE99-B8AA15BA6C68","name":"Earth","transform":{"columns":[[0.9878997,0.0010639004,0.15509008,0],[-0.15487637,-0.046152726,0.98685515,0],[0.008207747,-0.99893373,-0.045429494,0],[-1.1693461,0.5889806,-0.82038105,1]]}}},{"label":"ARImageAnchor didUpdate","timestamp":1742662145.1593928,"content":{"identifier":"088EF783-5990-B052-BE99-B8AA15BA6C68","transform":{"columns":[[0.9893176,0.003588071,0.14573213,0],[-0.14565048,-0.017192736,0.9891867,0],[0.0060548116,-0.9998456,-0.01648647,0],[-1.1739925,0.5920177,-0.83157504,1]]},"name":"Earth"}},{"timestamp":1742662145.193132,"label":"ARImageAnchor didUpdate","content":{"identifier":"088EF783-5990-B052-BE99-B8AA15BA6C68","transform":{"columns":[[0.9893176,0.003588071,0.14573213,0],[-0.14565048,-0.017192736,0.9891867,0],[0.0060548116,-0.9998456,-0.01648647,0],[-1.1739925,0.5920177,-0.83157504,1]]},"name":"Earth"}},{"label":"Bunny didUpdate","content":{"name":"bunny","transform":{"columns":[[-0.06393744,0.0007948317,-0.99795365,0],[0.0004761054,0.99999964,0.00076595787,0],[0.9979539,-0.00042615779,-0.06393778,0],[0.08311704,-0.36826664,-0.4918393,1]]},"identifier":"849E31A7-2E4D-47A2-8B14-9E789E843924"},"timestamp":1742662148.29416},{"label":"ARImageAnchor didAdd","timestamp":1742662149.985924,"content":{"name":"Lenna","identifier":"6BAD7D5D-D14A-EF93-1C8B-F6BEC80B8329","transform":{"columns":[[0.17918497,-0.034658,-0.9832047,0],[0.982964,-0.035260975,0.18038407,0],[-0.04092055,-0.9987769,0.027749317,0],[0.44240928,-0.6570676,-0.063592196,1]]}}},{"content":{"identifier":"6BAD7D5D-D14A-EF93-1C8B-F6BEC80B8329","transform":{"columns":[[0.17918497,-0.034658,-0.9832047,0],[0.982964,-0.035260975,0.18038407,0],[-0.04092055,-0.9987769,0.027749317,0],[0.44240928,-0.6570676,-0.063592196,1]]},"name":"Lenna"},"label":"ARImageAnchor didUpdate","timestamp":1742662149.993993},{"timestamp":1742662153.1937099,"label":"Bunny didUpdate","content":{"name":"bunny","identifier":"849E31A7-2E4D-47A2-8B14-9E789E843924","transform":{"columns":[[-0.064155765,0.0011218779,-0.99793917,0],[0.00058934384,0.9999992,0.0010863058,0],[0.9979396,-0.00051843654,-0.064156376,0],[0.08309533,-0.36825153,-0.49187177,0.9999999]]}}},{"label":"ARImageAnchor didAdd","content":{"transform":{"columns":[[0.9866564,0.006117546,0.16270071,0],[-0.16267407,-0.0046278555,0.98666894,0],[0.006788953,-0.9999705,-0.0035709308,0],[0.65352297,0.75788665,-0.50624025,1]]},"identifier":"C35EAC54-3E90-1B97-807B-5E3B8F238DB7","name":"Sailboat"},"timestamp":1742662153.719142},{"timestamp":1742662153.728306,"label":"ARImageAnchor didUpdate","content":{"name":"Sailboat","identifier":"C35EAC54-3E90-1B97-807B-5E3B8F238DB7","transform":{"columns":[[0.9866564,0.006117546,0.16270071,0],[-0.16267407,-0.0046278555,0.98666894,0],[0.006788953,-0.9999705,-0.0035709308,0],[0.65352297,0.75788665,-0.50624025,1]]}}},{"timestamp":1742662155.852418,"label":"ARImageAnchor didAdd","content":{"identifier":"A19C2489-597B-2BED-432C-244B551E75FD","name":"Mandrill","transform":{"columns":[[-0.18658131,-0.015564076,0.98231614,0],[-0.9814973,0.046731833,-0.18568537,0],[-0.04301542,-0.9987861,-0.023995386,0],[1.2735221,0.7906435,0.1723521,0.99999994]]}}},{"content":{"name":"Mandrill","identifier":"A19C2489-597B-2BED-432C-244B551E75FD","transform":{"columns":[[-0.18658131,-0.015564076,0.98231614,0],[-0.9814973,0.046731833,-0.18568537,0],[-0.04301542,-0.9987861,-0.023995386,0],[1.2735221,0.7906435,0.1723521,0.99999994]]}},"timestamp":1742662155.860592,"label":"ARImageAnchor didUpdate"},{"label":"ARImageAnchor didUpdate","content":{"identifier":"A19C2489-597B-2BED-432C-244B551E75FD","transform":{"columns":[[-0.16895299,-0.013327536,0.9855339,0],[-0.9850376,0.03677175,-0.16837065,0],[-0.03399584,-0.9992347,-0.019340824,0],[1.2693778,0.7896514,0.18726993,0.99999994]]},"name":"Mandrill"},"timestamp":1742662156.3592339},{"content":{"name":"Mandrill","identifier":"A19C2489-597B-2BED-432C-244B551E75FD","transform":{"columns":[[-0.16895299,-0.013327536,0.9855339,0],[-0.9850376,0.03677175,-0.16837065,0],[-0.03399584,-0.9992347,-0.019340824,0],[1.2693778,0.7896514,0.18726993,0.99999994]]}},"label":"ARImageAnchor didUpdate","timestamp":1742662156.393146},{"timestamp":1742662156.8919091,"label":"ARImageAnchor didUpdate","content":{"identifier":"A19C2489-597B-2BED-432C-244B551E75FD","transform":{"columns":[[-0.16948855,-0.013350525,0.98544157,0],[-0.9845522,0.046868738,-0.16870064,0],[-0.04393416,-0.9988117,-0.021088008,0],[1.2642277,0.7895886,0.21296448,0.9999999]]},"name":"Mandrill"}},{"label":"ARImageAnchor didUpdate","timestamp":1742662156.925056,"content":{"name":"Mandrill","transform":{"columns":[[-0.16948855,-0.013350525,0.98544157,0],[-0.9845522,0.046868738,-0.16870064,0],[-0.04393416,-0.9988117,-0.021088008,0],[1.2642277,0.7895886,0.21296448,0.9999999]]},"identifier":"A19C2489-597B-2BED-432C-244B551E75FD"}},{"content":{"name":"Mandrill","identifier":"A19C2489-597B-2BED-432C-244B551E75FD","transform":{"columns":[[-0.18670267,-0.014410442,0.9823107,0],[-0.98238784,0.0103645455,-0.1865653,0],[-0.007492722,-0.9998424,-0.01609173,0],[1.254543,0.7907377,0.2215097,1]]}},"timestamp":1742662157.4237142,"label":"ARImageAnchor didUpdate"},{"timestamp":1742662157.4573932,"label":"ARImageAnchor didUpdate","content":{"transform":{"columns":[[-0.18670267,-0.014410442,0.9823107,0],[-0.98238784,0.0103645455,-0.1865653,0],[-0.007492722,-0.9998424,-0.01609173,0],[1.254543,0.7907377,0.2215097,1]]},"name":"Mandrill","identifier":"A19C2489-597B-2BED-432C-244B551E75FD"}},{"label":"ARImageAnchor didUpdate","content":{"name":"Mandrill","transform":{"columns":[[-0.20454672,-0.0102865985,0.9788026,0],[-0.97497433,0.0911121,-0.20278919,0],[-0.08709476,-0.99578744,-0.028665854,0],[1.26505,0.7917117,0.19132766,1]]},"identifier":"A19C2489-597B-2BED-432C-244B551E75FD"},"timestamp":1742662158.49316},{"timestamp":1742662158.526685,"label":"ARImageAnchor didUpdate","content":{"name":"Mandrill","identifier":"A19C2489-597B-2BED-432C-244B551E75FD","transform":{"columns":[[-0.20454672,-0.0102865985,0.9788026,0],[-0.97497433,0.0911121,-0.20278919,0],[-0.08709476,-0.99578744,-0.028665854,0],[1.26505,0.7917117,0.19132766,1]]}}},{"content":{"identifier":"849E31A7-2E4D-47A2-8B14-9E789E843924","name":"bunny","transform":{"columns":[[-0.06435256,0.0012087827,-0.99792635,0],[0.0005114421,0.9999992,0.0011783123,0],[0.99792683,-0.00043455404,-0.06435309,0],[0.083091676,-0.3682452,-0.49188358,1]]}},"timestamp":1742662160.1958299,"label":"Bunny didUpdate"},{"content":{"name":"Peppers","identifier":"61BB3DDD-C96C-6E82-3432-BD712CCBCB28","transform":{"columns":[[-0.20116188,-0.003691656,0.97955096,0],[-0.97955453,-0.0018615393,-0.20116965,0],[0.0025661108,-0.9999914,-0.003241716,0],[1.2074233,0.16600668,0.91834253,0.99999994]]}},"timestamp":1742662162.7853699,"label":"ARImageAnchor didAdd"},{"label":"ARImageAnchor didUpdate","content":{"transform":{"columns":[[-0.20116188,-0.003691656,0.97955096,0],[-0.97955453,-0.0018615393,-0.20116965,0],[0.0025661108,-0.9999914,-0.003241716,0],[1.2074233,0.16600668,0.91834253,0.99999994]]},"identifier":"61BB3DDD-C96C-6E82-3432-BD712CCBCB28","name":"Peppers"},"timestamp":1742662162.7938771},{"content":{"transform":{"columns":[[-0.17471386,-0.005760442,0.9846024,0],[-0.98458916,-0.0067838486,-0.17475125,0],[0.0076860334,-0.9999603,-0.004486431,0],[1.1928039,0.17137429,0.9081869,1]]},"name":"Peppers","identifier":"61BB3DDD-C96C-6E82-3432-BD712CCBCB28"},"timestamp":1742662163.2951632,"label":"ARImageAnchor didUpdate"},{"content":{"identifier":"61BB3DDD-C96C-6E82-3432-BD712CCBCB28","transform":{"columns":[[-0.17471386,-0.005760442,0.9846024,0],[-0.98458916,-0.0067838486,-0.17475125,0],[0.0076860334,-0.9999603,-0.004486431,0],[1.1928039,0.17137429,0.9081869,1]]},"name":"Peppers"},"label":"ARImageAnchor didUpdate","timestamp":1742662163.325841},{"timestamp":1742662168.0924149,"label":"ARImageAnchor didUpdate","content":{"identifier":"A19C2489-597B-2BED-432C-244B551E75FD","transform":{"columns":[[-0.19140323,-0.010323545,0.981457,0],[-0.97972316,0.06233981,-0.19040944,0],[-0.059218142,-0.99800146,-0.022046262,0],[1.2743527,0.79342574,0.16813862,0.9999999]]},"name":"Mandrill"}},{"content":{"identifier":"A19C2489-597B-2BED-432C-244B551E75FD","transform":{"columns":[[-0.19140323,-0.010323545,0.981457,0],[-0.97972316,0.06233981,-0.19040944,0],[-0.059218142,-0.99800146,-0.022046262,0],[1.2743527,0.79342574,0.16813862,0.9999999]]},"name":"Mandrill"},"label":"ARImageAnchor didUpdate","timestamp":1742662168.127562},{"timestamp":1742662171.892638,"label":"Bunny didUpdate","content":{"name":"bunny","identifier":"849E31A7-2E4D-47A2-8B14-9E789E843924","transform":{"columns":[[-0.06429319,0.0013430358,-0.99793,0],[0.00069373037,0.9999989,0.0013011255,0],[0.99793047,-0.0006086407,-0.064294025,0],[0.08307883,-0.3682422,-0.49189377,1]]}}},{"label":"ARImageAnchor didUpdate","content":{"identifier":"6BAD7D5D-D14A-EF93-1C8B-F6BEC80B8329","transform":{"columns":[[0.11500293,0.0012906365,-0.9933643,0],[0.9715221,-0.20869905,0.112203114,0],[-0.20716938,-0.977979,-0.02525487,0],[0.43670115,-0.6582401,-0.066960864,1]]},"name":"Lenna"},"timestamp":1742662172.891663},{"content":{"identifier":"6BAD7D5D-D14A-EF93-1C8B-F6BEC80B8329","transform":{"columns":[[0.11500293,0.0012906365,-0.9933643,0],[0.9715221,-0.20869905,0.112203114,0],[-0.20716938,-0.977979,-0.02525487,0],[0.43670115,-0.6582401,-0.066960864,1]]},"name":"Lenna"},"timestamp":1742662172.925276,"label":"ARImageAnchor didUpdate"},{"content":{"name":"bunny","identifier":"849E31A7-2E4D-47A2-8B14-9E789E843924","transform":{"columns":[[-0.064370394,0.001453282,-0.99792486,0],[0.00076735683,0.99999875,0.0014068043,0],[0.99792534,-0.0006752077,-0.0643714,0],[0.08306805,-0.36823782,-0.4919042,1]]}},"label":"Bunny didUpdate","timestamp":1742662174.295867},{"content":{"transform":{"columns":[[-0.064404085,0.0014596062,-0.9979226,0],[0.00079280365,0.9999986,0.0014114768,0],[0.9979231,-0.0007002516,-0.06440512,0],[0.083063975,-0.3682379,-0.49190533,0.99999994]]},"name":"bunny","identifier":"849E31A7-2E4D-47A2-8B14-9E789E843924"},"timestamp":1742662174.795897,"label":"Bunny didUpdate"},{"label":"ARImageAnchor didUpdate","content":{"name":"Earth","identifier":"088EF783-5990-B052-BE99-B8AA15BA6C68","transform":{"columns":[[0.9940527,0.012426959,0.108188026,0],[-0.10702981,-0.071808405,0.9916592,0],[0.020092115,-0.99734104,-0.07005128,0],[-1.1632044,0.5817378,-0.8274969,1]]}},"timestamp":1742662177.156662},{"content":{"name":"Earth","transform":{"columns":[[0.9940527,0.012426959,0.108188026,0],[-0.10702981,-0.071808405,0.9916592,0],[0.020092115,-0.99734104,-0.07005128,0],[-1.1632044,0.5817378,-0.8274969,1]]},"identifier":"088EF783-5990-B052-BE99-B8AA15BA6C68"},"timestamp":1742662177.1908212,"label":"ARImageAnchor didUpdate"},{"timestamp":1742662179.993661,"label":"Bunny didUpdate","content":{"identifier":"849E31A7-2E4D-47A2-8B14-9E789E843924","name":"bunny","transform":{"columns":[[-0.064449586,0.0014219526,-0.9979196,0],[0.00082563446,0.99999857,0.001371592,0],[0.99792,-0.0007355182,-0.06445063,0],[0.08305862,-0.36824065,-0.49190247,0.9999999]]}}},{"timestamp":1742662180.292663,"content":{"identifier":"849E31A7-2E4D-47A2-8B14-9E789E843924","transform":{"columns":[[-0.06443695,0.0014329177,-0.9979204,0],[0.0008212794,0.99999857,0.0013828706,0],[0.99792075,-0.0007304635,-0.064437985,0],[0.08305985,-0.36824033,-0.49190378,1]]},"name":"bunny"},"label":"Bunny didUpdate"},{"label":"Bunny didUpdate","timestamp":1742662183.8935251,"content":{"name":"bunny","transform":{"columns":[[-0.064386755,0.0015522366,-0.9979234,0],[0.0009006656,0.99999833,0.0014973525,0],[0.9979238,-0.00080238533,-0.064388,0],[0.08305534,-0.36823535,-0.49191254,0.99999994]]},"identifier":"849E31A7-2E4D-47A2-8B14-9E789E843924"}},{"label":"Bunny didUpdate","timestamp":1742662184.489316,"content":{"transform":{"columns":[[-0.0643848,0.0015818832,-0.99792343,0],[0.0009389289,0.9999983,0.0015245934,0],[0.9979238,-0.0008388185,-0.06438614,0],[0.083052054,-0.36823463,-0.491915,1]]},"name":"bunny","identifier":"849E31A7-2E4D-47A2-8B14-9E789E843924"}}]