[{"label":"Application launched","timestamp":1742632522.852048},{"timestamp":1742632522.852283,"label":"Initialize ARViewModel"},{"timestamp":1742632522.854577,"label":"Finished Initialize ARViewModel"},{"timestamp":1742632522.854653,"label":"Initialize AnchorManager"},{"timestamp":1742632522.854667,"label":"Fininshed Initialize AnchorManager"},{"timestamp":1742632522.85468,"label":"ContentView Initialize"},{"content":{"position":[-0.012932427,-0.31638744,-0.54565984],"beaconName":"DWM3001CDK (8449B511)"},"timestamp":1742632546.209132,"label":"Finished Ranging"},{"content":{"name":"bunny","transform":{"columns":[[0.26696444,0,-0.9637064,0],[0,1,0,0],[0.9637064,0,0.26696444,0],[-0.012932427,-0.31638744,-0.54565984,1]]},"identifier":"A320358D-1014-49F6-9E48-3A575061325D"},"timestamp":1742632546.2665129,"label":"Bunny didAdd"},{"timestamp":1742632546.729738,"content":{"name":"bunny","identifier":"A320358D-1014-49F6-9E48-3A575061325D","transform":{"columns":[[0.26696554,2.7444767e-06,-0.96370596,0],[2.5266774e-05,0.99999994,9.847231e-06,0],[0.96370596,-2.6978612e-05,0.26696557,0],[-0.012932795,-0.31638655,-0.5456601,1]]}},"label":"Bunny didUpdate"},{"label":"Bunny didUpdate","timestamp":1742632546.973487,"content":{"name":"bunny","identifier":"A320358D-1014-49F6-9E48-3A575061325D","transform":{"columns":[[0.26701683,3.3117525e-05,-0.96369165,0],[-4.304549e-05,0.9999999,2.2438357e-05,0],[0.9636917,3.549116e-05,0.26701683,0],[-0.012930496,-0.31638813,-0.5456617,0.99999994]]}}},{"timestamp":1742632551.666595,"label":"ARImageAnchor didAdd","content":{"transform":{"columns":[[0.9160528,0.0058848024,0.40101454,0],[-0.40044788,-0.041698117,0.9153702,0],[0.022108322,-0.99911284,-0.03584113,0],[-0.49209148,-0.6018746,-0.29770312,1]]},"name":"Car","identifier":"FF85DBE1-76D3-E459-2D24-8EDCEE263300"}},{"timestamp":1742632551.67435,"content":{"name":"Car","identifier":"FF85DBE1-76D3-E459-2D24-8EDCEE263300","transform":{"columns":[[0.9160528,0.0058848024,0.40101454,0],[-0.40044788,-0.041698117,0.9153702,0],[0.022108322,-0.99911284,-0.03584113,0],[-0.49209148,-0.6018746,-0.29770312,1]]}},"label":"ARImageAnchor didUpdate"},{"content":{"name":"Earth","transform":{"columns":[[0.9314185,-0.008572623,0.3638488,0],[-0.36394468,-0.027228948,0.93102247,0],[0.0019259291,-0.9995923,-0.028481523,0],[-1.2177318,0.65553594,-1.1769633,1]]},"identifier":"088EF783-5990-B052-BE99-B8AA15BA6C68"},"timestamp":1742632554.365994,"label":"ARImageAnchor didAdd"},{"timestamp":1742632554.3719969,"label":"ARImageAnchor didUpdate","content":{"transform":{"columns":[[0.9314185,-0.008572623,0.3638488,0],[-0.36394468,-0.027228948,0.93102247,0],[0.0019259291,-0.9995923,-0.028481523,0],[-1.2177318,0.65553594,-1.1769633,1]]},"name":"Earth","identifier":"088EF783-5990-B052-BE99-B8AA15BA6C68"}},{"label":"ARImageAnchor didAdd","timestamp":1742632561.832165,"content":{"transform":{"columns":[[0.37749562,-0.03263174,-0.9254361,0],[0.9247868,-0.038090173,0.37857386,0],[-0.047603525,-0.9987412,0.015798563,0],[0.18976936,-0.60171956,-0.09457904,0.9999999]]},"identifier":"6BAD7D5D-D14A-EF93-1C8B-F6BEC80B8329","name":"Lenna"}},{"label":"ARImageAnchor didUpdate","content":{"identifier":"6BAD7D5D-D14A-EF93-1C8B-F6BEC80B8329","name":"Lenna","transform":{"columns":[[0.37749562,-0.03263174,-0.9254361,0],[0.9247868,-0.038090173,0.37857386,0],[-0.047603525,-0.9987412,0.015798563,0],[0.18976936,-0.60171956,-0.09457904,0.9999999]]}},"timestamp":1742632561.836362},{"content":{"name":"bunny","transform":{"columns":[[0.2677714,0.00016614958,-0.963482,0],[-0.00029742907,0.9999998,8.9785324e-05,0],[0.9634822,0.00026252566,0.26777148,0],[-0.012909323,-0.31639352,-0.5456841,0.99999994]]},"identifier":"A320358D-1014-49F6-9E48-3A575061325D"},"label":"Bunny didUpdate","timestamp":1742632561.973408},{"label":"Bunny didUpdate","timestamp":1742632562.6727738,"content":{"name":"bunny","identifier":"A320358D-1014-49F6-9E48-3A575061325D","transform":{"columns":[[0.26779062,0.00022515446,-0.96347654,0],[-0.00032021487,0.9999997,0.00014468838,0],[0.96347684,0.00026977342,0.26779076,0],[-0.012908515,-0.31639296,-0.54568565,0.99999994]]}}},{"timestamp":1742632564.4987469,"label":"ARImageAnchor didAdd","content":{"transform":{"columns":[[0.9233004,-0.008221416,0.3839906,0],[-0.3839342,0.0076597435,0.92332864,0],[-0.010532359,-0.99993676,0.003915761,0],[0.49826565,0.83304775,-0.49800074,0.99999994]]},"identifier":"C35EAC54-3E90-1B97-807B-5E3B8F238DB7","name":"Sailboat"}},{"content":{"name":"Sailboat","identifier":"C35EAC54-3E90-1B97-807B-5E3B8F238DB7","transform":{"columns":[[0.9233004,-0.008221416,0.3839906,0],[-0.3839342,0.0076597435,0.92332864,0],[-0.010532359,-0.99993676,0.003915761,0],[0.49826565,0.83304775,-0.49800074,0.99999994]]}},"label":"ARImageAnchor didUpdate","timestamp":1742632564.5051289},{"timestamp":1742632567.699271,"label":"ARImageAnchor didAdd","content":{"name":"Mandrill","identifier":"A19C2489-597B-2BED-432C-244B551E75FD","transform":{"columns":[[-0.3640651,-0.015016447,0.93125236,0],[-0.9304798,0.049654987,-0.36296242,0],[-0.040790904,-0.9986534,-0.032050144,0],[0.97173166,0.86575425,0.28731114,0.99999994]]}}},{"timestamp":1742632567.70596,"label":"ARImageAnchor didUpdate","content":{"name":"Mandrill","identifier":"A19C2489-597B-2BED-432C-244B551E75FD","transform":{"columns":[[-0.3640651,-0.015016447,0.93125236,0],[-0.9304798,0.049654987,-0.36296242,0],[-0.040790904,-0.9986534,-0.032050144,0],[0.97173166,0.86575425,0.28731114,0.99999994]]}}},{"timestamp":1742632569.831664,"content":{"transform":{"columns":[[-0.41218942,-0.0023074816,0.9110952,0],[-0.91109145,0.0048711137,-0.4121754,0],[-0.0034869625,-0.99998534,-0.0041101556,0],[0.75658697,0.24199685,0.99791896,0.99999994]]},"name":"Peppers","identifier":"61BB3DDD-C96C-6E82-3432-BD712CCBCB28"},"label":"ARImageAnchor didAdd"},{"timestamp":1742632569.8401551,"label":"ARImageAnchor didUpdate","content":{"identifier":"61BB3DDD-C96C-6E82-3432-BD712CCBCB28","transform":{"columns":[[-0.41218942,-0.0023074816,0.9110952,0],[-0.91109145,0.0048711137,-0.4121754,0],[-0.0034869625,-0.99998534,-0.0041101556,0],[0.75658697,0.24199685,0.99791896,0.99999994]]},"name":"Peppers"}},{"timestamp":1742632570.871973,"content":{"name":"Peppers","identifier":"61BB3DDD-C96C-6E82-3432-BD712CCBCB28","transform":{"columns":[[-0.36745027,-0.010775806,0.9299805,0],[-0.92882055,-0.0470003,-0.36753657,0],[0.047669876,-0.99883664,0.0072614923,0],[0.75904256,0.24697897,0.99220866,0.99999994]]}},"label":"ARImageAnchor didUpdate"},{"label":"ARImageAnchor didUpdate","content":{"identifier":"61BB3DDD-C96C-6E82-3432-BD712CCBCB28","transform":{"columns":[[-0.36745027,-0.010775806,0.9299805,0],[-0.92882055,-0.0470003,-0.36753657,0],[0.047669876,-0.99883664,0.0072614923,0],[0.75904256,0.24697897,0.99220866,0.99999994]]},"name":"Peppers"},"timestamp":1742632570.905209}]