[{"label":"Application launched","timestamp":1742675762.2856421},{"timestamp":1742675762.2859058,"label":"Initialize ARViewModel"},{"label":"Finished Initialize ARViewModel","timestamp":1742675762.287848},{"label":"Initialize AnchorManager","timestamp":1742675762.287894},{"timestamp":1742675762.2879071,"label":"Fininshed Initialize AnchorManager"},{"label":"ContentView Initialize","timestamp":1742675762.28792},{"label":"Finished Ranging","timestamp":1742675785.928221,"content":{"position":[0.078457445,-0.4161979,-0.5027584],"beaconName":"DWM3001CDK (8449B511)"}},{"label":"Bunny didAdd","content":{"name":"bunny","identifier":"2B9B0E67-E434-4A46-BAEB-BD130EDCAE31","transform":{"columns":[[-0.06143236,0,-0.9981113,0],[0,1,0,0],[0.9981113,0,-0.06143236,0],[0.078457445,-0.4161979,-0.5027584,1]]}},"timestamp":1742675785.963052},{"timestamp":1742675788.77885,"label":"ARImageAnchor didAdd","content":{"name":"Car","identifier":"FF85DBE1-76D3-E459-2D24-8EDCEE263300","transform":{"columns":[[0.97777224,0.017342692,0.20895128,0],[-0.20903754,0.003298777,0.977902,0],[0.016270164,-0.9998441,0.0068507274,0],[-0.31303927,-0.72012484,-0.13128996,1]]}}},{"content":{"name":"Car","identifier":"FF85DBE1-76D3-E459-2D24-8EDCEE263300","transform":{"columns":[[0.97777224,0.017342692,0.20895128,0],[-0.20903754,0.003298777,0.977902,0],[0.016270164,-0.9998441,0.0068507274,0],[-0.31303927,-0.72012484,-0.13128996,1]]}},"label":"ARImageAnchor didUpdate","timestamp":1742675788.7872381},{"label":"ARImageAnchor didAdd","content":{"name":"Earth","identifier":"088EF783-5990-B052-BE99-B8AA15BA6C68","transform":{"columns":[[0.9907167,0.0014952004,0.13593371,0],[-0.13570017,-0.04873348,0.9895506,0],[0.0081041,-0.9988106,-0.04807818,0],[-1.2205006,0.5272445,-0.82945144,1]]}},"timestamp":1742675793.0787768},{"timestamp":1742675793.086391,"content":{"identifier":"088EF783-5990-B052-BE99-B8AA15BA6C68","transform":{"columns":[[0.9907167,0.0014952004,0.13593371,0],[-0.13570017,-0.04873348,0.9895506,0],[0.0081041,-0.9988106,-0.04807818,0],[-1.2205006,0.5272445,-0.82945144,1]]},"name":"Earth"},"label":"ARImageAnchor didUpdate"},{"timestamp":1742675798.4117951,"label":"ARImageAnchor didAdd","content":{"identifier":"6BAD7D5D-D14A-EF93-1C8B-F6BEC80B8329","transform":{"columns":[[0.19281739,-0.032311387,-0.9807025,0],[0.9810091,-0.015076338,0.19337438,0],[-0.021033572,-0.99936414,0.028790789,0],[0.3890647,-0.72062844,-0.092649594,1]]},"name":"Lenna"}},{"label":"ARImageAnchor didUpdate","content":{"transform":{"columns":[[0.19281739,-0.032311387,-0.9807025,0],[0.9810091,-0.015076338,0.19337438,0],[-0.021033572,-0.99936414,0.028790789,0],[0.3890647,-0.72062844,-0.092649594,1]]},"name":"Lenna","identifier":"6BAD7D5D-D14A-EF93-1C8B-F6BEC80B8329"},"timestamp":1742675798.419975},{"content":{"transform":{"columns":[[0.17429622,-0.035380524,-0.9840574,0],[0.98176,-0.070834376,0.17643607,0],[-0.075947516,-0.9968603,0.022389013,0],[0.39478984,-0.7157384,-0.08677924,1]]},"identifier":"6BAD7D5D-D14A-EF93-1C8B-F6BEC80B8329","name":"Lenna"},"timestamp":1742675799.469287,"label":"ARImageAnchor didUpdate"},{"label":"ARImageAnchor didUpdate","content":{"name":"Lenna","identifier":"6BAD7D5D-D14A-EF93-1C8B-F6BEC80B8329","transform":{"columns":[[0.17429622,-0.035380524,-0.9840574,0],[0.98176,-0.070834376,0.17643607,0],[-0.075947516,-0.9968603,0.022389013,0],[0.39478984,-0.7157384,-0.08677924,1]]}},"timestamp":1742675799.485791},{"timestamp":1742675802.678432,"content":{"name":"Sailboat","transform":{"columns":[[0.98830605,0.0033316854,0.15244673,0],[-0.1523354,-0.022423279,0.9880744,0],[0.006710307,-0.99974287,-0.021653524,0],[0.5968057,0.69587624,-0.5472509,1.0000001]]},"identifier":"C35EAC54-3E90-1B97-807B-5E3B8F238DB7"},"label":"ARImageAnchor didAdd"},{"label":"ARImageAnchor didUpdate","content":{"name":"Sailboat","transform":{"columns":[[0.98830605,0.0033316854,0.15244673,0],[-0.1523354,-0.022423279,0.9880744,0],[0.006710307,-0.99974287,-0.021653524,0],[0.5968057,0.69587624,-0.5472509,1.0000001]]},"identifier":"C35EAC54-3E90-1B97-807B-5E3B8F238DB7"},"timestamp":1742675802.6860008},{"timestamp":1742675805.3448029,"label":"ARImageAnchor didAdd","content":{"name":"Mandrill","transform":{"columns":[[-0.17964558,-0.010470242,0.98367554,0],[-0.9826102,0.049633007,-0.17892276,0],[-0.04694941,-0.9987125,-0.019204523,0],[1.203447,0.7245414,0.12590495,0.9999999]]},"identifier":"A19C2489-597B-2BED-432C-244B551E75FD"}},{"timestamp":1742675805.352031,"content":{"identifier":"A19C2489-597B-2BED-432C-244B551E75FD","transform":{"columns":[[-0.17964558,-0.010470242,0.98367554,0],[-0.9826102,0.049633007,-0.17892276,0],[-0.04694941,-0.9987125,-0.019204523,0],[1.203447,0.7245414,0.12590495,0.9999999]]},"name":"Mandrill"},"label":"ARImageAnchor didUpdate"},{"timestamp":1742675807.478198,"label":"ARImageAnchor didAdd","content":{"name":"Peppers","transform":{"columns":[[-0.1770133,-4.5743454e-05,0.98420835,0],[-0.98412704,-0.012842131,-0.17699929,0],[0.012647425,-0.9999174,0.0022282046,0],[1.1640103,0.11219648,0.8597621,0.9999999]]},"identifier":"61BB3DDD-C96C-6E82-3432-BD712CCBCB28"}},{"content":{"transform":{"columns":[[-0.1770133,-4.5743454e-05,0.98420835,0],[-0.98412704,-0.012842131,-0.17699929,0],[0.012647425,-0.9999174,0.0022282046,0],[1.1640103,0.11219648,0.8597621,0.9999999]]},"identifier":"61BB3DDD-C96C-6E82-3432-BD712CCBCB28","name":"Peppers"},"timestamp":1742675807.4864411,"label":"ARImageAnchor didUpdate"},{"label":"ARImageAnchor didUpdate","timestamp":1742675812.8019,"content":{"name":"Lenna","identifier":"6BAD7D5D-D14A-EF93-1C8B-F6BEC80B8329","transform":{"columns":[[0.18496,-0.03736881,-0.9820352,0],[0.982741,0.0038270357,0.18494728,0],[-0.0031529702,-0.9992941,0.037431717,0],[0.37546557,-0.72110724,-0.10065523,1]]}}},{"label":"ARImageAnchor didUpdate","timestamp":1742675812.818979,"content":{"name":"Lenna","transform":{"columns":[[0.18496,-0.03736881,-0.9820352,0],[0.982741,0.0038270357,0.18494728,0],[-0.0031529702,-0.9992941,0.037431717,0],[0.37546557,-0.72110724,-0.10065523,1]]},"identifier":"6BAD7D5D-D14A-EF93-1C8B-F6BEC80B8329"}},{"label":"Bunny didUpdate","content":{"name":"bunny","identifier":"2B9B0E67-E434-4A46-BAEB-BD130EDCAE31","transform":{"columns":[[-0.06254859,0.0011946661,-0.9980411,0],[0.0010600336,0.99999875,0.0011305757,0],[0.9980414,-0.0009872414,-0.06254976,0],[0.07837159,-0.416133,-0.5027813,0.99999994]]}},"timestamp":1742675814.8710341},{"timestamp":1742675818.084523,"label":"ARImageAnchor didUpdate","content":{"transform":{"columns":[[0.990593,0.00036916902,0.13683993,0],[-0.13649632,-0.06820585,0.9882896,0],[0.009698134,-0.997671,-0.06751386,0],[-1.2361401,0.53187037,-0.8304078,0.9999999]]},"identifier":"088EF783-5990-B052-BE99-B8AA15BA6C68","name":"Earth"}},{"timestamp":1742675818.102962,"label":"ARImageAnchor didUpdate","content":{"identifier":"088EF783-5990-B052-BE99-B8AA15BA6C68","transform":{"columns":[[0.990593,0.00036916902,0.13683993,0],[-0.13649632,-0.06820585,0.9882896,0],[0.009698134,-0.997671,-0.06751386,0],[-1.2361401,0.53187037,-0.8304078,0.9999999]]},"name":"Earth"}},{"content":{"transform":{"columns":[[0.991636,0.0035250569,0.12901662,0],[-0.12887646,-0.026937082,0.99129474,0],[0.0069697015,-0.99963087,-0.026257485,0],[-1.2263405,0.5328261,-0.84239984,1]]},"name":"Earth","identifier":"088EF783-5990-B052-BE99-B8AA15BA6C68"},"label":"ARImageAnchor didUpdate","timestamp":1742675818.618257},{"label":"ARImageAnchor didUpdate","content":{"identifier":"088EF783-5990-B052-BE99-B8AA15BA6C68","name":"Earth","transform":{"columns":[[0.991636,0.0035250569,0.12901662,0],[-0.12887646,-0.026937082,0.99129474,0],[0.0069697015,-0.99963087,-0.026257485,0],[-1.2263405,0.5328261,-0.84239984,1]]}},"timestamp":1742675818.635217},{"label":"ARImageAnchor didUpdate","timestamp":1742675822.885431,"content":{"name":"Peppers","identifier":"61BB3DDD-C96C-6E82-3432-BD712CCBCB28","transform":{"columns":[[-0.15207742,-0.0016940814,0.988367,0],[-0.98825294,-0.015029343,-0.15208562,0],[0.015112177,-0.99988556,0.0006114464,0],[1.1815683,0.119501196,0.8575691,1]]}}},{"content":{"identifier":"61BB3DDD-C96C-6E82-3432-BD712CCBCB28","transform":{"columns":[[-0.15207742,-0.0016940814,0.988367,0],[-0.98825294,-0.015029343,-0.15208562,0],[0.015112177,-0.99988556,0.0006114464,0],[1.1815683,0.119501196,0.8575691,1]]},"name":"Peppers"},"timestamp":1742675822.902309,"label":"ARImageAnchor didUpdate"},{"timestamp":1742675824.467982,"label":"ARImageAnchor didUpdate","content":{"name":"Mandrill","identifier":"A19C2489-597B-2BED-432C-244B551E75FD","transform":{"columns":[[-0.1621622,-0.0050284863,0.98675126,0],[-0.98426455,0.071955666,-0.16138689,0],[-0.07019085,-0.9973951,-0.016617844,0],[1.2022552,0.7234563,0.11433195,1]]}}},{"content":{"transform":{"columns":[[-0.1621622,-0.0050284863,0.98675126,0],[-0.98426455,0.071955666,-0.16138689,0],[-0.07019085,-0.9973951,-0.016617844,0],[1.2022552,0.7234563,0.11433195,1]]},"identifier":"A19C2489-597B-2BED-432C-244B551E75FD","name":"Mandrill"},"label":"ARImageAnchor didUpdate","timestamp":1742675824.485316},{"timestamp":1742675825.0019531,"content":{"name":"bunny","transform":{"columns":[[-0.06262054,0.0011542788,-0.9980365,0],[0.0013303438,0.9999984,0.001073077,0],[0.99803644,-0.0012605354,-0.06262202,0],[0.07835802,-0.41613013,-0.50277793,0.99999994]]},"identifier":"2B9B0E67-E434-4A46-BAEB-BD130EDCAE31"},"label":"Bunny didUpdate"},{"content":{"transform":{"columns":[[0.9862285,0.0038898017,0.16534223,0],[-0.1653718,0.009213817,0.98618823,0],[0.0023126425,-0.99995,0.009730204,0],[0.5650741,0.69795746,-0.5632956,1]]},"name":"Sailboat","identifier":"C35EAC54-3E90-1B97-807B-5E3B8F238DB7"},"timestamp":1742675826.5842052,"label":"ARImageAnchor didUpdate"},{"content":{"transform":{"columns":[[0.9862285,0.0038898017,0.16534223,0],[-0.1653718,0.009213817,0.98618823,0],[0.0023126425,-0.99995,0.009730204,0],[0.5650741,0.69795746,-0.5632956,1]]},"name":"Sailboat","identifier":"C35EAC54-3E90-1B97-807B-5E3B8F238DB7"},"timestamp":1742675826.6014671,"label":"ARImageAnchor didUpdate"},{"content":{"identifier":"C35EAC54-3E90-1B97-807B-5E3B8F238DB7","name":"Sailboat","transform":{"columns":[[0.98536134,0.0016402473,0.17047092,0],[-0.17047429,0.016791288,0.98521906,0],[-0.0012464264,-0.99985766,0.016825125,0],[0.5700856,0.6987356,-0.55480206,1]]}},"label":"ARImageAnchor didUpdate","timestamp":1742675827.119106},{"timestamp":1742675827.13481,"label":"ARImageAnchor didUpdate","content":{"transform":{"columns":[[0.98536134,0.0016402473,0.17047092,0],[-0.17047429,0.016791288,0.98521906,0],[-0.0012464264,-0.99985766,0.016825125,0],[0.5700856,0.6987356,-0.55480206,1]]},"identifier":"C35EAC54-3E90-1B97-807B-5E3B8F238DB7","name":"Sailboat"}},{"timestamp":1742675829.735405,"label":"ARImageAnchor didUpdate","content":{"name":"Lenna","transform":{"columns":[[0.18765439,-0.03826536,-0.9814894,0],[0.9814712,-0.032096658,0.18890223,0],[-0.038730953,-0.998752,0.031533238,0],[0.37754092,-0.73708165,-0.09916534,1]]},"identifier":"6BAD7D5D-D14A-EF93-1C8B-F6BEC80B8329"}},{"timestamp":1742675829.751792,"label":"ARImageAnchor didUpdate","content":{"identifier":"6BAD7D5D-D14A-EF93-1C8B-F6BEC80B8329","transform":{"columns":[[0.18765439,-0.03826536,-0.9814894,0],[0.9814712,-0.032096658,0.18890223,0],[-0.038730953,-0.998752,0.031533238,0],[0.37754092,-0.73708165,-0.09916534,1]]},"name":"Lenna"}},{"timestamp":1742675830.268488,"label":"ARImageAnchor didUpdate","content":{"transform":{"columns":[[0.19210324,-0.038681757,-0.9806119,0],[0.9799641,-0.045991726,0.19379054,0],[-0.052596208,-0.9981925,0.029071584,0],[0.3897578,-0.7264668,-0.09163454,0.9999999]]},"name":"Lenna","identifier":"6BAD7D5D-D14A-EF93-1C8B-F6BEC80B8329"}},{"timestamp":1742675830.284783,"content":{"name":"Lenna","identifier":"6BAD7D5D-D14A-EF93-1C8B-F6BEC80B8329","transform":{"columns":[[0.19210324,-0.038681757,-0.9806119,0],[0.9799641,-0.045991726,0.19379054,0],[-0.052596208,-0.9981925,0.029071584,0],[0.3897578,-0.7264668,-0.09163454,0.9999999]]}},"label":"ARImageAnchor didUpdate"}]