[{"timestamp":1742669786.781073,"label":"Application launched"},{"timestamp":1742669786.781129,"label":"Initialize ARViewModel"},{"timestamp":1742669786.7833,"label":"Finished Initialize ARViewModel"},{"timestamp":1742669786.78335,"label":"Initialize AnchorManager"},{"timestamp":1742669786.783364,"label":"Fininshed Initialize AnchorManager"},{"label":"ContentView Initialize","timestamp":1742669786.7833772},{"timestamp":1742669810.736289,"content":{"position":[-0.011100699,-0.25120142,-0.3089321],"beaconName":"DWM3001CDK (8449B511)"},"label":"Finished Ranging"},{"content":{"name":"bunny","transform":{"columns":[[-0.2710408,0,-0.9625678,0],[0,1,0,0],[0.9625678,0,-0.2710408,0],[-0.011100699,-0.25120142,-0.3089321,1]]},"identifier":"801373FA-225F-485F-AA2D-71E4F6BE4D55"},"timestamp":1742669810.789791,"label":"Bunny didAdd"},{"label":"ARImageAnchor didAdd","content":{"identifier":"FF85DBE1-76D3-E459-2D24-8EDCEE263300","transform":{"columns":[[0.99832517,0.010302739,-0.056924775,0],[0.056913864,0.0013487723,0.99837804,0],[0.010362807,-0.999946,0.0007601381,0],[-0.27649122,-0.53757685,0.14059433,1]]},"name":"Car"},"timestamp":1742669813.589521},{"content":{"identifier":"FF85DBE1-76D3-E459-2D24-8EDCEE263300","name":"Car","transform":{"columns":[[0.99832517,0.010302739,-0.056924775,0],[0.056913864,0.0013487723,0.99837804,0],[0.010362807,-0.999946,0.0007601381,0],[-0.27649122,-0.53757685,0.14059433,1]]}},"timestamp":1742669813.599681,"label":"ARImageAnchor didUpdate"},{"label":"ARImageAnchor didAdd","content":{"transform":{"columns":[[0.9913439,-0.0019978022,-0.13127452,0],[0.1312474,-0.010298779,0.99129593,0],[-0.0033323758,-0.99994487,-0.00994741,0],[-1.3155347,0.71044105,-0.313506,1]]},"name":"Earth","identifier":"088EF783-5990-B052-BE99-B8AA15BA6C68"},"timestamp":1742669816.256249},{"label":"ARImageAnchor didUpdate","content":{"identifier":"088EF783-5990-B052-BE99-B8AA15BA6C68","transform":{"columns":[[0.9913439,-0.0019978022,-0.13127452,0],[0.1312474,-0.010298779,0.99129593,0],[-0.0033323758,-0.99994487,-0.00994741,0],[-1.3155347,0.71044105,-0.313506,1]]},"name":"Earth"},"timestamp":1742669816.26391},{"content":{"name":"bunny","transform":{"columns":[[-0.27068105,0.00076263765,-0.9626687,0],[0.00041154318,0.9999995,0.0006764946,0],[0.96266896,-0.00021306558,-0.27068126,0],[-0.011115788,-0.25115317,-0.3090009,0.99999994]]},"identifier":"801373FA-225F-485F-AA2D-71E4F6BE4D55"},"label":"Bunny didUpdate","timestamp":1742669820.064443},{"content":{"transform":{"columns":[[-0.2706505,0.00085068634,-0.9626771,0],[0.00044908785,0.99999934,0.00075740844,0],[0.9626775,-0.00022733379,-0.27065077,0],[-0.011117317,-0.25114748,-0.309009,0.99999994]]},"name":"bunny","identifier":"801373FA-225F-485F-AA2D-71E4F6BE4D55"},"timestamp":1742669820.665492,"label":"Bunny didUpdate"},{"content":{"name":"bunny","transform":{"columns":[[-0.27087465,0.000899147,-0.962614,0],[0.00045778175,0.9999992,0.0008052497,0],[0.9626144,-0.00022254554,-0.27087492,0],[-0.011167274,-0.2510934,-0.3088535,1]]},"identifier":"801373FA-225F-485F-AA2D-71E4F6BE4D55"},"label":"Bunny didUpdate","timestamp":1742669821.164999},{"timestamp":1742669822.122562,"label":"ARImageAnchor didAdd","content":{"transform":{"columns":[[-0.06062555,-0.03722264,-0.99746615,0],[0.99815357,-0.00596577,-0.060444716,0],[-0.0037007867,-0.99928916,0.037515577,0],[0.41957867,-0.55033964,0.0036176033,1]]},"name":"Lenna","identifier":"6BAD7D5D-D14A-EF93-1C8B-F6BEC80B8329"}},{"timestamp":1742669822.130523,"label":"ARImageAnchor didUpdate","content":{"name":"Lenna","identifier":"6BAD7D5D-D14A-EF93-1C8B-F6BEC80B8329","transform":{"columns":[[-0.06062555,-0.03722264,-0.99746615,0],[0.99815357,-0.00596577,-0.060444716,0],[-0.0037007867,-0.99928916,0.037515577,0],[0.41957867,-0.55033964,0.0036176033,1]]}}},{"content":{"name":"Lenna","transform":{"columns":[[-0.056707423,-0.038628023,-0.9976431,0],[0.9983898,-0.00092859456,-0.056713916,0],[0.0012643395,-0.99925303,0.038618486,0],[0.4128971,-0.5472167,0.0061961375,1]]},"identifier":"6BAD7D5D-D14A-EF93-1C8B-F6BEC80B8329"},"timestamp":1742669823.727017,"label":"ARImageAnchor didUpdate"},{"label":"ARImageAnchor didUpdate","content":{"identifier":"6BAD7D5D-D14A-EF93-1C8B-F6BEC80B8329","transform":{"columns":[[-0.056707423,-0.038628023,-0.9976431,0],[0.9983898,-0.00092859456,-0.056713916,0],[0.0012643395,-0.99925303,0.038618486,0],[0.4128971,-0.5472167,0.0061961375,1]]},"name":"Lenna"},"timestamp":1742669823.761979},{"content":{"name":"Sailboat","identifier":"C35EAC54-3E90-1B97-807B-5E3B8F238DB7","transform":{"columns":[[0.9961978,0.00063310156,-0.08711632,0],[0.087106586,0.009376601,0.9961547,0],[0.0014475232,-0.9999558,0.009285819,0],[0.5122625,0.8852208,-0.5038989,0.99999994]]}},"timestamp":1742669829.089048,"label":"ARImageAnchor didAdd"},{"timestamp":1742669829.0956368,"content":{"transform":{"columns":[[0.9961978,0.00063310156,-0.08711632,0],[0.087106586,0.009376601,0.9961547,0],[0.0014475232,-0.9999558,0.009285819,0],[0.5122625,0.8852208,-0.5038989,0.99999994]]},"name":"Sailboat","identifier":"C35EAC54-3E90-1B97-807B-5E3B8F238DB7"},"label":"ARImageAnchor didUpdate"},{"timestamp":1742669831.255536,"content":{"transform":{"columns":[[0.09505779,-0.015775602,0.9953464,0],[-0.9950852,0.026350174,0.09545048,0],[-0.027733348,-0.99952817,-0.0131932795,0],[1.2933886,0.90764374,-0.0014927238,0.9999999]]},"identifier":"A19C2489-597B-2BED-432C-244B551E75FD","name":"Mandrill"},"label":"ARImageAnchor didAdd"},{"content":{"transform":{"columns":[[0.09505779,-0.015775602,0.9953464,0],[-0.9950852,0.026350174,0.09545048,0],[-0.027733348,-0.99952817,-0.0131932795,0],[1.2933886,0.90764374,-0.0014927238,0.9999999]]},"identifier":"A19C2489-597B-2BED-432C-244B551E75FD","name":"Mandrill"},"timestamp":1742669831.2628589,"label":"ARImageAnchor didUpdate"},{"label":"ARImageAnchor didUpdate","content":{"name":"Mandrill","transform":{"columns":[[0.08802052,-0.014143223,0.9960181,0],[-0.99527735,0.039836854,0.08852075,0],[-0.040930193,-0.99910605,-0.010569967,0],[1.2937171,0.907859,-0.006729983,1]]},"identifier":"A19C2489-597B-2BED-432C-244B551E75FD"},"timestamp":1742669831.7633882},{"timestamp":1742669831.795727,"content":{"transform":{"columns":[[0.08802052,-0.014143223,0.9960181,0],[-0.99527735,0.039836854,0.08852075,0],[-0.040930193,-0.99910605,-0.010569967,0],[1.2937171,0.907859,-0.006729983,1]]},"identifier":"A19C2489-597B-2BED-432C-244B551E75FD","name":"Mandrill"},"label":"ARImageAnchor didUpdate"},{"label":"ARImageAnchor didAdd","content":{"identifier":"61BB3DDD-C96C-6E82-3432-BD712CCBCB28","name":"Peppers","transform":{"columns":[[0.083318576,-0.009087756,0.9964814,0],[-0.99650055,-0.0074460045,0.083252296,0],[0.006663247,-0.9999309,-0.009676347,0],[1.4254401,0.28698367,0.72089577,0.99999994]]}},"timestamp":1742669833.388832},{"label":"ARImageAnchor didUpdate","content":{"identifier":"61BB3DDD-C96C-6E82-3432-BD712CCBCB28","transform":{"columns":[[0.083318576,-0.009087756,0.9964814,0],[-0.99650055,-0.0074460045,0.083252296,0],[0.006663247,-0.9999309,-0.009676347,0],[1.4254401,0.28698367,0.72089577,0.99999994]]},"name":"Peppers"},"timestamp":1742669833.395005},{"timestamp":1742669833.895287,"label":"ARImageAnchor didUpdate","content":{"name":"Peppers","identifier":"61BB3DDD-C96C-6E82-3432-BD712CCBCB28","transform":{"columns":[[0.10235066,-0.008770415,0.99470955,0],[-0.99471503,-0.009067195,0.10227129,0],[0.008122252,-0.99992037,-0.009652098,0],[1.422416,0.29066822,0.71549594,0.99999994]]}}},{"label":"ARImageAnchor didUpdate","content":{"transform":{"columns":[[0.10235066,-0.008770415,0.99470955,0],[-0.99471503,-0.009067195,0.10227129,0],[0.008122252,-0.99992037,-0.009652098,0],[1.422416,0.29066822,0.71549594,0.99999994]]},"identifier":"61BB3DDD-C96C-6E82-3432-BD712CCBCB28","name":"Peppers"},"timestamp":1742669833.930954},{"content":{"transform":{"columns":[[0.087069005,-0.01445393,0.9960973,0],[-0.9944803,0.057500906,0.08776187,0],[-0.058544986,-0.99824077,-0.009367609,0],[1.2872474,0.9098206,-0.009310022,1.0000001]]},"identifier":"A19C2489-597B-2BED-432C-244B551E75FD","name":"Mandrill"},"timestamp":1742669836.564262,"label":"ARImageAnchor didUpdate"},{"content":{"identifier":"A19C2489-597B-2BED-432C-244B551E75FD","name":"Mandrill","transform":{"columns":[[0.087069005,-0.01445393,0.9960973,0],[-0.9944803,0.057500906,0.08776187,0],[-0.058544986,-0.99824077,-0.009367609,0],[1.2872474,0.9098206,-0.009310022,1.0000001]]}},"label":"ARImageAnchor didUpdate","timestamp":1742669836.594983},{"label":"ARImageAnchor didUpdate","content":{"name":"Earth","identifier":"088EF783-5990-B052-BE99-B8AA15BA6C68","transform":{"columns":[[0.9962506,-0.004735464,-0.08638296,0],[0.08632721,-0.010927586,0.99620676,0],[-0.005661457,-0.999929,-0.010477815,0],[-1.3199056,0.70494556,-0.31471813,1.0000001]]}},"timestamp":1742669840.2937942},{"content":{"transform":{"columns":[[0.9962506,-0.004735464,-0.08638296,0],[0.08632721,-0.010927586,0.99620676,0],[-0.005661457,-0.999929,-0.010477815,0],[-1.3199056,0.70494556,-0.31471813,1.0000001]]},"name":"Earth","identifier":"088EF783-5990-B052-BE99-B8AA15BA6C68"},"label":"ARImageAnchor didUpdate","timestamp":1742669840.326404},{"timestamp":1742669840.828473,"label":"ARImageAnchor didUpdate","content":{"identifier":"088EF783-5990-B052-BE99-B8AA15BA6C68","transform":{"columns":[[0.9973314,-0.0021180324,-0.07297331,0],[0.0729859,0.006625281,0.9973108,0],[-0.0016288667,-0.99997574,0.006762188,0],[-1.3150628,0.7057699,-0.319344,0.99999994]]},"name":"Earth"}},{"timestamp":1742669840.86216,"label":"ARImageAnchor didUpdate","content":{"name":"Earth","identifier":"088EF783-5990-B052-BE99-B8AA15BA6C68","transform":{"columns":[[0.9973314,-0.0021180324,-0.07297331,0],[0.0729859,0.006625281,0.9973108,0],[-0.0016288667,-0.99997574,0.006762188,0],[-1.3150628,0.7057699,-0.319344,0.99999994]]}}},{"label":"Bunny didUpdate","timestamp":1742669844.463458,"content":{"name":"bunny","identifier":"801373FA-225F-485F-AA2D-71E4F6BE4D55","transform":{"columns":[[-0.27082282,0.0020511209,-0.96262676,0],[0.000974579,0.9999973,0.0018565623,0],[0.96262866,-0.00043535666,-0.27082428,0],[-0.0112143345,-0.25102043,-0.30895752,0.99999994]]}}},{"timestamp":1742669845.096622,"label":"ARImageAnchor didUpdate","content":{"identifier":"FF85DBE1-76D3-E459-2D24-8EDCEE263300","name":"Car","transform":{"columns":[[0.9993833,0.00558184,-0.034660075,0],[0.034761347,-0.019204821,0.9992109,0],[0.004911799,-0.9997998,-0.019387033,0],[-0.28113738,-0.53920305,0.1435531,0.9999998]]}}},{"label":"ARImageAnchor didUpdate","timestamp":1742669845.128145,"content":{"identifier":"FF85DBE1-76D3-E459-2D24-8EDCEE263300","name":"Car","transform":{"columns":[[0.9993833,0.00558184,-0.034660075,0],[0.034761347,-0.019204821,0.9992109,0],[0.004911799,-0.9997998,-0.019387033,0],[-0.28113738,-0.53920305,0.1435531,0.9999998]]}}},{"content":{"name":"bunny","transform":{"columns":[[-0.27084315,0.002098502,-0.9626209,0],[0.001033112,0.99999714,0.0018893043,0],[0.9626229,-0.00048279055,-0.27084476,0],[-0.011221417,-0.2510178,-0.30896062,1]]},"identifier":"801373FA-225F-485F-AA2D-71E4F6BE4D55"},"timestamp":1742669847.565579,"label":"Bunny didUpdate"},{"label":"Bunny didUpdate","content":{"transform":{"columns":[[-0.2708403,0.0021054929,-0.96262175,0],[0.0010388085,0.999997,0.0018949657,0],[0.9626236,-0.00048674695,-0.2708419,0],[-0.011221773,-0.2510174,-0.30896118,1]]},"identifier":"801373FA-225F-485F-AA2D-71E4F6BE4D55","name":"bunny"},"timestamp":1742669847.8622642},{"content":{"name":"bunny","identifier":"801373FA-225F-485F-AA2D-71E4F6BE4D55","transform":{"columns":[[-0.27078232,0.0024247211,-0.96263725,0],[0.0012563453,0.9999961,0.0021654211,0],[0.9626396,-0.00062304764,-0.27078456,0],[-0.011238929,-0.25099733,-0.30898753,0.99999994]]}},"timestamp":1742669850.895035,"label":"Bunny didUpdate"},{"content":{"transform":{"columns":[[0.09192828,-0.007063247,0.99574035,0],[-0.9957632,-0.002831536,0.09191034,0],[0.002170277,-0.999971,-0.007293598,0],[1.4489667,0.28622428,0.72611576,1]]},"identifier":"61BB3DDD-C96C-6E82-3432-BD712CCBCB28","name":"Peppers"},"label":"ARImageAnchor didUpdate","timestamp":1742669853.626635},{"timestamp":1742669853.659915,"label":"ARImageAnchor didUpdate","content":{"identifier":"61BB3DDD-C96C-6E82-3432-BD712CCBCB28","name":"Peppers","transform":{"columns":[[0.09192828,-0.007063247,0.99574035,0],[-0.9957632,-0.002831536,0.09191034,0],[0.002170277,-0.999971,-0.007293598,0],[1.4489667,0.28622428,0.72611576,1]]}}},{"content":{"identifier":"A19C2489-597B-2BED-432C-244B551E75FD","name":"Mandrill","transform":{"columns":[[0.103425905,-0.013166938,0.99454975,0],[-0.9927197,0.060686056,0.10403902,0],[-0.061725214,-0.99806994,-0.0067945616,0],[1.3013561,0.9118833,0.00027956069,0.9999999]]}},"timestamp":1742669855.761002,"label":"ARImageAnchor didUpdate"},{"label":"ARImageAnchor didUpdate","content":{"identifier":"A19C2489-597B-2BED-432C-244B551E75FD","name":"Mandrill","transform":{"columns":[[0.103425905,-0.013166938,0.99454975,0],[-0.9927197,0.060686056,0.10403902,0],[-0.061725214,-0.99806994,-0.0067945616,0],[1.3013561,0.9118833,0.00027956069,0.9999999]]}},"timestamp":1742669855.794472},{"label":"Bunny didUpdate","content":{"name":"bunny","identifier":"801373FA-225F-485F-AA2D-71E4F6BE4D55","transform":{"columns":[[-0.2707858,0.0027315936,-0.96263534,0],[0.0014773927,0.9999952,0.0024220203,0],[0.96263826,-0.000766343,-0.2707888,0],[-0.011260512,-0.2509785,-0.30901262,1]]}},"timestamp":1742669859.595083},{"content":{"identifier":"801373FA-225F-485F-AA2D-71E4F6BE4D55","transform":{"columns":[[-0.27074328,0.0027824868,-0.96264714,0],[0.0015079521,0.99999493,0.0024663287,0],[0.9626501,-0.00078388496,-0.27074635,0],[-0.011260535,-0.2509753,-0.3090173,1]]},"name":"bunny"},"timestamp":1742669861.363206,"label":"Bunny didUpdate"}]