[{"label":"Application launched","timestamp":1742670795.426227},{"label":"Initialize ARViewModel","timestamp":1742670795.426312},{"label":"Finished Initialize ARViewModel","timestamp":1742670795.427877},{"label":"Initialize AnchorManager","timestamp":1742670795.427894},{"timestamp":1742670795.427898,"label":"Fininshed Initialize AnchorManager"},{"timestamp":1742670795.427902,"label":"ContentView Initialize"},{"timestamp":1742670821.088163,"label":"Finished Ranging","content":{"beaconName":"DWM3001CDK (8449B511)","position":[-0.024346298,-0.06944326,-0.07616106]}},{"timestamp":1742670821.109549,"label":"Bunny didAdd","content":{"name":"bunny","identifier":"7693C91C-251D-4167-AF88-660F956C1C9E","transform":{"columns":[[-0.5336367,0,-0.8457139,0],[0,1,0,0],[0.8457139,0,-0.5336367,0],[-0.024346298,-0.06944326,-0.07616106,1]]}}},{"timestamp":1742670823.509413,"label":"ARImageAnchor didAdd","content":{"name":"Car","identifier":"FF85DBE1-76D3-E459-2D24-8EDCEE263300","transform":{"columns":[[0.90070593,0.0094091315,-0.43432742,0],[0.43424958,0.009255026,0.900745,0],[0.01249495,-0.9999128,0.0042501586,0],[-0.0975193,-0.3902257,0.4707233,1]]}}},{"content":{"transform":{"columns":[[0.90070593,0.0094091315,-0.43432742,0],[0.43424958,0.009255026,0.900745,0],[0.01249495,-0.9999128,0.0042501586,0],[-0.0975193,-0.3902257,0.4707233,1]]},"name":"Car","identifier":"FF85DBE1-76D3-E459-2D24-8EDCEE263300"},"timestamp":1742670823.5207992,"label":"ARImageAnchor didUpdate"},{"timestamp":1742670826.642626,"label":"ARImageAnchor didAdd","content":{"name":"Earth","identifier":"088EF783-5990-B052-BE99-B8AA15BA6C68","transform":{"columns":[[0.85715663,0.00081853673,-0.51505524,0],[0.5147722,-0.034547392,0.8566307,0],[-0.017092634,-0.99940264,-0.030033886,0],[-1.2338512,0.86334246,0.45178178,1]]}}},{"timestamp":1742670826.649766,"label":"ARImageAnchor didUpdate","content":{"identifier":"088EF783-5990-B052-BE99-B8AA15BA6C68","transform":{"columns":[[0.85715663,0.00081853673,-0.51505524,0],[0.5147722,-0.034547392,0.8566307,0],[-0.017092634,-0.99940264,-0.030033886,0],[-1.2338512,0.86334246,0.45178178,1]]},"name":"Earth"}},{"content":{"transform":{"columns":[[-0.45833066,-0.042357128,-0.8877718,0],[0.8881602,0.015518223,-0.4592716,0],[0.033230085,-0.9989819,0.030507432,0],[0.49665773,-0.39224118,0.06817636,1]]},"identifier":"6BAD7D5D-D14A-EF93-1C8B-F6BEC80B8329","name":"Lenna"},"timestamp":1742670831.908948,"label":"ARImageAnchor didAdd"},{"timestamp":1742670831.9191751,"label":"ARImageAnchor didUpdate","content":{"transform":{"columns":[[-0.45833066,-0.042357128,-0.8877718,0],[0.8881602,0.015518223,-0.4592716,0],[0.033230085,-0.9989819,0.030507432,0],[0.49665773,-0.39224118,0.06817636,1]]},"name":"Lenna","identifier":"6BAD7D5D-D14A-EF93-1C8B-F6BEC80B8329"}},{"label":"ARImageAnchor didAdd","timestamp":1742670835.5754461,"content":{"identifier":"C35EAC54-3E90-1B97-807B-5E3B8F238DB7","name":"Sailboat","transform":{"columns":[[0.86534417,0.006683757,-0.5011334,0],[0.50117403,-0.01548971,0.86520773,0],[-0.0019795666,-0.99985754,-0.016753662,0],[0.38520145,1.0248649,-0.43773317,1]]}}},{"content":{"name":"Sailboat","identifier":"C35EAC54-3E90-1B97-807B-5E3B8F238DB7","transform":{"columns":[[0.86534417,0.006683757,-0.5011334,0],[0.50117403,-0.01548971,0.86520773,0],[-0.0019795666,-0.99985754,-0.016753662,0],[0.38520145,1.0248649,-0.43773317,1]]}},"label":"ARImageAnchor didUpdate","timestamp":1742670835.583504},{"content":{"identifier":"C35EAC54-3E90-1B97-807B-5E3B8F238DB7","transform":{"columns":[[0.8696434,0.0034893493,-0.49366796,0],[0.493665,0.0017254663,0.86965036,0],[0.0038863232,-0.9999924,-0.00022203392,0],[0.38417178,1.0323324,-0.4370115,1]]},"name":"Sailboat"},"label":"ARImageAnchor didUpdate","timestamp":1742670836.099366},{"content":{"identifier":"C35EAC54-3E90-1B97-807B-5E3B8F238DB7","transform":{"columns":[[0.8696434,0.0034893493,-0.49366796,0],[0.493665,0.0017254663,0.86965036,0],[0.0038863232,-0.9999924,-0.00022203392,0],[0.38417178,1.0323324,-0.4370115,1]]},"name":"Sailboat"},"label":"ARImageAnchor didUpdate","timestamp":1742670836.116085},{"label":"ARImageAnchor didAdd","content":{"identifier":"A19C2489-597B-2BED-432C-244B551E75FD","transform":{"columns":[[0.47472274,-0.012164113,0.8800514,0],[-0.8781296,0.06092157,0.47452807,0],[-0.059386328,-0.9980684,0.018239185,0],[1.2766314,1.0560044,-0.28203398,1]]},"name":"Mandrill"},"timestamp":1742670838.342022},{"label":"ARImageAnchor didUpdate","content":{"transform":{"columns":[[0.47472274,-0.012164113,0.8800514,0],[-0.8781296,0.06092157,0.47452807,0],[-0.059386328,-0.9980684,0.018239185,0],[1.2766314,1.0560044,-0.28203398,1]]},"name":"Mandrill","identifier":"A19C2489-597B-2BED-432C-244B551E75FD"},"timestamp":1742670838.34866},{"timestamp":1742670840.408605,"label":"ARImageAnchor didAdd","content":{"transform":{"columns":[[0.47074437,-0.0070472434,0.8822415,0],[-0.88222045,-0.014319608,0.47061872,0],[0.009316811,-0.99987245,-0.012958103,0],[1.6862608,0.43651927,0.33611143,1]]},"name":"Peppers","identifier":"61BB3DDD-C96C-6E82-3432-BD712CCBCB28"}},{"content":{"name":"Peppers","identifier":"61BB3DDD-C96C-6E82-3432-BD712CCBCB28","transform":{"columns":[[0.47074437,-0.0070472434,0.8822415,0],[-0.88222045,-0.014319608,0.47061872,0],[0.009316811,-0.99987245,-0.012958103,0],[1.6862608,0.43651927,0.33611143,1]]}},"timestamp":1742670840.41825,"label":"ARImageAnchor didUpdate"},{"content":{"transform":{"columns":[[-0.53375006,0.002398223,-0.8456389,0],[0.00028144635,0.9999964,0.0026583362,0],[0.8456422,0.0011808851,-0.5337488,0],[-0.024374023,-0.06922772,-0.07632001,0.99999994]]},"name":"bunny","identifier":"7693C91C-251D-4167-AF88-660F956C1C9E"},"timestamp":1742670845.249593,"label":"Bunny didUpdate"},{"content":{"transform":{"columns":[[0.8737207,-8.3377854e-05,-0.4864279,0],[0.4864143,-0.0073390314,0.8736974,0],[-0.003642755,-0.99997306,-0.0063717086,0],[-1.2448738,0.85307133,0.42742312,1]]},"name":"Earth","identifier":"088EF783-5990-B052-BE99-B8AA15BA6C68"},"label":"ARImageAnchor didUpdate","timestamp":1742670849.68121},{"label":"ARImageAnchor didUpdate","content":{"identifier":"088EF783-5990-B052-BE99-B8AA15BA6C68","name":"Earth","transform":{"columns":[[0.8737207,-8.3377854e-05,-0.4864279,0],[0.4864143,-0.0073390314,0.8736974,0],[-0.003642755,-0.99997306,-0.0063717086,0],[-1.2448738,0.85307133,0.42742312,1]]}},"timestamp":1742670849.7142081},{"label":"Bunny didUpdate","content":{"transform":{"columns":[[-0.5336112,0.0026617164,-0.8457257,0],[0.00034269146,0.9999956,0.002931022,0],[0.8457298,0.0012742031,-0.53360975,0],[-0.024365216,-0.06920423,-0.0763434,0.99999994]]},"identifier":"7693C91C-251D-4167-AF88-660F956C1C9E","name":"bunny"},"timestamp":1742670854.3551621},{"label":"Bunny didUpdate","content":{"name":"bunny","identifier":"7693C91C-251D-4167-AF88-660F956C1C9E","transform":{"columns":[[-0.53360325,0.0026808116,-0.8457307,0],[0.00034419843,0.9999954,0.0029526353,0],[0.84573483,0.0012844368,-0.53360176,0],[-0.024364576,-0.069202535,-0.0763451,0.99999994]]}},"timestamp":1742670854.75076},{"timestamp":1742670855.150673,"content":{"transform":{"columns":[[-0.5336059,0.0026987025,-0.84572923,0],[0.00035729178,0.9999954,0.0029655325,0],[0.8457333,0.0012802532,-0.5336043,0],[-0.024365611,-0.06920102,-0.0763458,1]]},"name":"bunny","identifier":"7693C91C-251D-4167-AF88-660F956C1C9E"},"label":"Bunny didUpdate"},{"timestamp":1742670855.882358,"content":{"identifier":"6BAD7D5D-D14A-EF93-1C8B-F6BEC80B8329","transform":{"columns":[[-0.42491356,-0.026329482,-0.9048509,0],[0.90430695,-0.057569645,-0.4229829,0],[-0.04095498,-0.99799424,0.048272036,0],[0.4962293,-0.40154248,0.07472305,1]]},"name":"Lenna"},"label":"ARImageAnchor didUpdate"},{"label":"ARImageAnchor didUpdate","content":{"transform":{"columns":[[-0.42491356,-0.026329482,-0.9048509,0],[0.90430695,-0.057569645,-0.4229829,0],[-0.04095498,-0.99799424,0.048272036,0],[0.4962293,-0.40154248,0.07472305,1]]},"name":"Lenna","identifier":"6BAD7D5D-D14A-EF93-1C8B-F6BEC80B8329"},"timestamp":1742670855.915886},{"label":"Bunny didUpdate","content":{"name":"bunny","transform":{"columns":[[-0.53364474,0.0029958568,-0.84570366,0],[0.00045594195,0.99999446,0.0032547207,0],[0.84570867,0.0013512726,-0.5336431,0],[-0.024375245,-0.06917482,-0.07636179,0.99999994]]},"identifier":"7693C91C-251D-4167-AF88-660F956C1C9E"},"timestamp":1742670858.249224},{"timestamp":1742670860.349986,"label":"Bunny didUpdate","content":{"identifier":"7693C91C-251D-4167-AF88-660F956C1C9E","name":"bunny","transform":{"columns":[[-0.5337239,0.003053089,-0.8456535,0],[0.00043544138,0.9999942,0.0033354862,0],[0.84565884,0.0014119961,-0.53372216,0],[-0.024381183,-0.06916945,-0.07636306,1]]}}},{"content":{"transform":{"columns":[[0.46905047,-0.011490351,0.8830965,0],[-0.88127804,0.05934885,0.46885675,0],[-0.057798088,-0.9981711,0.017711401,0],[1.2950808,1.0495684,-0.2674882,0.99999994]]},"name":"Mandrill","identifier":"A19C2489-597B-2BED-432C-244B551E75FD"},"label":"ARImageAnchor didUpdate","timestamp":1742670861.0482101},{"label":"ARImageAnchor didUpdate","content":{"identifier":"A19C2489-597B-2BED-432C-244B551E75FD","name":"Mandrill","transform":{"columns":[[0.46905047,-0.011490351,0.8830965,0],[-0.88127804,0.05934885,0.46885675,0],[-0.057798088,-0.9981711,0.017711401,0],[1.2950808,1.0495684,-0.2674882,0.99999994]]}},"timestamp":1742670861.0818071},{"timestamp":1742670863.1151261,"label":"ARImageAnchor didUpdate","content":{"identifier":"61BB3DDD-C96C-6E82-3432-BD712CCBCB28","transform":{"columns":[[0.47001573,-0.0077107456,0.88262445,0],[-0.882591,0.008224867,0.4700698,0],[-0.01088405,-0.99993646,-0.002939616,0],[1.6849477,0.4358072,0.34491697,1]]},"name":"Peppers"}},{"content":{"identifier":"61BB3DDD-C96C-6E82-3432-BD712CCBCB28","transform":{"columns":[[0.47001573,-0.0077107456,0.88262445,0],[-0.882591,0.008224867,0.4700698,0],[-0.01088405,-0.99993646,-0.002939616,0],[1.6849477,0.4358072,0.34491697,1]]},"name":"Peppers"},"timestamp":1742670863.1502051,"label":"ARImageAnchor didUpdate"},{"label":"Bunny didUpdate","content":{"name":"bunny","identifier":"7693C91C-251D-4167-AF88-660F956C1C9E","transform":{"columns":[[-0.5333706,0.003260908,-0.84587556,0],[0.00036559947,0.99999315,0.0036245119,0],[0.84588164,0.0016239566,-0.53336823,0],[-0.024344772,-0.069149904,-0.07639755,0.99999994]]}},"timestamp":1742670867.552577},{"content":{"transform":{"columns":[[-0.5333706,0.003260908,-0.84587556,0],[0.00036559947,0.999993,0.0036245114,0],[0.84588164,0.0016239566,-0.53336823,0],[-0.024344772,-0.069149904,-0.07639755,0.99999994]]},"identifier":"7693C91C-251D-4167-AF88-660F956C1C9E","name":"bunny"},"label":"Bunny didUpdate","timestamp":1742670867.8491201}]