[{"timestamp":1742667949.28162,"label":"Application launched"},{"timestamp":1742667949.281681,"label":"Initialize ARViewModel"},{"timestamp":1742667949.283101,"label":"Finished Initialize ARViewModel"},{"label":"Initialize AnchorManager","timestamp":1742667949.2831202},{"label":"Fininshed Initialize AnchorManager","timestamp":1742667949.283125},{"timestamp":1742667949.2831302,"label":"ContentView Initialize"},{"timestamp":1742667972.684053,"label":"Finished Ranging","content":{"beaconName":"DWM3001CDK (8449B511)","position":[-0.15720245,-0.32480216,-0.4415917]}},{"timestamp":1742667972.738939,"label":"Bunny didAdd","content":{"name":"bunny","transform":{"columns":[[-0.62868345,0,-0.77766126,0],[0,1,0,0],[0.77766126,0,-0.62868345,0],[-0.15720245,-0.32480216,-0.4415917,1]]},"identifier":"3913F2B2-9962-4BAC-A80F-5908B748446F"}},{"timestamp":1742667973.2186651,"content":{"name":"bunny","identifier":"3913F2B2-9962-4BAC-A80F-5908B748446F","transform":{"columns":[[-0.6286433,2.9048146e-05,-0.7776936,0],[4.4483255e-05,0.9999999,1.3939192e-06,0],[0.7776936,-3.3718065e-05,-0.62864333,0],[-0.15720312,-0.32479593,-0.44159877,0.99999994]]}},"label":"Bunny didUpdate"},{"timestamp":1742667974.980257,"label":"Bunny didUpdate","content":{"identifier":"3913F2B2-9962-4BAC-A80F-5908B748446F","transform":{"columns":[[-0.6287638,5.065391e-05,-0.7775962,0],[0.00018672265,0.99999976,-8.584217e-05,0],[0.7775961,-0.00019916928,-0.62876374,0],[-0.15723196,-0.32478377,-0.44156787,0.99999994]]},"name":"bunny"}},{"label":"ARImageAnchor didAdd","timestamp":1742667975.472169,"content":{"transform":{"columns":[[0.9285975,0.012429886,-0.3708799,0],[0.37085667,0.0042104768,0.9286805,0],[0.013104969,-0.9999138,-0.00069984846,0],[-0.2717819,-0.6450417,0.098095715,0.9999999]]},"name":"Car","identifier":"FF85DBE1-76D3-E459-2D24-8EDCEE263300"}},{"timestamp":1742667975.479773,"content":{"name":"Car","identifier":"FF85DBE1-76D3-E459-2D24-8EDCEE263300","transform":{"columns":[[0.9285975,0.012429886,-0.3708799,0],[0.37085667,0.0042104768,0.9286805,0],[0.013104969,-0.9999138,-0.00069984846,0],[-0.2717819,-0.6450417,0.098095715,0.9999999]]}},"label":"ARImageAnchor didUpdate"},{"content":{"name":"Earth","identifier":"088EF783-5990-B052-BE99-B8AA15BA6C68","transform":{"columns":[[0.8952098,9.221129e-05,-0.4456447,0],[0.44558588,-0.016433705,0.89508826,0],[-0.0072410568,-0.9998648,-0.014752704,0],[-1.4021665,0.6029767,0.006914079,0.99999994]]}},"timestamp":1742667978.70554,"label":"ARImageAnchor didAdd"},{"timestamp":1742667978.7120671,"content":{"transform":{"columns":[[0.8952098,9.221129e-05,-0.4456447,0],[0.44558588,-0.016433705,0.89508826,0],[-0.0072410568,-0.9998648,-0.014752704,0],[-1.4021665,0.6029767,0.006914079,0.99999994]]},"name":"Earth","identifier":"088EF783-5990-B052-BE99-B8AA15BA6C68"},"label":"ARImageAnchor didUpdate"},{"content":{"name":"bunny","identifier":"3913F2B2-9962-4BAC-A80F-5908B748446F","transform":{"columns":[[-0.62773937,-2.8668406e-05,-0.7784234,0],[0.000510171,0.9999995,-0.00044824285,0],[0.7784232,-0.00067850883,-0.62773913,0],[-0.15723059,-0.32500735,-0.44232056,0.99999994]]}},"timestamp":1742667982.0805202,"label":"Bunny didUpdate"},{"label":"ARImageAnchor didAdd","content":{"name":"Lenna","identifier":"6BAD7D5D-D14A-EF93-1C8B-F6BEC80B8329","transform":{"columns":[[-0.38029322,-0.035801414,-0.9241727,0],[0.9248626,-0.017344465,-0.37990525,0],[-0.0024281102,-0.99920833,0.03970737,0],[0.34971002,-0.65479696,-0.24672161,0.9999999]]}},"timestamp":1742667983.538389},{"label":"ARImageAnchor didUpdate","content":{"name":"Lenna","transform":{"columns":[[-0.38029322,-0.035801414,-0.9241727,0],[0.9248626,-0.017344465,-0.37990525,0],[-0.0024281102,-0.99920833,0.03970737,0],[0.34971002,-0.65479696,-0.24672161,0.9999999]]},"identifier":"6BAD7D5D-D14A-EF93-1C8B-F6BEC80B8329"},"timestamp":1742667983.548874},{"timestamp":1742667987.478928,"content":{"identifier":"3913F2B2-9962-4BAC-A80F-5908B748446F","name":"bunny","transform":{"columns":[[-0.62703854,6.155093e-05,-0.77898806,0],[0.00075809075,0.9999992,-0.0005312035,0],[0.7789875,-0.00092362886,-0.62703824,0],[-0.1560562,-0.32388046,-0.4422583,0.99999994]]}},"label":"Bunny didUpdate"},{"label":"ARImageAnchor didAdd","timestamp":1742667987.804908,"content":{"name":"Sailboat","identifier":"C35EAC54-3E90-1B97-807B-5E3B8F238DB7","transform":{"columns":[[0.9085222,0.0034029996,-0.4178225,0],[0.4178241,0.0002647647,0.9085278,0],[0.003202341,-0.99999416,-0.0011813198,0],[0.27875787,0.7722885,-0.754313,0.9999998]]}}},{"content":{"transform":{"columns":[[0.9085222,0.0034029996,-0.4178225,0],[0.4178241,0.0002647647,0.9085278,0],[0.003202341,-0.99999416,-0.0011813198,0],[0.27875787,0.7722885,-0.754313,0.9999998]]},"name":"Sailboat","identifier":"C35EAC54-3E90-1B97-807B-5E3B8F238DB7"},"label":"ARImageAnchor didUpdate","timestamp":1742667987.813243},{"timestamp":1742667990.471425,"content":{"name":"Mandrill","identifier":"A19C2489-597B-2BED-432C-244B551E75FD","transform":{"columns":[[0.39629707,-0.0140182525,0.9180153,0],[-0.91672134,0.049173202,0.39648932,0],[-0.050699845,-0.99869186,0.0066363653,0],[1.1658086,0.7961613,-0.5258181,0.99999994]]}},"label":"ARImageAnchor didAdd"},{"content":{"name":"Mandrill","identifier":"A19C2489-597B-2BED-432C-244B551E75FD","transform":{"columns":[[0.39629707,-0.0140182525,0.9180153,0],[-0.91672134,0.049173202,0.39648932,0],[-0.050699845,-0.99869186,0.0066363653,0],[1.1658086,0.7961613,-0.5258181,0.99999994]]}},"label":"ARImageAnchor didUpdate","timestamp":1742667990.479049},{"timestamp":1742667992.604697,"label":"ARImageAnchor didAdd","content":{"name":"Peppers","identifier":"61BB3DDD-C96C-6E82-3432-BD712CCBCB28","transform":{"columns":[[0.39857227,-0.007031858,0.9171099,0],[-0.91713244,-0.0061838855,0.39853463,0],[0.0028689043,-0.999956,-0.0089138765,0],[1.522679,0.17813756,0.11894134,0.99999994]]}}},{"content":{"name":"Peppers","transform":{"columns":[[0.39857227,-0.007031858,0.9171099,0],[-0.91713244,-0.0061838855,0.39853463,0],[0.0028689043,-0.999956,-0.0089138765,0],[1.522679,0.17813756,0.11894134,0.99999994]]},"identifier":"61BB3DDD-C96C-6E82-3432-BD712CCBCB28"},"label":"ARImageAnchor didUpdate","timestamp":1742667992.6125798},{"content":{"transform":{"columns":[[-0.6263426,0.0005281162,-0.7795474,0],[0.001276808,0.9999986,-0.0003484121,0],[0.77954644,-0.001213558,-0.62634265,0],[-0.15545961,-0.32282335,-0.4415232,0.9999999]]},"identifier":"3913F2B2-9962-4BAC-A80F-5908B748446F","name":"bunny"},"timestamp":1742667998.977006,"label":"Bunny didUpdate"}]