[{"timestamp":1742647154.674581,"label":"Application launched"},{"timestamp":1742647154.674648,"label":"Initialize ARViewModel"},{"label":"Finished Initialize ARViewModel","timestamp":1742647154.676481},{"label":"Initialize AnchorManager","timestamp":1742647154.676539},{"timestamp":1742647154.676553,"label":"Fininshed Initialize AnchorManager"},{"timestamp":1742647154.6765652,"label":"ContentView Initialize"},{"content":{"beaconName":"DWM3001CDK (8449B511)","position":[-0.0015873113,-0.28449038,-0.28639767]},"label":"Finished Ranging","timestamp":1742647177.178679},{"timestamp":1742647177.232832,"label":"Bunny didAdd","content":{"transform":{"columns":[[-0.1716491,0,-0.9851581,0],[0,1,0,0],[0.9851581,0,-0.1716491,0],[-0.0015873113,-0.28449038,-0.28639767,1]]},"name":"bunny","identifier":"F399D168-175D-4162-B2E8-3DA9F04760F9"}},{"timestamp":1742647179.8326879,"content":{"transform":{"columns":[[0.9994503,0.0074704774,-0.03230008,0],[0.032342438,-0.00562393,0.999461,0],[0.0072848,-0.99995613,-0.005862445,0],[-0.28312692,-0.5931694,0.16881219,1]]},"name":"Car","identifier":"FF85DBE1-76D3-E459-2D24-8EDCEE263300"},"label":"ARImageAnchor didAdd"},{"content":{"identifier":"FF85DBE1-76D3-E459-2D24-8EDCEE263300","transform":{"columns":[[0.9994503,0.0074704774,-0.03230008,0],[0.032342438,-0.00562393,0.999461,0],[0.0072848,-0.99995613,-0.005862445,0],[-0.28312692,-0.5931694,0.16881219,1]]},"name":"Car"},"timestamp":1742647179.84094,"label":"ARImageAnchor didUpdate"},{"label":"ARImageAnchor didAdd","content":{"identifier":"088EF783-5990-B052-BE99-B8AA15BA6C68","name":"Earth","transform":{"columns":[[0.99641585,-0.0044023446,-0.08447637,0],[0.084378414,-0.019022943,0.9962522,0],[-0.0059928396,-0.9998093,-0.018583298,0],[-1.3144387,0.66299033,-0.2705941,1]]}},"timestamp":1742647183.066084},{"timestamp":1742647183.071367,"content":{"transform":{"columns":[[0.99641585,-0.0044023446,-0.08447637,0],[0.084378414,-0.019022943,0.9962522,0],[-0.0059928396,-0.9998093,-0.018583298,0],[-1.3144387,0.66299033,-0.2705941,1]]},"identifier":"088EF783-5990-B052-BE99-B8AA15BA6C68","name":"Earth"},"label":"ARImageAnchor didUpdate"},{"timestamp":1742647184.10588,"label":"ARImageAnchor didUpdate","content":{"identifier":"088EF783-5990-B052-BE99-B8AA15BA6C68","name":"Earth","transform":{"columns":[[0.99147177,0.0032602749,-0.1302798,0],[0.13032033,-0.026700916,0.99111223,0],[-0.00024729947,-0.9996381,-0.02689808,0],[-1.3245487,0.66774446,-0.2919386,0.9999999]]}}},{"timestamp":1742647184.139182,"label":"ARImageAnchor didUpdate","content":{"identifier":"088EF783-5990-B052-BE99-B8AA15BA6C68","transform":{"columns":[[0.99147177,0.0032602749,-0.1302798,0],[0.13032033,-0.026700916,0.99111223,0],[-0.00024729947,-0.9996381,-0.02689808,0],[-1.3245487,0.66774446,-0.2919386,0.9999999]]},"name":"Earth"}},{"label":"Bunny didUpdate","timestamp":1742647187.90796,"content":{"identifier":"F399D168-175D-4162-B2E8-3DA9F04760F9","transform":{"columns":[[-0.17110509,-6.337971e-05,-0.9852526,0],[1.2274312e-05,1,-6.646002e-05,0],[0.9852526,-2.346494e-05,-0.17110507,0],[-0.0014226378,-0.2845106,-0.2863767,0.9999999]]},"name":"bunny"}},{"timestamp":1742647188.607513,"label":"Bunny didUpdate","content":{"identifier":"F399D168-175D-4162-B2E8-3DA9F04760F9","transform":{"columns":[[-0.17113052,-9.078635e-05,-0.9852482,0],[-2.7596398e-05,1,-8.735237e-05,0],[0.9852482,1.2240651e-05,-0.17113051,0],[-0.0014190488,-0.2845169,-0.28637087,1]]},"name":"bunny"}},{"content":{"identifier":"F399D168-175D-4162-B2E8-3DA9F04760F9","name":"bunny","transform":{"columns":[[-0.17108507,-8.967029e-05,-0.98525614,0],[-3.9849039e-07,1,-9.094296e-05,0],[0.9852561,-1.5166361e-05,-0.17108503,0],[-0.0014128052,-0.2845181,-0.28636962,1]]}},"label":"Bunny didUpdate","timestamp":1742647188.907539},{"label":"ARImageAnchor didAdd","content":{"name":"Lenna","transform":{"columns":[[-0.06368939,-0.036648706,-0.9972965,0],[0.99796855,-0.00080482836,-0.06370275,0],[0.0015319729,-0.9993278,0.03662552,0],[0.41081133,-0.6003713,0.043549336,0.99999994]]},"identifier":"6BAD7D5D-D14A-EF93-1C8B-F6BEC80B8329"},"timestamp":1742647189.465786},{"label":"ARImageAnchor didUpdate","content":{"transform":{"columns":[[-0.06368939,-0.036648706,-0.9972965,0],[0.99796855,-0.00080482836,-0.06370275,0],[0.0015319729,-0.9993278,0.03662552,0],[0.41081133,-0.6003713,0.043549336,0.99999994]]},"identifier":"6BAD7D5D-D14A-EF93-1C8B-F6BEC80B8329","name":"Lenna"},"timestamp":1742647189.4733682},{"label":"ARImageAnchor didAdd","timestamp":1742647192.665715,"content":{"transform":{"columns":[[0.9983615,-0.0017682986,-0.057192996,0],[0.057192434,-0.0003343598,0.99836296,0],[-0.001784522,-0.9999982,-0.00023267316,0],[0.5160547,0.8319048,-0.4610502,0.9999999]]},"name":"Sailboat","identifier":"C35EAC54-3E90-1B97-807B-5E3B8F238DB7"}},{"content":{"name":"Sailboat","identifier":"C35EAC54-3E90-1B97-807B-5E3B8F238DB7","transform":{"columns":[[0.9983615,-0.0017682986,-0.057192996,0],[0.057192434,-0.0003343598,0.99836296,0],[-0.001784522,-0.9999982,-0.00023267316,0],[0.5160547,0.8319048,-0.4610502,0.9999999]]}},"timestamp":1742647192.673506,"label":"ARImageAnchor didUpdate"},{"label":"ARImageAnchor didUpdate","timestamp":1742647193.173322,"content":{"identifier":"C35EAC54-3E90-1B97-807B-5E3B8F238DB7","name":"Sailboat","transform":{"columns":[[0.9961821,0.0026177766,-0.08725908,0],[0.087277815,-0.0082090655,0.9961501,0],[0.0018913851,-0.99996275,-0.008406195,0],[0.51438135,0.83931816,-0.45011485,1]]}}},{"content":{"identifier":"C35EAC54-3E90-1B97-807B-5E3B8F238DB7","transform":{"columns":[[0.9961821,0.0026177766,-0.08725908,0],[0.087277815,-0.0082090655,0.9961501,0],[0.0018913851,-0.99996275,-0.008406195,0],[0.51438135,0.83931816,-0.45011485,1]]},"name":"Sailboat"},"timestamp":1742647193.20579,"label":"ARImageAnchor didUpdate"},{"label":"ARImageAnchor didAdd","timestamp":1742647195.865561,"content":{"identifier":"A19C2489-597B-2BED-432C-244B551E75FD","name":"Mandrill","transform":{"columns":[[0.07787083,-0.018148959,0.9967982,0],[-0.99626464,0.036011305,0.078484856,0],[-0.03732042,-0.99918646,-0.015276945,0],[1.2844269,0.8655336,0.05038272,1]]}}},{"label":"ARImageAnchor didUpdate","timestamp":1742647195.873001,"content":{"identifier":"A19C2489-597B-2BED-432C-244B551E75FD","transform":{"columns":[[0.07787083,-0.018148959,0.9967982,0],[-0.99626464,0.036011305,0.078484856,0],[-0.03732042,-0.99918646,-0.015276945,0],[1.2844269,0.8655336,0.05038272,1]]},"name":"Mandrill"}},{"label":"ARImageAnchor didAdd","content":{"name":"Peppers","identifier":"61BB3DDD-C96C-6E82-3432-BD712CCBCB28","transform":{"columns":[[0.07524918,-0.00757985,0.9971359,0],[-0.99709165,0.011525586,0.07533353,0],[-0.012063594,-0.9999048,-0.00669052,0],[1.416628,0.24616694,0.77871937,0.99999994]]}},"timestamp":1742647198.532043},{"content":{"transform":{"columns":[[0.07524918,-0.00757985,0.9971359,0],[-0.99709165,0.011525586,0.07533353,0],[-0.012063594,-0.9999048,-0.00669052,0],[1.416628,0.24616694,0.77871937,0.99999994]]},"identifier":"61BB3DDD-C96C-6E82-3432-BD712CCBCB28","name":"Peppers"},"timestamp":1742647198.539526,"label":"ARImageAnchor didUpdate"},{"timestamp":1742647205.007627,"label":"Bunny didUpdate","content":{"identifier":"F399D168-175D-4162-B2E8-3DA9F04760F9","transform":{"columns":[[-0.17092855,-0.00072536024,-0.9852831,0],[-6.8100526e-05,0.99999976,-0.00072438037,0],[0.98528326,-5.6718924e-05,-0.1709285,0],[-0.0013449714,-0.28471068,-0.28618693,1]]},"name":"bunny"}},{"label":"Bunny didUpdate","timestamp":1742647205.407117,"content":{"transform":{"columns":[[-0.17095847,-0.00074598484,-0.9852779,0],[-5.415761e-05,0.99999976,-0.0007477341,0],[0.98527795,-7.4471165e-05,-0.17095841,0],[-0.0013582314,-0.28471783,-0.28618035,0.99999994]]},"identifier":"F399D168-175D-4162-B2E8-3DA9F04760F9","name":"bunny"}},{"content":{"transform":{"columns":[[0.9964833,-0.008141085,-0.083393335,0],[0.0832583,-0.01570894,0.99640405,0],[-0.009421827,-0.9998434,-0.014975894,0],[-1.3421832,0.6700006,-0.31328464,1]]},"identifier":"088EF783-5990-B052-BE99-B8AA15BA6C68","name":"Earth"},"timestamp":1742647207.0380058,"label":"ARImageAnchor didUpdate"},{"content":{"name":"Earth","identifier":"088EF783-5990-B052-BE99-B8AA15BA6C68","transform":{"columns":[[0.9964833,-0.008141085,-0.083393335,0],[0.0832583,-0.01570894,0.99640405,0],[-0.009421827,-0.9998434,-0.014975894,0],[-1.3421832,0.6700006,-0.31328464,1]]}},"timestamp":1742647207.07308,"label":"ARImageAnchor didUpdate"},{"label":"ARImageAnchor didUpdate","timestamp":1742647211.304813,"content":{"transform":{"columns":[[0.998701,-0.0027953254,-0.050877832,0],[0.05082601,-0.016223291,0.9985756,0],[-0.0036167428,-0.99986446,-0.016060142,0],[0.49724498,0.8507737,-0.44779423,0.99999994]]},"name":"Sailboat","identifier":"C35EAC54-3E90-1B97-807B-5E3B8F238DB7"}},{"label":"ARImageAnchor didUpdate","content":{"name":"Sailboat","identifier":"C35EAC54-3E90-1B97-807B-5E3B8F238DB7","transform":{"columns":[[0.998701,-0.0027953254,-0.050877832,0],[0.05082601,-0.016223291,0.9985756,0],[-0.0036167428,-0.99986446,-0.016060142,0],[0.49724498,0.8507737,-0.44779423,0.99999994]]}},"timestamp":1742647211.338875},{"label":"Bunny didUpdate","content":{"name":"bunny","identifier":"F399D168-175D-4162-B2E8-3DA9F04760F9","transform":{"columns":[[-0.1708952,-0.00088613963,-0.98528874,0],[5.4511356e-06,0.99999964,-0.00090031564,0],[0.98528886,-0.00015923045,-0.17089504,0],[-0.0013558193,-0.28476447,-0.28613618,0.99999994]]}},"timestamp":1742647212.70689},{"label":"ARImageAnchor didUpdate","timestamp":1742647213.970628,"content":{"transform":{"columns":[[0.9988106,-0.000527852,-0.048754018,0],[0.048756856,0.010971841,0.9987504,0],[7.727984e-06,-0.99993956,0.010984527,0],[0.5139721,0.83870405,-0.44826895,1]]},"identifier":"C35EAC54-3E90-1B97-807B-5E3B8F238DB7","name":"Sailboat"}},{"content":{"identifier":"C35EAC54-3E90-1B97-807B-5E3B8F238DB7","transform":{"columns":[[0.9988106,-0.000527852,-0.048754018,0],[0.048756856,0.010971841,0.9987504,0],[7.727984e-06,-0.99993956,0.010984527,0],[0.5139721,0.83870405,-0.44826895,1]]},"name":"Sailboat"},"label":"ARImageAnchor didUpdate","timestamp":1742647214.004498},{"content":{"transform":{"columns":[[0.083004996,-0.00820072,0.9965153,0],[-0.9965137,-0.009105473,0.08292994,0],[0.008393641,-0.99992484,-0.008927936,0],[1.4067807,0.24505484,0.7796847,1]]},"name":"Peppers","identifier":"61BB3DDD-C96C-6E82-3432-BD712CCBCB28"},"label":"ARImageAnchor didUpdate","timestamp":1742647224.6386828},{"label":"ARImageAnchor didUpdate","content":{"identifier":"61BB3DDD-C96C-6E82-3432-BD712CCBCB28","transform":{"columns":[[0.083004996,-0.00820072,0.9965153,0],[-0.9965137,-0.009105473,0.08292994,0],[0.008393641,-0.99992484,-0.008927936,0],[1.4067807,0.24505484,0.7796847,1]]},"name":"Peppers"},"timestamp":1742647224.67205},{"content":{"identifier":"FF85DBE1-76D3-E459-2D24-8EDCEE263300","transform":{"columns":[[0.99923223,0.003071055,-0.039055966,0],[0.039114036,-0.021978632,0.9989929,0],[0.0022095945,-0.99975365,-0.022081865,0],[-0.28297815,-0.5951915,0.15522957,0.99999994]]},"name":"Car"},"label":"ARImageAnchor didUpdate","timestamp":1742647232.637844},{"timestamp":1742647232.6713219,"label":"ARImageAnchor didUpdate","content":{"name":"Car","identifier":"FF85DBE1-76D3-E459-2D24-8EDCEE263300","transform":{"columns":[[0.99923223,0.003071055,-0.039055966,0],[0.039114036,-0.021978632,0.9989929,0],[0.0022095945,-0.99975365,-0.022081865,0],[-0.28297815,-0.5951915,0.15522957,0.99999994]]}}}]