[{"label":"Application launched","timestamp":1742646915.354988},{"label":"Initialize ARViewModel","timestamp":1742646915.355085},{"timestamp":1742646915.3564281,"label":"Finished Initialize ARViewModel"},{"timestamp":1742646915.356442,"label":"Initialize AnchorManager"},{"timestamp":1742646915.356447,"label":"Fininshed Initialize AnchorManager"},{"label":"ContentView Initialize","timestamp":1742646915.356451},{"label":"Finished Ranging","timestamp":1742646939.803667,"content":{"beaconName":"DWM3001CDK (8449B511)","position":[0.058183156,-0.2125408,-0.60649854]}},{"timestamp":1742646939.8735719,"content":{"identifier":"4184869F-DAEF-450C-9C7D-6C14A7991F45","name":"bunny","transform":{"columns":[[0.031852126,0,-0.99949265,0],[0,1,0,0],[0.99949265,0,0.031852126,0],[0.058183156,-0.2125408,-0.60649854,1]]}},"label":"Bunny didAdd"},{"label":"Bunny didUpdate","content":{"identifier":"4184869F-DAEF-450C-9C7D-6C14A7991F45","name":"bunny","transform":{"columns":[[0.031985525,0.00019133072,-0.99948835,0],[-0.00023864022,0.9999999,0.00018379172,0],[0.9994883,0.00023263945,0.031985547,0],[0.058239937,-0.21247117,-0.6065032,0.9999999]]}},"timestamp":1742646941.952769},{"timestamp":1742646942.540224,"content":{"identifier":"FF85DBE1-76D3-E459-2D24-8EDCEE263300","name":"Car","transform":{"columns":[[0.97015494,0.012097563,0.2421836,0],[-0.24230753,0.010099905,0.9701468,0],[0.009290387,-0.99987566,0.012729808,0],[-0.33931765,-0.5669889,-0.24053437,0.9999999]]}},"label":"ARImageAnchor didAdd"},{"label":"ARImageAnchor didUpdate","timestamp":1742646942.5471401,"content":{"name":"Car","identifier":"FF85DBE1-76D3-E459-2D24-8EDCEE263300","transform":{"columns":[[0.97015494,0.012097563,0.2421836,0],[-0.24230753,0.010099905,0.9701468,0],[0.009290387,-0.99987566,0.012729808,0],[-0.33931765,-0.5669889,-0.24053437,0.9999999]]}}},{"timestamp":1742646947.873715,"content":{"name":"Earth","transform":{"columns":[[0.987606,-0.0003517958,0.15695305,0],[-0.15690666,-0.02662703,0.98725444,0],[0.0038318834,-0.99964523,-0.026352216,0],[-1.1940913,0.6935683,-0.9780034,1]]},"identifier":"088EF783-5990-B052-BE99-B8AA15BA6C68"},"label":"ARImageAnchor didAdd"},{"label":"ARImageAnchor didUpdate","content":{"name":"Earth","identifier":"088EF783-5990-B052-BE99-B8AA15BA6C68","transform":{"columns":[[0.987606,-0.0003517958,0.15695305,0],[-0.15690666,-0.02662703,0.98725444,0],[0.0038318834,-0.99964523,-0.026352216,0],[-1.1940913,0.6935683,-0.9780034,1]]}},"timestamp":1742646947.8791409},{"content":{"name":"bunny","identifier":"4184869F-DAEF-450C-9C7D-6C14A7991F45","transform":{"columns":[[0.031396095,-0.00048697065,-0.9995069,0],[-0.00011018067,0.9999997,-0.0004906717,0],[0.99950695,0.00012553151,0.03139605,0],[0.058124043,-0.21260343,-0.60650194,0.9999999]]}},"timestamp":1742646951.8495831,"label":"Bunny didUpdate"},{"label":"ARImageAnchor didUpdate","timestamp":1742646952.6472669,"content":{"identifier":"FF85DBE1-76D3-E459-2D24-8EDCEE263300","transform":{"columns":[[0.9665363,0.0042798948,0.25649396,0],[-0.2564648,-0.0063688327,0.9665324,0],[0.00577024,-0.9999704,-0.0050580623,0],[-0.34158114,-0.55661243,-0.23423499,0.99999994]]},"name":"Car"}},{"label":"ARImageAnchor didUpdate","content":{"identifier":"FF85DBE1-76D3-E459-2D24-8EDCEE263300","name":"Car","transform":{"columns":[[0.9665363,0.0042798948,0.25649396,0],[-0.2564648,-0.0063688327,0.9665324,0],[0.00577024,-0.9999704,-0.0050580623,0],[-0.34158114,-0.55661243,-0.23423499,0.99999994]]}},"timestamp":1742646952.680112},{"content":{"transform":{"columns":[[0.2383454,-0.038037613,-0.9704352,0],[0.9709287,-0.013411668,0.23899232,0],[-0.022105856,-0.99918616,0.033735193,0],[0.36887276,-0.5642085,-0.15587911,0.99999994]]},"name":"Lenna","identifier":"6BAD7D5D-D14A-EF93-1C8B-F6BEC80B8329"},"timestamp":1742646955.3397331,"label":"ARImageAnchor didAdd"},{"timestamp":1742646955.3481421,"content":{"transform":{"columns":[[0.2383454,-0.038037613,-0.9704352,0],[0.9709287,-0.013411668,0.23899232,0],[-0.022105856,-0.99918616,0.033735193,0],[0.36887276,-0.5642085,-0.15587911,0.99999994]]},"name":"Lenna","identifier":"6BAD7D5D-D14A-EF93-1C8B-F6BEC80B8329"},"label":"ARImageAnchor didUpdate"},{"label":"ARImageAnchor didUpdate","timestamp":1742646956.37977,"content":{"identifier":"6BAD7D5D-D14A-EF93-1C8B-F6BEC80B8329","name":"Lenna","transform":{"columns":[[0.21818854,-0.03269555,-0.9753587,0],[0.97472423,-0.04187785,0.21945032,0],[-0.04802097,-0.9985875,0.022731893,0],[0.36930028,-0.56366944,-0.15130892,0.99999994]]}}},{"timestamp":1742646956.414485,"content":{"identifier":"6BAD7D5D-D14A-EF93-1C8B-F6BEC80B8329","name":"Lenna","transform":{"columns":[[0.21818854,-0.03269555,-0.9753587,0],[0.97472423,-0.04187785,0.21945032,0],[-0.04802097,-0.9985875,0.022731893,0],[0.36930028,-0.56366944,-0.15130892,0.99999994]]}},"label":"ARImageAnchor didUpdate"},{"timestamp":1742646959.6063762,"label":"ARImageAnchor didAdd","content":{"name":"Sailboat","identifier":"C35EAC54-3E90-1B97-807B-5E3B8F238DB7","transform":{"columns":[[0.97107553,-0.004235748,0.23873463,0],[-0.23875254,-0.0043931818,0.9710704,0],[-0.0030644033,-0.9999813,-0.0052774157,0],[0.6156647,0.86964905,-0.6010263,0.99999994]]}}},{"timestamp":1742646959.614953,"content":{"identifier":"C35EAC54-3E90-1B97-807B-5E3B8F238DB7","name":"Sailboat","transform":{"columns":[[0.97107553,-0.004235748,0.23873463,0],[-0.23875254,-0.0043931818,0.9710704,0],[-0.0030644033,-0.9999813,-0.0052774157,0],[0.6156647,0.86964905,-0.6010263,0.99999994]]}},"label":"ARImageAnchor didUpdate"},{"content":{"transform":{"columns":[[-0.22725606,-0.018662293,0.9736561,0],[-0.97261256,0.054427095,-0.22596928,0],[-0.04877618,-0.99834317,-0.030520074,0],[1.2012467,0.8923412,0.10261932,0.99999994]]},"name":"Mandrill","identifier":"A19C2489-597B-2BED-432C-244B551E75FD"},"timestamp":1742646963.872768,"label":"ARImageAnchor didAdd"},{"content":{"transform":{"columns":[[-0.22725606,-0.018662293,0.9736561,0],[-0.97261256,0.054427095,-0.22596928,0],[-0.04877618,-0.99834317,-0.030520074,0],[1.2012467,0.8923412,0.10261932,0.99999994]]},"name":"Mandrill","identifier":"A19C2489-597B-2BED-432C-244B551E75FD"},"label":"ARImageAnchor didUpdate","timestamp":1742646963.880558},{"label":"ARImageAnchor didAdd","timestamp":1742646968.139344,"content":{"transform":{"columns":[[-0.21834113,-0.0105582755,0.9758152,0],[-0.97572666,-0.014917501,-0.21848269,0],[0.0168635,-0.9998328,-0.007044892,0],[1.120519,0.27160665,0.83880055,0.9999999]]},"identifier":"61BB3DDD-C96C-6E82-3432-BD712CCBCB28","name":"Peppers"}},{"content":{"name":"Peppers","transform":{"columns":[[-0.21834113,-0.0105582755,0.9758152,0],[-0.97572666,-0.014917501,-0.21848269,0],[0.0168635,-0.9998328,-0.007044892,0],[1.120519,0.27160665,0.83880055,0.9999999]]},"identifier":"61BB3DDD-C96C-6E82-3432-BD712CCBCB28"},"label":"ARImageAnchor didUpdate","timestamp":1742646968.147561},{"content":{"name":"Peppers","identifier":"61BB3DDD-C96C-6E82-3432-BD712CCBCB28","transform":{"columns":[[-0.22050291,-0.0101515865,0.97533345,0],[-0.9753555,-0.005643975,-0.22056666,0],[0.0077438443,-0.99993247,-0.008656894,0],[1.118768,0.27442876,0.83375627,0.99999994]]}},"label":"ARImageAnchor didUpdate","timestamp":1742646968.647221},{"timestamp":1742646968.680488,"label":"ARImageAnchor didUpdate","content":{"name":"Peppers","transform":{"columns":[[-0.22050291,-0.0101515865,0.97533345,0],[-0.9753555,-0.005643975,-0.22056666,0],[0.0077438443,-0.99993247,-0.008656894,0],[1.118768,0.27442876,0.83375627,0.99999994]]},"identifier":"61BB3DDD-C96C-6E82-3432-BD712CCBCB28"}},{"content":{"transform":{"columns":[[0.9681175,0.0014965623,0.25049156,0],[-0.25048187,-0.0048535257,0.96810895,0],[0.0026645989,-0.99998695,-0.0043238527,0],[-0.344787,-0.5609983,-0.24535087,0.9999999]]},"name":"Car","identifier":"FF85DBE1-76D3-E459-2D24-8EDCEE263300"},"timestamp":1742646977.180757,"label":"ARImageAnchor didUpdate"},{"label":"ARImageAnchor didUpdate","content":{"identifier":"FF85DBE1-76D3-E459-2D24-8EDCEE263300","transform":{"columns":[[0.9681175,0.0014965623,0.25049156,0],[-0.25048187,-0.0048535257,0.96810895,0],[0.0026645989,-0.99998695,-0.0043238527,0],[-0.344787,-0.5609983,-0.24535087,0.9999999]]},"name":"Car"},"timestamp":1742646977.216291},{"timestamp":1742646977.646659,"content":{"name":"bunny","transform":{"columns":[[0.03104428,-0.00056977756,-0.9995178,0],[-0.0004102721,0.9999994,-0.00058279495,0],[0.99951786,0.00042816682,0.031044027,0],[0.05810982,-0.21256922,-0.6065465,0.9999999]]},"identifier":"4184869F-DAEF-450C-9C7D-6C14A7991F45"},"label":"Bunny didUpdate"},{"timestamp":1742646977.714429,"label":"ARImageAnchor didUpdate","content":{"name":"Car","identifier":"FF85DBE1-76D3-E459-2D24-8EDCEE263300","transform":{"columns":[[0.96624726,0.009505618,0.25744024,0],[-0.25745353,0.00019326652,0.9662904,0],[0.009135438,-0.9999545,0.0026340114,0],[-0.33999926,-0.5607979,-0.2411919,0.9999998]]}}},{"label":"ARImageAnchor didUpdate","timestamp":1742646977.74682,"content":{"identifier":"FF85DBE1-76D3-E459-2D24-8EDCEE263300","transform":{"columns":[[0.96624726,0.009505618,0.25744024,0],[-0.25745353,0.00019326652,0.9662904,0],[0.009135438,-0.9999545,0.0026340114,0],[-0.33999926,-0.5607979,-0.2411919,0.9999998]]},"name":"Car"}},{"content":{"transform":{"columns":[[0.03106462,-0.0005576726,-0.9995171,0],[-0.00041256213,0.9999993,-0.00057076395,0],[0.9995172,0.00043009367,0.031064367,0],[0.058113504,-0.21256687,-0.606545,0.99999994]]},"identifier":"4184869F-DAEF-450C-9C7D-6C14A7991F45","name":"bunny"},"timestamp":1742646978.449263,"label":"Bunny didUpdate"},{"label":"ARImageAnchor didUpdate","content":{"identifier":"088EF783-5990-B052-BE99-B8AA15BA6C68","transform":{"columns":[[0.9802538,-0.010553658,0.19746101,0],[-0.1976113,-0.015860869,0.980152,0],[-0.0072122896,-0.9998184,-0.01763323,0],[-1.1860063,0.6905572,-0.9718672,0.99999994]]},"name":"Earth"},"timestamp":1742646980.3788872},{"label":"ARImageAnchor didUpdate","content":{"identifier":"088EF783-5990-B052-BE99-B8AA15BA6C68","transform":{"columns":[[0.9802538,-0.010553658,0.19746101,0],[-0.1976113,-0.015860869,0.980152,0],[-0.0072122896,-0.9998184,-0.01763323,0],[-1.1860063,0.6905572,-0.9718672,0.99999994]]},"name":"Earth"},"timestamp":1742646980.4116921}]