[{"label":"Application launched","timestamp":1742663893.9066},{"timestamp":1742663893.907696,"label":"Initialize ARViewModel"},{"timestamp":1742663893.9119868,"label":"Finished Initialize ARViewModel"},{"label":"Initialize AnchorManager","timestamp":1742663893.9120889},{"timestamp":1742663893.9121032,"label":"Fininshed Initialize AnchorManager"},{"label":"ContentView Initialize","timestamp":1742663893.912117},{"timestamp":1742663915.8019629,"content":{"beaconName":"DWM3001CDK (8449B511)","position":[-0.16400719,-0.3876252,-0.5779541]},"label":"Finished Ranging"},{"label":"Bunny didAdd","content":{"identifier":"90536300-57C8-40E0-AE34-69824DFA53FA","transform":{"columns":[[-0.9042616,0,-0.4269786,0],[0,1,0,0],[0.4269786,0,-0.9042616,0],[-0.16400719,-0.3876252,-0.5779541,1]]},"name":"bunny"},"timestamp":1742663915.8569322},{"content":{"identifier":"90536300-57C8-40E0-AE34-69824DFA53FA","transform":{"columns":[[-0.90431255,0.00028141477,-0.42686993,0],[0.00020928726,0.99999994,0.0002158823,0],[0.42687002,0.00010588668,-0.90431273,0],[-0.16404197,-0.3875907,-0.57797,0.9999999]]},"name":"bunny"},"timestamp":1742663918.1010818,"label":"Bunny didUpdate"},{"content":{"name":"bunny","identifier":"90536300-57C8-40E0-AE34-69824DFA53FA","transform":{"columns":[[-0.90385514,0.00027168478,-0.42783734,0],[0.00019101657,0.99999994,0.00023147448,0],[0.4278374,0.0001274954,-0.90385526,0],[-0.16436166,-0.38808468,-0.57813567,0.9999999]]}},"timestamp":1742663918.198688,"label":"Bunny didUpdate"},{"timestamp":1742663918.989808,"label":"ARImageAnchor didAdd","content":{"identifier":"FF85DBE1-76D3-E459-2D24-8EDCEE263300","transform":{"columns":[[0.6808829,0.01026385,-0.7323203,0],[0.73199016,0.023588365,0.6809066,0],[0.02426298,-0.999669,0.008547887,0],[-0.042879045,-0.6887499,-0.06820956,1]]},"name":"Car"}},{"content":{"identifier":"FF85DBE1-76D3-E459-2D24-8EDCEE263300","transform":{"columns":[[0.6808829,0.01026385,-0.7323203,0],[0.73199016,0.023588365,0.6809066,0],[0.02426298,-0.999669,0.008547887,0],[-0.042879045,-0.6887499,-0.06820956,1]]},"name":"Car"},"label":"ARImageAnchor didUpdate","timestamp":1742663919.000535},{"timestamp":1742663920.030319,"content":{"name":"Car","identifier":"FF85DBE1-76D3-E459-2D24-8EDCEE263300","transform":{"columns":[[0.6724034,0.008438458,-0.7401367,0],[0.73995745,0.017116545,0.6724358,0],[0.018342875,-0.9998177,0.0052650925,0],[-0.0414169,-0.68397284,-0.068753496,1]]}},"label":"ARImageAnchor didUpdate"},{"timestamp":1742663920.06574,"label":"ARImageAnchor didUpdate","content":{"name":"Car","identifier":"FF85DBE1-76D3-E459-2D24-8EDCEE263300","transform":{"columns":[[0.6724034,0.008438458,-0.7401367,0],[0.73995745,0.017116545,0.6724358,0],[0.018342875,-0.9998177,0.0052650925,0],[-0.0414169,-0.68397284,-0.068753496,1]]}}},{"timestamp":1742663922.7231998,"content":{"identifier":"088EF783-5990-B052-BE99-B8AA15BA6C68","name":"Earth","transform":{"columns":[[0.6383769,-0.0027003884,-0.7697191,0],[0.7696951,-0.006419595,0.6383793,0],[-0.006665151,-0.99997574,-0.002019636,0],[-1.0969435,0.56744444,0.33544374,1]]}},"label":"ARImageAnchor didAdd"},{"label":"ARImageAnchor didUpdate","timestamp":1742663922.730586,"content":{"name":"Earth","identifier":"088EF783-5990-B052-BE99-B8AA15BA6C68","transform":{"columns":[[0.6383769,-0.0027003884,-0.7697191,0],[0.7696951,-0.006419595,0.6383793,0],[-0.006665151,-0.99997574,-0.002019636,0],[-1.0969435,0.56744444,0.33544374,1]]}}},{"content":{"transform":{"columns":[[0.6351698,-0.0018487967,-0.7723703,0],[0.77234805,-0.006423193,0.63516694,0],[-0.006135375,-0.9999775,-0.0026519012,0],[-1.111746,0.57123345,0.33472908,0.9999999]]},"name":"Earth","identifier":"088EF783-5990-B052-BE99-B8AA15BA6C68"},"timestamp":1742663923.229309,"label":"ARImageAnchor didUpdate"},{"content":{"name":"Earth","transform":{"columns":[[0.6351698,-0.0018487967,-0.7723703,0],[0.77234805,-0.006423193,0.63516694,0],[-0.006135375,-0.9999775,-0.0026519012,0],[-1.111746,0.57123345,0.33472908,0.9999999]]},"identifier":"088EF783-5990-B052-BE99-B8AA15BA6C68"},"timestamp":1742663923.262395,"label":"ARImageAnchor didUpdate"},{"label":"Bunny didUpdate","content":{"transform":{"columns":[[-0.90387183,0.0006708793,-0.4278012,0],[0.00045600825,0.9999997,0.0006047344,0],[0.42780155,0.0003515216,-0.9038721,0],[-0.16439667,-0.3880299,-0.5781775,1]]},"name":"bunny","identifier":"90536300-57C8-40E0-AE34-69824DFA53FA"},"timestamp":1742663925.9006739},{"content":{"name":"bunny","transform":{"columns":[[-0.9036757,0.0006635789,-0.42821512,0],[0.0004426931,0.9999997,0.0006154097,0],[0.42821547,0.00036656292,-0.9036759,0],[-0.16439211,-0.388194,-0.5784419,0.99999994]]},"identifier":"90536300-57C8-40E0-AE34-69824DFA53FA"},"label":"Bunny didUpdate","timestamp":1742663926.198172},{"timestamp":1742663928.0564919,"label":"ARImageAnchor didAdd","content":{"identifier":"6BAD7D5D-D14A-EF93-1C8B-F6BEC80B8329","transform":{"columns":[[-0.7206923,-0.04312601,-0.69191235,0],[0.6931801,-0.03015346,-0.72013336,0],[0.01019292,-0.9986145,0.051625483,0],[0.37307492,-0.68906486,-0.6526787,1]]},"name":"Lenna"}},{"content":{"name":"Lenna","identifier":"6BAD7D5D-D14A-EF93-1C8B-F6BEC80B8329","transform":{"columns":[[-0.7206923,-0.04312601,-0.69191235,0],[0.6931801,-0.03015346,-0.72013336,0],[0.01019292,-0.9986145,0.051625483,0],[0.37307492,-0.68906486,-0.6526787,1]]}},"timestamp":1742663928.0645099,"label":"ARImageAnchor didUpdate"},{"timestamp":1742663932.389508,"label":"ARImageAnchor didAdd","content":{"name":"Sailboat","transform":{"columns":[[0.64213675,0.0003134161,-0.76659006,0],[0.7665692,-0.0076349084,0.6421162,0],[-0.005651592,-0.99997073,-0.005142918,0],[0.08828732,0.73471016,-1.070242,1]]},"identifier":"C35EAC54-3E90-1B97-807B-5E3B8F238DB7"}},{"timestamp":1742663932.396033,"content":{"transform":{"columns":[[0.64213675,0.0003134161,-0.76659006,0],[0.7665692,-0.0076349084,0.6421162,0],[-0.005651592,-0.99997073,-0.005142918,0],[0.08828732,0.73471016,-1.070242,1]]},"identifier":"C35EAC54-3E90-1B97-807B-5E3B8F238DB7","name":"Sailboat"},"label":"ARImageAnchor didUpdate"},{"timestamp":1742663934.52281,"label":"ARImageAnchor didAdd","content":{"identifier":"A19C2489-597B-2BED-432C-244B551E75FD","transform":{"columns":[[0.7602571,-0.014522968,0.6494598,0],[-0.6481229,0.050924867,0.7598311,0],[-0.044108648,-0.99859685,0.029303327,0],[0.98241913,0.76425695,-1.2573946,1]]},"name":"Mandrill"}},{"timestamp":1742663934.532377,"label":"ARImageAnchor didUpdate","content":{"name":"Mandrill","transform":{"columns":[[0.7602571,-0.014522968,0.6494598,0],[-0.6481229,0.050924867,0.7598311,0],[-0.044108648,-0.99859685,0.029303327,0],[0.98241913,0.76425695,-1.2573946,1]]},"identifier":"A19C2489-597B-2BED-432C-244B551E75FD"}},{"timestamp":1742663936.122669,"content":{"identifier":"61BB3DDD-C96C-6E82-3432-BD712CCBCB28","name":"Peppers","transform":{"columns":[[0.7471275,-0.009005821,0.66461974,0],[-0.66466767,-0.01639117,0.74695927,0],[0.0041669044,-0.99982506,-0.018232187,0],[1.5933015,0.13940114,-0.8340049,1]]}},"label":"ARImageAnchor didAdd"},{"timestamp":1742663936.130663,"label":"ARImageAnchor didUpdate","content":{"transform":{"columns":[[0.7471275,-0.009005821,0.66461974,0],[-0.66466767,-0.01639117,0.74695927,0],[0.0041669044,-0.99982506,-0.018232187,0],[1.5933015,0.13940114,-0.8340049,1]]},"identifier":"61BB3DDD-C96C-6E82-3432-BD712CCBCB28","name":"Peppers"}},{"timestamp":1742663936.629345,"label":"ARImageAnchor didUpdate","content":{"transform":{"columns":[[0.7591037,-0.008988996,0.6509076,0],[-0.6509588,-0.0047198534,0.75909835,0],[-0.003751354,-0.9999483,-0.0094343275,0],[1.5881861,0.14321044,-0.83878756,0.99999994]]},"name":"Peppers","identifier":"61BB3DDD-C96C-6E82-3432-BD712CCBCB28"}},{"label":"ARImageAnchor didUpdate","timestamp":1742663936.6626658,"content":{"transform":{"columns":[[0.7591037,-0.008988996,0.6509076,0],[-0.6509588,-0.0047198534,0.75909835,0],[-0.003751354,-0.9999483,-0.0094343275,0],[1.5881861,0.14321044,-0.83878756,0.99999994]]},"name":"Peppers","identifier":"61BB3DDD-C96C-6E82-3432-BD712CCBCB28"}},{"content":{"name":"Earth","transform":{"columns":[[0.640009,-0.0039577177,-0.7683571,0],[0.76791316,-0.031081539,0.63979924,0],[-0.02641387,-0.99950886,-0.01685328,0],[-1.1160084,0.5689368,0.31361026,0.99999994]]},"identifier":"088EF783-5990-B052-BE99-B8AA15BA6C68"},"timestamp":1742663945.162106,"label":"ARImageAnchor didUpdate"},{"timestamp":1742663945.195209,"label":"ARImageAnchor didUpdate","content":{"identifier":"088EF783-5990-B052-BE99-B8AA15BA6C68","transform":{"columns":[[0.640009,-0.0039577177,-0.7683571,0],[0.76791316,-0.031081539,0.63979924,0],[-0.02641387,-0.99950886,-0.01685328,0],[-1.1160084,0.5689368,0.31361026,0.99999994]]},"name":"Earth"}},{"content":{"name":"bunny","transform":{"columns":[[-0.90371174,0.0011297357,-0.42813775,0],[0.0007263884,0.9999991,0.0011054596,0],[0.42813867,0.0006880227,-0.903712,0],[-0.16442867,-0.38812253,-0.57848436,0.9999999]]},"identifier":"90536300-57C8-40E0-AE34-69824DFA53FA"},"label":"Bunny didUpdate","timestamp":1742663947.795855},{"content":{"name":"bunny","identifier":"90536300-57C8-40E0-AE34-69824DFA53FA","transform":{"columns":[[-0.9036473,0.0012522305,-0.42827317,0],[0.0007377298,0.9999988,0.0013673081,0],[0.42827445,0.00091961474,-0.90364736,0],[-0.16441733,-0.38810012,-0.5785266,1]]}},"timestamp":1742663951.896523,"label":"Bunny didUpdate"},{"timestamp":1742663952.196752,"label":"Bunny didUpdate","content":{"name":"bunny","identifier":"90536300-57C8-40E0-AE34-69824DFA53FA","transform":{"columns":[[-0.90364677,0.0012490747,-0.42827412,0],[0.00073531544,0.9999988,0.0013650317,0],[0.42827535,0.00091859006,-0.9036468,0],[-0.1644169,-0.3881005,-0.5785265,1]]}}},{"content":{"identifier":"90536300-57C8-40E0-AE34-69824DFA53FA","name":"bunny","transform":{"columns":[[-0.9036606,0.0012878203,-0.42824444,0],[0.0007657331,0.9999987,0.0013913917,0],[0.42824578,0.0009294252,-0.9036608,0],[-0.16442314,-0.38809586,-0.5785269,1]]}},"timestamp":1742663952.695998,"label":"Bunny didUpdate"},{"label":"ARImageAnchor didUpdate","content":{"transform":{"columns":[[0.76943296,-0.009713211,0.6386535,0],[-0.63857776,0.009942297,0.76949304,0],[-0.013823948,-0.9999033,0.001447292,0],[1.5872927,0.14588419,-0.8426887,0.99999994]]},"name":"Peppers","identifier":"61BB3DDD-C96C-6E82-3432-BD712CCBCB28"},"timestamp":1742663958.495877},{"timestamp":1742663958.528538,"content":{"name":"Peppers","identifier":"61BB3DDD-C96C-6E82-3432-BD712CCBCB28","transform":{"columns":[[0.76943296,-0.009713211,0.6386535,0],[-0.63857776,0.009942297,0.76949304,0],[-0.013823948,-0.9999033,0.001447292,0],[1.5872927,0.14588419,-0.8426887,0.99999994]]}},"label":"ARImageAnchor didUpdate"},{"label":"Bunny didUpdate","content":{"name":"bunny","transform":{"columns":[[-0.9036258,0.0013833201,-0.428317,0],[0.00079568167,0.99999833,0.0015509992,0],[0.42831868,0.0010607195,-0.9036259,0],[-0.16446716,-0.38811538,-0.57853085,0.9999999]]},"identifier":"90536300-57C8-40E0-AE34-69824DFA53FA"},"timestamp":1742663962.696382}]