[{"timestamp":1742655807.1650019,"label":"Application launched"},{"timestamp":1742655807.16509,"label":"Initialize ARViewModel"},{"label":"Finished Initialize ARViewModel","timestamp":1742655807.1662312},{"timestamp":1742655807.166264,"label":"Initialize AnchorManager"},{"label":"Fininshed Initialize AnchorManager","timestamp":1742655807.1662688},{"label":"ContentView Initialize","timestamp":1742655807.166274},{"content":{"beaconName":"DWM3001CDK (8449B511)","position":[0.029994119,-0.36746895,-0.49207798]},"timestamp":1742655832.984748,"label":"Finished Ranging"},{"content":{"identifier":"0021841F-30C4-4CA3-8FC8-0DC2D5A21D4E","transform":{"columns":[[-0.45216835,0,-0.8919326,0],[0,1,0,0],[0.8919326,0,-0.45216835,0],[0.029994119,-0.36746895,-0.49207798,1]]},"name":"bunny"},"label":"Bunny didAdd","timestamp":1742655833.039362},{"timestamp":1742655835.472188,"label":"ARImageAnchor didAdd","content":{"identifier":"FF85DBE1-76D3-E459-2D24-8EDCEE263300","transform":{"columns":[[0.96769994,0.0129519375,-0.2517718,0],[0.25167343,0.008760266,0.96777254,0],[0.014740122,-0.99987763,0.005217641,0],[-0.15273629,-0.6684973,0.0036150068,1]]},"name":"Car"}},{"content":{"identifier":"FF85DBE1-76D3-E459-2D24-8EDCEE263300","name":"Car","transform":{"columns":[[0.96769994,0.0129519375,-0.2517718,0],[0.25167343,0.008760266,0.96777254,0],[0.014740122,-0.99987763,0.005217641,0],[-0.15273629,-0.6684973,0.0036150068,1]]}},"timestamp":1742655835.479876,"label":"ARImageAnchor didUpdate"},{"content":{"name":"Earth","identifier":"088EF783-5990-B052-BE99-B8AA15BA6C68","transform":{"columns":[[0.94938254,0.0047200634,-0.31408644,0],[0.3140942,-0.027533362,0.94899243,0],[-0.0041685514,-0.9996097,-0.027622238,0],[-1.2731409,0.5916105,-0.19361082,1]]}},"label":"ARImageAnchor didAdd","timestamp":1742655839.205589},{"label":"ARImageAnchor didUpdate","content":{"transform":{"columns":[[0.94938254,0.0047200634,-0.31408644,0],[0.3140942,-0.027533362,0.94899243,0],[-0.0041685514,-0.9996097,-0.027622238,0],[-1.2731409,0.5916105,-0.19361082,1]]},"name":"Earth","identifier":"088EF783-5990-B052-BE99-B8AA15BA6C68"},"timestamp":1742655839.2116752},{"timestamp":1742655839.711382,"label":"ARImageAnchor didUpdate","content":{"identifier":"088EF783-5990-B052-BE99-B8AA15BA6C68","name":"Earth","transform":{"columns":[[0.9536817,0.002756919,-0.30080476,0],[0.30076608,0.009725568,0.95364827,0],[0.005554628,-0.99994886,0.00844591,0],[-1.2674422,0.5874317,-0.21692951,1]]}}},{"content":{"identifier":"088EF783-5990-B052-BE99-B8AA15BA6C68","transform":{"columns":[[0.9536817,0.002756919,-0.30080476,0],[0.30076608,0.009725568,0.95364827,0],[0.005554628,-0.99994886,0.00844591,0],[-1.2674422,0.5874317,-0.21692951,1]]},"name":"Earth"},"timestamp":1742655839.745247,"label":"ARImageAnchor didUpdate"},{"label":"ARImageAnchor didAdd","content":{"transform":{"columns":[[-0.2589546,-0.034938805,-0.9652573,0],[0.9657618,-0.025609676,-0.25816298,0],[-0.015700022,-0.99906117,0.04037431,0],[0.5008766,-0.6728315,-0.264552,0.9999999]]},"identifier":"6BAD7D5D-D14A-EF93-1C8B-F6BEC80B8329","name":"Lenna"},"timestamp":1742655845.4215698},{"content":{"name":"Lenna","identifier":"6BAD7D5D-D14A-EF93-1C8B-F6BEC80B8329","transform":{"columns":[[-0.2589546,-0.034938805,-0.9652573,0],[0.9657618,-0.025609676,-0.25816298,0],[-0.015700022,-0.99906117,0.04037431,0],[0.5008766,-0.6728315,-0.264552,0.9999999]]}},"timestamp":1742655845.430304,"label":"ARImageAnchor didUpdate"},{"timestamp":1742655848.55471,"label":"ARImageAnchor didAdd","content":{"transform":{"columns":[[0.9534539,0.011845797,-0.30130595,0],[0.3015192,-0.026076613,0.9531033,0],[0.0034332431,-0.9995896,-0.028434575,0],[0.49854463,0.7548204,-0.7531581,0.99999994]]},"identifier":"C35EAC54-3E90-1B97-807B-5E3B8F238DB7","name":"Sailboat"}},{"label":"ARImageAnchor didUpdate","timestamp":1742655848.564044,"content":{"identifier":"C35EAC54-3E90-1B97-807B-5E3B8F238DB7","transform":{"columns":[[0.9534539,0.011845797,-0.30130595,0],[0.3015192,-0.026076613,0.9531033,0],[0.0034332431,-0.9995896,-0.028434575,0],[0.49854463,0.7548204,-0.7531581,0.99999994]]},"name":"Sailboat"}},{"timestamp":1742655851.721067,"content":{"identifier":"A19C2489-597B-2BED-432C-244B551E75FD","transform":{"columns":[[0.28405276,-0.011876356,0.9587351,0],[-0.95756894,0.047317483,0.28429338,0],[-0.048741315,-0.99880916,0.0020682348,0],[1.3542564,0.78715914,-0.4342131,1]]},"name":"Mandrill"},"label":"ARImageAnchor didAdd"},{"timestamp":1742655851.72932,"label":"ARImageAnchor didUpdate","content":{"name":"Mandrill","transform":{"columns":[[0.28405276,-0.011876356,0.9587351,0],[-0.95756894,0.047317483,0.28429338,0],[-0.048741315,-0.99880916,0.0020682348,0],[1.3542564,0.78715914,-0.4342131,1]]},"identifier":"A19C2489-597B-2BED-432C-244B551E75FD"}},{"timestamp":1742655854.354274,"content":{"name":"Peppers","identifier":"61BB3DDD-C96C-6E82-3432-BD712CCBCB28","transform":{"columns":[[0.32206294,-0.008235741,0.94668245,0],[-0.94657844,-0.019983938,0.32185373,0],[0.016267737,-0.99976635,-0.014231856,0],[1.6292837,0.1708835,0.2472998,1]]}},"label":"ARImageAnchor didAdd"},{"label":"ARImageAnchor didUpdate","timestamp":1742655854.362083,"content":{"name":"Peppers","identifier":"61BB3DDD-C96C-6E82-3432-BD712CCBCB28","transform":{"columns":[[0.32206294,-0.008235741,0.94668245,0],[-0.94657844,-0.019983938,0.32185373,0],[0.016267737,-0.99976635,-0.014231856,0],[1.6292837,0.1708835,0.2472998,1]]}}},{"timestamp":1742655860.362328,"content":{"transform":{"columns":[[-0.45123187,-0.00022294097,-0.89240664,0],[0.0005168188,0.9999997,-0.0005111414,0],[0.8924065,-0.0006918558,-0.45123163,0],[0.03001742,-0.36744314,-0.49214572,1]]},"identifier":"0021841F-30C4-4CA3-8FC8-0DC2D5A21D4E","name":"bunny"},"label":"Bunny didUpdate"},{"timestamp":1742655863.277679,"content":{"identifier":"088EF783-5990-B052-BE99-B8AA15BA6C68","name":"Earth","transform":{"columns":[[0.9511971,-0.00022533556,-0.30858392,0],[0.3085366,-0.016836671,0.9510634,0],[-0.0054098302,-0.99985814,-0.015945474,0],[-1.2683935,0.58660066,-0.26567256,1]]}},"label":"ARImageAnchor didUpdate"},{"label":"ARImageAnchor didUpdate","timestamp":1742655863.295792,"content":{"name":"Earth","transform":{"columns":[[0.9511971,-0.00022533556,-0.30858392,0],[0.3085366,-0.016836671,0.9510634,0],[-0.0054098302,-0.99985814,-0.015945474,0],[-1.2683935,0.58660066,-0.26567256,1]]},"identifier":"088EF783-5990-B052-BE99-B8AA15BA6C68"}},{"content":{"identifier":"0021841F-30C4-4CA3-8FC8-0DC2D5A21D4E","transform":{"columns":[[-0.45129454,-0.00014051273,-0.892375,0],[0.00066262356,0.9999997,-0.0004925632,0],[0.89237475,-0.00081359973,-0.45129427,0],[0.030022481,-0.36743844,-0.4921447,1.0000001]]},"name":"bunny"},"timestamp":1742655868.044213,"label":"Bunny didUpdate"},{"label":"ARImageAnchor didUpdate","content":{"name":"Peppers","identifier":"61BB3DDD-C96C-6E82-3432-BD712CCBCB28","transform":{"columns":[[0.27873382,-0.0067232097,0.9603448,0],[-0.96035296,-0.0076225707,0.2786828,0],[0.0054466613,-0.9999482,-0.008581318,0],[1.66429,0.1713286,0.24520795,1]]}},"timestamp":1742655868.594269},{"label":"ARImageAnchor didUpdate","timestamp":1742655868.610986,"content":{"name":"Peppers","transform":{"columns":[[0.27873382,-0.0067232097,0.9603448,0],[-0.96035296,-0.0076225707,0.2786828,0],[0.0054466613,-0.9999482,-0.008581318,0],[1.66429,0.1713286,0.24520795,1]]},"identifier":"61BB3DDD-C96C-6E82-3432-BD712CCBCB28"}}]