[{"label":"Application launched","timestamp":1742671044.893485},{"label":"Initialize ARViewModel","timestamp":1742671044.893542},{"timestamp":1742671044.894404,"label":"Finished Initialize ARViewModel"},{"timestamp":1742671044.894415,"label":"Initialize AnchorManager"},{"timestamp":1742671044.894421,"label":"Fininshed Initialize AnchorManager"},{"label":"ContentView Initialize","timestamp":1742671044.894425},{"content":{"position":[-0.029898295,-0.35662758,-0.679322],"beaconName":"DWM3001CDK (8449B511)"},"timestamp":1742671069.0284781,"label":"Finished Ranging"},{"label":"Bunny didAdd","timestamp":1742671069.0988998,"content":{"transform":{"columns":[[0.20091188,0,-0.9796093,0],[0,1,0,0],[0.9796093,0,0.20091188,0],[-0.029898295,-0.35662758,-0.679322,1]]},"name":"bunny","identifier":"0E6F45FA-8A37-48CE-83FA-886E7FAEA3D4"}},{"label":"ARImageAnchor didAdd","content":{"identifier":"FF85DBE1-76D3-E459-2D24-8EDCEE263300","transform":{"columns":[[0.9514397,0.009586141,0.30768576,0],[-0.30766833,-0.0032848201,0.95148796,0],[0.010131788,-0.99994856,-0.00017598025,0],[-0.4201548,-0.6651821,-0.3298273,1]]},"name":"Car"},"timestamp":1742671071.565402},{"timestamp":1742671071.573135,"content":{"name":"Car","identifier":"FF85DBE1-76D3-E459-2D24-8EDCEE263300","transform":{"columns":[[0.9514397,0.009586141,0.30768576,0],[-0.30766833,-0.0032848201,0.95148796,0],[0.010131788,-0.99994856,-0.00017598025,0],[-0.4201548,-0.6651821,-0.3298273,1]]}},"label":"ARImageAnchor didUpdate"},{"timestamp":1742671076.3988218,"content":{"name":"Earth","transform":{"columns":[[0.9730085,0.004134595,0.23073237,0],[-0.23017436,-0.0543683,0.9716295,0],[0.016561821,-0.9985124,-0.05194914,0],[-1.2464381,0.58367664,-1.1270334,1]]},"identifier":"088EF783-5990-B052-BE99-B8AA15BA6C68"},"label":"ARImageAnchor didAdd"},{"timestamp":1742671076.407609,"label":"ARImageAnchor didUpdate","content":{"identifier":"088EF783-5990-B052-BE99-B8AA15BA6C68","transform":{"columns":[[0.9730085,0.004134595,0.23073237,0],[-0.23017436,-0.0543683,0.9716295,0],[0.016561821,-0.9985124,-0.05194914,0],[-1.2464381,0.58367664,-1.1270334,1]]},"name":"Earth"}},{"timestamp":1742671079.7087479,"label":"Bunny didUpdate","content":{"transform":{"columns":[[0.20102191,0.0008732937,-0.97958636,0],[0.00024301931,0.9999995,0.0009413622,0],[0.9795867,-0.00042729283,0.2010216,0],[-0.029920075,-0.35651127,-0.6794506,1]]},"name":"bunny","identifier":"0E6F45FA-8A37-48CE-83FA-886E7FAEA3D4"}},{"content":{"name":"Lenna","identifier":"6BAD7D5D-D14A-EF93-1C8B-F6BEC80B8329","transform":{"columns":[[0.30160365,-0.032526184,-0.9528785,0],[0.9532871,-0.007217523,0.3019793,0],[-0.016699651,-0.9994448,0.028829962,0],[0.27310067,-0.6664466,-0.21247225,1]]}},"timestamp":1742671082.264941,"label":"ARImageAnchor didAdd"},{"timestamp":1742671082.272931,"label":"ARImageAnchor didUpdate","content":{"identifier":"6BAD7D5D-D14A-EF93-1C8B-F6BEC80B8329","name":"Lenna","transform":{"columns":[[0.30160365,-0.032526184,-0.9528785,0],[0.9532871,-0.007217523,0.3019793,0],[-0.016699651,-0.9994448,0.028829962,0],[0.27310067,-0.6664466,-0.21247225,1]]}}},{"timestamp":1742671082.372915,"label":"Bunny didUpdate","content":{"transform":{"columns":[[0.2009844,0.0011050078,-0.9795938,0],[0.00021672406,0.9999993,0.0011724912,0],[0.9795944,-0.00044795405,0.20098402,0],[-0.029921073,-0.35648343,-0.67948234,1]]},"name":"bunny","identifier":"0E6F45FA-8A37-48CE-83FA-886E7FAEA3D4"}},{"label":"ARImageAnchor didUpdate","timestamp":1742671082.772439,"content":{"name":"Lenna","transform":{"columns":[[0.29111105,-0.033815797,-0.95609146,0],[0.95610076,-0.024761837,0.29198968,0],[-0.033548426,-0.99912125,0.025122877,0],[0.27706784,-0.6592203,-0.2099238,1]]},"identifier":"6BAD7D5D-D14A-EF93-1C8B-F6BEC80B8329"}},{"label":"ARImageAnchor didUpdate","content":{"name":"Lenna","identifier":"6BAD7D5D-D14A-EF93-1C8B-F6BEC80B8329","transform":{"columns":[[0.29111105,-0.033815797,-0.95609146,0],[0.95610076,-0.024761837,0.29198968,0],[-0.033548426,-0.99912125,0.025122877,0],[0.27706784,-0.6592203,-0.2099238,1]]}},"timestamp":1742671082.805512},{"timestamp":1742671086.531601,"label":"ARImageAnchor didAdd","content":{"transform":{"columns":[[0.96566206,0.0046799285,0.25975898,0],[-0.2597894,0.026916627,0.96529007,0],[-0.002474351,-0.99962664,0.027208181,0],[0.527754,0.7526265,-0.6313473,0.99999994]]},"name":"Sailboat","identifier":"C35EAC54-3E90-1B97-807B-5E3B8F238DB7"}},{"label":"ARImageAnchor didUpdate","timestamp":1742671086.537881,"content":{"identifier":"C35EAC54-3E90-1B97-807B-5E3B8F238DB7","transform":{"columns":[[0.96566206,0.0046799285,0.25975898,0],[-0.2597894,0.026916627,0.96529007,0],[-0.002474351,-0.99962664,0.027208181,0],[0.527754,0.7526265,-0.6313473,0.99999994]]},"name":"Sailboat"}},{"content":{"identifier":"C35EAC54-3E90-1B97-807B-5E3B8F238DB7","name":"Sailboat","transform":{"columns":[[0.96540266,0.0053553493,0.26070863,0],[-0.26075083,0.029744381,0.96494776,0],[-0.0025869885,-0.99954313,0.030111715,0],[0.53042847,0.76262844,-0.6391785,1]]}},"timestamp":1742671087.0384688,"label":"ARImageAnchor didUpdate"},{"timestamp":1742671087.071636,"content":{"identifier":"C35EAC54-3E90-1B97-807B-5E3B8F238DB7","transform":{"columns":[[0.96540266,0.0053553493,0.26070863,0],[-0.26075083,0.029744381,0.96494776,0],[-0.0025869885,-0.99954313,0.030111715,0],[0.53042847,0.76262844,-0.6391785,1]]},"name":"Sailboat"},"label":"ARImageAnchor didUpdate"},{"timestamp":1742671088.664829,"content":{"identifier":"A19C2489-597B-2BED-432C-244B551E75FD","name":"Mandrill","transform":{"columns":[[-0.26196903,-0.013017051,0.9649884,0],[-0.96472985,0.030322708,-0.26148972,0],[-0.02585724,-0.99945533,-0.020501547,0],[1.0734338,0.7909272,0.092738345,1]]}},"label":"ARImageAnchor didAdd"},{"label":"ARImageAnchor didUpdate","timestamp":1742671088.672457,"content":{"transform":{"columns":[[-0.26196903,-0.013017051,0.9649884,0],[-0.96472985,0.030322708,-0.26148972,0],[-0.02585724,-0.99945533,-0.020501547,0],[1.0734338,0.7909272,0.092738345,1]]},"name":"Mandrill","identifier":"A19C2489-597B-2BED-432C-244B551E75FD"}},{"label":"ARImageAnchor didAdd","content":{"transform":{"columns":[[-0.27363312,-0.0021546064,0.9618316,0],[-0.9617777,-0.010208151,-0.27364063,0],[0.010408106,-0.99994546,0.0007210476,0],[0.9461149,0.1776127,0.8215499,1]]},"name":"Peppers","identifier":"61BB3DDD-C96C-6E82-3432-BD712CCBCB28"},"timestamp":1742671090.7981},{"label":"ARImageAnchor didUpdate","content":{"name":"Peppers","identifier":"61BB3DDD-C96C-6E82-3432-BD712CCBCB28","transform":{"columns":[[-0.27363312,-0.0021546064,0.9618316,0],[-0.9617777,-0.010208151,-0.27364063,0],[0.010408106,-0.99994546,0.0007210476,0],[0.9461149,0.1776127,0.8215499,1]]}},"timestamp":1742671090.805449},{"content":{"identifier":"0E6F45FA-8A37-48CE-83FA-886E7FAEA3D4","transform":{"columns":[[0.20034544,0.0014729887,-0.9797242,0],[0.0003438026,0.9999987,0.0015737757,0],[0.9797253,-0.0006521305,0.20034467,0],[-0.030017097,-0.35643488,-0.67953706,1]]},"name":"bunny"},"label":"Bunny didUpdate","timestamp":1742671095.2726831},{"label":"Bunny didUpdate","timestamp":1742671095.904817,"content":{"identifier":"0E6F45FA-8A37-48CE-83FA-886E7FAEA3D4","name":"bunny","transform":{"columns":[[0.2003345,0.0014849372,-0.97972643,0],[0.00032059595,0.9999987,0.0015812187,0],[0.9797275,-0.000630869,0.20033376,0],[-0.03001522,-0.35643405,-0.679538,0.99999994]]}}},{"label":"Bunny didUpdate","content":{"transform":{"columns":[[0.2003854,0.0014849369,-0.9797159,0],[0.00032051373,0.99999857,0.0015812351,0],[0.979717,-0.000630869,0.20038466,0],[-0.030036358,-0.3563629,-0.6794306,0.9999999]]},"identifier":"0E6F45FA-8A37-48CE-83FA-886E7FAEA3D4","name":"bunny"},"timestamp":1742671096.00511}]