[{"label":"Application launched","timestamp":1742641321.253434},{"timestamp":1742641321.253522,"label":"Initialize ARViewModel"},{"label":"Finished Initialize ARViewModel","timestamp":1742641321.25462},{"timestamp":1742641321.254684,"label":"Initialize AnchorManager"},{"label":"Fininshed Initialize AnchorManager","timestamp":1742641321.254698},{"timestamp":1742641321.2547112,"label":"ContentView Initialize"},{"content":{"position":[0.097559914,-0.38379642,-0.5019233],"beaconName":"DWM3001CDK (8449B511)"},"timestamp":1742641344.664206,"label":"Finished Ranging"},{"label":"Bunny didAdd","timestamp":1742641344.6876879,"content":{"name":"bunny","identifier":"7878E337-EB51-4C15-AECD-4422071E4867","transform":{"columns":[[-0.2880615,0,-0.9576119,0],[0,1,0,0],[0.9576119,0,-0.2880615,0],[0.097559914,-0.38379642,-0.5019233,1]]}}},{"content":{"identifier":"FF85DBE1-76D3-E459-2D24-8EDCEE263300","transform":{"columns":[[0.99890643,0.01056218,-0.04554477,0],[0.045579538,-0.0030763464,0.99895597,0],[0.010411035,-0.9999394,-0.0035544054,0],[-0.16554716,-0.69736403,-0.05590193,0.99999994]]},"name":"Car"},"timestamp":1742641347.770766,"label":"ARImageAnchor didAdd"},{"label":"ARImageAnchor didUpdate","timestamp":1742641347.781814,"content":{"transform":{"columns":[[0.99890643,0.01056218,-0.04554477,0],[0.045579538,-0.0030763464,0.99895597,0],[0.010411035,-0.9999394,-0.0035544054,0],[-0.16554716,-0.69736403,-0.05590193,0.99999994]]},"identifier":"FF85DBE1-76D3-E459-2D24-8EDCEE263300","name":"Car"}},{"label":"ARImageAnchor didAdd","content":{"identifier":"088EF783-5990-B052-BE99-B8AA15BA6C68","name":"Earth","transform":{"columns":[[0.992845,-0.001638197,-0.11939853,0],[0.11934311,-0.0197768,0.99265605,0],[-0.003987483,-0.9998031,-0.019439792,0],[-1.207017,0.54916996,-0.51708037,0.99999994]]}},"timestamp":1742641350.404177},{"content":{"name":"Earth","identifier":"088EF783-5990-B052-BE99-B8AA15BA6C68","transform":{"columns":[[0.992845,-0.001638197,-0.11939853,0],[0.11934311,-0.0197768,0.99265605,0],[-0.003987483,-0.9998031,-0.019439792,0],[-1.207017,0.54916996,-0.51708037,0.99999994]]}},"timestamp":1742641350.410887,"label":"ARImageAnchor didUpdate"},{"timestamp":1742641354.610956,"label":"ARImageAnchor didUpdate","content":{"name":"Earth","transform":{"columns":[[0.9901735,0.0013793902,-0.13983639,0],[0.13983473,-0.020730922,0.98995775,0],[-0.0015333977,-0.9997841,-0.020720098,0],[-1.2195113,0.5363767,-0.49804208,0.99999994]]},"identifier":"088EF783-5990-B052-BE99-B8AA15BA6C68"}},{"timestamp":1742641354.627475,"label":"ARImageAnchor didUpdate","content":{"name":"Earth","identifier":"088EF783-5990-B052-BE99-B8AA15BA6C68","transform":{"columns":[[0.9901735,0.0013793902,-0.13983639,0],[0.13983473,-0.020730922,0.98995775,0],[-0.0015333977,-0.9997841,-0.020720098,0],[-1.2195113,0.5363767,-0.49804208,0.99999994]]}}},{"label":"ARImageAnchor didUpdate","timestamp":1742641355.156186,"content":{"identifier":"088EF783-5990-B052-BE99-B8AA15BA6C68","transform":{"columns":[[0.9923651,-0.00050111266,-0.12333301,0],[0.12330855,-0.016294327,0.99223447,0],[-0.0025068505,-0.999867,-0.016108131,0],[-1.21571,0.54392725,-0.50786424,0.9999999]]},"name":"Earth"}},{"content":{"name":"Earth","transform":{"columns":[[0.9923651,-0.00050111266,-0.12333301,0],[0.12330855,-0.016294327,0.99223447,0],[-0.0025068505,-0.999867,-0.016108131,0],[-1.21571,0.54392725,-0.50786424,0.9999999]]},"identifier":"088EF783-5990-B052-BE99-B8AA15BA6C68"},"timestamp":1742641355.160022,"label":"ARImageAnchor didUpdate"},{"timestamp":1742641355.6771889,"label":"ARImageAnchor didUpdate","content":{"identifier":"088EF783-5990-B052-BE99-B8AA15BA6C68","name":"Earth","transform":{"columns":[[0.98970574,-0.0013390516,-0.14311059,0],[0.14298908,-0.032994837,0.9891741,0],[-0.006046467,-0.99945456,-0.032463714,0],[-1.215589,0.5544001,-0.52338207,0.9999999]]}}},{"content":{"name":"Earth","transform":{"columns":[[0.98970574,-0.0013390516,-0.14311059,0],[0.14298908,-0.032994837,0.9891741,0],[-0.006046467,-0.99945456,-0.032463714,0],[-1.215589,0.5544001,-0.52338207,0.9999999]]},"identifier":"088EF783-5990-B052-BE99-B8AA15BA6C68"},"timestamp":1742641355.69572,"label":"ARImageAnchor didUpdate"},{"content":{"identifier":"C35EAC54-3E90-1B97-807B-5E3B8F238DB7","name":"Sailboat","transform":{"columns":[[0.9940363,0.003918759,-0.10897806,0],[0.1089809,-0.0005246549,0.9940435,0],[0.0038382416,-0.9999921,-0.0009486069,0],[0.60345256,0.72269905,-0.73137766,0.9999998]]}},"timestamp":1742641358.3203979,"label":"ARImageAnchor didAdd"},{"timestamp":1742641358.327612,"label":"ARImageAnchor didUpdate","content":{"transform":{"columns":[[0.9940363,0.003918759,-0.10897806,0],[0.1089809,-0.0005246549,0.9940435,0],[0.0038382416,-0.9999921,-0.0009486069,0],[0.60345256,0.72269905,-0.73137766,0.9999998]]},"name":"Sailboat","identifier":"C35EAC54-3E90-1B97-807B-5E3B8F238DB7"}},{"content":{"identifier":"6BAD7D5D-D14A-EF93-1C8B-F6BEC80B8329","name":"Lenna","transform":{"columns":[[-0.12945288,-0.03474797,-0.99097645,0],[0.99114203,-0.03441728,-0.12826775,0],[-0.02964966,-0.99880314,0.038895603,0],[0.5315482,-0.7180005,-0.22088629,0.99999994]]}},"label":"ARImageAnchor didAdd","timestamp":1742641360.989417},{"label":"ARImageAnchor didUpdate","content":{"identifier":"6BAD7D5D-D14A-EF93-1C8B-F6BEC80B8329","transform":{"columns":[[-0.12945288,-0.03474797,-0.99097645,0],[0.99114203,-0.03441728,-0.12826775,0],[-0.02964966,-0.99880314,0.038895603,0],[0.5315482,-0.7180005,-0.22088629,0.99999994]]},"name":"Lenna"},"timestamp":1742641360.994417},{"label":"ARImageAnchor didUpdate","content":{"transform":{"columns":[[-0.10078371,-0.03532466,-0.9942809,0],[0.9948306,-0.01606414,-0.1002687,0],[-0.012430266,-0.9992467,0.036761086,0],[0.53151155,-0.7127177,-0.21904998,0.99999994]]},"name":"Lenna","identifier":"6BAD7D5D-D14A-EF93-1C8B-F6BEC80B8329"},"timestamp":1742641361.51081},{"timestamp":1742641361.527443,"label":"ARImageAnchor didUpdate","content":{"name":"Lenna","identifier":"6BAD7D5D-D14A-EF93-1C8B-F6BEC80B8329","transform":{"columns":[[-0.10078371,-0.03532466,-0.9942809,0],[0.9948306,-0.01606414,-0.1002687,0],[-0.012430266,-0.9992467,0.036761086,0],[0.53151155,-0.7127177,-0.21904998,0.99999994]]}}},{"content":{"name":"Mandrill","identifier":"A19C2489-597B-2BED-432C-244B551E75FD","transform":{"columns":[[0.13444896,-0.012654682,0.99083954,0],[-0.9893414,0.05471105,0.13494445,0],[-0.0559175,-0.99842185,-0.00516397,0],[1.4025576,0.7389379,-0.2587514,0.9999998]]}},"timestamp":1742641364.186849,"label":"ARImageAnchor didAdd"},{"label":"ARImageAnchor didUpdate","timestamp":1742641364.194147,"content":{"name":"Mandrill","identifier":"A19C2489-597B-2BED-432C-244B551E75FD","transform":{"columns":[[0.13444896,-0.012654682,0.99083954,0],[-0.9893414,0.05471105,0.13494445,0],[-0.0559175,-0.99842185,-0.00516397,0],[1.4025576,0.7389379,-0.2587514,0.9999998]]}}},{"label":"ARImageAnchor didAdd","timestamp":1742641366.319847,"content":{"identifier":"61BB3DDD-C96C-6E82-3432-BD712CCBCB28","transform":{"columns":[[0.13161698,-0.0053378954,0.9912862,0],[-0.9912897,-0.0053691682,0.13158856,0],[0.0046199355,-0.9999713,-0.0059980727,0],[1.5674753,0.12783216,0.45729557,0.9999999]]},"name":"Peppers"}},{"timestamp":1742641366.326923,"content":{"name":"Peppers","identifier":"61BB3DDD-C96C-6E82-3432-BD712CCBCB28","transform":{"columns":[[0.13161698,-0.0053378954,0.9912862,0],[-0.9912897,-0.0053691682,0.13158856,0],[0.0046199355,-0.9999713,-0.0059980727,0],[1.5674753,0.12783216,0.45729557,0.9999999]]}},"label":"ARImageAnchor didUpdate"},{"content":{"transform":{"columns":[[-0.28725561,0.00017486181,-0.9578538,0],[0.00044881913,0.9999998,4.7957168e-05,0],[0.9578538,-0.0004161272,-0.28725567,0],[0.09764779,-0.38376233,-0.50198126,0.99999994]]},"name":"bunny","identifier":"7878E337-EB51-4C15-AECD-4422071E4867"},"timestamp":1742641371.0922909,"label":"Bunny didUpdate"},{"timestamp":1742641381.077827,"label":"Bunny didUpdate","content":{"transform":{"columns":[[-0.28712916,0.00012324312,-0.95789164,0],[0.00024244396,0.99999976,5.5987937e-05,0],[0.95789164,-0.0002161593,-0.28712922,0],[0.097678185,-0.3837734,-0.5019884,0.99999994]]},"name":"bunny","identifier":"7878E337-EB51-4C15-AECD-4422071E4867"}},{"timestamp":1742641382.9927912,"label":"Bunny didUpdate","content":{"transform":{"columns":[[-0.28716147,0.00014540106,-0.95788187,0],[0.0002739025,0.99999964,6.968163e-05,0],[0.9578818,-0.00024235644,-0.28716153,0],[0.09767149,-0.38376957,-0.5019873,0.9999999]]},"name":"bunny","identifier":"7878E337-EB51-4C15-AECD-4422071E4867"}}]