[{"label":"Application launched","timestamp":1742634906.341175},{"label":"Initialize ARViewModel","timestamp":1742634906.34143},{"label":"Finished Initialize ARViewModel","timestamp":1742634906.343375},{"timestamp":1742634906.34341,"label":"Initialize AnchorManager"},{"timestamp":1742634906.3434138,"label":"Fininshed Initialize AnchorManager"},{"label":"ContentView Initialize","timestamp":1742634906.3434181},{"timestamp":1742634930.997627,"label":"Finished Ranging","content":{"beaconName":"DWM3001CDK (8449B511)","position":[0.36883557,-0.3347598,-0.64261365]}},{"timestamp":1742634931.0540252,"label":"Bunny didAdd","content":{"identifier":"A1216CA0-9B1B-4569-AF1B-93F7FE43D1C2","transform":{"columns":[[0.3577124,0,-0.9338318,0],[0,1,0,0],[0.9338318,0,0.3577124,0],[0.36883557,-0.3347598,-0.64261365,1]]},"name":"bunny"}},{"content":{"name":"Car","transform":{"columns":[[0.8578247,0.0067899977,0.5138973,0],[-0.5139111,0.00034506797,0.8578431,0],[0.005647438,-0.99997663,0.0037854798,0],[-0.091699764,-0.6580711,-0.4178234,0.9999998]]},"identifier":"FF85DBE1-76D3-E459-2D24-8EDCEE263300"},"label":"ARImageAnchor didAdd","timestamp":1742634933.587113},{"timestamp":1742634933.594835,"label":"ARImageAnchor didUpdate","content":{"transform":{"columns":[[0.8578247,0.0067899977,0.5138973,0],[-0.5139111,0.00034506797,0.8578431,0],[0.005647438,-0.99997663,0.0037854798,0],[-0.091699764,-0.6580711,-0.4178234,0.9999998]]},"name":"Car","identifier":"FF85DBE1-76D3-E459-2D24-8EDCEE263300"}},{"timestamp":1742634939.520113,"label":"ARImageAnchor didAdd","content":{"name":"Earth","transform":{"columns":[[0.86750835,-0.008909553,0.49734262,0],[-0.49739903,-0.02522813,0.86715484,0],[0.004821053,-0.99964184,-0.026317222,0],[-0.70711106,0.5953242,-1.3766843,0.99999994]]},"identifier":"088EF783-5990-B052-BE99-B8AA15BA6C68"}},{"label":"ARImageAnchor didUpdate","content":{"transform":{"columns":[[0.86750835,-0.008909553,0.49734262,0],[-0.49739903,-0.02522813,0.86715484,0],[0.004821053,-0.99964184,-0.026317222,0],[-0.70711106,0.5953242,-1.3766843,0.99999994]]},"name":"Earth","identifier":"088EF783-5990-B052-BE99-B8AA15BA6C68"},"timestamp":1742634939.527067},{"label":"ARImageAnchor didAdd","content":{"identifier":"C35EAC54-3E90-1B97-807B-5E3B8F238DB7","name":"Sailboat","transform":{"columns":[[0.88085383,0.0039090123,0.47337204,0],[-0.47338635,0.004510377,0.8808433,0],[0.0013081362,-0.9999821,0.005823459,0],[0.9070386,0.7762333,-0.48704338,0.99999994]]}},"timestamp":1742634943.7866092},{"timestamp":1742634943.794293,"content":{"name":"Sailboat","identifier":"C35EAC54-3E90-1B97-807B-5E3B8F238DB7","transform":{"columns":[[0.88085383,0.0039090123,0.47337204,0],[-0.47338635,0.004510377,0.8808433,0],[0.0013081362,-0.9999821,0.005823459,0],[0.9070386,0.7762333,-0.48704338,0.99999994]]}},"label":"ARImageAnchor didUpdate"},{"content":{"name":"bunny","transform":{"columns":[[0.357601,-0.00016433782,-0.93387437,0],[0.00045031818,0.99999994,-3.5375078e-06,0],[0.9338743,-0.00041927557,0.35760105,0],[0.36871272,-0.33478373,-0.642619,0.99999994]]},"identifier":"A1216CA0-9B1B-4569-AF1B-93F7FE43D1C2"},"label":"Bunny didUpdate","timestamp":1742634946.7623038},{"content":{"transform":{"columns":[[0.5894387,-0.04543872,-0.80653405,0],[0.7849679,-0.20354588,0.5851448,0],[-0.19075498,-0.97801036,-0.08430991,0],[0.556504,-0.6626117,-0.12598044,0.99999994]]},"identifier":"6BAD7D5D-D14A-EF93-1C8B-F6BEC80B8329","name":"Lenna"},"timestamp":1742634946.986271,"label":"ARImageAnchor didAdd"},{"timestamp":1742634946.9941,"label":"ARImageAnchor didUpdate","content":{"name":"Lenna","identifier":"6BAD7D5D-D14A-EF93-1C8B-F6BEC80B8329","transform":{"columns":[[0.5894387,-0.04543872,-0.80653405,0],[0.7849679,-0.20354588,0.5851448,0],[-0.19075498,-0.97801036,-0.08430991,0],[0.556504,-0.6626117,-0.12598044,0.99999994]]}}},{"timestamp":1742634948.0251188,"label":"ARImageAnchor didUpdate","content":{"name":"Lenna","identifier":"6BAD7D5D-D14A-EF93-1C8B-F6BEC80B8329","transform":{"columns":[[0.48907408,-0.031384517,-0.87167734,0],[0.87206596,-0.0024921133,0.4893819,0],[-0.017531328,-0.9995041,0.026150538,0],[0.5420997,-0.6609554,-0.13268438,0.99999994]]}}},{"label":"ARImageAnchor didUpdate","timestamp":1742634948.0595322,"content":{"name":"Lenna","identifier":"6BAD7D5D-D14A-EF93-1C8B-F6BEC80B8329","transform":{"columns":[[0.48907408,-0.031384517,-0.87167734,0],[0.87206596,-0.0024921133,0.4893819,0],[-0.017531328,-0.9995041,0.026150538,0],[0.5420997,-0.6609554,-0.13268438,0.99999994]]}}},{"timestamp":1742634950.719208,"content":{"transform":{"columns":[[-0.49874485,-0.014747861,0.8666233,0],[-0.8665884,0.02771564,-0.49825314,0],[-0.01667085,-0.9995069,-0.02660336,0],[1.2591627,0.7872024,0.35654807,0.99999994]]},"name":"Mandrill","identifier":"A19C2489-597B-2BED-432C-244B551E75FD"},"label":"ARImageAnchor didAdd"},{"label":"ARImageAnchor didUpdate","content":{"transform":{"columns":[[-0.49874485,-0.014747861,0.8666233,0],[-0.8665884,0.02771564,-0.49825314,0],[-0.01667085,-0.9995069,-0.02660336,0],[1.2591627,0.7872024,0.35654807,0.99999994]]},"name":"Mandrill","identifier":"A19C2489-597B-2BED-432C-244B551E75FD"},"timestamp":1742634950.727838},{"timestamp":1742634953.38594,"label":"ARImageAnchor didAdd","content":{"transform":{"columns":[[-0.5008139,-0.004206888,0.8655446,0],[-0.86484224,-0.038140688,-0.5005928,0],[0.035118412,-0.9992634,0.015463081,0],[0.9680215,0.17164302,1.0320286,0.9999999]]},"name":"Peppers","identifier":"61BB3DDD-C96C-6E82-3432-BD712CCBCB28"}},{"content":{"name":"Peppers","identifier":"61BB3DDD-C96C-6E82-3432-BD712CCBCB28","transform":{"columns":[[-0.5008139,-0.004206888,0.8655446,0],[-0.86484224,-0.038140688,-0.5005928,0],[0.035118412,-0.9992634,0.015463081,0],[0.9680215,0.17164302,1.0320286,0.9999999]]}},"timestamp":1742634953.394037,"label":"ARImageAnchor didUpdate"},{"timestamp":1742634959.2926111,"content":{"identifier":"C35EAC54-3E90-1B97-807B-5E3B8F238DB7","transform":{"columns":[[0.85503036,-0.004749124,0.5185562,0],[-0.5184474,0.014602817,0.8549847,0],[-0.011632813,-0.9998821,0.010023674,0],[0.8955067,0.7639761,-0.48177636,0.9999999]]},"name":"Sailboat"},"label":"ARImageAnchor didUpdate"},{"timestamp":1742634959.3279471,"label":"ARImageAnchor didUpdate","content":{"identifier":"C35EAC54-3E90-1B97-807B-5E3B8F238DB7","transform":{"columns":[[0.85503036,-0.004749124,0.5185562,0],[-0.5184474,0.014602817,0.8549847,0],[-0.011632813,-0.9998821,0.010023674,0],[0.8955067,0.7639761,-0.48177636,0.9999999]]},"name":"Sailboat"}},{"label":"Bunny didUpdate","timestamp":1742634964.361007,"content":{"identifier":"A1216CA0-9B1B-4569-AF1B-93F7FE43D1C2","transform":{"columns":[[0.35735488,-8.448502e-05,-0.9339685,0],[0.0005196177,0.99999976,0.00010835797,0],[0.9339683,-0.00052402884,0.35735488,0],[0.36863127,-0.33475858,-0.6426549,0.9999999]]},"name":"bunny"}},{"timestamp":1742634964.9612598,"label":"Bunny didUpdate","content":{"identifier":"A1216CA0-9B1B-4569-AF1B-93F7FE43D1C2","transform":{"columns":[[0.35727158,-3.6646165e-05,-0.9340003,0],[0.00049674336,0.9999997,0.00015077741,0],[0.9340002,-0.00051782693,0.35727158,0],[0.36861363,-0.33474687,-0.64266866,0.99999994]]},"name":"bunny"}},{"label":"Bunny didUpdate","content":{"transform":{"columns":[[0.35727617,-3.7166985e-05,-0.9339985,0],[0.000496701,0.99999964,0.0001502063,0],[0.9339984,-0.00051758316,0.35727614,0],[0.36861637,-0.33474743,-0.64266884,0.99999994]]},"identifier":"A1216CA0-9B1B-4569-AF1B-93F7FE43D1C2","name":"bunny"},"timestamp":1742634965.3596091},{"timestamp":1742634965.692137,"content":{"identifier":"FF85DBE1-76D3-E459-2D24-8EDCEE263300","transform":{"columns":[[0.8515498,0.012517426,0.5241242,0],[-0.52411044,-0.0046161027,0.8516378,0],[0.013079685,-0.99991083,0.0026297132,0],[-0.097808465,-0.65496653,-0.41951418,0.99999994]]},"name":"Car"},"label":"ARImageAnchor didUpdate"},{"content":{"name":"Car","identifier":"FF85DBE1-76D3-E459-2D24-8EDCEE263300","transform":{"columns":[[0.8515498,0.012517426,0.5241242,0],[-0.52411044,-0.0046161027,0.8516378,0],[0.013079685,-0.99991083,0.0026297132,0],[-0.097808465,-0.65496653,-0.41951418,0.99999994]]}},"label":"ARImageAnchor didUpdate","timestamp":1742634965.7250981},{"content":{"identifier":"088EF783-5990-B052-BE99-B8AA15BA6C68","name":"Earth","transform":{"columns":[[0.8798387,-0.009289972,0.47518158,0],[-0.47505847,-0.047179215,0.8786884,0],[0.014255706,-0.9988432,-0.045923393,0],[-0.70553654,0.5923599,-1.3890826,0.99999994]]}},"timestamp":1742634968.8900108,"label":"ARImageAnchor didUpdate"},{"content":{"transform":{"columns":[[0.8798387,-0.009289972,0.47518158,0],[-0.47505847,-0.047179215,0.8786884,0],[0.014255706,-0.9988432,-0.045923393,0],[-0.70553654,0.5923599,-1.3890826,0.99999994]]},"identifier":"088EF783-5990-B052-BE99-B8AA15BA6C68","name":"Earth"},"timestamp":1742634968.924442,"label":"ARImageAnchor didUpdate"},{"timestamp":1742634972.162335,"label":"Bunny didUpdate","content":{"identifier":"A1216CA0-9B1B-4569-AF1B-93F7FE43D1C2","name":"bunny","transform":{"columns":[[0.3572953,-2.8088129e-05,-0.93399125,0],[0.00043750266,0.99999964,0.00013729201,0],[0.9339911,-0.00045767752,0.35729527,0],[0.36863354,-0.334748,-0.6426659,0.99999994]]}}},{"timestamp":1742634973.258769,"label":"Bunny didUpdate","content":{"identifier":"A1216CA0-9B1B-4569-AF1B-93F7FE43D1C2","transform":{"columns":[[0.35732704,-9.637886e-05,-0.9339791,0],[0.0004959271,0.99999964,8.654302e-05,0],[0.93397886,-0.0004941097,0.35732707,0],[0.36862874,-0.33476314,-0.6426524,0.99999994]]},"name":"bunny"}},{"content":{"transform":{"columns":[[0.35724637,-0.00010441622,-0.9340099,0],[0.0004533805,0.9999997,6.1618564e-05,0],[0.93400973,-0.00044547496,0.35724634,0],[0.36485592,-0.33199385,-0.63987416,0.99999994]]},"name":"bunny","identifier":"A1216CA0-9B1B-4569-AF1B-93F7FE43D1C2"},"timestamp":1742634974.259366,"label":"Bunny didUpdate"}]