[{"label":"Application launched","timestamp":1742675437.269563},{"label":"Initialize ARViewModel","timestamp":1742675437.26964},{"label":"Finished Initialize ARViewModel","timestamp":1742675437.270955},{"timestamp":1742675437.271018,"label":"Initialize AnchorManager"},{"timestamp":1742675437.271031,"label":"Fininshed Initialize AnchorManager"},{"timestamp":1742675437.271044,"label":"ContentView Initialize"},{"content":{"beaconName":"DWM3001CDK (8449B511)","position":[-0.043490294,-0.29515356,-0.29992002]},"timestamp":1742675460.1701689,"label":"Finished Ranging"},{"label":"Bunny didAdd","content":{"name":"bunny","transform":{"columns":[[0.042707264,0,-0.99908763,0],[0,1,0,0],[0.99908763,0,0.042707264,0],[-0.043490294,-0.29515356,-0.29992002,1]]},"identifier":"D9F0FAB2-4CC9-4643-8C63-32F14D37DDCF"},"timestamp":1742675460.1918411},{"timestamp":1742675462.708246,"content":{"identifier":"FF85DBE1-76D3-E459-2D24-8EDCEE263300","transform":{"columns":[[0.968161,0.003929512,0.25029728,0],[-0.25031787,0.0061259465,0.96814436,0],[0.0022710217,-0.9999735,0.0069145015,0],[-0.43224275,-0.584107,0.05519396,1]]},"name":"Car"},"label":"ARImageAnchor didAdd"},{"content":{"name":"Car","identifier":"FF85DBE1-76D3-E459-2D24-8EDCEE263300","transform":{"columns":[[0.968161,0.003929512,0.25029728,0],[-0.25031787,0.0061259465,0.96814436,0],[0.0022710217,-0.9999735,0.0069145015,0],[-0.43224275,-0.584107,0.05519396,1]]}},"timestamp":1742675462.716052,"label":"ARImageAnchor didUpdate"},{"timestamp":1742675465.841541,"label":"ARImageAnchor didAdd","content":{"identifier":"088EF783-5990-B052-BE99-B8AA15BA6C68","transform":{"columns":[[0.9808164,-0.0067685214,0.19481578,0],[-0.1948285,-0.0012604286,0.98083645,0],[-0.0063932613,-0.9999762,-0.0025549491,0],[-1.2847165,0.6729518,-0.69693077,1]]},"name":"Earth"}},{"timestamp":1742675465.848273,"label":"ARImageAnchor didUpdate","content":{"name":"Earth","identifier":"088EF783-5990-B052-BE99-B8AA15BA6C68","transform":{"columns":[[0.9808164,-0.0067685214,0.19481578,0],[-0.1948285,-0.0012604286,0.98083645,0],[-0.0063932613,-0.9999762,-0.0025549491,0],[-1.2847165,0.6729518,-0.69693077,1]]}}},{"timestamp":1742675466.3654299,"label":"ARImageAnchor didUpdate","content":{"transform":{"columns":[[0.9828172,-0.005726344,0.18449225,0],[-0.1845052,-0.0018100645,0.9828298,0],[-0.0052940724,-0.9999818,-0.0028355021,0],[-1.2913473,0.67651063,-0.7027861,0.9999998]]},"name":"Earth","identifier":"088EF783-5990-B052-BE99-B8AA15BA6C68"}},{"timestamp":1742675466.383541,"label":"ARImageAnchor didUpdate","content":{"identifier":"088EF783-5990-B052-BE99-B8AA15BA6C68","transform":{"columns":[[0.9828172,-0.005726344,0.18449225,0],[-0.1845052,-0.0018100645,0.9828298,0],[-0.0052940724,-0.9999818,-0.0028355021,0],[-1.2913473,0.67651063,-0.7027861,0.9999998]]},"name":"Earth"}},{"label":"ARImageAnchor didAdd","timestamp":1742675471.158113,"content":{"name":"Lenna","transform":{"columns":[[0.24428582,-0.044648413,-0.96867484,0],[0.9680449,-0.04716761,0.24630098,0],[-0.05668704,-0.99788857,0.031699292,0],[0.27129534,-0.5895327,0.13380387,1]]},"identifier":"6BAD7D5D-D14A-EF93-1C8B-F6BEC80B8329"}},{"timestamp":1742675471.164674,"label":"ARImageAnchor didUpdate","content":{"transform":{"columns":[[0.24428582,-0.044648413,-0.96867484,0],[0.9680449,-0.04716761,0.24630098,0],[-0.05668704,-0.99788857,0.031699292,0],[0.27129534,-0.5895327,0.13380387,1]]},"name":"Lenna","identifier":"6BAD7D5D-D14A-EF93-1C8B-F6BEC80B8329"}},{"timestamp":1742675474.3246589,"label":"ARImageAnchor didAdd","content":{"transform":{"columns":[[0.97560316,-0.0017681107,0.21953392,0],[-0.21953689,-0.0016572413,0.97560275,0],[-0.0013611526,-0.9999971,-0.0020049764,0],[0.5129948,0.8278825,-0.3190649,1]]},"name":"Sailboat","identifier":"C35EAC54-3E90-1B97-807B-5E3B8F238DB7"}},{"timestamp":1742675474.3421369,"label":"ARImageAnchor didUpdate","content":{"name":"Sailboat","transform":{"columns":[[0.97560316,-0.0017681107,0.21953392,0],[-0.21953689,-0.0016572413,0.97560275,0],[-0.0013611526,-0.9999971,-0.0020049764,0],[0.5129948,0.8278825,-0.3190649,1]]},"identifier":"C35EAC54-3E90-1B97-807B-5E3B8F238DB7"}},{"label":"ARImageAnchor didAdd","timestamp":1742675476.974375,"content":{"identifier":"A19C2489-597B-2BED-432C-244B551E75FD","name":"Mandrill","transform":{"columns":[[-0.21127267,-0.012763134,0.97734374,0],[-0.97566265,0.06280909,-0.210089,0],[-0.058704685,-0.9979439,-0.025722353,0],[1.1018656,0.85694313,0.38305062,1]]}}},{"timestamp":1742675476.9837341,"label":"ARImageAnchor didUpdate","content":{"name":"Mandrill","identifier":"A19C2489-597B-2BED-432C-244B551E75FD","transform":{"columns":[[-0.21127267,-0.012763134,0.97734374,0],[-0.97566265,0.06280909,-0.210089,0],[-0.058704685,-0.9979439,-0.025722353,0],[1.1018656,0.85694313,0.38305062,1]]}}},{"label":"ARImageAnchor didAdd","timestamp":1742675479.074267,"content":{"identifier":"61BB3DDD-C96C-6E82-3432-BD712CCBCB28","name":"Peppers","transform":{"columns":[[-0.2154941,-0.009758524,0.9764562,0],[-0.97648674,0.008269405,-0.21541815,0],[-0.005972566,-0.9999181,-0.011311078,0],[1.0210025,0.23705983,1.1137493,1]]}}},{"label":"ARImageAnchor didUpdate","content":{"transform":{"columns":[[-0.2154941,-0.009758524,0.9764562,0],[-0.97648674,0.008269405,-0.21541815,0],[-0.005972566,-0.9999181,-0.011311078,0],[1.0210025,0.23705983,1.1137493,1]]},"name":"Peppers","identifier":"61BB3DDD-C96C-6E82-3432-BD712CCBCB28"},"timestamp":1742675479.081733},{"label":"ARImageAnchor didUpdate","timestamp":1742675486.49771,"content":{"identifier":"088EF783-5990-B052-BE99-B8AA15BA6C68","transform":{"columns":[[0.97496593,-0.01050996,0.22210531,0],[-0.22226284,-0.017490499,0.97482985,0],[-0.00636069,-0.9997917,-0.019388622,0],[-1.2824527,0.6647649,-0.7294794,1]]},"name":"Earth"}},{"content":{"transform":{"columns":[[0.97496593,-0.01050996,0.22210531,0],[-0.22226284,-0.017490499,0.97482985,0],[-0.00636069,-0.9997917,-0.019388622,0],[-1.2824527,0.6647649,-0.7294794,1]]},"name":"Earth","identifier":"088EF783-5990-B052-BE99-B8AA15BA6C68"},"label":"ARImageAnchor didUpdate","timestamp":1742675486.514645},{"timestamp":1742675490.231238,"label":"ARImageAnchor didUpdate","content":{"name":"Car","transform":{"columns":[[0.9641684,0.010304462,0.2650905,0],[-0.26519006,0.009912851,0.9641452,0],[0.007307204,-0.9998976,0.01229025,0],[-0.43519452,-0.5889144,0.033922732,1]]},"identifier":"FF85DBE1-76D3-E459-2D24-8EDCEE263300"}},{"content":{"identifier":"FF85DBE1-76D3-E459-2D24-8EDCEE263300","name":"Car","transform":{"columns":[[0.9641684,0.010304462,0.2650905,0],[-0.26519006,0.009912851,0.9641452,0],[0.007307204,-0.9998976,0.01229025,0],[-0.43519452,-0.5889144,0.033922732,1]]}},"label":"ARImageAnchor didUpdate","timestamp":1742675490.247951},{"timestamp":1742675496.399208,"content":{"name":"bunny","identifier":"D9F0FAB2-4CC9-4643-8C63-32F14D37DDCF","transform":{"columns":[[0.041450094,0.0024458382,-0.9991375,0],[-0.0012335306,0.99999636,0.0023967666,0],[0.99913985,0.0011331206,0.04145299,0],[-0.043452285,-0.29510424,-0.30004394,1]]}},"label":"Bunny didUpdate"},{"timestamp":1742675499.763813,"label":"ARImageAnchor didUpdate","content":{"identifier":"C35EAC54-3E90-1B97-807B-5E3B8F238DB7","name":"Sailboat","transform":{"columns":[[0.9785634,0.005230349,0.20587909,0],[-0.20583288,-0.0082148025,0.9785526,0],[0.0068094274,-0.99995255,-0.0069621154,0],[0.5163114,0.84107006,-0.31558585,1]]}}},{"timestamp":1742675499.780524,"content":{"name":"Sailboat","identifier":"C35EAC54-3E90-1B97-807B-5E3B8F238DB7","transform":{"columns":[[0.9785634,0.005230349,0.20587909,0],[-0.20583288,-0.0082148025,0.9785526,0],[0.0068094274,-0.99995255,-0.0069621154,0],[0.5163114,0.84107006,-0.31558585,1]]}},"label":"ARImageAnchor didUpdate"},{"timestamp":1742675501.897521,"content":{"name":"Mandrill","transform":{"columns":[[-0.22606951,-0.016162083,0.973977,0],[-0.9731728,0.04762358,-0.22509256,0],[-0.042746298,-0.99873453,-0.02649474,0],[1.0955311,0.8608467,0.38780388,1]]},"identifier":"A19C2489-597B-2BED-432C-244B551E75FD"},"label":"ARImageAnchor didUpdate"},{"label":"ARImageAnchor didUpdate","content":{"transform":{"columns":[[-0.22606951,-0.016162083,0.973977,0],[-0.9731728,0.04762358,-0.22509256,0],[-0.042746298,-0.99873453,-0.02649474,0],[1.0955311,0.8608467,0.38780388,1]]},"name":"Mandrill","identifier":"A19C2489-597B-2BED-432C-244B551E75FD"},"timestamp":1742675501.914603},{"timestamp":1742675503.497476,"label":"ARImageAnchor didUpdate","content":{"identifier":"61BB3DDD-C96C-6E82-3432-BD712CCBCB28","transform":{"columns":[[-0.23275323,-0.007345472,0.9725081,0],[-0.9725297,-0.0017797431,-0.2327718,0],[0.003440625,-0.99997133,-0.0067294473,0],[1.0017977,0.23646398,1.1165115,1]]},"name":"Peppers"}},{"timestamp":1742675503.516584,"label":"ARImageAnchor didUpdate","content":{"transform":{"columns":[[-0.23275323,-0.007345472,0.9725081,0],[-0.9725297,-0.0017797431,-0.2327718,0],[0.003440625,-0.99997133,-0.0067294473,0],[1.0017977,0.23646398,1.1165115,1]]},"name":"Peppers","identifier":"61BB3DDD-C96C-6E82-3432-BD712CCBCB28"}}]