[{"label":"Application launched","timestamp":1742641387.984047},{"timestamp":1742641387.984299,"label":"Initialize ARViewModel"},{"label":"Finished Initialize ARViewModel","timestamp":1742641387.987603},{"label":"Initialize AnchorManager","timestamp":1742641387.987636},{"timestamp":1742641387.9876409,"label":"Fininshed Initialize AnchorManager"},{"timestamp":1742641387.9876451,"label":"ContentView Initialize"},{"label":"Finished Ranging","content":{"beaconName":"DWM3001CDK (8449B511)","position":[0.2856136,-0.4126678,-0.45097026]},"timestamp":1742641419.9938111},{"timestamp":1742641420.0167751,"label":"Bunny didAdd","content":{"name":"bunny","identifier":"7FB352AD-E5D4-4E38-92AF-E54743D3DF84","transform":{"columns":[[-0.038589954,0,-0.9992552,0],[0,1,0,0],[0.9992552,0,-0.038589954,0],[0.2856136,-0.4126678,-0.45097026,1]]}}},{"content":{"identifier":"FF85DBE1-76D3-E459-2D24-8EDCEE263300","name":"Car","transform":{"columns":[[0.9646251,0.009276237,0.2634618,0],[-0.2635506,0.010183465,0.96459174,0],[0.006264829,-0.99990493,0.012267977,0],[-0.1075768,-0.7145498,-0.11791338,0.9999999]]}},"timestamp":1742641422.283361,"label":"ARImageAnchor didAdd"},{"label":"ARImageAnchor didUpdate","timestamp":1742641422.294061,"content":{"name":"Car","identifier":"FF85DBE1-76D3-E459-2D24-8EDCEE263300","transform":{"columns":[[0.9646251,0.009276237,0.2634618,0],[-0.2635506,0.010183465,0.96459174,0],[0.006264829,-0.99990493,0.012267977,0],[-0.1075768,-0.7145498,-0.11791338,0.9999999]]}}},{"timestamp":1742641425.467926,"content":{"identifier":"088EF783-5990-B052-BE99-B8AA15BA6C68","transform":{"columns":[[0.981258,0.0030109729,0.1926743,0],[-0.19226407,-0.05175431,0.9799775,0],[0.012922414,-0.99865514,-0.050205436,0],[-0.95057243,0.53834677,-0.8759854,0.9999999]]},"name":"Earth"},"label":"ARImageAnchor didAdd"},{"label":"ARImageAnchor didUpdate","timestamp":1742641425.4745898,"content":{"transform":{"columns":[[0.981258,0.0030109729,0.1926743,0],[-0.19226407,-0.05175431,0.9799775,0],[0.012922414,-0.99865514,-0.050205436,0],[-0.95057243,0.53834677,-0.8759854,0.9999999]]},"name":"Earth","identifier":"088EF783-5990-B052-BE99-B8AA15BA6C68"}},{"content":{"transform":{"columns":[[0.9789784,0.0007186211,0.20396234,0],[-0.20394601,-0.009675518,0.9789342,0],[0.0026769252,-0.9999528,-0.009325568,0],[-0.95589626,0.5412932,-0.8718154,0.99999994]]},"name":"Earth","identifier":"088EF783-5990-B052-BE99-B8AA15BA6C68"},"label":"ARImageAnchor didUpdate","timestamp":1742641425.990528},{"label":"ARImageAnchor didUpdate","content":{"transform":{"columns":[[0.9789784,0.0007186211,0.20396234,0],[-0.20394601,-0.009675518,0.9789342,0],[0.0026769252,-0.9999528,-0.009325568,0],[-0.95589626,0.5412932,-0.8718154,0.99999994]]},"name":"Earth","identifier":"088EF783-5990-B052-BE99-B8AA15BA6C68"},"timestamp":1742641426.008572},{"content":{"name":"Sailboat","identifier":"C35EAC54-3E90-1B97-807B-5E3B8F238DB7","transform":{"columns":[[0.97803795,0.005804354,0.20834535,0],[-0.20835525,0.0011536706,0.97805244,0],[0.0054366007,-0.9999823,0.002337695,0],[0.83111465,0.7258819,-0.48076278,0.9999999]]}},"label":"ARImageAnchor didAdd","timestamp":1742641429.168076},{"timestamp":1742641429.173376,"content":{"transform":{"columns":[[0.97803795,0.005804354,0.20834535,0],[-0.20835525,0.0011536706,0.97805244,0],[0.0054366007,-0.9999823,0.002337695,0],[0.83111465,0.7258819,-0.48076278,0.9999999]]},"name":"Sailboat","identifier":"C35EAC54-3E90-1B97-807B-5E3B8F238DB7"},"label":"ARImageAnchor didUpdate"},{"timestamp":1742641431.799761,"label":"ARImageAnchor didAdd","content":{"name":"Lenna","identifier":"6BAD7D5D-D14A-EF93-1C8B-F6BEC80B8329","transform":{"columns":[[0.23455568,-0.03842991,-0.97134256,0],[0.97189957,-0.011146529,0.23513122,0],[-0.019863179,-0.99919903,0.03473555,0],[0.58688617,-0.72157466,-0.020027936,0.99999994]]}}},{"label":"ARImageAnchor didUpdate","content":{"identifier":"6BAD7D5D-D14A-EF93-1C8B-F6BEC80B8329","name":"Lenna","transform":{"columns":[[0.23455568,-0.03842991,-0.97134256,0],[0.97189957,-0.011146529,0.23513122,0],[-0.019863179,-0.99919903,0.03473555,0],[0.58688617,-0.72157466,-0.020027936,0.99999994]]}},"timestamp":1742641431.808576},{"label":"Bunny didUpdate","timestamp":1742641432.274349,"content":{"identifier":"7FB352AD-E5D4-4E38-92AF-E54743D3DF84","transform":{"columns":[[-0.038633946,0.00023449713,-0.9992534,0],[-0.00015536073,0.99999994,0.000240679,0],[0.9992534,0.0001645431,-0.038633883,0],[0.2856251,-0.41265672,-0.45099112,0.99999994]]},"name":"bunny"}},{"timestamp":1742641432.324187,"label":"ARImageAnchor didUpdate","content":{"identifier":"6BAD7D5D-D14A-EF93-1C8B-F6BEC80B8329","transform":{"columns":[[0.239475,-0.03609159,-0.9702314,0],[0.9708499,-0.0015024162,0.23968357,0],[-0.010108239,-0.9993472,0.034679715,0],[0.5920791,-0.7169063,-0.016046308,0.99999994]]},"name":"Lenna"}},{"timestamp":1742641432.340701,"label":"ARImageAnchor didUpdate","content":{"name":"Lenna","identifier":"6BAD7D5D-D14A-EF93-1C8B-F6BEC80B8329","transform":{"columns":[[0.239475,-0.03609159,-0.9702314,0],[0.9708499,-0.0015024162,0.23968357,0],[-0.010108239,-0.9993472,0.034679715,0],[0.5920791,-0.7169063,-0.016046308,0.99999994]]}}},{"label":"ARImageAnchor didAdd","content":{"name":"Mandrill","transform":{"columns":[[-0.23187305,-0.0128487535,0.9726611,0],[-0.9721083,0.039257,-0.23122269,0],[-0.03521283,-0.99914646,-0.021593023,0],[1.4033014,0.7268058,0.25646633,0.99999994]]},"identifier":"A19C2489-597B-2BED-432C-244B551E75FD"},"timestamp":1742641437.549103},{"timestamp":1742641437.560025,"label":"ARImageAnchor didUpdate","content":{"name":"Mandrill","transform":{"columns":[[-0.23187305,-0.0128487535,0.9726611,0],[-0.9721083,0.039257,-0.23122269,0],[-0.03521283,-0.99914646,-0.021593023,0],[1.4033014,0.7268058,0.25646633,0.99999994]]},"identifier":"A19C2489-597B-2BED-432C-244B551E75FD"}},{"timestamp":1742641439.632292,"label":"ARImageAnchor didAdd","content":{"name":"Peppers","identifier":"61BB3DDD-C96C-6E82-3432-BD712CCBCB28","transform":{"columns":[[-0.21456724,-0.008258332,0.97667414,0],[-0.97670114,-0.0022432592,-0.21459216,0],[0.0039630947,-0.9999632,-0.007584595,0],[1.3196944,0.109744385,0.99568367,0.99999994]]}}},{"label":"ARImageAnchor didUpdate","content":{"name":"Peppers","transform":{"columns":[[-0.21456724,-0.008258332,0.97667414,0],[-0.97670114,-0.0022432592,-0.21459216,0],[0.0039630947,-0.9999632,-0.007584595,0],[1.3196944,0.109744385,0.99568367,0.99999994]]},"identifier":"61BB3DDD-C96C-6E82-3432-BD712CCBCB28"},"timestamp":1742641439.640445},{"timestamp":1742641440.156332,"label":"ARImageAnchor didUpdate","content":{"name":"Peppers","identifier":"61BB3DDD-C96C-6E82-3432-BD712CCBCB28","transform":{"columns":[[-0.23512712,-0.007042886,0.971939,0],[-0.971925,-0.007306563,-0.23517671,0],[0.00875783,-0.9999483,-0.005127192,0],[1.3180101,0.11240561,0.9882384,0.99999994]]}}},{"label":"ARImageAnchor didUpdate","timestamp":1742641440.173324,"content":{"name":"Peppers","transform":{"columns":[[-0.23512712,-0.007042886,0.971939,0],[-0.971925,-0.007306563,-0.23517671,0],[0.00875783,-0.9999483,-0.005127192,0],[1.3180101,0.11240561,0.9882384,0.99999994]]},"identifier":"61BB3DDD-C96C-6E82-3432-BD712CCBCB28"}},{"content":{"identifier":"C35EAC54-3E90-1B97-807B-5E3B8F238DB7","transform":{"columns":[[0.9739502,0.0038953067,0.22672775,0],[-0.22674876,0.0062475675,0.97393304,0],[0.002377279,-0.9999727,0.006968074,0],[0.83251905,0.70633066,-0.4644586,0.9999998]]},"name":"Sailboat"},"label":"ARImageAnchor didUpdate","timestamp":1742641445.47241},{"content":{"name":"Sailboat","transform":{"columns":[[0.9739502,0.0038953067,0.22672775,0],[-0.22674876,0.0062475675,0.97393304,0],[0.002377279,-0.9999727,0.006968074,0],[0.83251905,0.70633066,-0.4644586,0.9999998]]},"identifier":"C35EAC54-3E90-1B97-807B-5E3B8F238DB7"},"timestamp":1742641445.5063648,"label":"ARImageAnchor didUpdate"},{"label":"ARImageAnchor didUpdate","timestamp":1742641448.573024,"content":{"name":"Lenna","identifier":"6BAD7D5D-D14A-EF93-1C8B-F6BEC80B8329","transform":{"columns":[[0.24427892,-0.030191587,-0.96923476,0],[0.968929,-0.03237634,0.24521036,0],[-0.038783558,-0.9990194,0.021344624,0],[0.5898623,-0.7128723,-0.020594373,0.9999999]]}}},{"label":"ARImageAnchor didUpdate","content":{"transform":{"columns":[[0.24427892,-0.030191587,-0.96923476,0],[0.968929,-0.03237634,0.24521036,0],[-0.038783558,-0.9990194,0.021344624,0],[0.5898623,-0.7128723,-0.020594373,0.9999999]]},"identifier":"6BAD7D5D-D14A-EF93-1C8B-F6BEC80B8329","name":"Lenna"},"timestamp":1742641448.6058888},{"timestamp":1742641450.773905,"content":{"name":"bunny","transform":{"columns":[[-0.039146885,0.00054241245,-0.9992332,0],[-0.0004002888,0.99999964,0.0005585106,0],[0.9992332,0.0004218458,-0.039146606,0],[0.2856274,-0.4126421,-0.45102537,0.9999998]]},"identifier":"7FB352AD-E5D4-4E38-92AF-E54743D3DF84"},"label":"Bunny didUpdate"},{"content":{"identifier":"7FB352AD-E5D4-4E38-92AF-E54743D3DF84","transform":{"columns":[[-0.03917139,0.0005468618,-0.9992322,0],[-0.00039022727,0.9999996,0.0005625794,0],[0.9992322,0.0004119647,-0.03917113,0],[0.28562573,-0.41264215,-0.45102605,0.99999994]]},"name":"bunny"},"timestamp":1742641451.107984,"label":"Bunny didUpdate"},{"label":"ARImageAnchor didUpdate","timestamp":1742641451.673022,"content":{"name":"Car","transform":{"columns":[[0.96703774,0.012093364,0.2543451,0],[-0.25446013,0.009161098,0.96703964,0],[0.009364679,-0.99988484,0.011936373,0],[-0.11200376,-0.71351635,-0.106606945,0.99999994]]},"identifier":"FF85DBE1-76D3-E459-2D24-8EDCEE263300"}},{"label":"ARImageAnchor didUpdate","timestamp":1742641451.706595,"content":{"name":"Car","identifier":"FF85DBE1-76D3-E459-2D24-8EDCEE263300","transform":{"columns":[[0.96703774,0.012093364,0.2543451,0],[-0.25446013,0.009161098,0.96703964,0],[0.009364679,-0.99988484,0.011936373,0],[-0.11200376,-0.71351635,-0.106606945,0.99999994]]}}},{"content":{"name":"Peppers","transform":{"columns":[[-0.19427647,-0.009180816,0.98090374,0],[-0.98093486,-0.0030870698,-0.19431148,0],[0.004812048,-0.9999529,-0.008406042,0],[1.3084477,0.12587674,0.9891201,0.9999999]]},"identifier":"61BB3DDD-C96C-6E82-3432-BD712CCBCB28"},"timestamp":1742641460.97222,"label":"ARImageAnchor didUpdate"},{"label":"ARImageAnchor didUpdate","timestamp":1742641461.005196,"content":{"transform":{"columns":[[-0.19427647,-0.009180816,0.98090374,0],[-0.98093486,-0.0030870698,-0.19431148,0],[0.004812048,-0.9999529,-0.008406042,0],[1.3084477,0.12587674,0.9891201,0.9999999]]},"identifier":"61BB3DDD-C96C-6E82-3432-BD712CCBCB28","name":"Peppers"}},{"content":{"transform":{"columns":[[-0.22041371,-0.011833456,0.97533464,0],[-0.9737817,0.060358822,-0.21933052,0],[-0.056274604,-0.9981064,-0.024827138,0],[1.4091752,0.7422319,0.26032853,0.99999994]]},"name":"Mandrill","identifier":"A19C2489-597B-2BED-432C-244B551E75FD"},"label":"ARImageAnchor didUpdate","timestamp":1742641463.040046},{"timestamp":1742641463.072318,"label":"ARImageAnchor didUpdate","content":{"name":"Mandrill","identifier":"A19C2489-597B-2BED-432C-244B551E75FD","transform":{"columns":[[-0.22041371,-0.011833456,0.97533464,0],[-0.9737817,0.060358822,-0.21933052,0],[-0.056274604,-0.9981064,-0.024827138,0],[1.4091752,0.7422319,0.26032853,0.99999994]]}}},{"label":"ARImageAnchor didUpdate","content":{"identifier":"C35EAC54-3E90-1B97-807B-5E3B8F238DB7","name":"Sailboat","transform":{"columns":[[0.9728018,0.0018230834,0.23163152,0],[-0.23160335,0.02511617,0.97248584,0],[-0.004044759,-0.9996827,0.02485527,0],[0.8258999,0.7179925,-0.4573168,0.99999994]]}},"timestamp":1742641465.107806},{"content":{"name":"Sailboat","transform":{"columns":[[0.9728018,0.0018230834,0.23163152,0],[-0.23160335,0.02511617,0.97248584,0],[-0.004044759,-0.9996827,0.02485527,0],[0.8258999,0.7179925,-0.4573168,0.99999994]]},"identifier":"C35EAC54-3E90-1B97-807B-5E3B8F238DB7"},"timestamp":1742641465.138857,"label":"ARImageAnchor didUpdate"}]