[{"label":"Application launched","timestamp":1742632593.178381},{"timestamp":1742632593.178452,"label":"Initialize ARViewModel"},{"timestamp":1742632593.179963,"label":"Finished Initialize ARViewModel"},{"timestamp":1742632593.1799831,"label":"Initialize AnchorManager"},{"label":"Fininshed Initialize AnchorManager","timestamp":1742632593.179987},{"label":"ContentView Initialize","timestamp":1742632593.179991},{"timestamp":1742632614.706468,"content":{"beaconName":"DWM3001CDK (8449B511)","position":[-0.17516369,-0.30200154,-0.31041908]},"label":"Finished Ranging"},{"timestamp":1742632614.762474,"label":"Bunny didAdd","content":{"identifier":"C58654E5-1A9F-444D-A680-3766C3D5A12E","name":"bunny","transform":{"columns":[[-0.465917,0,-0.88482845,0],[0,1,0,0],[0.88482845,0,-0.465917,0],[-0.17516369,-0.30200154,-0.31041908,1]]}}},{"timestamp":1742632617.2288861,"label":"ARImageAnchor didAdd","content":{"name":"Lenna","identifier":"6BAD7D5D-D14A-EF93-1C8B-F6BEC80B8329","transform":{"columns":[[-0.47321275,-0.042038538,-0.8799445,0],[0.8809466,-0.02446776,-0.4725827,0],[-0.0016635795,-0.99881625,0.04861218,0],[0.32688382,-0.6096892,-0.1650719,1]]}}},{"timestamp":1742632617.238985,"label":"ARImageAnchor didUpdate","content":{"name":"Lenna","identifier":"6BAD7D5D-D14A-EF93-1C8B-F6BEC80B8329","transform":{"columns":[[-0.47321275,-0.042038538,-0.8799445,0],[0.8809466,-0.02446776,-0.4725827,0],[-0.0016635795,-0.99881625,0.04861218,0],[0.32688382,-0.6096892,-0.1650719,1]]}}},{"timestamp":1742632617.735589,"content":{"transform":{"columns":[[-0.44594944,-0.035160877,-0.8943671,0],[0.89491063,-0.035644844,-0.44481915,0],[-0.016239334,-0.9987456,0.047361653,0],[0.32907102,-0.6047533,-0.15873505,0.9999999]]},"identifier":"6BAD7D5D-D14A-EF93-1C8B-F6BEC80B8329","name":"Lenna"},"label":"ARImageAnchor didUpdate"},{"timestamp":1742632617.768876,"content":{"name":"Lenna","identifier":"6BAD7D5D-D14A-EF93-1C8B-F6BEC80B8329","transform":{"columns":[[-0.44594944,-0.035160877,-0.8943671,0],[0.89491063,-0.035644844,-0.44481915,0],[-0.016239334,-0.9987456,0.047361653,0],[0.32907102,-0.6047533,-0.15873505,0.9999999]]}},"label":"ARImageAnchor didUpdate"},{"content":{"transform":{"columns":[[-0.46705565,-6.796031e-05,-0.88422805,0],[-0.0002948672,1,7.8892655e-05,0],[0.884228,0.00029757712,-0.46705568,0],[-0.17519711,-0.3020346,-0.31026602,1]]},"name":"bunny","identifier":"C58654E5-1A9F-444D-A680-3766C3D5A12E"},"label":"Bunny didUpdate","timestamp":1742632620.803866},{"content":{"name":"Car","identifier":"FF85DBE1-76D3-E459-2D24-8EDCEE263300","transform":{"columns":[[0.88399273,0.0053654932,-0.46746984,0],[0.4674279,0.0074957465,0.8839993,0],[0.008247133,-0.99995744,0.004118237,0],[-0.2984648,-0.6044274,0.2198227,1]]}},"timestamp":1742632621.528683,"label":"ARImageAnchor didAdd"},{"content":{"transform":{"columns":[[0.88399273,0.0053654932,-0.46746984,0],[0.4674279,0.0074957465,0.8839993,0],[0.008247133,-0.99995744,0.004118237,0],[-0.2984648,-0.6044274,0.2198227,1]]},"identifier":"FF85DBE1-76D3-E459-2D24-8EDCEE263300","name":"Car"},"timestamp":1742632621.5380812,"label":"ARImageAnchor didUpdate"},{"timestamp":1742632623.70015,"label":"ARImageAnchor didUpdate","content":{"identifier":"FF85DBE1-76D3-E459-2D24-8EDCEE263300","name":"Car","transform":{"columns":[[0.9054772,0.008256796,-0.4243144,0],[0.42439014,-0.01296316,0.90538645,0],[0.001975142,-0.99988186,-0.015241933,0],[-0.2978372,-0.59983176,0.21819875,0.99999994]]}}},{"label":"ARImageAnchor didUpdate","content":{"identifier":"FF85DBE1-76D3-E459-2D24-8EDCEE263300","name":"Car","transform":{"columns":[[0.9054772,0.008256796,-0.4243144,0],[0.42439014,-0.01296316,0.90538645,0],[0.001975142,-0.99988186,-0.015241933,0],[-0.2978372,-0.59983176,0.21819875,0.99999994]]}},"timestamp":1742632623.733902},{"content":{"identifier":"088EF783-5990-B052-BE99-B8AA15BA6C68","transform":{"columns":[[0.9106994,-0.018118102,-0.41267186,0],[0.41102228,-0.05959345,0.90967536,0],[-0.041074138,-0.9980582,-0.046824772,0],[-1.4316181,0.6568377,0.14822572,1]]},"name":"Earth"},"timestamp":1742632627.028491,"label":"ARImageAnchor didAdd"},{"timestamp":1742632627.034717,"content":{"name":"Earth","identifier":"088EF783-5990-B052-BE99-B8AA15BA6C68","transform":{"columns":[[0.9106994,-0.018118102,-0.41267186,0],[0.41102228,-0.05959345,0.90967536,0],[-0.041074138,-0.9980582,-0.046824772,0],[-1.4316181,0.6568377,0.14822572,1]]}},"label":"ARImageAnchor didUpdate"},{"label":"ARImageAnchor didAdd","timestamp":1742632630.761534,"content":{"transform":{"columns":[[0.90001273,0.0029711493,-0.43585324,0],[0.4358617,-0.0033975993,0.90000707,0],[0.0011931964,-0.9999897,-0.0043528946,0],[0.23894009,0.83405286,-0.64996845,1]]},"identifier":"C35EAC54-3E90-1B97-807B-5E3B8F238DB7","name":"Sailboat"}},{"timestamp":1742632630.766551,"label":"ARImageAnchor didUpdate","content":{"name":"Sailboat","identifier":"C35EAC54-3E90-1B97-807B-5E3B8F238DB7","transform":{"columns":[[0.90001273,0.0029711493,-0.43585324,0],[0.4358617,-0.0033975993,0.90000707,0],[0.0011931964,-0.9999897,-0.0043528946,0],[0.23894009,0.83405286,-0.64996845,1]]}}},{"label":"ARImageAnchor didUpdate","content":{"identifier":"C35EAC54-3E90-1B97-807B-5E3B8F238DB7","transform":{"columns":[[0.9034264,-0.00628629,-0.42869696,0],[0.42859277,-0.013223336,0.9034009,0],[-0.011347842,-0.9998928,-0.009252055,0],[0.23081125,0.8335778,-0.65068805,0.99999994]]},"name":"Sailboat"},"timestamp":1742632631.268498},{"content":{"identifier":"C35EAC54-3E90-1B97-807B-5E3B8F238DB7","transform":{"columns":[[0.9034264,-0.00628629,-0.42869696,0],[0.42859277,-0.013223336,0.9034009,0],[-0.011347842,-0.9998928,-0.009252055,0],[0.23081125,0.8335778,-0.65068805,0.99999994]]},"name":"Sailboat"},"label":"ARImageAnchor didUpdate","timestamp":1742632631.3021579},{"content":{"transform":{"columns":[[0.4282357,-0.018099327,0.9034858,0],[-0.9022538,0.047330122,0.42859986,0],[-0.050519474,-0.9987153,0.0039382647,0],[1.1291776,0.859055,-0.46056873,1]]},"identifier":"A19C2489-597B-2BED-432C-244B551E75FD","name":"Mandrill"},"label":"ARImageAnchor didAdd","timestamp":1742632634.49459},{"content":{"name":"Mandrill","identifier":"A19C2489-597B-2BED-432C-244B551E75FD","transform":{"columns":[[0.4282357,-0.018099327,0.9034858,0],[-0.9022538,0.047330122,0.42859986,0],[-0.050519474,-0.9987153,0.0039382647,0],[1.1291776,0.859055,-0.46056873,1]]}},"timestamp":1742632634.502585,"label":"ARImageAnchor didUpdate"},{"content":{"transform":{"columns":[[0.43106002,-0.0095228525,0.902273,0],[-0.9023139,-0.009088025,0.4309837,0],[0.00409567,-0.99991333,-0.012510085,0],[1.5080016,0.23836781,0.16957642,1]]},"name":"Peppers","identifier":"61BB3DDD-C96C-6E82-3432-BD712CCBCB28"},"timestamp":1742632636.627917,"label":"ARImageAnchor didAdd"},{"content":{"transform":{"columns":[[0.43106002,-0.0095228525,0.902273,0],[-0.9023139,-0.009088025,0.4309837,0],[0.00409567,-0.99991333,-0.012510085,0],[1.5080016,0.23836781,0.16957642,1]]},"identifier":"61BB3DDD-C96C-6E82-3432-BD712CCBCB28","name":"Peppers"},"timestamp":1742632636.63413,"label":"ARImageAnchor didUpdate"},{"timestamp":1742632643.400724,"label":"Bunny didUpdate","content":{"identifier":"C58654E5-1A9F-444D-A680-3766C3D5A12E","transform":{"columns":[[-0.46746162,-0.00025012574,-0.8840135,0],[-0.00087466,0.9999996,0.00017957231,0],[0.88401294,0.0008571543,-0.4674616,0],[-0.17515473,-0.30210227,-0.3102196,0.99999994]]},"name":"bunny"}},{"label":"Bunny didUpdate","content":{"name":"bunny","transform":{"columns":[[-0.46772662,-0.0002955143,-0.8838735,0],[-0.0010092484,0.9999995,0.00019973239,0],[0.8838728,0.0009854679,-0.46772656,0],[-0.17515588,-0.30211905,-0.31018513,1]]},"identifier":"C58654E5-1A9F-444D-A680-3766C3D5A12E"},"timestamp":1742632644.701139},{"label":"ARImageAnchor didUpdate","content":{"transform":{"columns":[[0.9122062,-0.00825465,-0.4096479,0],[0.40968758,0.0038057873,0.91221786,0],[-0.005971011,-0.9999585,0.0068534953,0],[0.23411913,0.8516581,-0.66362673,1]]},"identifier":"C35EAC54-3E90-1B97-807B-5E3B8F238DB7","name":"Sailboat"},"timestamp":1742632646.7330399},{"label":"ARImageAnchor didUpdate","content":{"name":"Sailboat","identifier":"C35EAC54-3E90-1B97-807B-5E3B8F238DB7","transform":{"columns":[[0.9122062,-0.00825465,-0.4096479,0],[0.40968758,0.0038057873,0.91221786,0],[-0.005971011,-0.9999585,0.0068534953,0],[0.23411913,0.8516581,-0.66362673,1]]}},"timestamp":1742632646.768752},{"content":{"identifier":"A19C2489-597B-2BED-432C-244B551E75FD","transform":{"columns":[[0.4195417,-0.020669373,0.9075006,0],[-0.9055288,0.060146388,0.41999996,0],[-0.06326404,-0.9979754,0.0065171975,0],[1.1334888,0.87249345,-0.4694131,0.99999994]]},"name":"Mandrill"},"timestamp":1742632648.335586,"label":"ARImageAnchor didUpdate"},{"label":"ARImageAnchor didUpdate","content":{"name":"Mandrill","transform":{"columns":[[0.4195417,-0.020669373,0.9075006,0],[-0.9055288,0.060146388,0.41999996,0],[-0.06326404,-0.9979754,0.0065171975,0],[1.1334888,0.87249345,-0.4694131,0.99999994]]},"identifier":"A19C2489-597B-2BED-432C-244B551E75FD"},"timestamp":1742632648.368135},{"timestamp":1742632648.868727,"label":"ARImageAnchor didUpdate","content":{"transform":{"columns":[[0.43096787,-0.019805951,0.9021498,0],[-0.900657,0.052082364,0.4313981,0],[-0.055530366,-0.9984463,0.004607439,0],[1.1339985,0.86224043,-0.4486782,1]]},"identifier":"A19C2489-597B-2BED-432C-244B551E75FD","name":"Mandrill"}},{"timestamp":1742632648.902288,"content":{"identifier":"A19C2489-597B-2BED-432C-244B551E75FD","name":"Mandrill","transform":{"columns":[[0.43096787,-0.019805951,0.9021498,0],[-0.900657,0.052082364,0.4313981,0],[-0.055530366,-0.9984463,0.004607439,0],[1.1339985,0.86224043,-0.4486782,1]]}},"label":"ARImageAnchor didUpdate"},{"timestamp":1742632649.101337,"label":"Bunny didUpdate","content":{"name":"bunny","transform":{"columns":[[-0.46786895,-0.00033809547,-0.88379806,0],[-0.0010671492,0.9999994,0.00018238412,0],[0.8837974,0.0010284763,-0.467869,0],[-0.1751561,-0.30212587,-0.31016076,0.99999994]]},"identifier":"C58654E5-1A9F-444D-A680-3766C3D5A12E"}},{"content":{"name":"bunny","identifier":"C58654E5-1A9F-444D-A680-3766C3D5A12E","transform":{"columns":[[-0.46786937,-0.0003390012,-0.8837978,0],[-0.0010690994,0.9999993,0.0001823923,0],[0.8837972,0.0010302035,-0.46786943,0],[-0.1751559,-0.30212602,-0.31016058,0.99999994]]}},"label":"Bunny didUpdate","timestamp":1742632649.201109},{"content":{"identifier":"C58654E5-1A9F-444D-A680-3766C3D5A12E","transform":{"columns":[[-0.4678707,-0.000341607,-0.8837971,0],[-0.0010702383,0.99999917,0.00018004865,0],[0.88379645,0.0010301131,-0.46787077,0],[-0.17515503,-0.3021255,-0.31015846,0.9999999]]},"name":"bunny"},"timestamp":1742632649.3012881,"label":"Bunny didUpdate"},{"timestamp":1742632649.499154,"content":{"identifier":"C58654E5-1A9F-444D-A680-3766C3D5A12E","transform":{"columns":[[-0.46787107,-0.00034764706,-0.88379693,0],[-0.0010736701,0.99999905,0.0001750317,0],[0.8837963,0.001030799,-0.46787113,0],[-0.17515992,-0.30212897,-0.31015986,0.99999994]]},"name":"bunny"},"label":"Bunny didUpdate"},{"label":"ARImageAnchor didUpdate","content":{"name":"Peppers","transform":{"columns":[[0.41421777,-0.0076096514,0.91014594,0],[-0.9099449,-0.026083339,0.41390818,0],[0.020589931,-0.99963075,-0.017728556,0],[1.5170074,0.24356043,0.1744632,1]]},"identifier":"61BB3DDD-C96C-6E82-3432-BD712CCBCB28"},"timestamp":1742632651.00143},{"label":"ARImageAnchor didUpdate","timestamp":1742632651.03448,"content":{"name":"Peppers","identifier":"61BB3DDD-C96C-6E82-3432-BD712CCBCB28","transform":{"columns":[[0.41421777,-0.0076096514,0.91014594,0],[-0.9099449,-0.026083339,0.41390818,0],[0.020589931,-0.99963075,-0.017728556,0],[1.5170074,0.24356043,0.1744632,1]]}}},{"timestamp":1742632656.300421,"label":"Bunny didUpdate","content":{"transform":{"columns":[[-0.46780783,-0.00046238038,-0.8838305,0],[-0.0014660469,0.9999985,0.00025281834,0],[0.8838293,0.0014140079,-0.46780795,0],[-0.17510793,-0.30217308,-0.3101791,1]]},"name":"bunny","identifier":"C58654E5-1A9F-444D-A680-3766C3D5A12E"}},{"content":{"transform":{"columns":[[0.8899524,-0.00072888733,-0.45605275,0],[0.45543733,-0.050535865,0.8888323,0],[-0.023694884,-0.9987219,-0.044642568,0],[-1.4338174,0.66372806,0.13673049,1]]},"identifier":"088EF783-5990-B052-BE99-B8AA15BA6C68","name":"Earth"},"timestamp":1742632665.398367,"label":"ARImageAnchor didUpdate"},{"timestamp":1742632665.4324698,"label":"ARImageAnchor didUpdate","content":{"transform":{"columns":[[0.8899524,-0.00072888733,-0.45605275,0],[0.45543733,-0.050535865,0.8888323,0],[-0.023694884,-0.9987219,-0.044642568,0],[-1.4338174,0.66372806,0.13673049,1]]},"identifier":"088EF783-5990-B052-BE99-B8AA15BA6C68","name":"Earth"}}]