[{"label":"Application launched","timestamp":1742638321.760814},{"timestamp":1742638321.7609038,"label":"Initialize ARViewModel"},{"label":"Finished Initialize ARViewModel","timestamp":1742638321.762002},{"label":"Initialize AnchorManager","timestamp":1742638321.762021},{"timestamp":1742638321.7620249,"label":"Fininshed Initialize AnchorManager"},{"label":"ContentView Initialize","timestamp":1742638321.7620301},{"timestamp":1742638342.5935001,"content":{"beaconName":"DWM3001CDK (8449B511)","position":[-0.22888155,-0.4121494,-0.622482]},"label":"Finished Ranging"},{"label":"Bunny didAdd","content":{"identifier":"0D1BA04A-E3BD-4A12-8073-6308BDA36601","name":"bunny","transform":{"columns":[[-0.26448393,0,-0.96439016,0],[0,1,0,0],[0.96439016,0,-0.26448393,0],[-0.22888155,-0.4121494,-0.622482,1]]}},"timestamp":1742638342.649656},{"timestamp":1742638344.8158011,"label":"ARImageAnchor didAdd","content":{"identifier":"088EF783-5990-B052-BE99-B8AA15BA6C68","transform":{"columns":[[0.98576885,0.0026825485,-0.16808498,0],[0.16809797,-0.025712263,0.9854349,0],[-0.0016783685,-0.9996657,-0.025797281,0],[-1.5583577,0.53666466,-0.57259154,1]]},"name":"Earth"}},{"timestamp":1742638344.824192,"label":"ARImageAnchor didUpdate","content":{"transform":{"columns":[[0.98576885,0.0026825485,-0.16808498,0],[0.16809797,-0.025712263,0.9854349,0],[-0.0016783685,-0.9996657,-0.025797281,0],[-1.5583577,0.53666466,-0.57259154,1]]},"name":"Earth","identifier":"088EF783-5990-B052-BE99-B8AA15BA6C68"}},{"label":"ARImageAnchor didAdd","content":{"name":"Car","identifier":"FF85DBE1-76D3-E459-2D24-8EDCEE263300","transform":{"columns":[[0.9919615,0.014838828,-0.12566759,0],[0.12510517,0.03415724,0.99155533,0],[0.019005978,-0.99930614,0.032026246,0],[-0.49528447,-0.7097999,-0.17476249,0.99999994]]}},"timestamp":1742638346.9490361},{"timestamp":1742638346.95858,"content":{"transform":{"columns":[[0.9919615,0.014838828,-0.12566759,0],[0.12510517,0.03415724,0.99155533,0],[0.019005978,-0.99930614,0.032026246,0],[-0.49528447,-0.7097999,-0.17476249,0.99999994]]},"identifier":"FF85DBE1-76D3-E459-2D24-8EDCEE263300","name":"Car"},"label":"ARImageAnchor didUpdate"},{"timestamp":1742638349.257122,"content":{"identifier":"0D1BA04A-E3BD-4A12-8073-6308BDA36601","name":"bunny","transform":{"columns":[[-0.26423067,0.00021122964,-0.9644595,0],[8.62953e-07,0.9999999,0.00021877707,0],[0.9644595,5.697532e-05,-0.26423064,0],[-0.22881466,-0.41209367,-0.6224865,0.9999999]]}},"label":"Bunny didUpdate"},{"label":"ARImageAnchor didAdd","timestamp":1742638349.615448,"content":{"transform":{"columns":[[-0.13570426,-0.035379678,-0.99011743,0],[0.9907389,-0.00025612957,-0.13578029,0],[0.004550288,-0.99937385,0.03508682,0],[0.2000046,-0.71208847,-0.33629692,1]]},"identifier":"6BAD7D5D-D14A-EF93-1C8B-F6BEC80B8329","name":"Lenna"}},{"label":"ARImageAnchor didUpdate","timestamp":1742638349.623481,"content":{"transform":{"columns":[[-0.13570426,-0.035379678,-0.99011743,0],[0.9907389,-0.00025612957,-0.13578029,0],[0.004550288,-0.99937385,0.03508682,0],[0.2000046,-0.71208847,-0.33629692,1]]},"name":"Lenna","identifier":"6BAD7D5D-D14A-EF93-1C8B-F6BEC80B8329"}},{"timestamp":1742638352.282027,"label":"ARImageAnchor didAdd","content":{"transform":{"columns":[[0.98958987,0.003880012,-0.14386396,0],[0.1438004,0.013451431,0.98951524,0],[0.005774507,-0.99990195,0.012753454,0],[0.26674664,0.7239294,-0.83308065,1.0000001]]},"name":"Sailboat","identifier":"C35EAC54-3E90-1B97-807B-5E3B8F238DB7"}},{"timestamp":1742638352.2888951,"content":{"transform":{"columns":[[0.98958987,0.003880012,-0.14386396,0],[0.1438004,0.013451431,0.98951524,0],[0.005774507,-0.99990195,0.012753454,0],[0.26674664,0.7239294,-0.83308065,1.0000001]]},"name":"Sailboat","identifier":"C35EAC54-3E90-1B97-807B-5E3B8F238DB7"},"label":"ARImageAnchor didUpdate"},{"timestamp":1742638353.88204,"content":{"name":"Mandrill","transform":{"columns":[[0.13314062,-0.013352191,0.9910072,0],[-0.98994976,0.046309274,0.13362251,0],[-0.047677007,-0.99883795,-0.0070523466,0],[1.0635998,0.75243074,-0.37298116,1.0000001]]},"identifier":"A19C2489-597B-2BED-432C-244B551E75FD"},"label":"ARImageAnchor didAdd"},{"content":{"transform":{"columns":[[0.13314062,-0.013352191,0.9910072,0],[-0.98994976,0.046309274,0.13362251,0],[-0.047677007,-0.99883795,-0.0070523466,0],[1.0635998,0.75243074,-0.37298116,1.0000001]]},"identifier":"A19C2489-597B-2BED-432C-244B551E75FD","name":"Mandrill"},"timestamp":1742638353.889231,"label":"ARImageAnchor didUpdate"},{"content":{"identifier":"61BB3DDD-C96C-6E82-3432-BD712CCBCB28","name":"Peppers","transform":{"columns":[[0.13136525,-0.004506344,0.9913238,0],[-0.99126256,-0.012602941,0.13129985,0],[0.011901942,-0.9999104,-0.0061225616,0],[1.2310001,0.13098523,0.34793618,1]]}},"timestamp":1742638356.015269,"label":"ARImageAnchor didAdd"},{"label":"ARImageAnchor didUpdate","content":{"identifier":"61BB3DDD-C96C-6E82-3432-BD712CCBCB28","name":"Peppers","transform":{"columns":[[0.13136525,-0.004506344,0.9913238,0],[-0.99126256,-0.012602941,0.13129985,0],[0.011901942,-0.9999104,-0.0061225616,0],[1.2310001,0.13098523,0.34793618,1]]}},"timestamp":1742638356.022691},{"timestamp":1742638359.6547,"label":"Bunny didUpdate","content":{"name":"bunny","transform":{"columns":[[-0.26425445,0.0006097815,-0.9644528,0],[0.00014802176,0.99999964,0.00059169927,0],[0.9644529,1.3599142e-05,-0.26425448,0],[-0.22886871,-0.41203558,-0.6226137,1]]},"identifier":"0D1BA04A-E3BD-4A12-8073-6308BDA36601"}}]