[{"label":"Application launched","timestamp":1742670872.643415},{"timestamp":1742670872.643471,"label":"Initialize ARViewModel"},{"timestamp":1742670872.644576,"label":"Finished Initialize ARViewModel"},{"label":"Initialize AnchorManager","timestamp":1742670872.644596},{"label":"Fininshed Initialize AnchorManager","timestamp":1742670872.6446009},{"timestamp":1742670872.644606,"label":"ContentView Initialize"},{"label":"Finished Ranging","timestamp":1742670897.483999,"content":{"position":[-0.09487447,-0.34262526,-0.5517906],"beaconName":"DWM3001CDK (8449B511)"}},{"timestamp":1742670897.539624,"content":{"transform":{"columns":[[-0.05959654,0,-0.99822253,0],[0,1,0,0],[0.99822253,0,-0.05959654,0],[-0.09487447,-0.34262526,-0.5517906,1]]},"name":"bunny","identifier":"DD4D2C14-0EAC-43F2-B165-14804D353674"},"label":"Bunny didAdd"},{"content":{"transform":{"columns":[[0.9968964,0.013610684,0.077538185,0],[-0.0775011,-0.0032335036,0.9969869,0],[0.013820399,-0.999902,-0.002168656,0],[-0.40110165,-0.65924484,-0.11328721,1]]},"name":"Car","identifier":"FF85DBE1-76D3-E459-2D24-8EDCEE263300"},"timestamp":1742670899.8724499,"label":"ARImageAnchor didAdd"},{"timestamp":1742670899.882868,"label":"ARImageAnchor didUpdate","content":{"transform":{"columns":[[0.9968964,0.013610684,0.077538185,0],[-0.0775011,-0.0032335036,0.9969869,0],[0.013820399,-0.999902,-0.002168656,0],[-0.40110165,-0.65924484,-0.11328721,1]]},"name":"Car","identifier":"FF85DBE1-76D3-E459-2D24-8EDCEE263300"}},{"content":{"identifier":"DD4D2C14-0EAC-43F2-B165-14804D353674","name":"bunny","transform":{"columns":[[-0.05976623,1.970108e-05,-0.99821246,0],[0.00024097401,1,5.30846e-06,0],[0.99821234,-0.00024022594,-0.05976622,0],[-0.09497121,-0.34263757,-0.5518014,1]]}},"timestamp":1742670902.349469,"label":"Bunny didUpdate"},{"timestamp":1742670902.648761,"label":"Bunny didUpdate","content":{"name":"bunny","identifier":"DD4D2C14-0EAC-43F2-B165-14804D353674","transform":{"columns":[[-0.05972837,2.6512644e-05,-0.9982148,0],[0.00023882953,1,1.2269646e-05,0],[0.99821454,-0.00023767023,-0.05972837,0],[-0.0949617,-0.34263575,-0.5518009,1]]}}},{"content":{"name":"Earth","transform":{"columns":[[0.9999986,-0.0011063715,-0.0012205965,0],[0.0012004601,-0.017993364,0.9998373,0],[-0.0011281554,-0.99983746,-0.01799201,0],[-1.3778734,0.5969876,-0.70100886,1]]},"identifier":"088EF783-5990-B052-BE99-B8AA15BA6C68"},"timestamp":1742670903.072396,"label":"ARImageAnchor didAdd"},{"timestamp":1742670903.0782719,"label":"ARImageAnchor didUpdate","content":{"name":"Earth","transform":{"columns":[[0.9999986,-0.0011063715,-0.0012205965,0],[0.0012004601,-0.017993364,0.9998373,0],[-0.0011281554,-0.99983746,-0.01799201,0],[-1.3778734,0.5969876,-0.70100886,1]]},"identifier":"088EF783-5990-B052-BE99-B8AA15BA6C68"}},{"content":{"transform":{"columns":[[-0.059830997,0.0001272371,-0.9982087,0],[0.000244295,1,0.000112822796,0],[0.99820834,-0.00023710697,-0.059831,0],[-0.09498742,-0.34261233,-0.55183023,1]]},"identifier":"DD4D2C14-0EAC-43F2-B165-14804D353674","name":"bunny"},"timestamp":1742670908.447679,"label":"Bunny didUpdate"},{"content":{"transform":{"columns":[[0.05973766,-0.034346566,-0.99762297,0],[0.9981352,-0.010503585,0.060129937,0],[-0.012543898,-0.9993547,0.033655085,0],[0.3002142,-0.67086816,-0.15871552,1]]},"identifier":"6BAD7D5D-D14A-EF93-1C8B-F6BEC80B8329","name":"Lenna"},"label":"ARImageAnchor didAdd","timestamp":1742670910.60586},{"timestamp":1742670910.613213,"label":"ARImageAnchor didUpdate","content":{"name":"Lenna","identifier":"6BAD7D5D-D14A-EF93-1C8B-F6BEC80B8329","transform":{"columns":[[0.05973766,-0.034346566,-0.99762297,0],[0.9981352,-0.010503585,0.060129937,0],[-0.012543898,-0.9993547,0.033655085,0],[0.3002142,-0.67086816,-0.15871552,1]]}}},{"label":"ARImageAnchor didUpdate","timestamp":1742670911.114526,"content":{"transform":{"columns":[[0.05588779,-0.03987785,-0.9976404,0],[0.9974054,-0.043178767,0.057600573,0],[-0.045373864,-0.9982711,0.03736123,0],[0.30350927,-0.6658297,-0.1551564,1.0000001]]},"name":"Lenna","identifier":"6BAD7D5D-D14A-EF93-1C8B-F6BEC80B8329"}},{"label":"ARImageAnchor didUpdate","content":{"identifier":"6BAD7D5D-D14A-EF93-1C8B-F6BEC80B8329","transform":{"columns":[[0.05588779,-0.03987785,-0.9976404,0],[0.9974054,-0.043178767,0.057600573,0],[-0.045373864,-0.9982711,0.03736123,0],[0.30350927,-0.6658297,-0.1551564,1.0000001]]},"name":"Lenna"},"timestamp":1742670911.1475549},{"content":{"identifier":"DD4D2C14-0EAC-43F2-B165-14804D353674","name":"bunny","transform":{"columns":[[-0.060082648,0.00040733765,-0.9981935,0],[0.00053331954,0.99999994,0.0003759735,0],[0.9981931,-0.0005097664,-0.06008283,0],[-0.09511496,-0.34256583,-0.5519058,1]]}},"label":"Bunny didUpdate","timestamp":1742670914.346133},{"timestamp":1742670914.871941,"content":{"name":"Sailboat","identifier":"C35EAC54-3E90-1B97-807B-5E3B8F238DB7","transform":{"columns":[[0.99923813,-7.1836075e-05,0.03902645,0],[-0.0390238,0.010008994,0.9991881,0],[-0.00046239683,-0.99994993,0.009998566,0],[0.46404746,0.76362395,-0.6355709,1]]}},"label":"ARImageAnchor didAdd"},{"content":{"name":"Sailboat","identifier":"C35EAC54-3E90-1B97-807B-5E3B8F238DB7","transform":{"columns":[[0.99923813,-7.1836075e-05,0.03902645,0],[-0.0390238,0.010008994,0.9991881,0],[-0.00046239683,-0.99994993,0.009998566,0],[0.46404746,0.76362395,-0.6355709,1]]}},"timestamp":1742670914.879753,"label":"ARImageAnchor didUpdate"},{"label":"ARImageAnchor didUpdate","content":{"transform":{"columns":[[0.9997255,0.00012535803,0.023425872,0],[-0.023417238,0.033038344,0.9991796,0],[-0.0006486945,-0.99945396,0.033032212,0],[0.46321103,0.7699761,-0.63882685,1]]},"name":"Sailboat","identifier":"C35EAC54-3E90-1B97-807B-5E3B8F238DB7"},"timestamp":1742670915.3790212},{"label":"ARImageAnchor didUpdate","timestamp":1742670915.4117599,"content":{"transform":{"columns":[[0.9997255,0.00012535803,0.023425872,0],[-0.023417238,0.033038344,0.9991796,0],[-0.0006486945,-0.99945396,0.033032212,0],[0.46321103,0.7699761,-0.63882685,1]]},"name":"Sailboat","identifier":"C35EAC54-3E90-1B97-807B-5E3B8F238DB7"}},{"timestamp":1742670917.00524,"label":"ARImageAnchor didAdd","content":{"transform":{"columns":[[-0.02724029,-0.017065048,0.9994833,0],[-0.9992401,0.028352315,-0.026749553,0],[-0.027881183,-0.9994523,-0.017824402,0],[1.1639074,0.795538,-0.05720705,1]]},"name":"Mandrill","identifier":"A19C2489-597B-2BED-432C-244B551E75FD"}},{"content":{"transform":{"columns":[[-0.02724029,-0.017065048,0.9994833,0],[-0.9992401,0.028352315,-0.026749553,0],[-0.027881183,-0.9994523,-0.017824402,0],[1.1639074,0.795538,-0.05720705,1]]},"name":"Mandrill","identifier":"A19C2489-597B-2BED-432C-244B551E75FD"},"timestamp":1742670917.012821,"label":"ARImageAnchor didUpdate"},{"timestamp":1742670919.671681,"label":"ARImageAnchor didAdd","content":{"identifier":"61BB3DDD-C96C-6E82-3432-BD712CCBCB28","name":"Peppers","transform":{"columns":[[-0.040715277,-0.007389005,0.99914336,0],[-0.9989333,-0.021491425,-0.040865634,0],[0.021774959,-0.9997416,-0.0065060966,0],[1.2121423,0.18150526,0.67600745,0.99999994]]}}},{"content":{"transform":{"columns":[[-0.040715277,-0.007389005,0.99914336,0],[-0.9989333,-0.021491425,-0.040865634,0],[0.021774959,-0.9997416,-0.0065060966,0],[1.2121423,0.18150526,0.67600745,0.99999994]]},"identifier":"61BB3DDD-C96C-6E82-3432-BD712CCBCB28","name":"Peppers"},"label":"ARImageAnchor didUpdate","timestamp":1742670919.67888},{"timestamp":1742670927.111549,"content":{"name":"Earth","identifier":"088EF783-5990-B052-BE99-B8AA15BA6C68","transform":{"columns":[[0.9990914,-0.003047774,0.042508893,0],[-0.042548243,-0.014273152,0.99899226,0],[-0.0024379666,-0.99989337,-0.014389869,0],[-1.3970366,0.5954542,-0.7328436,1]]}},"label":"ARImageAnchor didUpdate"},{"label":"ARImageAnchor didUpdate","content":{"name":"Earth","transform":{"columns":[[0.9990914,-0.003047774,0.042508893,0],[-0.042548243,-0.014273152,0.99899226,0],[-0.0024379666,-0.99989337,-0.014389869,0],[-1.3970366,0.5954542,-0.7328436,1]]},"identifier":"088EF783-5990-B052-BE99-B8AA15BA6C68"},"timestamp":1742670927.146092},{"timestamp":1742670929.945766,"label":"Bunny didUpdate","content":{"name":"bunny","identifier":"DD4D2C14-0EAC-43F2-B165-14804D353674","transform":{"columns":[[-0.060392246,0.0004108152,-0.9981748,0],[0.0002033233,1,0.0003992648,0],[0.9981745,-0.00017883959,-0.060392294,0],[-0.095111646,-0.34254164,-0.5519287,0.99999994]]}}},{"timestamp":1742670930.245987,"label":"Bunny didUpdate","content":{"identifier":"DD4D2C14-0EAC-43F2-B165-14804D353674","transform":{"columns":[[-0.060403705,0.00040935486,-0.99817413,0],[0.00018255429,1,0.0003990565,0],[0.9981738,-0.00015811638,-0.060403753,0],[-0.09511055,-0.34254053,-0.55192924,1]]},"name":"bunny"}},{"content":{"name":"Lenna","identifier":"6BAD7D5D-D14A-EF93-1C8B-F6BEC80B8329","transform":{"columns":[[0.055031687,-0.036600474,-0.9978135,0],[0.9980324,0.032087356,0.053866755,0],[0.030045645,-0.9988146,0.03829427,0],[0.30824274,-0.6587085,-0.1515131,1]]}},"timestamp":1742670935.644938,"label":"ARImageAnchor didUpdate"},{"content":{"transform":{"columns":[[0.055031687,-0.036600474,-0.9978135,0],[0.9980324,0.032087356,0.053866755,0],[0.030045645,-0.9988146,0.03829427,0],[0.30824274,-0.6587085,-0.1515131,1]]},"identifier":"6BAD7D5D-D14A-EF93-1C8B-F6BEC80B8329","name":"Lenna"},"timestamp":1742670935.678139,"label":"ARImageAnchor didUpdate"},{"content":{"name":"bunny","identifier":"DD4D2C14-0EAC-43F2-B165-14804D353674","transform":{"columns":[[-0.060599636,0.0005020341,-0.99816215,0],[0.00028993827,0.99999994,0.00048535585,0],[0.9981618,-0.0002599929,-0.060599748,0],[-0.09518139,-0.34252602,-0.55196047,1]]}},"timestamp":1742670938.146429,"label":"Bunny didUpdate"},{"timestamp":1742670938.244694,"label":"Bunny didUpdate","content":{"identifier":"DD4D2C14-0EAC-43F2-B165-14804D353674","name":"bunny","transform":{"columns":[[-0.060606968,0.00050139654,-0.9981617,0],[0.00028252046,0.99999994,0.00048516568,0],[0.9981612,-0.0002525965,-0.060607072,0],[-0.095180236,-0.3425267,-0.5519616,0.99999994]]}}},{"label":"ARImageAnchor didUpdate","timestamp":1742670940.97751,"content":{"name":"Peppers","identifier":"61BB3DDD-C96C-6E82-3432-BD712CCBCB28","transform":{"columns":[[-0.044854585,-0.0060540996,0.9989751,0],[-0.9989928,-0.00091094157,-0.04486087,0],[0.001181599,-0.9999812,-0.00600715,0],[1.2369484,0.178653,0.7061238,1]]}}},{"label":"ARImageAnchor didUpdate","timestamp":1742670941.010704,"content":{"name":"Peppers","identifier":"61BB3DDD-C96C-6E82-3432-BD712CCBCB28","transform":{"columns":[[-0.044854585,-0.0060540996,0.9989751,0],[-0.9989928,-0.00091094157,-0.04486087,0],[0.001181599,-0.9999812,-0.00600715,0],[1.2369484,0.178653,0.7061238,1]]}}},{"content":{"name":"Mandrill","identifier":"A19C2489-597B-2BED-432C-244B551E75FD","transform":{"columns":[[-0.025591299,-0.0144920405,0.99956733,0],[-0.99846417,0.04951641,-0.024845116,0],[-0.04913494,-0.99866813,-0.01573697,0],[1.183712,0.8044027,-0.03135419,1]]}},"label":"ARImageAnchor didUpdate","timestamp":1742670943.643883},{"label":"ARImageAnchor didUpdate","timestamp":1742670943.677918,"content":{"name":"Mandrill","transform":{"columns":[[-0.025591299,-0.0144920405,0.99956733,0],[-0.99846417,0.04951641,-0.024845116,0],[-0.04913494,-0.99866813,-0.01573697,0],[1.183712,0.8044027,-0.03135419,1]]},"identifier":"A19C2489-597B-2BED-432C-244B551E75FD"}},{"timestamp":1742670945.844059,"label":"Bunny didUpdate","content":{"name":"bunny","identifier":"DD4D2C14-0EAC-43F2-B165-14804D353674","transform":{"columns":[[-0.060768712,0.0007525813,-0.99815184,0],[0.00019365278,0.9999999,0.0007421849,0],[0.99815136,-0.00014819312,-0.0607688,0],[-0.095199525,-0.3424593,-0.55202985,1]]}}},{"label":"ARImageAnchor didUpdate","timestamp":1742670948.444779,"content":{"identifier":"088EF783-5990-B052-BE99-B8AA15BA6C68","transform":{"columns":[[0.9994678,-0.0042798845,0.032342665,0],[-0.03241046,-0.016853644,0.99933255,0],[-0.003731935,-0.9998488,-0.016983386,0],[-1.4152443,0.5934582,-0.70014775,1.0000001]]},"name":"Earth"}},{"label":"ARImageAnchor didUpdate","timestamp":1742670948.47646,"content":{"name":"Earth","identifier":"088EF783-5990-B052-BE99-B8AA15BA6C68","transform":{"columns":[[0.9994678,-0.0042798845,0.032342665,0],[-0.03241046,-0.016853644,0.99933255,0],[-0.003731935,-0.9998488,-0.016983386,0],[-1.4152443,0.5934582,-0.70014775,1.0000001]]}}},{"label":"ARImageAnchor didUpdate","content":{"transform":{"columns":[[0.99969393,-0.0012328923,0.024706258,0],[-0.024727788,-0.022522274,0.9994404,0],[-0.0006757611,-0.9997454,-0.022545872,0],[-1.4061897,0.59415525,-0.70600426,0.99999994]]},"name":"Earth","identifier":"088EF783-5990-B052-BE99-B8AA15BA6C68"},"timestamp":1742670948.977161},{"timestamp":1742670949.010185,"content":{"name":"Earth","identifier":"088EF783-5990-B052-BE99-B8AA15BA6C68","transform":{"columns":[[0.99969393,-0.0012328923,0.024706258,0],[-0.024727788,-0.022522274,0.9994404,0],[-0.0006757611,-0.9997454,-0.022545872,0],[-1.4061897,0.59415525,-0.70600426,0.99999994]]}},"label":"ARImageAnchor didUpdate"}]