[{"label":"Application launched","timestamp":1742672269.866376},{"label":"Initialize ARViewModel","timestamp":1742672269.866528},{"label":"Finished Initialize ARViewModel","timestamp":1742672269.867965},{"label":"Initialize AnchorManager","timestamp":1742672269.86799},{"timestamp":1742672269.8679938,"label":"Fininshed Initialize AnchorManager"},{"timestamp":1742672269.867999,"label":"ContentView Initialize"},{"label":"Finished Ranging","content":{"position":[-0.0963373,-0.4356371,-0.68814343],"beaconName":"DWM3001CDK (8449B511)"},"timestamp":1742672292.533083},{"timestamp":1742672292.5559049,"label":"Bunny didAdd","content":{"transform":{"columns":[[-0.2654301,0,-0.96413004,0],[0,1,0,0],[0.96413004,0,-0.2654301,0],[-0.0963373,-0.4356371,-0.68814343,1]]},"identifier":"021AC877-50F6-4609-BA40-FB6861B41E10","name":"bunny"}},{"timestamp":1742672294.805692,"label":"ARImageAnchor didAdd","content":{"identifier":"FF85DBE1-76D3-E459-2D24-8EDCEE263300","name":"Car","transform":{"columns":[[0.9884373,0.013415901,-0.15103535,0],[0.15090516,0.010246722,0.9884952,0],[0.0148091605,-0.9998574,0.008103694,0],[-0.3282575,-0.72911566,-0.21762274,1]]}}},{"timestamp":1742672294.814549,"content":{"transform":{"columns":[[0.9884373,0.013415901,-0.15103535,0],[0.15090516,0.010246722,0.9884952,0],[0.0148091605,-0.9998574,0.008103694,0],[-0.3282575,-0.72911566,-0.21762274,1]]},"name":"Car","identifier":"FF85DBE1-76D3-E459-2D24-8EDCEE263300"},"label":"ARImageAnchor didUpdate"},{"label":"ARImageAnchor didUpdate","timestamp":1742672295.33074,"content":{"transform":{"columns":[[0.98639494,0.013120529,-0.16386841,0],[0.16377386,0.007989522,0.9864656,0],[0.014252175,-0.9998819,0.005731997,0],[-0.32579803,-0.7227028,-0.21796615,1]]},"name":"Car","identifier":"FF85DBE1-76D3-E459-2D24-8EDCEE263300"}},{"content":{"transform":{"columns":[[0.98639494,0.013120529,-0.16386841,0],[0.16377386,0.007989522,0.9864656,0],[0.014252175,-0.9998819,0.005731997,0],[-0.32579803,-0.7227028,-0.21796615,1]]},"identifier":"FF85DBE1-76D3-E459-2D24-8EDCEE263300","name":"Car"},"timestamp":1742672295.347454,"label":"ARImageAnchor didUpdate"},{"label":"Bunny didUpdate","content":{"name":"bunny","identifier":"021AC877-50F6-4609-BA40-FB6861B41E10","transform":{"columns":[[-0.26544783,0.0008577111,-0.9641248,0],[0.0003442122,0.99999964,0.0007948562,0],[0.9641252,-0.00012087065,-0.265448,0],[-0.0963803,-0.4355467,-0.6882379,1]]}},"timestamp":1742672296.9528751},{"timestamp":1742672297.2521229,"content":{"transform":{"columns":[[-0.26538095,0.00091851497,-0.96414304,0],[0.00038421748,0.9999995,0.0008469186,0],[0.96414363,-0.00014568462,-0.2653812,0],[-0.09637745,-0.4355406,-0.6882447,0.9999999]]},"identifier":"021AC877-50F6-4609-BA40-FB6861B41E10","name":"bunny"},"label":"Bunny didUpdate"},{"content":{"transform":{"columns":[[0.97396517,-0.001416353,-0.22669315,0],[0.22651972,-0.03352661,0.9734294,0],[-0.008978973,-0.99943674,-0.032332916,0],[-1.4134004,0.533245,-0.53450656,1]]},"name":"Earth","identifier":"088EF783-5990-B052-BE99-B8AA15BA6C68"},"timestamp":1742672298.441325,"label":"ARImageAnchor didAdd"},{"content":{"identifier":"088EF783-5990-B052-BE99-B8AA15BA6C68","name":"Earth","transform":{"columns":[[0.97396517,-0.001416353,-0.22669315,0],[0.22651972,-0.03352661,0.9734294,0],[-0.008978973,-0.99943674,-0.032332916,0],[-1.4134004,0.533245,-0.53450656,1]]}},"label":"ARImageAnchor didUpdate","timestamp":1742672298.4459229},{"content":{"identifier":"088EF783-5990-B052-BE99-B8AA15BA6C68","name":"Earth","transform":{"columns":[[0.973241,0.00084950955,-0.22978565,0],[0.229786,-0.00037473682,0.9732411,0],[0.00074066897,-0.9999995,-0.0005599162,0],[-1.4245887,0.53860486,-0.54909724,1]]}},"timestamp":1742672298.9623442,"label":"ARImageAnchor didUpdate"},{"timestamp":1742672298.979697,"label":"ARImageAnchor didUpdate","content":{"identifier":"088EF783-5990-B052-BE99-B8AA15BA6C68","transform":{"columns":[[0.973241,0.00084950955,-0.22978565,0],[0.229786,-0.00037473682,0.9732411,0],[0.00074066897,-0.9999995,-0.0005599162,0],[-1.4245887,0.53860486,-0.54909724,1]]},"name":"Earth"}},{"label":"Bunny didUpdate","content":{"transform":{"columns":[[-0.265253,0.0015150887,-0.9641774,0],[0.00078122556,0.99999875,0.0013564562,0],[0.96417856,-0.00039343614,-0.2652539,0],[-0.09641018,-0.435481,-0.6883065,1]]},"name":"bunny","identifier":"021AC877-50F6-4609-BA40-FB6861B41E10"},"timestamp":1742672302.651717},{"label":"ARImageAnchor didAdd","timestamp":1742672304.2053041,"content":{"transform":{"columns":[[-0.1664199,-0.030941345,-0.98556936,0],[0.9857292,-0.030910624,-0.16547646,0],[-0.02534452,-0.999043,0.03564394,0],[0.3472989,-0.7239119,-0.4174737,0.99999994]]},"name":"Lenna","identifier":"6BAD7D5D-D14A-EF93-1C8B-F6BEC80B8329"}},{"timestamp":1742672304.21493,"label":"ARImageAnchor didUpdate","content":{"transform":{"columns":[[-0.1664199,-0.030941345,-0.98556936,0],[0.9857292,-0.030910624,-0.16547646,0],[-0.02534452,-0.999043,0.03564394,0],[0.3472989,-0.7239119,-0.4174737,0.99999994]]},"name":"Lenna","identifier":"6BAD7D5D-D14A-EF93-1C8B-F6BEC80B8329"}},{"content":{"name":"Lenna","identifier":"6BAD7D5D-D14A-EF93-1C8B-F6BEC80B8329","transform":{"columns":[[-0.17673141,-0.0385309,-0.9835047,0],[0.9842263,-0.015092072,-0.17626977,0],[-0.008051361,-0.9991433,0.040590364,0],[0.35514125,-0.7147523,-0.4175034,1]]}},"label":"ARImageAnchor didUpdate","timestamp":1742672304.732692},{"content":{"identifier":"6BAD7D5D-D14A-EF93-1C8B-F6BEC80B8329","name":"Lenna","transform":{"columns":[[-0.17673141,-0.0385309,-0.9835047,0],[0.9842263,-0.015092072,-0.17626977,0],[-0.008051361,-0.9991433,0.040590364,0],[0.35514125,-0.7147523,-0.4175034,1]]}},"timestamp":1742672304.747271,"label":"ARImageAnchor didUpdate"},{"label":"Bunny didUpdate","content":{"name":"bunny","transform":{"columns":[[-0.26544863,0.002132522,-0.9641224,0],[0.0010861269,0.99999756,0.0019128335,0],[0.9641245,-0.0005394004,-0.26545036,0],[-0.09646874,-0.435417,-0.6883708,1]]},"identifier":"021AC877-50F6-4609-BA40-FB6861B41E10"},"timestamp":1742672307.947231},{"content":{"identifier":"C35EAC54-3E90-1B97-807B-5E3B8F238DB7","transform":{"columns":[[0.9818891,-0.0006998811,-0.18945508,0],[0.18935533,-0.029025314,0.9814795,0],[-0.0061859097,-0.99957836,-0.02836712,0],[0.38614672,0.69897497,-0.9165403,0.99999994]]},"name":"Sailboat"},"label":"ARImageAnchor didAdd","timestamp":1742672308.43851},{"timestamp":1742672308.447056,"label":"ARImageAnchor didUpdate","content":{"transform":{"columns":[[0.9818891,-0.0006998811,-0.18945508,0],[0.18935533,-0.029025314,0.9814795,0],[-0.0061859097,-0.99957836,-0.02836712,0],[0.38614672,0.69897497,-0.9165403,0.99999994]]},"name":"Sailboat","identifier":"C35EAC54-3E90-1B97-807B-5E3B8F238DB7"}},{"label":"ARImageAnchor didUpdate","content":{"identifier":"C35EAC54-3E90-1B97-807B-5E3B8F238DB7","name":"Sailboat","transform":{"columns":[[0.9757464,0.0035319047,-0.21887529,0],[0.21888694,-0.0033379477,0.97574455,0],[0.0027156419,-0.99998814,-0.0040300717,0],[0.3855577,0.7045366,-0.9274739,1]]}},"timestamp":1742672309.479141},{"timestamp":1742672309.495823,"label":"ARImageAnchor didUpdate","content":{"name":"Sailboat","identifier":"C35EAC54-3E90-1B97-807B-5E3B8F238DB7","transform":{"columns":[[0.9757464,0.0035319047,-0.21887529,0],[0.21888694,-0.0033379477,0.97574455,0],[0.0027156419,-0.99998814,-0.0040300717,0],[0.3855577,0.7045366,-0.9274739,1]]}}},{"timestamp":1742672311.071756,"label":"ARImageAnchor didAdd","content":{"name":"Mandrill","transform":{"columns":[[0.19130345,-0.012172668,0.9814554,0],[-0.9807143,0.038407158,0.19163534,0],[-0.04002763,-0.9991878,-0.004590488,0],[1.2087625,0.7311595,-0.52596843,0.9999999]]},"identifier":"A19C2489-597B-2BED-432C-244B551E75FD"}},{"content":{"identifier":"A19C2489-597B-2BED-432C-244B551E75FD","transform":{"columns":[[0.19130345,-0.012172668,0.9814554,0],[-0.9807143,0.038407158,0.19163534,0],[-0.04002763,-0.9991878,-0.004590488,0],[1.2087625,0.7311595,-0.52596843,0.9999999]]},"name":"Mandrill"},"timestamp":1742672311.079265,"label":"ARImageAnchor didUpdate"},{"content":{"name":"Peppers","identifier":"61BB3DDD-C96C-6E82-3432-BD712CCBCB28","transform":{"columns":[[0.21326631,-0.005554369,0.9769783,0],[-0.97683585,-0.019211827,0.21312597,0],[0.01758574,-0.99979997,-0.009522933,0],[1.426389,0.11513791,0.17732054,1]]}},"timestamp":1742672313.7049499,"label":"ARImageAnchor didAdd"},{"timestamp":1742672313.712432,"label":"ARImageAnchor didUpdate","content":{"transform":{"columns":[[0.21326631,-0.005554369,0.9769783,0],[-0.97683585,-0.019211827,0.21312597,0],[0.01758574,-0.99979997,-0.009522933,0],[1.426389,0.11513791,0.17732054,1]]},"name":"Peppers","identifier":"61BB3DDD-C96C-6E82-3432-BD712CCBCB28"}},{"content":{"name":"bunny","identifier":"021AC877-50F6-4609-BA40-FB6861B41E10","transform":{"columns":[[-0.26554465,0.0026189077,-0.96409476,0],[0.0014778677,0.9999962,0.0023093768,0],[0.96409756,-0.000811562,-0.2655476,0],[-0.096526325,-0.43536973,-0.688417,1]]}},"label":"Bunny didUpdate","timestamp":1742672318.645341}]