[{"timestamp":1742642792.519048,"label":"Application launched"},{"timestamp":1742642792.519133,"label":"Initialize ARViewModel"},{"timestamp":1742642792.520874,"label":"Finished Initialize ARViewModel"},{"label":"Initialize AnchorManager","timestamp":1742642792.520896},{"label":"Fininshed Initialize AnchorManager","timestamp":1742642792.520901},{"label":"ContentView Initialize","timestamp":1742642792.520905},{"content":{"beaconName":"DWM3001CDK (8449B511)","position":[-0.16841315,-0.29636338,-0.2479827]},"label":"Finished Ranging","timestamp":1742642829.888431},{"timestamp":1742642829.924361,"label":"Bunny didAdd","content":{"transform":{"columns":[[-0.76553345,0,-0.6433961,0],[0,1,0,0],[0.6433961,0,-0.76553345,0],[-0.16841315,-0.29636338,-0.2479827,1]]},"name":"bunny","identifier":"A398F1AE-F26A-452D-8919-E01E14EC1C69"}},{"content":{"transform":{"columns":[[0.7957661,0.019834751,-0.60527915,0],[0.60510236,0.01463361,0.79601324,0],[0.024646109,-0.9996962,-0.00035713438,0],[-0.1540983,-0.6011399,0.2842946,1.0000001]]},"name":"Car","identifier":"FF85DBE1-76D3-E459-2D24-8EDCEE263300"},"label":"ARImageAnchor didAdd","timestamp":1742642831.890815},{"content":{"transform":{"columns":[[0.7957661,0.019834751,-0.60527915,0],[0.60510236,0.01463361,0.79601324,0],[0.024646109,-0.9996962,-0.00035713438,0],[-0.1540983,-0.6011399,0.2842946,1.0000001]]},"identifier":"FF85DBE1-76D3-E459-2D24-8EDCEE263300","name":"Car"},"label":"ARImageAnchor didUpdate","timestamp":1742642831.902275},{"label":"ARImageAnchor didAdd","content":{"name":"Earth","identifier":"088EF783-5990-B052-BE99-B8AA15BA6C68","transform":{"columns":[[0.74995846,0.0048891134,-0.6614666,0],[0.6611942,-0.035173956,0.74938965,0],[-0.019602554,-0.99936914,-0.02961166,0],[-1.2783368,0.6451045,0.4884132,1]]}},"timestamp":1742642835.607533},{"content":{"identifier":"088EF783-5990-B052-BE99-B8AA15BA6C68","name":"Earth","transform":{"columns":[[0.74995846,0.0048891134,-0.6614666,0],[0.6611942,-0.035173956,0.74938965,0],[-0.019602554,-0.99936914,-0.02961166,0],[-1.2783368,0.6451045,0.4884132,1]]}},"label":"ARImageAnchor didUpdate","timestamp":1742642835.614439},{"content":{"transform":{"columns":[[0.7414461,0.0067281467,-0.6709787,0],[0.6709446,-0.021657797,0.7411911,0],[-0.009545078,-0.99974275,-0.020572307,0],[-1.2828798,0.6470428,0.49115288,1]]},"identifier":"088EF783-5990-B052-BE99-B8AA15BA6C68","name":"Earth"},"label":"ARImageAnchor didUpdate","timestamp":1742642836.130971},{"timestamp":1742642836.1467361,"content":{"identifier":"088EF783-5990-B052-BE99-B8AA15BA6C68","transform":{"columns":[[0.7414461,0.0067281467,-0.6709787,0],[0.6709446,-0.021657797,0.7411911,0],[-0.009545078,-0.99974275,-0.020572307,0],[-1.2828798,0.6470428,0.49115288,1]]},"name":"Earth"},"label":"ARImageAnchor didUpdate"},{"label":"ARImageAnchor didAdd","timestamp":1742642840.8734741,"content":{"identifier":"6BAD7D5D-D14A-EF93-1C8B-F6BEC80B8329","transform":{"columns":[[-0.63874954,-0.03331454,-0.76869315,0],[0.76938355,-0.03664206,-0.63773525,0],[-0.006920664,-0.9987729,0.04903677,0],[0.35066837,-0.5976888,-0.21384707,1]]},"name":"Lenna"}},{"label":"ARImageAnchor didUpdate","content":{"identifier":"6BAD7D5D-D14A-EF93-1C8B-F6BEC80B8329","transform":{"columns":[[-0.63874954,-0.03331454,-0.76869315,0],[0.76938355,-0.03664206,-0.63773525,0],[-0.006920664,-0.9987729,0.04903677,0],[0.35066837,-0.5976888,-0.21384707,1]]},"name":"Lenna"},"timestamp":1742642840.8820682},{"content":{"transform":{"columns":[[0.7678492,0.0052360906,-0.640609,0],[0.64058787,0.0052506872,0.76786673,0],[0.007384254,-0.99997234,0.00067755306,0],[0.13919845,0.8225522,-0.6735975,0.9999999]]},"identifier":"C35EAC54-3E90-1B97-807B-5E3B8F238DB7","name":"Sailboat"},"timestamp":1742642844.042026,"label":"ARImageAnchor didAdd"},{"label":"ARImageAnchor didUpdate","content":{"name":"Sailboat","transform":{"columns":[[0.7678492,0.0052360906,-0.640609,0],[0.64058787,0.0052506872,0.76786673,0],[0.007384254,-0.99997234,0.00067755306,0],[0.13919845,0.8225522,-0.6735975,0.9999999]]},"identifier":"C35EAC54-3E90-1B97-807B-5E3B8F238DB7"},"timestamp":1742642844.0477738},{"timestamp":1742642844.564904,"label":"ARImageAnchor didUpdate","content":{"identifier":"C35EAC54-3E90-1B97-807B-5E3B8F238DB7","transform":{"columns":[[0.76765835,0.004577808,-0.64084285,0],[0.6408024,0.007836067,0.7676658,0],[0.008535913,-0.9999587,0.003081952,0],[0.1364854,0.8283012,-0.6762963,1]]},"name":"Sailboat"}},{"label":"ARImageAnchor didUpdate","timestamp":1742642844.5814428,"content":{"name":"Sailboat","identifier":"C35EAC54-3E90-1B97-807B-5E3B8F238DB7","transform":{"columns":[[0.76765835,0.004577808,-0.64084285,0],[0.6408024,0.007836067,0.7676658,0],[0.008535913,-0.9999587,0.003081952,0],[0.1364854,0.8283012,-0.6762963,1]]}}},{"content":{"identifier":"A19C2489-597B-2BED-432C-244B551E75FD","name":"Mandrill","transform":{"columns":[[0.627369,-0.013578542,0.77860373,0],[-0.77717566,0.052063715,0.62712634,0],[-0.049052462,-0.9985514,0.02211025,0],[1.053671,0.85632306,-0.70273197,1]]}},"timestamp":1742642846.173327,"label":"ARImageAnchor didAdd"},{"timestamp":1742642846.180907,"label":"ARImageAnchor didUpdate","content":{"identifier":"A19C2489-597B-2BED-432C-244B551E75FD","transform":{"columns":[[0.627369,-0.013578542,0.77860373,0],[-0.77717566,0.052063715,0.62712634,0],[-0.049052462,-0.9985514,0.02211025,0],[1.053671,0.85632306,-0.70273197,1]]},"name":"Mandrill"}},{"label":"ARImageAnchor didUpdate","content":{"transform":{"columns":[[0.63275486,-0.009641216,0.774292,0],[-0.77254975,0.06032328,0.6320823,0],[-0.052801885,-0.9981323,0.030721541,0],[1.0461828,0.85508955,-0.7034287,1]]},"identifier":"A19C2489-597B-2BED-432C-244B551E75FD","name":"Mandrill"},"timestamp":1742642846.697679},{"content":{"transform":{"columns":[[0.63275486,-0.009641216,0.774292,0],[-0.77254975,0.06032328,0.6320823,0],[-0.052801885,-0.9981323,0.030721541,0],[1.0461828,0.85508955,-0.7034287,1]]},"identifier":"A19C2489-597B-2BED-432C-244B551E75FD","name":"Mandrill"},"timestamp":1742642846.7144918,"label":"ARImageAnchor didUpdate"},{"timestamp":1742642848.80632,"label":"ARImageAnchor didAdd","content":{"identifier":"61BB3DDD-C96C-6E82-3432-BD712CCBCB28","transform":{"columns":[[0.6317275,-0.0024500296,0.77518654,0],[-0.77518684,0.0010437495,0.6317311,0],[-0.0023568831,-0.99999636,-0.0012398444,0],[1.5689161,0.24128644,-0.17826797,1]]},"name":"Peppers"}},{"label":"ARImageAnchor didUpdate","timestamp":1742642848.8146858,"content":{"transform":{"columns":[[0.6317275,-0.0024500296,0.77518654,0],[-0.77518684,0.0010437495,0.6317311,0],[-0.0023568831,-0.99999636,-0.0012398444,0],[1.5689161,0.24128644,-0.17826797,1]]},"name":"Peppers","identifier":"61BB3DDD-C96C-6E82-3432-BD712CCBCB28"}},{"content":{"transform":{"columns":[[0.6383559,-0.0032736836,0.7697344,0],[-0.7696828,0.009614615,0.63835394,0],[-0.009490463,-0.9999483,0.0036178464,0],[1.563914,0.24127561,-0.17877346,1]]},"name":"Peppers","identifier":"61BB3DDD-C96C-6E82-3432-BD712CCBCB28"},"timestamp":1742642849.3302112,"label":"ARImageAnchor didUpdate"},{"content":{"transform":{"columns":[[0.6383559,-0.0032736836,0.7697344,0],[-0.7696828,0.009614615,0.63835394,0],[-0.009490463,-0.9999483,0.0036178464,0],[1.563914,0.24127561,-0.17877346,1]]},"name":"Peppers","identifier":"61BB3DDD-C96C-6E82-3432-BD712CCBCB28"},"timestamp":1742642849.34779,"label":"ARImageAnchor didUpdate"},{"content":{"transform":{"columns":[[-0.7656406,0.0011583691,-0.6432675,0],[0.0006319051,0.9999993,0.00104864,0],[0.6432682,0.00039639728,-0.76564074,0],[-0.16849299,-0.2962173,-0.24807532,0.99999994]]},"identifier":"A398F1AE-F26A-452D-8919-E01E14EC1C69","name":"bunny"},"label":"Bunny didUpdate","timestamp":1742642854.2307549},{"label":"ARImageAnchor didUpdate","content":{"identifier":"A19C2489-597B-2BED-432C-244B551E75FD","name":"Mandrill","transform":{"columns":[[0.647546,-0.01382135,0.7619008,0],[-0.76113784,0.036530845,0.6475603,0],[-0.036783032,-0.99923676,0.013135458,0],[1.0562414,0.86143804,-0.71473897,1]]}},"timestamp":1742642862.114143},{"timestamp":1742642862.131391,"label":"ARImageAnchor didUpdate","content":{"identifier":"A19C2489-597B-2BED-432C-244B551E75FD","transform":{"columns":[[0.647546,-0.01382135,0.7619008,0],[-0.76113784,0.036530845,0.6475603,0],[-0.036783032,-0.99923676,0.013135458,0],[1.0562414,0.86143804,-0.71473897,1]]},"name":"Mandrill"}},{"label":"ARImageAnchor didUpdate","content":{"name":"Mandrill","transform":{"columns":[[0.64004445,-0.010910689,0.7682601,0],[-0.766705,0.056079257,0.6395452,0],[-0.050061345,-0.9983666,0.027527932,0],[1.056116,0.8606222,-0.70682627,0.9999998]]},"identifier":"A19C2489-597B-2BED-432C-244B551E75FD"},"timestamp":1742642862.712393},{"content":{"name":"Mandrill","transform":{"columns":[[0.64004445,-0.010910689,0.7682601,0],[-0.766705,0.056079257,0.6395452,0],[-0.050061345,-0.9983666,0.027527932,0],[1.056116,0.8606222,-0.70682627,0.9999998]]},"identifier":"A19C2489-597B-2BED-432C-244B551E75FD"},"timestamp":1742642862.7451758,"label":"ARImageAnchor didUpdate"},{"content":{"name":"Peppers","transform":{"columns":[[0.6399159,-0.005635807,0.7684242,0],[-0.7684323,-0.010425165,0.639846,0],[0.0044048904,-0.99992967,-0.01100196,0],[1.5719236,0.24177563,-0.17666754,0.9999999]]},"identifier":"61BB3DDD-C96C-6E82-3432-BD712CCBCB28"},"timestamp":1742642864.879802,"label":"ARImageAnchor didUpdate"},{"content":{"transform":{"columns":[[0.6399159,-0.005635807,0.7684242,0],[-0.7684323,-0.010425165,0.639846,0],[0.0044048904,-0.99992967,-0.01100196,0],[1.5719236,0.24177563,-0.17666754,0.9999999]]},"name":"Peppers","identifier":"61BB3DDD-C96C-6E82-3432-BD712CCBCB28"},"timestamp":1742642864.914036,"label":"ARImageAnchor didUpdate"},{"timestamp":1742642867.344465,"label":"Bunny didUpdate","content":{"identifier":"A398F1AE-F26A-452D-8919-E01E14EC1C69","name":"bunny","transform":{"columns":[[-0.76569754,0.0015834671,-0.64319897,0],[0.00082377,0.99999857,0.0014812001,0],[0.6432004,0.0006043031,-0.7656977,0],[-0.16852114,-0.29615614,-0.24811205,1]]}}}]