[{"label":"Application launched","timestamp":1742644408.521679},{"timestamp":1742644408.52176,"label":"Initialize ARViewModel"},{"label":"Finished Initialize ARViewModel","timestamp":1742644408.5231872},{"timestamp":1742644408.52321,"label":"Initialize AnchorManager"},{"timestamp":1742644408.523215,"label":"Fininshed Initialize AnchorManager"},{"label":"ContentView Initialize","timestamp":1742644408.523219},{"content":{"position":[0.26344225,-0.39373434,-0.7514888],"beaconName":"DWM3001CDK (8449B511)"},"timestamp":1742644429.6623,"label":"Finished Ranging"},{"timestamp":1742644429.716924,"label":"Bunny didAdd","content":{"name":"bunny","identifier":"224F2DD7-C7D1-488E-833C-1B1D00715CF4","transform":{"columns":[[0.5244473,0,-0.8514429,0],[0,1,0,0],[0.8514429,0,0.5244473,0],[0.26344225,-0.39373434,-0.7514888,1]]}}},{"timestamp":1742644433.683399,"label":"ARImageAnchor didAdd","content":{"identifier":"FF85DBE1-76D3-E459-2D24-8EDCEE263300","transform":{"columns":[[0.7372257,0.013857655,0.67550445,0],[-0.6748858,-0.032330077,0.7372137,0],[0.032055166,-0.9993812,-0.014482231,0],[-0.26080096,-0.6975888,-0.6392901,1]]},"name":"Car"}},{"content":{"name":"Car","transform":{"columns":[[0.7372257,0.013857655,0.67550445,0],[-0.6748858,-0.032330077,0.7372137,0],[0.032055166,-0.9993812,-0.014482231,0],[-0.26080096,-0.6975888,-0.6392901,1]]},"identifier":"FF85DBE1-76D3-E459-2D24-8EDCEE263300"},"timestamp":1742644433.69221,"label":"ARImageAnchor didUpdate"},{"label":"ARImageAnchor didAdd","timestamp":1742644436.350034,"content":{"transform":{"columns":[[0.7729621,0.0026311532,0.6344468,0],[-0.634366,-0.013278013,0.7729188,0],[0.010457864,-0.9999083,-0.00859429,0],[-0.6533447,0.5545529,-1.7207758,1]]},"identifier":"088EF783-5990-B052-BE99-B8AA15BA6C68","name":"Earth"}},{"timestamp":1742644436.358712,"label":"ARImageAnchor didUpdate","content":{"name":"Earth","identifier":"088EF783-5990-B052-BE99-B8AA15BA6C68","transform":{"columns":[[0.7729621,0.0026311532,0.6344468,0],[-0.634366,-0.013278013,0.7729188,0],[0.010457864,-0.9999083,-0.00859429,0],[-0.6533447,0.5545529,-1.7207758,1]]}}},{"label":"ARImageAnchor didAdd","timestamp":1742644441.149461,"content":{"name":"Lenna","transform":{"columns":[[0.66192895,-0.03532869,-0.74873364,0],[0.7477556,-0.038271397,0.6628701,0],[-0.05207342,-0.9986425,0.0010842828,0],[0.31111646,-0.6976046,-0.2226621,0.99999994]]},"identifier":"6BAD7D5D-D14A-EF93-1C8B-F6BEC80B8329"}},{"label":"ARImageAnchor didUpdate","timestamp":1742644441.156497,"content":{"identifier":"6BAD7D5D-D14A-EF93-1C8B-F6BEC80B8329","transform":{"columns":[[0.66192895,-0.03532869,-0.74873364,0],[0.7477556,-0.038271397,0.6628701,0],[-0.05207342,-0.9986425,0.0010842828,0],[0.31111646,-0.6976046,-0.2226621,0.99999994]]},"name":"Lenna"}},{"label":"ARImageAnchor didAdd","content":{"name":"Sailboat","identifier":"C35EAC54-3E90-1B97-807B-5E3B8F238DB7","transform":{"columns":[[0.7541885,0.0031324644,0.65665036,0],[-0.6566557,0.0062068957,0.7541649,0],[-0.0017133612,-0.9999758,0.006738116,0],[0.74172723,0.7323393,-0.50363684,0.99999994]]}},"timestamp":1742644443.8161302},{"timestamp":1742644443.823049,"label":"ARImageAnchor didUpdate","content":{"identifier":"C35EAC54-3E90-1B97-807B-5E3B8F238DB7","name":"Sailboat","transform":{"columns":[[0.7541885,0.0031324644,0.65665036,0],[-0.6566557,0.0062068957,0.7541649,0],[-0.0017133612,-0.9999758,0.006738116,0],[0.74172723,0.7323393,-0.50363684,0.99999994]]}}},{"content":{"name":"Mandrill","identifier":"A19C2489-597B-2BED-432C-244B551E75FD","transform":{"columns":[[-0.6615153,-0.011613594,0.74984175,0],[-0.7490201,0.059517264,-0.6598686,0],[-0.036965076,-0.9981597,-0.048070405,0],[0.906248,0.75746685,0.3994389,1]]}},"timestamp":1742644445.949373,"label":"ARImageAnchor didAdd"},{"label":"ARImageAnchor didUpdate","content":{"transform":{"columns":[[-0.6615153,-0.011613594,0.74984175,0],[-0.7490201,0.059517264,-0.6598686,0],[-0.036965076,-0.9981597,-0.048070405,0],[0.906248,0.75746685,0.3994389,1]]},"identifier":"A19C2489-597B-2BED-432C-244B551E75FD","name":"Mandrill"},"timestamp":1742644445.9576879},{"timestamp":1742644448.61583,"label":"ARImageAnchor didAdd","content":{"identifier":"61BB3DDD-C96C-6E82-3432-BD712CCBCB28","transform":{"columns":[[-0.65297675,-0.0054363986,0.7573585,0],[-0.7573165,-0.008047974,-0.6529984,0],[0.009645137,-0.99995273,0.0011380442,0],[0.47359046,0.14325666,0.99745256,1]]},"name":"Peppers"}},{"content":{"identifier":"61BB3DDD-C96C-6E82-3432-BD712CCBCB28","transform":{"columns":[[-0.65297675,-0.0054363986,0.7573585,0],[-0.7573165,-0.008047974,-0.6529984,0],[0.009645137,-0.99995273,0.0011380442,0],[0.47359046,0.14325666,0.99745256,1]]},"name":"Peppers"},"timestamp":1742644448.6229482,"label":"ARImageAnchor didUpdate"},{"content":{"name":"bunny","identifier":"224F2DD7-C7D1-488E-833C-1B1D00715CF4","transform":{"columns":[[0.52411497,0.00069115683,-0.8516473,0],[-7.1206254e-05,0.99999964,0.00076773134,0],[0.8516476,-0.0003417369,0.5241149,0],[0.26339668,-0.3936137,-0.751677,0.99999994]]}},"label":"Bunny didUpdate","timestamp":1742644454.05645},{"content":{"name":"Mandrill","transform":{"columns":[[-0.6505279,-0.012832856,0.7593738,0],[-0.7588343,0.052271422,-0.64918244,0],[-0.031362668,-0.99855024,-0.04374203,0],[0.9032421,0.7542063,0.4047928,1]]},"identifier":"A19C2489-597B-2BED-432C-244B551E75FD"},"timestamp":1742644459.255471,"label":"ARImageAnchor didUpdate"},{"timestamp":1742644459.288703,"label":"ARImageAnchor didUpdate","content":{"identifier":"A19C2489-597B-2BED-432C-244B551E75FD","transform":{"columns":[[-0.6505279,-0.012832856,0.7593738,0],[-0.7588343,0.052271422,-0.64918244,0],[-0.031362668,-0.99855024,-0.04374203,0],[0.9032421,0.7542063,0.4047928,1]]},"name":"Mandrill"}},{"timestamp":1742644461.390335,"label":"ARImageAnchor didUpdate","content":{"name":"Peppers","identifier":"61BB3DDD-C96C-6E82-3432-BD712CCBCB28","transform":{"columns":[[-0.65947753,-0.0041394206,0.751713,0],[-0.75168604,-0.006452298,-0.65948945,0],[0.00758019,-0.99997056,0.0011435939,0],[0.4693349,0.13327205,1.0125948,1]]}}},{"timestamp":1742644461.421825,"content":{"identifier":"61BB3DDD-C96C-6E82-3432-BD712CCBCB28","transform":{"columns":[[-0.65947753,-0.0041394206,0.751713,0],[-0.75168604,-0.006452298,-0.65948945,0],[0.00758019,-0.99997056,0.0011435939,0],[0.4693349,0.13327205,1.0125948,1]]},"name":"Peppers"},"label":"ARImageAnchor didUpdate"},{"content":{"name":"bunny","transform":{"columns":[[0.5240821,0.0008653719,-0.8516674,0],[4.761629e-05,0.99999934,0.0010453919,0],[0.851668,-0.00058842456,0.5240819,0],[0.26336783,-0.39358562,-0.75173473,1]]},"identifier":"224F2DD7-C7D1-488E-833C-1B1D00715CF4"},"timestamp":1742644465.757205,"label":"Bunny didUpdate"},{"label":"Bunny didUpdate","content":{"name":"bunny","identifier":"224F2DD7-C7D1-488E-833C-1B1D00715CF4","transform":{"columns":[[0.524261,0.000805682,-0.8515575,0],[8.394298e-05,0.99999934,0.0009978064,0],[0.8515581,-0.00059459347,0.52426076,0],[0.26334518,-0.39357585,-0.75178754,1]]}},"timestamp":1742644470.754164}]