[{"timestamp":1742665202.255468,"label":"Application launched"},{"timestamp":1742665202.25554,"label":"Initialize ARViewModel"},{"label":"Finished Initialize ARViewModel","timestamp":1742665202.257597},{"label":"Initialize AnchorManager","timestamp":1742665202.257625},{"timestamp":1742665202.257629,"label":"Fininshed Initialize AnchorManager"},{"label":"ContentView Initialize","timestamp":1742665202.257633},{"label":"Finished Ranging","content":{"beaconName":"DWM3001CDK (8449B511)","position":[0.019857142,-0.2637945,-0.28237545]},"timestamp":1742665226.25838},{"content":{"transform":{"columns":[[0.20853454,0,-0.978015,0],[0,1,0,0],[0.978015,0,0.20853454,0],[0.019857142,-0.2637945,-0.28237545,1]]},"identifier":"8A690C02-F448-4470-89C0-62E934689063","name":"bunny"},"timestamp":1742665226.313456,"label":"Bunny didAdd"},{"content":{"name":"Car","identifier":"FF85DBE1-76D3-E459-2D24-8EDCEE263300","transform":{"columns":[[0.9937561,0.0075472593,-0.11131721,0],[0.11137217,-0.0073089795,0.99375176,0],[0.006686479,-0.9999447,-0.008103909,0],[-0.19893244,-0.57388616,0.19063762,1]]}},"label":"ARImageAnchor didAdd","timestamp":1742665230.61336},{"timestamp":1742665230.62345,"content":{"identifier":"FF85DBE1-76D3-E459-2D24-8EDCEE263300","transform":{"columns":[[0.9937561,0.0075472593,-0.11131721,0],[0.11137217,-0.0073089795,0.99375176,0],[0.006686479,-0.9999447,-0.008103909,0],[-0.19893244,-0.57388616,0.19063762,1]]},"name":"Car"},"label":"ARImageAnchor didUpdate"},{"content":{"name":"Earth","transform":{"columns":[[0.9835628,-0.008694209,-0.18035617,0],[0.17995779,-0.034690626,0.9830623,0],[-0.014803617,-0.9993602,-0.03255581,0],[-1.2664719,0.681926,-0.17102504,0.99999994]]},"identifier":"088EF783-5990-B052-BE99-B8AA15BA6C68"},"label":"ARImageAnchor didAdd","timestamp":1742665233.2800741},{"timestamp":1742665233.2861562,"label":"ARImageAnchor didUpdate","content":{"transform":{"columns":[[0.9835628,-0.008694209,-0.18035617,0],[0.17995779,-0.034690626,0.9830623,0],[-0.014803617,-0.9993602,-0.03255581,0],[-1.2664719,0.681926,-0.17102504,0.99999994]]},"name":"Earth","identifier":"088EF783-5990-B052-BE99-B8AA15BA6C68"}},{"timestamp":1742665234.3192449,"label":"ARImageAnchor didUpdate","content":{"name":"Earth","transform":{"columns":[[0.980933,0.0001124708,-0.19434586,0],[0.1942551,-0.031131549,0.98045677,0],[-0.0059400164,-0.9995153,-0.030559812,0],[-1.2770792,0.68082255,-0.18102983,1.0000001]]},"identifier":"088EF783-5990-B052-BE99-B8AA15BA6C68"}},{"label":"ARImageAnchor didUpdate","content":{"name":"Earth","identifier":"088EF783-5990-B052-BE99-B8AA15BA6C68","transform":{"columns":[[0.980933,0.0001124708,-0.19434586,0],[0.1942551,-0.031131549,0.98045677,0],[-0.0059400164,-0.9995153,-0.030559812,0],[-1.2770792,0.68082255,-0.18102983,1.0000001]]}},"timestamp":1742665234.353549},{"label":"Bunny didUpdate","timestamp":1742665236.8543239,"content":{"transform":{"columns":[[0.20855278,0.0004308794,-0.978011,0],[0.00027551642,0.99999976,0.0004993184,0],[0.9780111,-0.00037359243,0.20855264,0],[0.019877465,-0.26384565,-0.28232518,1]]},"identifier":"8A690C02-F448-4470-89C0-62E934689063","name":"bunny"}},{"label":"ARImageAnchor didAdd","timestamp":1742665239.14643,"content":{"name":"Lenna","transform":{"columns":[[-0.15847234,-0.039447043,-0.98657495,0],[0.9872021,0.011722367,-0.15904176,0],[0.017838739,-0.9991529,0.037084524,0],[0.49156007,-0.5705428,0.014592353,1.0000001]]},"identifier":"6BAD7D5D-D14A-EF93-1C8B-F6BEC80B8329"}},{"content":{"transform":{"columns":[[-0.15847234,-0.039447043,-0.98657495,0],[0.9872021,0.011722367,-0.15904176,0],[0.017838739,-0.9991529,0.037084524,0],[0.49156007,-0.5705428,0.014592353,1.0000001]]},"name":"Lenna","identifier":"6BAD7D5D-D14A-EF93-1C8B-F6BEC80B8329"},"timestamp":1742665239.1535501,"label":"ARImageAnchor didUpdate"},{"content":{"name":"bunny","transform":{"columns":[[0.20847675,0.0005719391,-0.97802705,0],[0.00049401954,0.99999934,0.0006900936,0],[0.9780271,-0.00062703324,0.20847641,0],[0.01989082,-0.26384866,-0.28231505,0.99999994]]},"identifier":"8A690C02-F448-4470-89C0-62E934689063"},"timestamp":1742665239.153572,"label":"Bunny didUpdate"},{"timestamp":1742665241.955045,"label":"Bunny didUpdate","content":{"transform":{"columns":[[0.20837668,0.0012889038,-0.97804767,0],[0.0010230397,0.99999803,0.0015357927,0],[0.97804797,-0.0013206055,0.208375,0],[0.019922704,-0.26386744,-0.28227141,1]]},"identifier":"8A690C02-F448-4470-89C0-62E934689063","name":"bunny"}},{"timestamp":1742665242.879754,"label":"ARImageAnchor didAdd","content":{"transform":{"columns":[[0.9850843,0.0002303777,-0.17207184,0],[0.17202158,-0.02552696,0.9847623,0],[-0.004165604,-0.99967414,-0.025185844,0],[0.5398025,0.85536224,-0.50927186,1.0000001]]},"name":"Sailboat","identifier":"C35EAC54-3E90-1B97-807B-5E3B8F238DB7"}},{"timestamp":1742665242.887922,"content":{"identifier":"C35EAC54-3E90-1B97-807B-5E3B8F238DB7","transform":{"columns":[[0.9850843,0.0002303777,-0.17207184,0],[0.17202158,-0.02552696,0.9847623,0],[-0.004165604,-0.99967414,-0.025185844,0],[0.5398025,0.85536224,-0.50927186,1.0000001]]},"name":"Sailboat"},"label":"ARImageAnchor didUpdate"},{"timestamp":1742665244.479783,"content":{"transform":{"columns":[[0.15258202,-0.019061334,0.9881067,0],[-0.9878979,0.025239628,0.15303667,0],[-0.027856538,-0.9994996,-0.01497954,0],[1.3554637,0.8763357,-0.059919793,0.9999999]]},"identifier":"A19C2489-597B-2BED-432C-244B551E75FD","name":"Mandrill"},"label":"ARImageAnchor didAdd"},{"content":{"name":"Mandrill","identifier":"A19C2489-597B-2BED-432C-244B551E75FD","transform":{"columns":[[0.15258202,-0.019061334,0.9881067,0],[-0.9878979,0.025239628,0.15303667,0],[-0.027856538,-0.9994996,-0.01497954,0],[1.3554637,0.8763357,-0.059919793,0.9999999]]}},"label":"ARImageAnchor didUpdate","timestamp":1742665244.486343},{"label":"ARImageAnchor didUpdate","content":{"name":"Mandrill","transform":{"columns":[[0.1565359,-0.015081714,0.9875569,0],[-0.9871479,0.030180903,0.15693197,0],[-0.032172166,-0.9994305,-0.01016349,0],[1.3408762,0.8767108,-0.065098785,0.9999999]]},"identifier":"A19C2489-597B-2BED-432C-244B551E75FD"},"timestamp":1742665244.986088},{"timestamp":1742665245.0203428,"label":"ARImageAnchor didUpdate","content":{"name":"Mandrill","identifier":"A19C2489-597B-2BED-432C-244B551E75FD","transform":{"columns":[[0.1565359,-0.015081714,0.9875569,0],[-0.9871479,0.030180903,0.15693197,0],[-0.032172166,-0.9994305,-0.01016349,0],[1.3408762,0.8767108,-0.065098785,0.9999999]]}}},{"content":{"name":"Peppers","transform":{"columns":[[0.15432397,-0.003882055,0.9880125,0],[-0.98798585,-0.008931754,0.1542847,0],[0.008225736,-0.9999525,-0.0052137976,0],[1.5346688,0.2566916,0.64789575,1]]},"identifier":"61BB3DDD-C96C-6E82-3432-BD712CCBCB28"},"label":"ARImageAnchor didAdd","timestamp":1742665246.612884},{"timestamp":1742665246.620408,"label":"ARImageAnchor didUpdate","content":{"name":"Peppers","identifier":"61BB3DDD-C96C-6E82-3432-BD712CCBCB28","transform":{"columns":[[0.15432397,-0.003882055,0.9880125,0],[-0.98798585,-0.008931754,0.1542847,0],[0.008225736,-0.9999525,-0.0052137976,0],[1.5346688,0.2566916,0.64789575,1]]}}},{"timestamp":1742665250.754261,"label":"Bunny didUpdate","content":{"identifier":"8A690C02-F448-4470-89C0-62E934689063","transform":{"columns":[[0.20806095,0.0015836023,-0.97811437,0],[0.001157669,0.9999972,0.0018652865,0],[0.97811496,-0.001520427,0.20805864,0],[0.019939251,-0.26387614,-0.28225175,1]]},"name":"bunny"}},{"label":"ARImageAnchor didUpdate","content":{"name":"Peppers","identifier":"61BB3DDD-C96C-6E82-3432-BD712CCBCB28","transform":{"columns":[[0.74405044,-0.05025822,0.66623026,0],[-0.6669143,0.0040896907,0.74512297,0],[-0.040173218,-0.99872774,-0.030474987,0],[1.5536592,0.25567174,0.6346346,1]]}},"timestamp":1742665253.5184941},{"timestamp":1742665253.5541039,"content":{"name":"Peppers","identifier":"61BB3DDD-C96C-6E82-3432-BD712CCBCB28","transform":{"columns":[[0.74405044,-0.05025822,0.66623026,0],[-0.6669143,0.0040896907,0.74512297,0],[-0.040173218,-0.99872774,-0.030474987,0],[1.5536592,0.25567174,0.6346346,1]]}},"label":"ARImageAnchor didUpdate"},{"timestamp":1742665254.052946,"label":"ARImageAnchor didUpdate","content":{"name":"Peppers","transform":{"columns":[[0.17992651,-0.009177574,0.9836371,0],[-0.98363346,-0.011393686,0.17981964,0],[0.009556949,-0.9998929,-0.011077421,0],[1.5399989,0.2579645,0.64607376,0.99999994]]},"identifier":"61BB3DDD-C96C-6E82-3432-BD712CCBCB28"}},{"timestamp":1742665254.0857139,"label":"ARImageAnchor didUpdate","content":{"transform":{"columns":[[0.17992651,-0.009177574,0.9836371,0],[-0.98363346,-0.011393686,0.17981964,0],[0.009556949,-0.9998929,-0.011077421,0],[1.5399989,0.2579645,0.64607376,0.99999994]]},"identifier":"61BB3DDD-C96C-6E82-3432-BD712CCBCB28","name":"Peppers"}},{"label":"ARImageAnchor didUpdate","content":{"name":"Mandrill","identifier":"A19C2489-597B-2BED-432C-244B551E75FD","transform":{"columns":[[0.16950852,-0.015219734,0.98541105,0],[-0.98387975,0.055201072,0.1700977,0],[-0.0569846,-0.99835926,-0.0056173243,0],[1.3590362,0.8813751,-0.078781135,1]]}},"timestamp":1742665256.186925},{"timestamp":1742665256.2174048,"content":{"identifier":"A19C2489-597B-2BED-432C-244B551E75FD","name":"Mandrill","transform":{"columns":[[0.16950852,-0.015219734,0.98541105,0],[-0.98387975,0.055201072,0.1700977,0],[-0.0569846,-0.99835926,-0.0056173243,0],[1.3590362,0.8813751,-0.078781135,1]]}},"label":"ARImageAnchor didUpdate"},{"content":{"name":"bunny","identifier":"8A690C02-F448-4470-89C0-62E934689063","transform":{"columns":[[0.20788875,0.0017988723,-0.9781506,0],[0.0013373641,0.99999636,0.0021232807,0],[0.9781514,-0.0017495508,0.2078857,0],[0.019953817,-0.263882,-0.28223675,1]]}},"label":"Bunny didUpdate","timestamp":1742665259.4513469}]