[{"timestamp":1742675676.947978,"label":"Application launched"},{"timestamp":1742675676.948053,"label":"Initialize ARViewModel"},{"timestamp":1742675676.948817,"label":"Finished Initialize ARViewModel"},{"timestamp":1742675676.948828,"label":"Initialize AnchorManager"},{"timestamp":1742675676.948832,"label":"Fininshed Initialize AnchorManager"},{"timestamp":1742675676.9488358,"label":"ContentView Initialize"},{"content":{"beaconName":"DWM3001CDK (8449B511)","position":[0.15579018,-0.3116357,-0.56817657]},"timestamp":1742675707.141885,"label":"Finished Ranging"},{"timestamp":1742675707.165493,"label":"Bunny didAdd","content":{"name":"bunny","transform":{"columns":[[0.2811702,0,-0.95965785,0],[0,1,0,0],[0.95965785,0,0.2811702,0],[0.15579018,-0.3116357,-0.56817657,1]]},"identifier":"3EFF56A1-E223-4859-A6AC-0C123C76D642"}},{"timestamp":1742675709.215259,"label":"ARImageAnchor didAdd","content":{"transform":{"columns":[[0.877517,0.009981781,0.47944158,0],[-0.47947052,0.0005831581,0.87755775,0],[0.008480015,-0.9999499,0.0052976958,0],[-0.3195002,-0.62859726,-0.31542486,0.99999994]]},"identifier":"FF85DBE1-76D3-E459-2D24-8EDCEE263300","name":"Car"}},{"content":{"identifier":"FF85DBE1-76D3-E459-2D24-8EDCEE263300","transform":{"columns":[[0.877517,0.009981781,0.47944158,0],[-0.47947052,0.0005831581,0.87755775,0],[0.008480015,-0.9999499,0.0052976958,0],[-0.3195002,-0.62859726,-0.31542486,0.99999994]]},"name":"Car"},"label":"ARImageAnchor didUpdate","timestamp":1742675709.222523},{"content":{"transform":{"columns":[[0.8914717,-0.0028243884,0.45306772,0],[-0.4528355,-0.038169824,0.8907768,0],[0.014777608,-0.99926734,-0.03530629,0],[-0.9367046,0.60845196,-1.2744632,1]]},"name":"Earth","identifier":"088EF783-5990-B052-BE99-B8AA15BA6C68"},"timestamp":1742675712.9151711,"label":"ARImageAnchor didAdd"},{"label":"ARImageAnchor didUpdate","content":{"identifier":"088EF783-5990-B052-BE99-B8AA15BA6C68","name":"Earth","transform":{"columns":[[0.8914717,-0.0028243884,0.45306772,0],[-0.4528355,-0.038169824,0.8907768,0],[0.014777608,-0.99926734,-0.03530629,0],[-0.9367046,0.60845196,-1.2744632,1]]}},"timestamp":1742675712.923552},{"content":{"identifier":"088EF783-5990-B052-BE99-B8AA15BA6C68","name":"Earth","transform":{"columns":[[0.8925755,0.0007612024,0.45089737,0],[-0.45089558,-0.0018081429,0.8925749,0],[0.0014947195,-0.999998,-0.0012706877,0],[-0.9387137,0.615754,-1.2761081,0.9999999]]}},"timestamp":1742675713.972661,"label":"ARImageAnchor didUpdate"},{"timestamp":1742675713.989674,"label":"ARImageAnchor didUpdate","content":{"identifier":"088EF783-5990-B052-BE99-B8AA15BA6C68","name":"Earth","transform":{"columns":[[0.8925755,0.0007612024,0.45089737,0],[-0.45089558,-0.0018081429,0.8925749,0],[0.0014947195,-0.999998,-0.0012706877,0],[-0.9387137,0.615754,-1.2761081,0.9999999]]}}},{"timestamp":1742675718.78157,"label":"ARImageAnchor didAdd","content":{"name":"Lenna","identifier":"6BAD7D5D-D14A-EF93-1C8B-F6BEC80B8329","transform":{"columns":[[0.47164634,-0.037003517,-0.881011,0],[0.87960374,-0.050532073,0.4730154,0],[-0.06202254,-0.9980366,0.008715165,0],[0.33704096,-0.6351254,-0.041712172,1]]}}},{"label":"ARImageAnchor didUpdate","content":{"name":"Lenna","identifier":"6BAD7D5D-D14A-EF93-1C8B-F6BEC80B8329","transform":{"columns":[[0.47164634,-0.037003517,-0.881011,0],[0.87960374,-0.050532073,0.4730154,0],[-0.06202254,-0.9980366,0.008715165,0],[0.33704096,-0.6351254,-0.041712172,1]]}},"timestamp":1742675718.789709},{"content":{"identifier":"C35EAC54-3E90-1B97-807B-5E3B8F238DB7","transform":{"columns":[[0.8874659,0.0043945513,0.46085224,0],[-0.46074194,-0.015407668,0.8874004,0],[0.0110003855,-0.99987155,-0.01164903,0],[0.67905116,0.79150856,-0.39919573,0.99999994]]},"name":"Sailboat"},"timestamp":1742675721.9481568,"label":"ARImageAnchor didAdd"},{"timestamp":1742675721.95608,"content":{"identifier":"C35EAC54-3E90-1B97-807B-5E3B8F238DB7","name":"Sailboat","transform":{"columns":[[0.8874659,0.0043945513,0.46085224,0],[-0.46074194,-0.015407668,0.8874004,0],[0.0110003855,-0.99987155,-0.01164903,0],[0.67905116,0.79150856,-0.39919573,0.99999994]]}},"label":"ARImageAnchor didUpdate"},{"content":{"transform":{"columns":[[-0.46995914,-0.016208386,0.8825393,0],[-0.8826183,0.0211965,-0.46961194,0],[-0.011095091,-0.99964374,-0.024267312,0],[1.0524241,0.82090783,0.42816055,0.9999999]]},"name":"Mandrill","identifier":"A19C2489-597B-2BED-432C-244B551E75FD"},"label":"ARImageAnchor didAdd","timestamp":1742675724.597985},{"timestamp":1742675724.60572,"content":{"name":"Mandrill","identifier":"A19C2489-597B-2BED-432C-244B551E75FD","transform":{"columns":[[-0.46995914,-0.016208386,0.8825393,0],[-0.8826183,0.0211965,-0.46961194,0],[-0.011095091,-0.99964374,-0.024267312,0],[1.0524241,0.82090783,0.42816055,0.9999999]]}},"label":"ARImageAnchor didUpdate"},{"timestamp":1742675727.2314548,"label":"ARImageAnchor didAdd","content":{"identifier":"61BB3DDD-C96C-6E82-3432-BD712CCBCB28","transform":{"columns":[[-0.47140685,-0.0055783056,0.8818982,0],[-0.88184315,-0.009849489,-0.47143972,0],[0.011316088,-0.9999358,-0.00027609186,0],[0.7729018,0.20938776,1.1020474,1]]},"name":"Peppers"}},{"content":{"transform":{"columns":[[-0.47140685,-0.0055783056,0.8818982,0],[-0.88184315,-0.009849489,-0.47143972,0],[0.011316088,-0.9999358,-0.00027609186,0],[0.7729018,0.20938776,1.1020474,1]]},"name":"Peppers","identifier":"61BB3DDD-C96C-6E82-3432-BD712CCBCB28"},"label":"ARImageAnchor didUpdate","timestamp":1742675727.237859},{"label":"ARImageAnchor didUpdate","timestamp":1742675730.93826,"content":{"name":"Peppers","identifier":"61BB3DDD-C96C-6E82-3432-BD712CCBCB28","transform":{"columns":[[-0.46353117,-0.008234608,0.88604236,0],[-0.8860774,0.0016026555,-0.4635346,0],[0.0023970031,-0.9999648,-0.008039377,0],[0.7768636,0.20708781,1.0954409,1]]}}},{"label":"ARImageAnchor didUpdate","content":{"identifier":"61BB3DDD-C96C-6E82-3432-BD712CCBCB28","transform":{"columns":[[-0.46353117,-0.008234608,0.88604236,0],[-0.8860774,0.0016026555,-0.4635346,0],[0.0023970031,-0.9999648,-0.008039377,0],[0.7768636,0.20708781,1.0954409,1]]},"name":"Peppers"},"timestamp":1742675730.954808},{"label":"ARImageAnchor didUpdate","content":{"name":"Mandrill","transform":{"columns":[[-0.4686573,-0.013543821,0.8832763,0],[-0.88247705,0.052376512,-0.4674302,0],[-0.039932128,-0.99853545,-0.036498733,0],[1.0557454,0.8212513,0.42257917,1]]},"identifier":"A19C2489-597B-2BED-432C-244B551E75FD"},"timestamp":1742675733.589727},{"label":"ARImageAnchor didUpdate","timestamp":1742675733.605424,"content":{"name":"Mandrill","transform":{"columns":[[-0.4686573,-0.013543821,0.8832763,0],[-0.88247705,0.052376512,-0.4674302,0],[-0.039932128,-0.99853545,-0.036498733,0],[1.0557454,0.8212513,0.42257917,1]]},"identifier":"A19C2489-597B-2BED-432C-244B551E75FD"}},{"content":{"transform":{"columns":[[0.9004221,0.002774621,0.43500838,0],[-0.43425322,-0.053507317,0.8992002,0],[0.025771074,-0.9985635,-0.046974286,0],[-0.93787706,0.6198182,-1.2646246,1]]},"name":"Earth","identifier":"088EF783-5990-B052-BE99-B8AA15BA6C68"},"timestamp":1742675745.820971,"label":"ARImageAnchor didUpdate"},{"content":{"name":"Earth","identifier":"088EF783-5990-B052-BE99-B8AA15BA6C68","transform":{"columns":[[0.9004221,0.002774621,0.43500838,0],[-0.43425322,-0.053507317,0.8992002,0],[0.025771074,-0.9985635,-0.046974286,0],[-0.93787706,0.6198182,-1.2646246,1]]}},"label":"ARImageAnchor didUpdate","timestamp":1742675745.8373551}]