[{"label":"Application launched","timestamp":1742644323.964776},{"label":"Initialize ARViewModel","timestamp":1742644323.9648418},{"timestamp":1742644323.966826,"label":"Finished Initialize ARViewModel"},{"timestamp":1742644323.9668798,"label":"Initialize AnchorManager"},{"label":"Fininshed Initialize AnchorManager","timestamp":1742644323.9668941},{"timestamp":1742644323.966907,"label":"ContentView Initialize"},{"label":"Finished Ranging","content":{"beaconName":"DWM3001CDK (8449B511)","position":[-0.0724149,-0.34370166,-0.4129339]},"timestamp":1742644351.165475},{"label":"Bunny didAdd","content":{"name":"bunny","transform":{"columns":[[-0.7265258,0,-0.6871393,0],[0,1,0,0],[0.6871393,0,-0.7265258,0],[-0.0724149,-0.34370166,-0.4129339,1]]},"identifier":"240A7ADC-7512-480E-A75E-EEBDB18ED7C6"},"timestamp":1742644351.221153},{"label":"ARImageAnchor didAdd","content":{"transform":{"columns":[[0.8711248,0.010118998,-0.49095747,0],[0.4909694,0.0014388002,0.87117565,0],[0.009521815,-0.9999477,-0.0037147338,0],[-0.11368008,-0.64625937,0.11409931,1]]},"name":"Car","identifier":"FF85DBE1-76D3-E459-2D24-8EDCEE263300"},"timestamp":1742644352.7877111},{"label":"ARImageAnchor didUpdate","timestamp":1742644352.798193,"content":{"identifier":"FF85DBE1-76D3-E459-2D24-8EDCEE263300","transform":{"columns":[[0.8711248,0.010118998,-0.49095747,0],[0.4909694,0.0014388002,0.87117565,0],[0.009521815,-0.9999477,-0.0037147338,0],[-0.11368008,-0.64625937,0.11409931,1]]},"name":"Car"}},{"timestamp":1742644356.0210671,"content":{"name":"Earth","transform":{"columns":[[0.8445422,-0.0019594526,-0.5354855,0],[0.53449446,-0.05783399,0.84319085,0],[-0.03262146,-0.9983242,-0.047795933,0],[-1.2505755,0.606049,0.18210271,1.0000001]]},"identifier":"088EF783-5990-B052-BE99-B8AA15BA6C68"},"label":"ARImageAnchor didAdd"},{"label":"ARImageAnchor didUpdate","content":{"name":"Earth","identifier":"088EF783-5990-B052-BE99-B8AA15BA6C68","transform":{"columns":[[0.8445422,-0.0019594526,-0.5354855,0],[0.53449446,-0.05783399,0.84319085,0],[-0.03262146,-0.9983242,-0.047795933,0],[-1.2505755,0.606049,0.18210271,1.0000001]]}},"timestamp":1742644356.028014},{"timestamp":1742644361.354125,"label":"ARImageAnchor didAdd","content":{"name":"Lenna","transform":{"columns":[[-0.5487762,-0.0366537,-0.83516526,0],[0.8355753,0.006613449,-0.54933596,0],[0.025658501,-0.999306,0.026997624,0],[0.4527218,-0.65081996,-0.31579196,0.99999994]]},"identifier":"6BAD7D5D-D14A-EF93-1C8B-F6BEC80B8329"}},{"timestamp":1742644361.36122,"content":{"transform":{"columns":[[-0.5487762,-0.0366537,-0.83516526,0],[0.8355753,0.006613449,-0.54933596,0],[0.025658501,-0.999306,0.026997624,0],[0.4527218,-0.65081996,-0.31579196,0.99999994]]},"name":"Lenna","identifier":"6BAD7D5D-D14A-EF93-1C8B-F6BEC80B8329"},"label":"ARImageAnchor didUpdate"},{"timestamp":1742644361.8603868,"content":{"name":"Lenna","identifier":"6BAD7D5D-D14A-EF93-1C8B-F6BEC80B8329","transform":{"columns":[[-0.5008386,-0.030126126,-0.8650161,0],[0.8652219,-0.044544894,-0.49940628,0],[-0.023486853,-0.998553,0.048375573,0],[0.45671707,-0.6471029,-0.3146813,1]]}},"label":"ARImageAnchor didUpdate"},{"timestamp":1742644361.89345,"content":{"identifier":"6BAD7D5D-D14A-EF93-1C8B-F6BEC80B8329","transform":{"columns":[[-0.5008386,-0.030126126,-0.8650161,0],[0.8652219,-0.044544894,-0.49940628,0],[-0.023486853,-0.998553,0.048375573,0],[0.45671707,-0.6471029,-0.3146813,1]]},"name":"Lenna"},"label":"ARImageAnchor didUpdate"},{"timestamp":1742644364.554029,"label":"ARImageAnchor didAdd","content":{"name":"Sailboat","identifier":"C35EAC54-3E90-1B97-807B-5E3B8F238DB7","transform":{"columns":[[0.85252804,0.0012417801,-0.52268,0],[0.52267003,-0.008650419,0.8524912,0],[-0.0034628003,-0.9999618,-0.008023771,0],[0.3148026,0.7785206,-0.7988904,1]]}}},{"label":"ARImageAnchor didUpdate","content":{"transform":{"columns":[[0.85252804,0.0012417801,-0.52268,0],[0.52267003,-0.008650419,0.8524912,0],[-0.0034628003,-0.9999618,-0.008023771,0],[0.3148026,0.7785206,-0.7988904,1]]},"name":"Sailboat","identifier":"C35EAC54-3E90-1B97-807B-5E3B8F238DB7"},"timestamp":1742644364.560916},{"label":"ARImageAnchor didAdd","content":{"transform":{"columns":[[0.52079725,-0.016175406,0.8535271,0],[-0.8523404,0.04614567,0.5209476,0],[-0.047813132,-0.9988037,0.010245592,0],[1.2288955,0.80738294,-0.7005192,0.99999994]]},"identifier":"A19C2489-597B-2BED-432C-244B551E75FD","name":"Mandrill"},"timestamp":1742644367.7537131},{"label":"ARImageAnchor didUpdate","timestamp":1742644367.764142,"content":{"name":"Mandrill","identifier":"A19C2489-597B-2BED-432C-244B551E75FD","transform":{"columns":[[0.52079725,-0.016175406,0.8535271,0],[-0.8523404,0.04614567,0.5209476,0],[-0.047813132,-0.9988037,0.010245592,0],[1.2288955,0.80738294,-0.7005192,0.99999994]]}}},{"content":{"name":"Peppers","identifier":"61BB3DDD-C96C-6E82-3432-BD712CCBCB28","transform":{"columns":[[0.5381324,-0.00740834,0.84282774,0],[-0.84273165,-0.02220017,0.5378759,0],[0.01472616,-0.999726,-0.018189866,0],[1.6688273,0.19359446,-0.11552018,1]]}},"timestamp":1742644370.420195,"label":"ARImageAnchor didAdd"},{"content":{"identifier":"61BB3DDD-C96C-6E82-3432-BD712CCBCB28","transform":{"columns":[[0.5381324,-0.00740834,0.84282774,0],[-0.84273165,-0.02220017,0.5378759,0],[0.01472616,-0.999726,-0.018189866,0],[1.6688273,0.19359446,-0.11552018,1]]},"name":"Peppers"},"label":"ARImageAnchor didUpdate","timestamp":1742644370.4274411},{"timestamp":1742644375.296444,"label":"Bunny didUpdate","content":{"transform":{"columns":[[-0.7262436,-0.00016268504,-0.6874374,0],[-5.3135787e-05,0.9999999,-0.00018051901,0],[0.6874375,-9.457328e-05,-0.7262437,0],[-0.07242845,-0.3436975,-0.41294727,1]]},"name":"bunny","identifier":"240A7ADC-7512-480E-A75E-EEBDB18ED7C6"}},{"content":{"name":"bunny","identifier":"240A7ADC-7512-480E-A75E-EEBDB18ED7C6","transform":{"columns":[[-0.7262141,-0.00026582304,-0.68746865,0],[-0.000120864745,1,-0.0002589927,0],[0.68746877,-0.00010499342,-0.7262141,0],[-0.07243226,-0.3436963,-0.41295093,1.0000001]]}},"timestamp":1742644376.895163,"label":"Bunny didUpdate"},{"timestamp":1742644379.992151,"label":"ARImageAnchor didUpdate","content":{"transform":{"columns":[[0.84304106,-0.00384122,-0.5378355,0],[0.5377148,-0.016333498,0.8429684,0],[-0.012022766,-0.9998591,-0.011704349,0],[-1.2561373,0.6154536,0.15536213,0.9999999]]},"name":"Earth","identifier":"088EF783-5990-B052-BE99-B8AA15BA6C68"}},{"label":"ARImageAnchor didUpdate","timestamp":1742644380.025169,"content":{"name":"Earth","transform":{"columns":[[0.84304106,-0.00384122,-0.5378355,0],[0.5377148,-0.016333498,0.8429684,0],[-0.012022766,-0.9998591,-0.011704349,0],[-1.2561373,0.6154536,0.15536213,0.9999999]]},"identifier":"088EF783-5990-B052-BE99-B8AA15BA6C68"}},{"label":"ARImageAnchor didUpdate","timestamp":1742644384.2593188,"content":{"identifier":"C35EAC54-3E90-1B97-807B-5E3B8F238DB7","name":"Sailboat","transform":{"columns":[[0.8427364,0.009574947,-0.5382413,0],[0.5380727,0.015714236,0.8427519,0],[0.016527366,-0.99983066,0.008090911,0],[0.31960192,0.79375505,-0.810392,1]]}}},{"label":"ARImageAnchor didUpdate","timestamp":1742644384.293462,"content":{"identifier":"C35EAC54-3E90-1B97-807B-5E3B8F238DB7","name":"Sailboat","transform":{"columns":[[0.8427364,0.009574947,-0.5382413,0],[0.5380727,0.015714236,0.8427519,0],[0.016527366,-0.99983066,0.008090911,0],[0.31960192,0.79375505,-0.810392,1]]}}},{"timestamp":1742644385.859916,"label":"ARImageAnchor didUpdate","content":{"identifier":"A19C2489-597B-2BED-432C-244B551E75FD","name":"Mandrill","transform":{"columns":[[0.5266029,-0.014301699,0.8499912,0],[-0.8484877,0.052924164,0.526562,0],[-0.05251579,-0.998496,0.015735202,0],[1.2068665,0.81794083,-0.71827793,1]]}}},{"label":"ARImageAnchor didUpdate","content":{"name":"Mandrill","identifier":"A19C2489-597B-2BED-432C-244B551E75FD","transform":{"columns":[[0.5266029,-0.014301699,0.8499912,0],[-0.8484877,0.052924164,0.526562,0],[-0.05251579,-0.998496,0.015735202,0],[1.2068665,0.81794083,-0.71827793,1]]}},"timestamp":1742644385.893378},{"timestamp":1742644386.3925838,"label":"ARImageAnchor didUpdate","content":{"identifier":"A19C2489-597B-2BED-432C-244B551E75FD","name":"Mandrill","transform":{"columns":[[0.5308764,-0.015160885,0.84731376,0],[-0.84579444,0.05297433,0.5308724,0],[-0.05293439,-0.9984807,0.01529987,0],[1.2163467,0.8172626,-0.7171892,1]]}}},{"timestamp":1742644386.428339,"label":"ARImageAnchor didUpdate","content":{"transform":{"columns":[[0.5308764,-0.015160885,0.84731376,0],[-0.84579444,0.05297433,0.5308724,0],[-0.05293439,-0.9984807,0.01529987,0],[1.2163467,0.8172626,-0.7171892,1]]},"identifier":"A19C2489-597B-2BED-432C-244B551E75FD","name":"Mandrill"}},{"timestamp":1742644388.59729,"content":{"identifier":"240A7ADC-7512-480E-A75E-EEBDB18ED7C6","name":"bunny","transform":{"columns":[[-0.7261487,-9.686819e-05,-0.6875376,0],[-2.3545101e-06,1,-0.00013840475,0],[0.6875376,-9.8883625e-05,-0.7261488,0],[-0.072430246,-0.3436977,-0.41294745,0.9999999]]}},"label":"Bunny didUpdate"},{"label":"Bunny didUpdate","content":{"identifier":"240A7ADC-7512-480E-A75E-EEBDB18ED7C6","name":"bunny","transform":{"columns":[[-0.72614825,-9.5038406e-05,-0.6875379,0],[-5.4272214e-06,0.9999999,-0.00013249807,0],[0.68753797,-9.248181e-05,-0.72614825,0],[-0.072430514,-0.34369764,-0.41294673,0.9999999]]}},"timestamp":1742644388.6950932},{"label":"Bunny didUpdate","content":{"name":"bunny","identifier":"240A7ADC-7512-480E-A75E-EEBDB18ED7C6","transform":{"columns":[[-0.7261803,-0.00016549513,-0.6875038,0],[2.9490897e-05,0.99999976,-0.00027186875,0],[0.687504,-0.00021770086,-0.72618026,0],[-0.07242754,-0.34369135,-0.4129497,0.9999999]]}},"timestamp":1742644393.195026},{"content":{"identifier":"088EF783-5990-B052-BE99-B8AA15BA6C68","name":"Earth","transform":{"columns":[[0.83035773,0.004233861,-0.5572146,0],[0.55691016,-0.040216032,0.8295984,0],[-0.01889656,-0.999182,-0.035751577,0],[-1.2609283,0.61147505,0.16344318,0.99999994]]}},"timestamp":1742644397.0572891,"label":"ARImageAnchor didUpdate"},{"timestamp":1742644397.09111,"label":"ARImageAnchor didUpdate","content":{"name":"Earth","identifier":"088EF783-5990-B052-BE99-B8AA15BA6C68","transform":{"columns":[[0.83035773,0.004233861,-0.5572146,0],[0.55691016,-0.040216032,0.8295984,0],[-0.01889656,-0.999182,-0.035751577,0],[-1.2609283,0.61147505,0.16344318,0.99999994]]}}},{"content":{"transform":{"columns":[[-0.72618866,-0.00021998545,-0.68749493,0],[6.0282383e-07,0.99999976,-0.00032061784,0],[0.6874951,-0.00023324353,-0.7261887,0],[-0.07242874,-0.34369272,-0.41295397,1.0000001]]},"name":"bunny","identifier":"240A7ADC-7512-480E-A75E-EEBDB18ED7C6"},"timestamp":1742644399.496546,"label":"Bunny didUpdate"}]