[{"timestamp":1742638464.2368898,"label":"Application launched"},{"label":"Initialize ARViewModel","timestamp":1742638464.236942},{"label":"Finished Initialize ARViewModel","timestamp":1742638464.2385058},{"timestamp":1742638464.238528,"label":"Initialize AnchorManager"},{"label":"Fininshed Initialize AnchorManager","timestamp":1742638464.238533},{"label":"ContentView Initialize","timestamp":1742638464.2385368},{"label":"Finished Ranging","content":{"position":[0.22315569,-0.39734972,-0.49046564],"beaconName":"DWM3001CDK (8449B511)"},"timestamp":1742638498.284689},{"label":"Bunny didAdd","content":{"identifier":"BA16F831-935D-4729-9C10-0B3B386C1C3F","name":"bunny","transform":{"columns":[[-0.3448727,0,-0.9386494,0],[0,1,0,0],[0.9386494,0,-0.3448727,0],[0.22315569,-0.39734972,-0.49046564,1]]}},"timestamp":1742638498.341507},{"timestamp":1742638501.074765,"label":"ARImageAnchor didAdd","content":{"identifier":"FF85DBE1-76D3-E459-2D24-8EDCEE263300","name":"Car","transform":{"columns":[[0.98689294,0.014114495,-0.16075805,0],[0.16110225,-0.028115982,0.98653716,0],[0.009404605,-0.999505,-0.030021356,0],[-0.0121671185,-0.7056232,-0.026940495,1]]}}},{"label":"ARImageAnchor didUpdate","timestamp":1742638501.082437,"content":{"transform":{"columns":[[0.98689294,0.014114495,-0.16075805,0],[0.16110225,-0.028115982,0.98653716,0],[0.009404605,-0.999505,-0.030021356,0],[-0.0121671185,-0.7056232,-0.026940495,1]]},"identifier":"FF85DBE1-76D3-E459-2D24-8EDCEE263300","name":"Car"}},{"label":"ARImageAnchor didAdd","content":{"name":"Earth","identifier":"088EF783-5990-B052-BE99-B8AA15BA6C68","transform":{"columns":[[0.97458667,0.0050305496,-0.22395416,0],[0.22400282,-0.030245692,0.974119,0],[-0.0018732955,-0.9995298,-0.030603906,0],[-1.1079702,0.54277045,-0.36367732,0.9999999]]}},"timestamp":1742638504.274729},{"content":{"transform":{"columns":[[0.97458667,0.0050305496,-0.22395416,0],[0.22400282,-0.030245692,0.974119,0],[-0.0018732955,-0.9995298,-0.030603906,0],[-1.1079702,0.54277045,-0.36367732,0.9999999]]},"identifier":"088EF783-5990-B052-BE99-B8AA15BA6C68","name":"Earth"},"label":"ARImageAnchor didUpdate","timestamp":1742638504.281096},{"content":{"transform":{"columns":[[0.97520334,0.012062002,-0.22098161,0],[0.22092691,0.0057092174,0.97527355,0],[0.013025388,-0.9999109,0.0029028265,0],[0.6879668,0.7358033,-0.71921647,1]]},"identifier":"C35EAC54-3E90-1B97-807B-5E3B8F238DB7","name":"Sailboat"},"timestamp":1742638508.00802,"label":"ARImageAnchor didAdd"},{"label":"ARImageAnchor didUpdate","content":{"identifier":"C35EAC54-3E90-1B97-807B-5E3B8F238DB7","name":"Sailboat","transform":{"columns":[[0.97520334,0.012062002,-0.22098161,0],[0.22092691,0.0057092174,0.97527355,0],[0.013025388,-0.9999109,0.0029028265,0],[0.6879668,0.7358033,-0.71921647,1]]}},"timestamp":1742638508.0145102},{"content":{"identifier":"BA16F831-935D-4729-9C10-0B3B386C1C3F","transform":{"columns":[[-0.34455106,-0.00024169328,-0.9387675,0],[0.00039148662,0.9999998,-0.00040114333,0],[0.93876743,-0.0005057293,-0.3445509,0],[0.22315979,-0.39736202,-0.49045902,0.99999994]]},"name":"bunny"},"timestamp":1742638510.44906,"label":"Bunny didUpdate"},{"label":"ARImageAnchor didAdd","timestamp":1742638510.674288,"content":{"transform":{"columns":[[-0.18144375,-0.029278677,-0.98296523,0],[0.9834007,-0.004340783,-0.18139479,0],[0.0010441018,-0.99956185,0.029580295,0],[0.65696836,-0.7087455,-0.23167425,1]]},"identifier":"6BAD7D5D-D14A-EF93-1C8B-F6BEC80B8329","name":"Lenna"}},{"timestamp":1742638510.681478,"label":"ARImageAnchor didUpdate","content":{"transform":{"columns":[[-0.18144375,-0.029278677,-0.98296523,0],[0.9834007,-0.004340783,-0.18139479,0],[0.0010441018,-0.99956185,0.029580295,0],[0.65696836,-0.7087455,-0.23167425,1]]},"identifier":"6BAD7D5D-D14A-EF93-1C8B-F6BEC80B8329","name":"Lenna"}},{"content":{"name":"bunny","identifier":"BA16F831-935D-4729-9C10-0B3B386C1C3F","transform":{"columns":[[-0.34454414,-0.00030399652,-0.93877006,0],[0.00041222342,0.9999997,-0.000475117,0],[0.93877,-0.0005506818,-0.3445439,0],[0.22315913,-0.39736682,-0.4904549,0.99999994]]}},"label":"Bunny didUpdate","timestamp":1742638510.749948},{"content":{"name":"Mandrill","transform":{"columns":[[0.1838562,-0.016585082,0.9828133,0],[-0.9816509,0.04835413,0.1844548,0],[-0.050582286,-0.9986925,-0.007390548,0],[1.5417199,0.7469524,-0.30050445,1.0000001]]},"identifier":"A19C2489-597B-2BED-432C-244B551E75FD"},"timestamp":1742638513.3408232,"label":"ARImageAnchor didAdd"},{"timestamp":1742638513.348676,"label":"ARImageAnchor didUpdate","content":{"identifier":"A19C2489-597B-2BED-432C-244B551E75FD","transform":{"columns":[[0.1838562,-0.016585082,0.9828133,0],[-0.9816509,0.04835413,0.1844548,0],[-0.050582286,-0.9986925,-0.007390548,0],[1.5417199,0.7469524,-0.30050445,1.0000001]]},"name":"Mandrill"}},{"label":"ARImageAnchor didUpdate","timestamp":1742638513.846963,"content":{"name":"Mandrill","transform":{"columns":[[0.19288273,-0.016666682,0.9810802,0],[-0.9799857,0.04689844,0.1934643,0],[-0.04923556,-0.9987605,-0.0072872057,0],[1.5473199,0.7498734,-0.2690109,1]]},"identifier":"A19C2489-597B-2BED-432C-244B551E75FD"}},{"label":"ARImageAnchor didUpdate","content":{"name":"Mandrill","identifier":"A19C2489-597B-2BED-432C-244B551E75FD","transform":{"columns":[[0.19288273,-0.016666682,0.9810802,0],[-0.9799857,0.04689844,0.1934643,0],[-0.04923556,-0.9987605,-0.0072872057,0],[1.5473199,0.7498734,-0.2690109,1]]}},"timestamp":1742638513.880621},{"timestamp":1742638517.3495588,"content":{"name":"bunny","identifier":"BA16F831-935D-4729-9C10-0B3B386C1C3F","transform":{"columns":[[-0.34454286,-0.0004993479,-0.93877053,0],[0.00069888827,0.9999993,-0.0007884191,0],[0.93877023,-0.00092773983,-0.3445423,0],[0.22314218,-0.39737743,-0.4904365,1]]}},"label":"Bunny didUpdate"},{"label":"Bunny didUpdate","timestamp":1742638517.449363,"content":{"transform":{"columns":[[-0.34454256,-0.00049934787,-0.9387706,0],[0.0006988885,0.9999992,-0.00078841875,0],[0.9387704,-0.0009277399,-0.344542,0],[0.2231423,-0.3973778,-0.49043703,1]]},"identifier":"BA16F831-935D-4729-9C10-0B3B386C1C3F","name":"bunny"}},{"label":"Bunny didUpdate","timestamp":1742638520.151136,"content":{"identifier":"BA16F831-935D-4729-9C10-0B3B386C1C3F","transform":{"columns":[[-0.34457144,-0.00051679154,-0.9387599,0],[0.000706235,0.99999917,-0.00080972724,0],[0.93875974,-0.00094199425,-0.34457082,0],[0.22313939,-0.3973791,-0.49043417,0.99999994]]},"name":"bunny"}},{"label":"Bunny didUpdate","content":{"transform":{"columns":[[-0.34457105,-0.0005173884,-0.93876004,0],[0.000706977,0.99999917,-0.0008106351,0],[0.93875986,-0.00094300334,-0.34457043,0],[0.22313936,-0.3973792,-0.4904343,0.99999994]]},"name":"bunny","identifier":"BA16F831-935D-4729-9C10-0B3B386C1C3F"},"timestamp":1742638520.2474399},{"timestamp":1742638520.348476,"label":"Bunny didUpdate","content":{"name":"bunny","identifier":"BA16F831-935D-4729-9C10-0B3B386C1C3F","transform":{"columns":[[-0.3445731,-0.0005143476,-0.9387594,0],[0.00071116304,0.9999992,-0.0008089345,0],[0.9387592,-0.0009463482,-0.3445725,0],[0.22313893,-0.3973788,-0.4904343,1]]}}},{"content":{"name":"bunny","transform":{"columns":[[-0.34457338,-0.00051604863,-0.9387592,0],[0.0007106168,0.9999992,-0.00081054633,0],[0.938759,-0.0009463909,-0.34457278,0],[0.22313894,-0.39737904,-0.49043423,0.99999994]]},"identifier":"BA16F831-935D-4729-9C10-0B3B386C1C3F"},"timestamp":1742638520.448502,"label":"Bunny didUpdate"},{"label":"Bunny didUpdate","timestamp":1742638520.5485039,"content":{"transform":{"columns":[[-0.34491542,-0.0005168897,-0.93863356,0],[0.00070899894,0.99999917,-0.0008112153,0],[0.9386333,-0.0009452911,-0.34491482,0],[0.22307052,-0.3974638,-0.4904634,0.9999999]]},"identifier":"BA16F831-935D-4729-9C10-0B3B386C1C3F","name":"bunny"}},{"content":{"transform":{"columns":[[0.9794114,0.0066320696,-0.20176542,0],[0.20184636,-0.015525221,0.9792941,0],[0.003362295,-0.9998574,-0.016544241,0],[0.706393,0.72833574,-0.70400536,1]]},"identifier":"C35EAC54-3E90-1B97-807B-5E3B8F238DB7","name":"Sailboat"},"timestamp":1742638524.513229,"label":"ARImageAnchor didUpdate"},{"label":"ARImageAnchor didUpdate","content":{"name":"Sailboat","identifier":"C35EAC54-3E90-1B97-807B-5E3B8F238DB7","transform":{"columns":[[0.9794114,0.0066320696,-0.20176542,0],[0.20184636,-0.015525221,0.9792941,0],[0.003362295,-0.9998574,-0.016544241,0],[0.706393,0.72833574,-0.70400536,1]]}},"timestamp":1742638524.546803},{"timestamp":1742638526.648021,"label":"ARImageAnchor didUpdate","content":{"identifier":"A19C2489-597B-2BED-432C-244B551E75FD","transform":{"columns":[[0.19430162,-0.011054659,0.98087955,0],[-0.9798167,0.045692574,0.19460595,0],[-0.04697022,-0.99889433,-0.0019533974,0],[1.5175785,0.75905025,-0.30564025,0.99999994]]},"name":"Mandrill"}},{"content":{"identifier":"A19C2489-597B-2BED-432C-244B551E75FD","transform":{"columns":[[0.19430162,-0.011054659,0.98087955,0],[-0.9798167,0.045692574,0.19460595,0],[-0.04697022,-0.99889433,-0.0019533974,0],[1.5175785,0.75905025,-0.30564025,0.99999994]]},"name":"Mandrill"},"timestamp":1742638526.6808329,"label":"ARImageAnchor didUpdate"},{"content":{"name":"Peppers","identifier":"61BB3DDD-C96C-6E82-3432-BD712CCBCB28","transform":{"columns":[[0.19809723,-0.0007301807,0.9801821,0],[-0.9800147,-0.018640911,0.1980495,0],[0.018126862,-0.99982595,-0.0044083013,0],[1.7351437,0.14289354,0.40300822,1]]}},"label":"ARImageAnchor didAdd","timestamp":1742638528.806797},{"content":{"transform":{"columns":[[0.19809723,-0.0007301807,0.9801821,0],[-0.9800147,-0.018640911,0.1980495,0],[0.018126862,-0.99982595,-0.0044083013,0],[1.7351437,0.14289354,0.40300822,1]]},"name":"Peppers","identifier":"61BB3DDD-C96C-6E82-3432-BD712CCBCB28"},"label":"ARImageAnchor didUpdate","timestamp":1742638528.814287},{"label":"ARImageAnchor didUpdate","content":{"name":"Lenna","identifier":"6BAD7D5D-D14A-EF93-1C8B-F6BEC80B8329","transform":{"columns":[[-0.1871258,-0.042968746,-0.98139566,0],[0.9818133,0.024401562,-0.18827385,0],[0.032037508,-0.9987783,0.03762112,0],[0.65127766,-0.69923073,-0.21631433,1]]}},"timestamp":1742638531.980921},{"label":"ARImageAnchor didUpdate","timestamp":1742638532.015861,"content":{"identifier":"6BAD7D5D-D14A-EF93-1C8B-F6BEC80B8329","transform":{"columns":[[-0.1871258,-0.042968746,-0.98139566,0],[0.9818133,0.024401562,-0.18827385,0],[0.032037508,-0.9987783,0.03762112,0],[0.65127766,-0.69923073,-0.21631433,1]]},"name":"Lenna"}},{"content":{"identifier":"6BAD7D5D-D14A-EF93-1C8B-F6BEC80B8329","transform":{"columns":[[-0.15873262,-0.030943524,-0.98683655,0],[0.9873174,-0.007868425,-0.15856324,0],[-0.0028583459,-0.99949,0.031800024,0],[0.64744246,-0.7018487,-0.23383015,1]]},"name":"Lenna"},"label":"ARImageAnchor didUpdate","timestamp":1742638532.5133939},{"timestamp":1742638532.546691,"label":"ARImageAnchor didUpdate","content":{"transform":{"columns":[[-0.15873262,-0.030943524,-0.98683655,0],[0.9873174,-0.007868425,-0.15856324,0],[-0.0028583459,-0.99949,0.031800024,0],[0.64744246,-0.7018487,-0.23383015,1]]},"identifier":"6BAD7D5D-D14A-EF93-1C8B-F6BEC80B8329","name":"Lenna"}},{"timestamp":1742638533.046187,"label":"ARImageAnchor didUpdate","content":{"identifier":"6BAD7D5D-D14A-EF93-1C8B-F6BEC80B8329","name":"Lenna","transform":{"columns":[[-0.15728305,-0.026490577,-0.98719805,0],[0.9875175,-0.012764616,-0.15699136,0],[-0.008442401,-0.9995675,0.028167563,0],[0.64711916,-0.7024869,-0.2170081,0.99999994]]}}},{"label":"ARImageAnchor didUpdate","content":{"identifier":"6BAD7D5D-D14A-EF93-1C8B-F6BEC80B8329","transform":{"columns":[[-0.15728305,-0.026490577,-0.98719805,0],[0.9875175,-0.012764616,-0.15699136,0],[-0.008442401,-0.9995675,0.028167563,0],[0.64711916,-0.7024869,-0.2170081,0.99999994]]},"name":"Lenna"},"timestamp":1742638533.0803251},{"content":{"identifier":"BA16F831-935D-4729-9C10-0B3B386C1C3F","name":"bunny","transform":{"columns":[[-0.34475127,-0.0008307947,-0.9386936,0],[0.0009947061,0.99999845,-0.0012503755,0],[0.9386934,-0.001364793,-0.34475,0],[0.22306752,-0.39748448,-0.4904461,0.99999994]]}},"timestamp":1742638535.847935,"label":"Bunny didUpdate"},{"label":"Bunny didUpdate","timestamp":1742638535.9515672,"content":{"transform":{"columns":[[-0.34474787,-0.0008307947,-0.9386949,0],[0.0009947105,0.99999845,-0.001250372,0],[0.9386946,-0.0013647932,-0.3447466,0],[0.22306967,-0.39748323,-0.49044633,1]]},"name":"bunny","identifier":"BA16F831-935D-4729-9C10-0B3B386C1C3F"}},{"label":"Bunny didUpdate","timestamp":1742638536.148176,"content":{"name":"bunny","identifier":"BA16F831-935D-4729-9C10-0B3B386C1C3F","transform":{"columns":[[-0.34475115,-0.0008491627,-0.9386936,0],[0.0009890968,0.99999833,-0.0012678829,0],[0.93869334,-0.0013655633,-0.3447498,0],[0.2230693,-0.3974843,-0.49044392,0.9999999]]}}},{"content":{"transform":{"columns":[[0.9897053,0.013015869,-0.14252695,0],[0.14269927,-0.013440089,0.9896748,0],[0.010965913,-0.9998249,-0.0151591245,0],[-0.02800994,-0.70084953,-0.01860866,0.99999994]]},"identifier":"FF85DBE1-76D3-E459-2D24-8EDCEE263300","name":"Car"},"timestamp":1742638536.7807,"label":"ARImageAnchor didUpdate"},{"content":{"identifier":"FF85DBE1-76D3-E459-2D24-8EDCEE263300","transform":{"columns":[[0.9897053,0.013015869,-0.14252695,0],[0.14269927,-0.013440089,0.9896748,0],[0.010965913,-0.9998249,-0.0151591245,0],[-0.02800994,-0.70084953,-0.01860866,0.99999994]]},"name":"Car"},"label":"ARImageAnchor didUpdate","timestamp":1742638536.814007},{"label":"ARImageAnchor didUpdate","content":{"name":"Earth","identifier":"088EF783-5990-B052-BE99-B8AA15BA6C68","transform":{"columns":[[0.97900206,0.004109757,-0.20380887,0],[0.20381437,-0.0009772421,0.97900903,0],[0.0038243122,-0.999991,-0.0017943543,0],[-1.1047033,0.5523401,-0.35478115,0.99999994]]}},"timestamp":1742638539.444788},{"label":"ARImageAnchor didUpdate","content":{"identifier":"088EF783-5990-B052-BE99-B8AA15BA6C68","transform":{"columns":[[0.97900206,0.004109757,-0.20380887,0],[0.20381437,-0.0009772421,0.97900903,0],[0.0038243122,-0.999991,-0.0017943543,0],[-1.1047033,0.5523401,-0.35478115,0.99999994]]},"name":"Earth"},"timestamp":1742638539.4785619},{"label":"Bunny didUpdate","timestamp":1742638541.951714,"content":{"identifier":"BA16F831-935D-4729-9C10-0B3B386C1C3F","transform":{"columns":[[-0.3447616,-0.0009445075,-0.9386896,0],[0.0010169366,0.9999981,-0.0013796961,0],[0.9386895,-0.0014302545,-0.3447601,0],[0.22306672,-0.39749178,-0.49043655,0.99999994]]},"name":"bunny"}},{"label":"ARImageAnchor didUpdate","timestamp":1742638543.7130442,"content":{"transform":{"columns":[[0.9780727,0.014884122,-0.20773101,0],[0.20773838,0.0010688786,0.97818375,0],[0.014781443,-0.99988854,-0.0020465595,0],[0.70378596,0.74257255,-0.7202682,0.99999994]]},"name":"Sailboat","identifier":"C35EAC54-3E90-1B97-807B-5E3B8F238DB7"}},{"label":"ARImageAnchor didUpdate","content":{"identifier":"C35EAC54-3E90-1B97-807B-5E3B8F238DB7","transform":{"columns":[[0.9780727,0.014884122,-0.20773101,0],[0.20773838,0.0010688786,0.97818375,0],[0.014781443,-0.99988854,-0.0020465595,0],[0.70378596,0.74257255,-0.7202682,0.99999994]]},"name":"Sailboat"},"timestamp":1742638543.7468271},{"content":{"name":"Mandrill","transform":{"columns":[[0.19268237,-0.012431769,0.98118234,0],[-0.9800944,0.046306696,0.19305539,0],[-0.047835317,-0.99884987,-0.0032618418,0],[1.5183563,0.7703531,-0.31086546,0.99999994]]},"identifier":"A19C2489-597B-2BED-432C-244B551E75FD"},"label":"ARImageAnchor didUpdate","timestamp":1742638545.84712},{"content":{"name":"Mandrill","transform":{"columns":[[0.19268237,-0.012431769,0.98118234,0],[-0.9800944,0.046306696,0.19305539,0],[-0.047835317,-0.99884987,-0.0032618418,0],[1.5183563,0.7703531,-0.31086546,0.99999994]]},"identifier":"A19C2489-597B-2BED-432C-244B551E75FD"},"label":"ARImageAnchor didUpdate","timestamp":1742638545.879637},{"label":"Bunny didUpdate","content":{"identifier":"BA16F831-935D-4729-9C10-0B3B386C1C3F","name":"bunny","transform":{"columns":[[-0.3446386,-0.0010740039,-0.9387346,0],[0.0010874375,0.99999774,-0.0015433269,0],[0.9387345,-0.0015527058,-0.34463677,0],[0.22307286,-0.39750096,-0.49043286,0.99999994]]}},"timestamp":1742638548.249177},{"label":"ARImageAnchor didUpdate","content":{"identifier":"6BAD7D5D-D14A-EF93-1C8B-F6BEC80B8329","name":"Lenna","transform":{"columns":[[-0.14583571,-0.029629977,-0.98886496,0],[0.9888846,0.024900064,-0.1465847,0],[0.028966071,-0.9992507,0.025669316,0],[0.6550793,-0.7018494,-0.22432868,1]]}},"timestamp":1742638550.112953},{"timestamp":1742638550.147263,"label":"ARImageAnchor didUpdate","content":{"name":"Lenna","identifier":"6BAD7D5D-D14A-EF93-1C8B-F6BEC80B8329","transform":{"columns":[[-0.14583571,-0.029629977,-0.98886496,0],[0.9888846,0.024900064,-0.1465847,0],[0.028966071,-0.9992507,0.025669316,0],[0.6550793,-0.7018494,-0.22432868,1]]}}},{"label":"Bunny didUpdate","timestamp":1742638550.246939,"content":{"identifier":"BA16F831-935D-4729-9C10-0B3B386C1C3F","transform":{"columns":[[-0.34464997,-0.0010887445,-0.93873024,0],[0.0011069746,0.9999976,-0.0015662226,0],[0.93873024,-0.0015789499,-0.34464812,0],[0.22307071,-0.397502,-0.490431,0.99999994]]},"name":"bunny"}},{"content":{"identifier":"BA16F831-935D-4729-9C10-0B3B386C1C3F","transform":{"columns":[[-0.3444967,-0.0010918732,-0.9387865,0],[0.0011057487,0.9999976,-0.0015688308,0],[0.9387865,-0.0015785198,-0.34449485,0],[0.22313584,-0.39742294,-0.49038506,0.99999994]]},"name":"bunny"},"timestamp":1742638550.34725,"label":"Bunny didUpdate"},{"label":"ARImageAnchor didUpdate","timestamp":1742638550.645783,"content":{"name":"Lenna","identifier":"6BAD7D5D-D14A-EF93-1C8B-F6BEC80B8329","transform":{"columns":[[-0.16956326,-0.02804736,-0.9851201,0],[0.98536485,-0.022513108,-0.16896445,0],[-0.017439015,-0.999353,0.03145428,0],[0.66542333,-0.6933989,-0.28408536,1]]}}},{"timestamp":1742638550.680902,"label":"ARImageAnchor didUpdate","content":{"transform":{"columns":[[-0.16956326,-0.02804736,-0.9851201,0],[0.98536485,-0.022513108,-0.16896445,0],[-0.017439015,-0.999353,0.03145428,0],[0.66542333,-0.6933989,-0.28408536,1]]},"name":"Lenna","identifier":"6BAD7D5D-D14A-EF93-1C8B-F6BEC80B8329"}},{"label":"ARImageAnchor didUpdate","timestamp":1742638554.978343,"content":{"identifier":"FF85DBE1-76D3-E459-2D24-8EDCEE263300","name":"Car","transform":{"columns":[[0.9872763,0.009124355,-0.15875158,0],[0.15882678,-0.008212366,0.9872722,0],[0.0077045183,-0.99992454,-0.009557069,0],[-0.02482216,-0.69204617,-0.082000814,1]]}}},{"timestamp":1742638555.0124578,"content":{"name":"Car","identifier":"FF85DBE1-76D3-E459-2D24-8EDCEE263300","transform":{"columns":[[0.9872763,0.009124355,-0.15875158,0],[0.15882678,-0.008212366,0.9872722,0],[0.0077045183,-0.99992454,-0.009557069,0],[-0.02482216,-0.69204617,-0.082000814,1]]}},"label":"ARImageAnchor didUpdate"},{"label":"Bunny didUpdate","timestamp":1742638559.046338,"content":{"identifier":"BA16F831-935D-4729-9C10-0B3B386C1C3F","transform":{"columns":[[-0.34448794,-0.0010441008,-0.93878984,0],[0.0013192113,0.99999726,-0.0015962577,0],[0.9387895,-0.0017883545,-0.3444858,0],[0.22312406,-0.397415,-0.49038446,0.99999994]]},"name":"bunny"}},{"label":"ARImageAnchor didUpdate","content":{"name":"Sailboat","identifier":"C35EAC54-3E90-1B97-807B-5E3B8F238DB7","transform":{"columns":[[0.97605973,0.011807408,-0.21718238,0],[0.21692246,0.020071639,0.9759824,0],[0.015883042,-0.9997287,0.017029833,0],[0.70319426,0.74764156,-0.7755221,0.99999994]]}},"timestamp":1742638560.8457751},{"content":{"transform":{"columns":[[0.97605973,0.011807408,-0.21718238,0],[0.21692246,0.020071639,0.9759824,0],[0.015883042,-0.9997287,0.017029833,0],[0.70319426,0.74764156,-0.7755221,0.99999994]]},"name":"Sailboat","identifier":"C35EAC54-3E90-1B97-807B-5E3B8F238DB7"},"label":"ARImageAnchor didUpdate","timestamp":1742638560.879043},{"content":{"identifier":"088EF783-5990-B052-BE99-B8AA15BA6C68","name":"Earth","transform":{"columns":[[0.98110217,-0.0035899503,-0.19345726,0],[0.1932752,-0.028978877,0.9807166,0],[-0.009126897,-0.9995735,-0.027737388,0],[-1.1138916,0.56965786,-0.44176096,1]]}},"timestamp":1742638563.510865,"label":"ARImageAnchor didUpdate"},{"timestamp":1742638563.54452,"label":"ARImageAnchor didUpdate","content":{"name":"Earth","transform":{"columns":[[0.98110217,-0.0035899503,-0.19345726,0],[0.1932752,-0.028978877,0.9807166,0],[-0.009126897,-0.9995735,-0.027737388,0],[-1.1138916,0.56965786,-0.44176096,1]]},"identifier":"088EF783-5990-B052-BE99-B8AA15BA6C68"}},{"label":"ARImageAnchor didUpdate","timestamp":1742638564.0445251,"content":{"name":"Earth","transform":{"columns":[[0.9749368,0.0048900344,-0.22242823,0],[0.22248188,-0.022320814,0.97468126,0],[-0.00019855364,-0.9997388,-0.022849305,0],[-1.1024824,0.5693718,-0.43675536,0.99999994]]},"identifier":"088EF783-5990-B052-BE99-B8AA15BA6C68"}},{"label":"ARImageAnchor didUpdate","content":{"transform":{"columns":[[0.9749368,0.0048900344,-0.22242823,0],[0.22248188,-0.022320814,0.97468126,0],[-0.00019855364,-0.9997388,-0.022849305,0],[-1.1024824,0.5693718,-0.43675536,0.99999994]]},"name":"Earth","identifier":"088EF783-5990-B052-BE99-B8AA15BA6C68"},"timestamp":1742638564.0777678},{"content":{"identifier":"BA16F831-935D-4729-9C10-0B3B386C1C3F","transform":{"columns":[[-0.34449413,-0.0011230324,-0.9387875,0],[0.0012912992,0.9999971,-0.0016701054,0],[0.9387872,-0.0017875981,-0.34449193,0],[0.22312531,-0.39742196,-0.4903797,1]]},"name":"bunny"},"label":"Bunny didUpdate","timestamp":1742638564.745781},{"timestamp":1742638567.24649,"label":"Bunny didUpdate","content":{"name":"bunny","transform":{"columns":[[-0.3445108,-0.001124363,-0.9387814,0],[0.0013125167,0.99999696,-0.0016793429,0],[0.9387811,-0.0018107191,-0.34450853,0],[0.22312245,-0.3974213,-0.49037755,1]]},"identifier":"BA16F831-935D-4729-9C10-0B3B386C1C3F"}},{"content":{"identifier":"BA16F831-935D-4729-9C10-0B3B386C1C3F","name":"bunny","transform":{"columns":[[-0.344513,-0.0011272401,-0.9387806,0],[0.0013124177,0.9999969,-0.0016823757,0],[0.9387803,-0.0018116737,-0.34451067,0],[0.22312224,-0.3974215,-0.4903772,0.99999994]]}},"label":"Bunny didUpdate","timestamp":1742638567.3464642},{"content":{"name":"bunny","transform":{"columns":[[-0.34451422,-0.0011325037,-0.93878025,0],[0.0013138514,0.99999684,-0.001688511,0],[0.9387799,-0.001815135,-0.3445119,0],[0.22312209,-0.39742196,-0.49037683,1]]},"identifier":"BA16F831-935D-4729-9C10-0B3B386C1C3F"},"timestamp":1742638567.646142,"label":"Bunny didUpdate"},{"label":"Bunny didUpdate","content":{"name":"bunny","identifier":"BA16F831-935D-4729-9C10-0B3B386C1C3F","transform":{"columns":[[-0.34451336,-0.0011344583,-0.93878067,0],[0.0013138808,0.99999684,-0.0016906018,0],[0.9387802,-0.0018158818,-0.344511,0],[0.22312218,-0.39742213,-0.49037683,1]]}},"timestamp":1742638567.7460861},{"timestamp":1742638567.8451362,"label":"Bunny didUpdate","content":{"identifier":"BA16F831-935D-4729-9C10-0B3B386C1C3F","transform":{"columns":[[-0.3445098,-0.0011380292,-0.938782,0],[0.0013128817,0.9999968,-0.0016940313,0],[0.93878144,-0.0018161212,-0.3445074,0],[0.2231225,-0.3974224,-0.49037677,0.99999994]]},"name":"bunny"}},{"timestamp":1742638567.9457412,"content":{"transform":{"columns":[[-0.3445109,-0.001138029,-0.93878156,0],[0.0013128798,0.9999967,-0.0016940328,0],[0.9387811,-0.0018161213,-0.3445085,0],[0.2231226,-0.3974216,-0.49037474,1]]},"name":"bunny","identifier":"BA16F831-935D-4729-9C10-0B3B386C1C3F"},"label":"Bunny didUpdate"},{"timestamp":1742638569.9114618,"content":{"name":"Mandrill","identifier":"A19C2489-597B-2BED-432C-244B551E75FD","transform":{"columns":[[0.19381128,-0.010534701,0.98098236,0],[-0.97981274,0.047898445,0.19409461,0],[-0.0490323,-0.9987966,-0.0010387505,0],[1.528356,0.7859175,-0.37704533,1]]}},"label":"ARImageAnchor didUpdate"},{"timestamp":1742638569.9477448,"content":{"identifier":"A19C2489-597B-2BED-432C-244B551E75FD","name":"Mandrill","transform":{"columns":[[0.19381128,-0.010534701,0.98098236,0],[-0.97981274,0.047898445,0.19409461,0],[-0.0490323,-0.9987966,-0.0010387505,0],[1.528356,0.7859175,-0.37704533,1]]}},"label":"ARImageAnchor didUpdate"},{"label":"ARImageAnchor didUpdate","timestamp":1742638570.4448829,"content":{"identifier":"A19C2489-597B-2BED-432C-244B551E75FD","transform":{"columns":[[0.19659604,-0.012667472,0.98040277,0],[-0.979522,0.041758344,0.19695894,0],[-0.043434955,-0.9990474,-0.004198537,0],[1.5306368,0.77044064,-0.3588155,1]]},"name":"Mandrill"}},{"label":"ARImageAnchor didUpdate","content":{"name":"Mandrill","transform":{"columns":[[0.19659604,-0.012667472,0.98040277,0],[-0.979522,0.041758344,0.19695894,0],[-0.043434955,-0.9990474,-0.004198537,0],[1.5306368,0.77044064,-0.3588155,1]]},"identifier":"A19C2489-597B-2BED-432C-244B551E75FD"},"timestamp":1742638570.478111},{"label":"Bunny didUpdate","content":{"name":"bunny","transform":{"columns":[[-0.34450728,-0.0011280136,-0.93878293,0],[0.0013139993,0.9999967,-0.0016837678,0],[0.9387824,-0.0018136317,-0.34450495,0],[0.2231228,-0.39742076,-0.49037564,1]]},"identifier":"BA16F831-935D-4729-9C10-0B3B386C1C3F"},"timestamp":1742638571.046159},{"label":"ARImageAnchor didUpdate","content":{"name":"Peppers","transform":{"columns":[[0.18658338,-0.0032870136,0.9824337,0],[-0.98235565,-0.01366052,0.18652287,0],[0.012807476,-0.99990124,-0.0057778466,0],[1.7432001,0.15316615,0.34974167,1]]},"identifier":"61BB3DDD-C96C-6E82-3432-BD712CCBCB28"},"timestamp":1742638572.045681},{"content":{"identifier":"61BB3DDD-C96C-6E82-3432-BD712CCBCB28","name":"Peppers","transform":{"columns":[[0.18658338,-0.0032870136,0.9824337,0],[-0.98235565,-0.01366052,0.18652287,0],[0.012807476,-0.99990124,-0.0057778466,0],[1.7432001,0.15316615,0.34974167,1]]}},"label":"ARImageAnchor didUpdate","timestamp":1742638572.0789042}]