[{"timestamp":1742669957.0031009,"label":"Application launched"},{"timestamp":1742669957.0032,"label":"Initialize ARViewModel"},{"timestamp":1742669957.004883,"label":"Finished Initialize ARViewModel"},{"timestamp":1742669957.00494,"label":"Initialize AnchorManager"},{"timestamp":1742669957.0049539,"label":"Fininshed Initialize AnchorManager"},{"timestamp":1742669957.004967,"label":"ContentView Initialize"},{"label":"Finished Ranging","content":{"position":[-0.014476234,-0.30122513,-0.37548622],"beaconName":"DWM3001CDK (8449B511)"},"timestamp":1742669988.6601171},{"timestamp":1742669988.714085,"label":"Bunny didAdd","content":{"name":"bunny","transform":{"columns":[[-0.26603138,0,-0.96396434,0],[0,1,0,0],[0.96396434,0,-0.26603138,0],[-0.014476234,-0.30122513,-0.37548622,1]]},"identifier":"E34C1F6E-19FF-45CC-BE95-AD6452062F1E"}},{"timestamp":1742669991.2216182,"content":{"transform":{"columns":[[-0.2657849,-2.2651486e-05,-0.9640325,0],[-1.1093647e-05,1,-2.0438072e-05,0],[0.9640324,5.2625023e-06,-0.2657849,0],[-0.014454563,-0.30122727,-0.3754956,1]]},"name":"bunny","identifier":"E34C1F6E-19FF-45CC-BE95-AD6452062F1E"},"label":"Bunny didUpdate"},{"content":{"identifier":"FF85DBE1-76D3-E459-2D24-8EDCEE263300","transform":{"columns":[[0.9940086,0.011060989,-0.10874028,0],[0.10879666,-0.004626404,0.9940532,0],[0.010492143,-0.9999279,-0.0058020847,0],[-0.22100848,-0.6097016,0.09617835,1]]},"name":"Car"},"timestamp":1742669991.2804751,"label":"ARImageAnchor didAdd"},{"label":"ARImageAnchor didUpdate","content":{"transform":{"columns":[[0.9940086,0.011060989,-0.10874028,0],[0.10879666,-0.004626404,0.9940532,0],[0.010492143,-0.9999279,-0.0058020847,0],[-0.22100848,-0.6097016,0.09617835,1]]},"name":"Car","identifier":"FF85DBE1-76D3-E459-2D24-8EDCEE263300"},"timestamp":1742669991.288145},{"timestamp":1742669995.013918,"label":"ARImageAnchor didAdd","content":{"transform":{"columns":[[0.98564976,-0.0032339462,-0.16877125,0],[0.16871141,-0.01392379,0.98556703,0],[-0.0055372044,-0.9998976,-0.013178381,0],[-1.2805352,0.6436936,-0.2891856,1]]},"name":"Earth","identifier":"088EF783-5990-B052-BE99-B8AA15BA6C68"}},{"label":"ARImageAnchor didUpdate","timestamp":1742669995.0223088,"content":{"transform":{"columns":[[0.98564976,-0.0032339462,-0.16877125,0],[0.16871141,-0.01392379,0.98556703,0],[-0.0055372044,-0.9998976,-0.013178381,0],[-1.2805352,0.6436936,-0.2891856,1]]},"name":"Earth","identifier":"088EF783-5990-B052-BE99-B8AA15BA6C68"}},{"timestamp":1742669995.519542,"content":{"transform":{"columns":[[0.98604786,-0.003182003,-0.16643079,0],[0.16639385,-0.009599214,0.9860125,0],[-0.004735099,-0.9999487,-0.008935819,0],[-1.2890807,0.6478072,-0.29892892,0.99999994]]},"name":"Earth","identifier":"088EF783-5990-B052-BE99-B8AA15BA6C68"},"label":"ARImageAnchor didUpdate"},{"timestamp":1742669995.5531821,"label":"ARImageAnchor didUpdate","content":{"name":"Earth","identifier":"088EF783-5990-B052-BE99-B8AA15BA6C68","transform":{"columns":[[0.98604786,-0.003182003,-0.16643079,0],[0.16639385,-0.009599214,0.9860125,0],[-0.004735099,-0.9999487,-0.008935819,0],[-1.2890807,0.6478072,-0.29892892,0.99999994]]}}},{"label":"Bunny didUpdate","timestamp":1742669997.925235,"content":{"identifier":"E34C1F6E-19FF-45CC-BE95-AD6452062F1E","name":"bunny","transform":{"columns":[[-0.26547453,5.5224053e-05,-0.96411806,0],[0.00041233673,0.9999998,-5.6259545e-05,0],[0.9641179,-0.00041247663,-0.26547456,0],[-0.014485419,-0.3012098,-0.37550625,0.99999994]]}}},{"content":{"name":"Lenna","identifier":"6BAD7D5D-D14A-EF93-1C8B-F6BEC80B8329","transform":{"columns":[[-0.12341473,-0.036770716,-0.9916735,0],[0.99215084,-0.024841296,-0.122552976,0],[-0.020128075,-0.9990148,0.03954788,0],[0.4688465,-0.61482984,-0.081547044,1]]}},"label":"ARImageAnchor didAdd","timestamp":1742670000.346688},{"content":{"identifier":"6BAD7D5D-D14A-EF93-1C8B-F6BEC80B8329","transform":{"columns":[[-0.12341473,-0.036770716,-0.9916735,0],[0.99215084,-0.024841296,-0.122552976,0],[-0.020128075,-0.9990148,0.03954788,0],[0.4688465,-0.61482984,-0.081547044,1]]},"name":"Lenna"},"label":"ARImageAnchor didUpdate","timestamp":1742670000.3546162},{"timestamp":1742670003.721554,"label":"Bunny didUpdate","content":{"identifier":"E34C1F6E-19FF-45CC-BE95-AD6452062F1E","name":"bunny","transform":{"columns":[[-0.2657766,8.058689e-06,-0.9640351,0],[0.0005862668,0.99999976,-0.00015326969,0],[0.9640347,-0.00060591707,-0.26577657,0],[-0.014533309,-0.30120915,-0.37547845,1]]}}},{"content":{"name":"Sailboat","identifier":"C35EAC54-3E90-1B97-807B-5E3B8F238DB7","transform":{"columns":[[0.9873756,0.00030598204,-0.15839489,0],[0.15833391,-0.029726721,0.9869379,0],[-0.004406584,-0.9995578,-0.029399874,0],[0.53000534,0.808749,-0.58433765,0.99999994]]}},"label":"ARImageAnchor didAdd","timestamp":1742670004.6131148},{"content":{"identifier":"C35EAC54-3E90-1B97-807B-5E3B8F238DB7","name":"Sailboat","transform":{"columns":[[0.9873756,0.00030598204,-0.15839489,0],[0.15833391,-0.029726721,0.9869379,0],[-0.004406584,-0.9995578,-0.029399874,0],[0.53000534,0.808749,-0.58433765,0.99999994]]}},"timestamp":1742670004.620737,"label":"ARImageAnchor didUpdate"},{"timestamp":1742670007.279907,"label":"ARImageAnchor didAdd","content":{"name":"Mandrill","transform":{"columns":[[0.1486703,-0.0150156915,0.9887728,0],[-0.98777777,0.0450872,0.14920531,0],[-0.04682143,-0.9988701,-0.008129043,0],[1.3385708,0.8399996,-0.12856919,1]]},"identifier":"A19C2489-597B-2BED-432C-244B551E75FD"}},{"timestamp":1742670007.2868838,"label":"ARImageAnchor didUpdate","content":{"identifier":"A19C2489-597B-2BED-432C-244B551E75FD","transform":{"columns":[[0.1486703,-0.0150156915,0.9887728,0],[-0.98777777,0.0450872,0.14920531,0],[-0.04682143,-0.9988701,-0.008129043,0],[1.3385708,0.8399996,-0.12856919,1]]},"name":"Mandrill"}},{"timestamp":1742670009.4129372,"content":{"transform":{"columns":[[0.115081504,-0.006107517,0.99333715,0],[-0.9931865,-0.019179244,0.1149461,0],[0.01834947,-0.9997972,-0.00827308,0],[1.5076296,0.2165789,0.59120953,1]]},"name":"Peppers","identifier":"61BB3DDD-C96C-6E82-3432-BD712CCBCB28"},"label":"ARImageAnchor didAdd"},{"content":{"identifier":"61BB3DDD-C96C-6E82-3432-BD712CCBCB28","transform":{"columns":[[0.115081504,-0.006107517,0.99333715,0],[-0.9931865,-0.019179244,0.1149461,0],[0.01834947,-0.9997972,-0.00827308,0],[1.5076296,0.2165789,0.59120953,1]]},"name":"Peppers"},"label":"ARImageAnchor didUpdate","timestamp":1742670009.421091},{"content":{"name":"Peppers","transform":{"columns":[[0.14232749,-0.008161194,0.98978585,0],[-0.9897987,-0.0076412833,0.14226635,0],[0.0064021684,-0.9999373,-0.009165505,0],[1.5046918,0.2188694,0.5864841,1]]},"identifier":"61BB3DDD-C96C-6E82-3432-BD712CCBCB28"},"label":"ARImageAnchor didUpdate","timestamp":1742670009.920177},{"label":"ARImageAnchor didUpdate","content":{"transform":{"columns":[[0.14232749,-0.008161194,0.98978585,0],[-0.9897987,-0.0076412833,0.14226635,0],[0.0064021684,-0.9999373,-0.009165505,0],[1.5046918,0.2188694,0.5864841,1]]},"name":"Peppers","identifier":"61BB3DDD-C96C-6E82-3432-BD712CCBCB28"},"timestamp":1742670009.954373},{"label":"Bunny didUpdate","content":{"identifier":"E34C1F6E-19FF-45CC-BE95-AD6452062F1E","name":"bunny","transform":{"columns":[[-0.26613322,-8.193959e-05,-0.96393687,0],[0.000522757,0.99999976,-0.00022933309,0],[0.9639365,-0.00056493765,-0.26613307,0],[-0.014554109,-0.3012178,-0.37544996,1]]}},"timestamp":1742670014.853932},{"content":{"transform":{"columns":[[-0.26626483,-1.6468754e-05,-0.9639005,0],[0.00055300735,0.9999996,-0.00016984652,0],[0.9639,-0.00057826814,-0.26626474,0],[-0.014568939,-0.301212,-0.3754519,0.9999999]]},"name":"bunny","identifier":"E34C1F6E-19FF-45CC-BE95-AD6452062F1E"},"timestamp":1742670017.6214461,"label":"Bunny didUpdate"},{"content":{"identifier":"E34C1F6E-19FF-45CC-BE95-AD6452062F1E","transform":{"columns":[[-0.26627097,-1.5764497e-05,-0.9638988,0],[0.000559909,0.99999946,-0.00017102627,0],[0.9638983,-0.00058523484,-0.26627082,0],[-0.014570338,-0.3012117,-0.37545136,0.9999999]]},"name":"bunny"},"timestamp":1742670018.120772,"label":"Bunny didUpdate"},{"label":"Bunny didUpdate","content":{"transform":{"columns":[[-0.26622897,0.00010072266,-0.9639104,0],[0.00070683606,0.99999934,-9.073215e-05,0],[0.9639098,-0.00070548215,-0.26622885,0],[-0.0145864375,-0.30119836,-0.37546417,0.99999994]]},"name":"bunny","identifier":"E34C1F6E-19FF-45CC-BE95-AD6452062F1E"},"timestamp":1742670020.01891},{"timestamp":1742670023.3196368,"label":"Bunny didUpdate","content":{"identifier":"E34C1F6E-19FF-45CC-BE95-AD6452062F1E","transform":{"columns":[[-0.26624134,2.4592238e-05,-0.963907,0],[0.00066950836,0.9999993,-0.00015941223,0],[0.9639064,-0.0006877859,-0.26624122,0],[-0.014582497,-0.30120555,-0.37545446,0.99999994]]},"name":"bunny"}},{"timestamp":1742670024.852264,"content":{"transform":{"columns":[[0.98715836,0.0061337706,-0.15962654,0],[0.1596775,-0.00897159,0.98712826,0],[0.0046227146,-0.9999408,-0.009835818,0],[0.5567355,0.804165,-0.55923104,0.99999994]]},"name":"Sailboat","identifier":"C35EAC54-3E90-1B97-807B-5E3B8F238DB7"},"label":"ARImageAnchor didUpdate"},{"label":"ARImageAnchor didUpdate","content":{"transform":{"columns":[[0.98715836,0.0061337706,-0.15962654,0],[0.1596775,-0.00897159,0.98712826,0],[0.0046227146,-0.9999408,-0.009835818,0],[0.5567355,0.804165,-0.55923104,0.99999994]]},"identifier":"C35EAC54-3E90-1B97-807B-5E3B8F238DB7","name":"Sailboat"},"timestamp":1742670024.885521},{"timestamp":1742670027.519716,"label":"ARImageAnchor didUpdate","content":{"transform":{"columns":[[-0.13262765,-0.034327693,-0.9905712,0],[0.991085,-0.01735477,-0.13209504,0],[-0.012656617,-0.99925977,0.036323376,0],[0.47229597,-0.60452044,-0.07550454,1]]},"identifier":"6BAD7D5D-D14A-EF93-1C8B-F6BEC80B8329","name":"Lenna"}},{"label":"ARImageAnchor didUpdate","content":{"name":"Lenna","identifier":"6BAD7D5D-D14A-EF93-1C8B-F6BEC80B8329","transform":{"columns":[[-0.13262765,-0.034327693,-0.9905712,0],[0.991085,-0.01735477,-0.13209504,0],[-0.012656617,-0.99925977,0.036323376,0],[0.47229597,-0.60452044,-0.07550454,1]]}},"timestamp":1742670027.5536962},{"timestamp":1742670028.019991,"label":"Bunny didUpdate","content":{"name":"bunny","identifier":"E34C1F6E-19FF-45CC-BE95-AD6452062F1E","transform":{"columns":[[-0.26621333,4.2427586e-05,-0.9639149,0],[0.00068395043,0.99999934,-0.00014487709,0],[0.9639143,-0.00069783814,-0.26621318,0],[-0.014582125,-0.3012038,-0.37545776,1]]}}},{"label":"Bunny didUpdate","content":{"transform":{"columns":[[-0.26621,4.5079192e-05,-0.96391594,0],[0.00069381506,0.99999934,-0.00014484802,0],[0.9639152,-0.0007073392,-0.26620987,0],[-0.0145831695,-0.30120325,-0.37545794,1]]},"identifier":"E34C1F6E-19FF-45CC-BE95-AD6452062F1E","name":"bunny"},"timestamp":1742670028.5530438}]