[{"label":"Application launched","timestamp":1742662191.310102},{"label":"Initialize ARViewModel","timestamp":1742662191.3101559},{"timestamp":1742662191.3114839,"label":"Finished Initialize ARViewModel"},{"timestamp":1742662191.311538,"label":"Initialize AnchorManager"},{"label":"Fininshed Initialize AnchorManager","timestamp":1742662191.311552},{"timestamp":1742662191.311565,"label":"ContentView Initialize"},{"content":{"position":[0.17850316,-0.3507044,-0.4824651],"beaconName":"DWM3001CDK (8449B511)"},"timestamp":1742662214.994402,"label":"Finished Ranging"},{"timestamp":1742662215.04952,"label":"Bunny didAdd","content":{"name":"bunny","transform":{"columns":[[-0.05179274,0,-0.9986579,0],[0,1,0,0],[0.9986579,0,-0.05179274,0],[0.17850316,-0.3507044,-0.4824651,1]]},"identifier":"93F8697D-2EAF-4E65-91EB-84A29D38D4F5"}},{"timestamp":1742662218.549261,"label":"ARImageAnchor didAdd","content":{"identifier":"FF85DBE1-76D3-E459-2D24-8EDCEE263300","transform":{"columns":[[0.98586655,0.016206615,0.16674682,0],[-0.16682458,0.0035616292,0.98598015,0],[0.015385515,-0.99986225,0.0062149237,0],[-0.17582929,-0.64691436,-0.09387335,1]]},"name":"Car"}},{"timestamp":1742662218.558195,"label":"ARImageAnchor didUpdate","content":{"transform":{"columns":[[0.98586655,0.016206615,0.16674682,0],[-0.16682458,0.0035616292,0.98598015,0],[0.015385515,-0.99986225,0.0062149237,0],[-0.17582929,-0.64691436,-0.09387335,1]]},"name":"Car","identifier":"FF85DBE1-76D3-E459-2D24-8EDCEE263300"}},{"content":{"identifier":"088EF783-5990-B052-BE99-B8AA15BA6C68","name":"Earth","transform":{"columns":[[0.9921429,-0.0027378232,0.12508002,0],[-0.12509546,-0.036948055,0.99145645,0],[0.0019070326,-0.9993133,-0.03700024,0],[-1.1064854,0.60425425,-0.75650334,0.99999994]]}},"timestamp":1742662221.782516,"label":"ARImageAnchor didAdd"},{"timestamp":1742662221.788718,"content":{"name":"Earth","identifier":"088EF783-5990-B052-BE99-B8AA15BA6C68","transform":{"columns":[[0.9921429,-0.0027378232,0.12508002,0],[-0.12509546,-0.036948055,0.99145645,0],[0.0019070326,-0.9993133,-0.03700024,0],[-1.1064854,0.60425425,-0.75650334,0.99999994]]}},"label":"ARImageAnchor didUpdate"},{"content":{"transform":{"columns":[[0.9956275,0.0060281134,0.09321716,0],[-0.0930003,-0.029603131,0.99522585,0],[0.008758865,-0.99954337,-0.028913079,0],[-1.1098986,0.60615486,-0.7746817,0.9999999]]},"name":"Earth","identifier":"088EF783-5990-B052-BE99-B8AA15BA6C68"},"timestamp":1742662222.854161,"label":"ARImageAnchor didUpdate"},{"timestamp":1742662222.888538,"content":{"identifier":"088EF783-5990-B052-BE99-B8AA15BA6C68","name":"Earth","transform":{"columns":[[0.9956275,0.0060281134,0.09321716,0],[-0.0930003,-0.029603131,0.99522585,0],[0.008758865,-0.99954337,-0.028913079,0],[-1.1098986,0.60615486,-0.7746817,0.9999999]]}},"label":"ARImageAnchor didUpdate"},{"timestamp":1742662225.824113,"content":{"name":"bunny","identifier":"93F8697D-2EAF-4E65-91EB-84A29D38D4F5","transform":{"columns":[[-0.051444467,0.00079385436,-0.9986756,0],[0.00067528733,0.9999995,0.0007601211,0],[0.99867564,-0.00063528883,-0.051444978,0],[0.17842284,-0.35060847,-0.48260602,1]]}},"label":"Bunny didUpdate"},{"label":"ARImageAnchor didAdd","content":{"identifier":"6BAD7D5D-D14A-EF93-1C8B-F6BEC80B8329","name":"Lenna","transform":{"columns":[[0.18324044,-0.04492565,-0.9820411,0],[0.98040813,-0.065086216,0.18591328,0],[-0.07226961,-0.9968678,0.032119043,0],[0.5304332,-0.6590154,-0.07957475,1]]}},"timestamp":1742662231.948564},{"timestamp":1742662231.956465,"content":{"identifier":"6BAD7D5D-D14A-EF93-1C8B-F6BEC80B8329","transform":{"columns":[[0.18324044,-0.04492565,-0.9820411,0],[0.98040813,-0.065086216,0.18591328,0],[-0.07226961,-0.9968678,0.032119043,0],[0.5304332,-0.6590154,-0.07957475,1]]},"name":"Lenna"},"label":"ARImageAnchor didUpdate"},{"timestamp":1742662232.4572759,"content":{"identifier":"6BAD7D5D-D14A-EF93-1C8B-F6BEC80B8329","name":"Lenna","transform":{"columns":[[0.18124005,-0.03732276,-0.98273045,0],[0.98145586,-0.056562625,0.1831532,0],[-0.062421598,-0.99770105,0.02637921,0],[0.5254133,-0.6541329,-0.07414057,0.99999994]]}},"label":"ARImageAnchor didUpdate"},{"timestamp":1742662232.488634,"content":{"transform":{"columns":[[0.18124005,-0.03732276,-0.98273045,0],[0.98145586,-0.056562625,0.1831532,0],[-0.062421598,-0.99770105,0.02637921,0],[0.5254133,-0.6541329,-0.07414057,0.99999994]]},"name":"Lenna","identifier":"6BAD7D5D-D14A-EF93-1C8B-F6BEC80B8329"},"label":"ARImageAnchor didUpdate"},{"label":"ARImageAnchor didAdd","content":{"identifier":"C35EAC54-3E90-1B97-807B-5E3B8F238DB7","name":"Sailboat","transform":{"columns":[[0.9907306,0.004252164,0.13577515,0],[-0.13571565,-0.012065376,0.9906743,0],[0.0058506904,-0.99991804,-0.011376449,0],[0.71657896,0.7666628,-0.5377549,0.99999994]]}},"timestamp":1742662236.748302},{"label":"ARImageAnchor didUpdate","content":{"transform":{"columns":[[0.9907306,0.004252164,0.13577515,0],[-0.13571565,-0.012065376,0.9906743,0],[0.0058506904,-0.99991804,-0.011376449,0],[0.71657896,0.7666628,-0.5377549,0.99999994]]},"name":"Sailboat","identifier":"C35EAC54-3E90-1B97-807B-5E3B8F238DB7"},"timestamp":1742662236.756846},{"label":"ARImageAnchor didUpdate","content":{"identifier":"C35EAC54-3E90-1B97-807B-5E3B8F238DB7","name":"Sailboat","transform":{"columns":[[0.9916229,0.005171624,0.12906246,0],[-0.12912557,0.014684729,0.9915195,0],[0.003232519,-0.99987876,0.015229514,0],[0.71730745,0.77218705,-0.54183584,1]]}},"timestamp":1742662237.254431},{"content":{"transform":{"columns":[[0.9916229,0.005171624,0.12906246,0],[-0.12912557,0.014684729,0.9915195,0],[0.003232519,-0.99987876,0.015229514,0],[0.71730745,0.77218705,-0.54183584,1]]},"name":"Sailboat","identifier":"C35EAC54-3E90-1B97-807B-5E3B8F238DB7"},"label":"ARImageAnchor didUpdate","timestamp":1742662237.288488},{"content":{"identifier":"A19C2489-597B-2BED-432C-244B551E75FD","transform":{"columns":[[-0.12426325,-0.009725266,0.9922016,0],[-0.99124414,0.046214625,-0.12369036,0],[-0.044651303,-0.9988841,-0.015382895,0],[1.356344,0.8006557,0.10523247,1]]},"name":"Mandrill"},"timestamp":1742662239.414849,"label":"ARImageAnchor didAdd"},{"content":{"identifier":"A19C2489-597B-2BED-432C-244B551E75FD","name":"Mandrill","transform":{"columns":[[-0.12426325,-0.009725266,0.9922016,0],[-0.99124414,0.046214625,-0.12369036,0],[-0.044651303,-0.9988841,-0.015382895,0],[1.356344,0.8006557,0.10523247,1]]}},"timestamp":1742662239.421924,"label":"ARImageAnchor didUpdate"},{"timestamp":1742662242.081355,"label":"ARImageAnchor didAdd","content":{"name":"Peppers","identifier":"61BB3DDD-C96C-6E82-3432-BD712CCBCB28","transform":{"columns":[[-0.14756297,-0.001899852,0.9890509,0],[-0.9888918,-0.017756402,-0.14757335,0],[0.017842356,-0.99984044,0.00074144214,0],[1.3257306,0.18676558,0.846028,1]]}}},{"timestamp":1742662242.089639,"content":{"transform":{"columns":[[-0.14756297,-0.001899852,0.9890509,0],[-0.9888918,-0.017756402,-0.14757335,0],[0.017842356,-0.99984044,0.00074144214,0],[1.3257306,0.18676558,0.846028,1]]},"name":"Peppers","identifier":"61BB3DDD-C96C-6E82-3432-BD712CCBCB28"},"label":"ARImageAnchor didUpdate"},{"content":{"name":"bunny","identifier":"93F8697D-2EAF-4E65-91EB-84A29D38D4F5","transform":{"columns":[[-0.051838454,0.001962888,-0.9986536,0],[0.0014970176,0.99999714,0.0018878217,0],[0.9986544,-0.0013971399,-0.05184124,0],[0.17822567,-0.35046625,-0.4828076,1]]}},"timestamp":1742662249.125556,"label":"Bunny didUpdate"},{"timestamp":1742662249.622264,"label":"Bunny didUpdate","content":{"name":"bunny","identifier":"93F8697D-2EAF-4E65-91EB-84A29D38D4F5","transform":{"columns":[[-0.05180014,0.0020327908,-0.9986553,0],[0.0015102177,0.99999696,0.0019571872,0],[0.99865633,-0.0014068043,-0.051803045,0],[0.17822786,-0.35045773,-0.48282036,0.99999994]]}}},{"content":{"name":"Earth","identifier":"088EF783-5990-B052-BE99-B8AA15BA6C68","transform":{"columns":[[0.99479365,0.0017875334,0.10189426,0],[-0.10170188,-0.046442267,0.9937303,0],[0.006508527,-0.9989193,-0.046018682,0],[-1.0957679,0.60307825,-0.7864432,0.99999994]]}},"timestamp":1742662251.119847,"label":"ARImageAnchor didUpdate"},{"timestamp":1742662251.1532679,"label":"ARImageAnchor didUpdate","content":{"identifier":"088EF783-5990-B052-BE99-B8AA15BA6C68","transform":{"columns":[[0.99479365,0.0017875334,0.10189426,0],[-0.10170188,-0.046442267,0.9937303,0],[0.006508527,-0.9989193,-0.046018682,0],[-1.0957679,0.60307825,-0.7864432,0.99999994]]},"name":"Earth"}},{"timestamp":1742662256.986116,"label":"ARImageAnchor didUpdate","content":{"identifier":"C35EAC54-3E90-1B97-807B-5E3B8F238DB7","transform":{"columns":[[0.9924313,0.007919099,0.12254634,0],[-0.122714564,0.026315747,0.9920931,0],[0.0046315673,-0.9996223,0.027088348,0],[0.71357137,0.78649443,-0.54869545,1.0000001]]},"name":"Sailboat"}},{"timestamp":1742662257.019541,"content":{"identifier":"C35EAC54-3E90-1B97-807B-5E3B8F238DB7","transform":{"columns":[[0.9924313,0.007919099,0.12254634,0],[-0.122714564,0.026315747,0.9920931,0],[0.0046315673,-0.9996223,0.027088348,0],[0.71357137,0.78649443,-0.54869545,1.0000001]]},"name":"Sailboat"},"label":"ARImageAnchor didUpdate"},{"content":{"transform":{"columns":[[-0.1526382,-0.01315766,0.98819464,0],[-0.987531,0.04100729,-0.15198973,0],[-0.03852336,-0.99907213,-0.019252883,0],[1.3341386,0.80771047,0.12027401,1]]},"name":"Mandrill","identifier":"A19C2489-597B-2BED-432C-244B551E75FD"},"label":"ARImageAnchor didUpdate","timestamp":1742662259.123139},{"content":{"name":"Mandrill","identifier":"A19C2489-597B-2BED-432C-244B551E75FD","transform":{"columns":[[-0.1526382,-0.01315766,0.98819464,0],[-0.987531,0.04100729,-0.15198973,0],[-0.03852336,-0.99907213,-0.019252883,0],[1.3341386,0.80771047,0.12027401,1]]}},"timestamp":1742662259.153996,"label":"ARImageAnchor didUpdate"},{"timestamp":1742662260.721062,"label":"ARImageAnchor didUpdate","content":{"identifier":"61BB3DDD-C96C-6E82-3432-BD712CCBCB28","transform":{"columns":[[-0.14412922,-0.0036629701,0.98955214,0],[-0.98948044,-0.012054123,-0.1441634,0],[0.012456272,-0.9999205,-0.0018870787,0],[1.2931688,0.1927342,0.85875535,1]]},"name":"Peppers"}},{"label":"ARImageAnchor didUpdate","timestamp":1742662260.75667,"content":{"name":"Peppers","transform":{"columns":[[-0.14412922,-0.0036629701,0.98955214,0],[-0.98948044,-0.012054123,-0.1441634,0],[0.012456272,-0.9999205,-0.0018870787,0],[1.2931688,0.1927342,0.85875535,1]]},"identifier":"61BB3DDD-C96C-6E82-3432-BD712CCBCB28"}},{"content":{"identifier":"93F8697D-2EAF-4E65-91EB-84A29D38D4F5","name":"bunny","transform":{"columns":[[-0.051781517,0.0023435617,-0.99865556,0],[0.0016104371,0.9999962,0.0022632051,0],[0.9986573,-0.0014910797,-0.0517851,0],[0.17821199,-0.35042006,-0.48287603,1]]}},"label":"Bunny didUpdate","timestamp":1742662263.4254851},{"timestamp":1742662263.521821,"label":"Bunny didUpdate","content":{"identifier":"93F8697D-2EAF-4E65-91EB-84A29D38D4F5","name":"bunny","transform":{"columns":[[-0.05178233,0.0023509138,-0.9986556,0],[0.0016153719,0.9999962,0.0022703102,0],[0.9986573,-0.0014956384,-0.05178595,0],[0.17821097,-0.35041916,-0.48287734,1]]}}},{"content":{"identifier":"93F8697D-2EAF-4E65-91EB-84A29D38D4F5","transform":{"columns":[[-0.051779702,0.00236099,-0.99865574,0],[0.0016216848,0.9999961,0.0022800763,0],[0.99865746,-0.0015014431,-0.051783334,0],[0.17821014,-0.3504179,-0.48287907,1]]},"name":"bunny"},"timestamp":1742662263.622158,"label":"Bunny didUpdate"},{"label":"Bunny didUpdate","timestamp":1742662263.725524,"content":{"transform":{"columns":[[-0.051776934,0.002367526,-0.9986559,0],[0.001625027,0.9999961,0.0022864516,0],[0.99865764,-0.0015044573,-0.05178058,0],[0.17820975,-0.35041714,-0.48288032,1]]},"identifier":"93F8697D-2EAF-4E65-91EB-84A29D38D4F5","name":"bunny"}},{"label":"ARImageAnchor didUpdate","content":{"name":"Lenna","transform":{"columns":[[0.12988865,-0.032061633,-0.9910101,0],[0.99137306,-0.013500957,0.130373,0],[-0.017559547,-0.9993947,0.03003142,0],[0.5362246,-0.64741135,-0.07069537,1]]},"identifier":"6BAD7D5D-D14A-EF93-1C8B-F6BEC80B8329"},"timestamp":1742662264.4540892},{"label":"ARImageAnchor didUpdate","content":{"identifier":"6BAD7D5D-D14A-EF93-1C8B-F6BEC80B8329","name":"Lenna","transform":{"columns":[[0.12988865,-0.032061633,-0.9910101,0],[0.99137306,-0.013500957,0.130373,0],[-0.017559547,-0.9993947,0.03003142,0],[0.5362246,-0.64741135,-0.07069537,1]]}},"timestamp":1742662264.48729},{"content":{"name":"bunny","identifier":"93F8697D-2EAF-4E65-91EB-84A29D38D4F5","transform":{"columns":[[-0.051796135,0.0024953005,-0.99865454,0],[0.0017538882,0.9999955,0.0024076845,0],[0.9986564,-0.0016268198,-0.051800296,0],[0.17818426,-0.3504016,-0.4829022,0.99999994]]}},"label":"Bunny didUpdate","timestamp":1742662267.7237},{"label":"Bunny didUpdate","content":{"name":"bunny","identifier":"93F8697D-2EAF-4E65-91EB-84A29D38D4F5","transform":{"columns":[[-0.051806323,0.002498993,-0.998654,0],[0.0017708114,0.9999955,0.0024104873,0],[0.9986559,-0.0016435495,-0.05181053,0],[0.17817983,-0.3504011,-0.48290262,1]]}},"timestamp":1742662268.31961},{"content":{"transform":{"columns":[[-0.05194974,0.0025886819,-0.99864626,0],[0.0018847769,0.9999951,0.0024941324,0],[0.9986482,-0.0017526563,-0.05195439,0],[0.17814176,-0.35039008,-0.4829167,0.9999999]]},"identifier":"93F8697D-2EAF-4E65-91EB-84A29D38D4F5","name":"bunny"},"timestamp":1742662269.924871,"label":"Bunny didUpdate"},{"timestamp":1742662270.1218119,"label":"Bunny didUpdate","content":{"identifier":"93F8697D-2EAF-4E65-91EB-84A29D38D4F5","transform":{"columns":[[-0.05195099,0.0026185808,-0.9986461,0],[0.0018931945,0.99999505,0.0025236313,0],[0.9986481,-0.0017595266,-0.051955707,0],[0.17814004,-0.35038698,-0.48292294,0.99999994]]},"name":"bunny"}},{"content":{"transform":{"columns":[[-0.051983897,0.0027214044,-0.9986441,0],[0.0019006275,0.9999948,0.0026261492,0],[0.9986465,-0.0017615333,-0.05198882,0],[0.17813477,-0.35037407,-0.48294052,1]]},"name":"bunny","identifier":"93F8697D-2EAF-4E65-91EB-84A29D38D4F5"},"timestamp":1742662271.020105,"label":"Bunny didUpdate"},{"content":{"name":"Peppers","identifier":"61BB3DDD-C96C-6E82-3432-BD712CCBCB28","transform":{"columns":[[-0.12741208,-0.0047236993,0.99183863,0],[-0.9918417,-0.0034445545,-0.12742887,0],[0.0040183924,-0.99998283,-0.004246299,0],[1.3722126,0.19086468,0.84537756,0.99999994]]}},"timestamp":1742662273.521706,"label":"ARImageAnchor didUpdate"},{"label":"ARImageAnchor didUpdate","timestamp":1742662273.553828,"content":{"name":"Peppers","transform":{"columns":[[-0.12741208,-0.0047236993,0.99183863,0],[-0.9918417,-0.0034445545,-0.12742887,0],[0.0040183924,-0.99998283,-0.004246299,0],[1.3722126,0.19086468,0.84537756,0.99999994]]},"identifier":"61BB3DDD-C96C-6E82-3432-BD712CCBCB28"}},{"label":"ARImageAnchor didUpdate","content":{"identifier":"A19C2489-597B-2BED-432C-244B551E75FD","transform":{"columns":[[-0.1258081,-0.0154455025,0.99193436,0],[-0.9912705,0.041704897,-0.12507448,0],[-0.039436683,-0.99901056,-0.020557482,0],[1.3939947,0.81174326,0.100591004,1]]},"name":"Mandrill"},"timestamp":1742662275.653652},{"timestamp":1742662275.6891441,"content":{"identifier":"A19C2489-597B-2BED-432C-244B551E75FD","transform":{"columns":[[-0.1258081,-0.0154455025,0.99193436,0],[-0.9912705,0.041704897,-0.12507448,0],[-0.039436683,-0.99901056,-0.020557482,0],[1.3939947,0.81174326,0.100591004,1]]},"name":"Mandrill"},"label":"ARImageAnchor didUpdate"},{"label":"ARImageAnchor didUpdate","content":{"name":"Sailboat","identifier":"C35EAC54-3E90-1B97-807B-5E3B8F238DB7","transform":{"columns":[[0.9944211,0.0074045295,0.10522315,0],[-0.10513612,-0.011298488,0.99439365,0],[0.0085518835,-0.9999087,-0.010456973,0],[0.7364059,0.7856718,-0.5539483,0.9999999]]}},"timestamp":1742662278.31841},{"timestamp":1742662278.351975,"content":{"identifier":"C35EAC54-3E90-1B97-807B-5E3B8F238DB7","transform":{"columns":[[0.9944211,0.0074045295,0.10522315,0],[-0.10513612,-0.011298488,0.99439365,0],[0.0085518835,-0.9999087,-0.010456973,0],[0.7364059,0.7856718,-0.5539483,0.9999999]]},"name":"Sailboat"},"label":"ARImageAnchor didUpdate"},{"timestamp":1742662282.052067,"content":{"identifier":"088EF783-5990-B052-BE99-B8AA15BA6C68","name":"Earth","transform":{"columns":[[0.99402153,0.000408055,0.10918375,0],[-0.10918174,-0.0034298871,0.9940159,0],[0.000780096,-0.999994,-0.0033648396,0],[-1.1123887,0.6068257,-0.7685958,1.0000001]]}},"label":"ARImageAnchor didUpdate"},{"label":"ARImageAnchor didUpdate","content":{"transform":{"columns":[[0.99402153,0.000408055,0.10918375,0],[-0.10918174,-0.0034298871,0.9940159,0],[0.000780096,-0.999994,-0.0033648396,0],[-1.1123887,0.6068257,-0.7685958,1.0000001]]},"name":"Earth","identifier":"088EF783-5990-B052-BE99-B8AA15BA6C68"},"timestamp":1742662282.086992},{"label":"Bunny didUpdate","timestamp":1742662287.220371,"content":{"name":"bunny","identifier":"93F8697D-2EAF-4E65-91EB-84A29D38D4F5","transform":{"columns":[[-0.051981702,0.0027409168,-0.99864405,0],[0.0018980799,0.9999947,0.0026458246,0],[0.9986466,-0.0017579725,-0.051986657,0],[0.17813548,-0.3503717,-0.4829441,0.99999994]]}}}]