[{"timestamp":1742641107.143353,"label":"Application launched"},{"timestamp":1742641107.1435962,"label":"Initialize ARViewModel"},{"timestamp":1742641107.145383,"label":"Finished Initialize ARViewModel"},{"timestamp":1742641107.145417,"label":"Initialize AnchorManager"},{"timestamp":1742641107.145422,"label":"Fininshed Initialize AnchorManager"},{"label":"ContentView Initialize","timestamp":1742641107.145427},{"timestamp":1742641135.213155,"label":"Finished Ranging","content":{"beaconName":"DWM3001CDK (8449B511)","position":[0.1996281,-0.31044686,-0.16876176]}},{"label":"Bunny didAdd","content":{"transform":{"columns":[[0.21406913,0,-0.97681856,0],[0,1,0,0],[0.97681856,0,0.21406913,0],[0.1996281,-0.31044686,-0.16876176,1]]},"name":"bunny","identifier":"C2915B8C-4FB4-4B50-A545-2FA6E95D6224"},"timestamp":1742641135.280885},{"content":{"identifier":"FF85DBE1-76D3-E459-2D24-8EDCEE263300","transform":{"columns":[[0.8951561,0.0129333725,0.44556493,0],[-0.44558465,-0.0014732126,0.8952385,0],[0.012234867,-0.9999152,0.0044441624,0],[-0.26850882,-0.6157914,0.08872503,1]]},"name":"Car"},"timestamp":1742641137.5816,"label":"ARImageAnchor didAdd"},{"label":"ARImageAnchor didUpdate","content":{"transform":{"columns":[[0.8951561,0.0129333725,0.44556493,0],[-0.44558465,-0.0014732126,0.8952385,0],[0.012234867,-0.9999152,0.0044441624,0],[-0.26850882,-0.6157914,0.08872503,1]]},"name":"Car","identifier":"FF85DBE1-76D3-E459-2D24-8EDCEE263300"},"timestamp":1742641137.589795},{"content":{"identifier":"088EF783-5990-B052-BE99-B8AA15BA6C68","name":"Earth","transform":{"columns":[[0.9143095,0.00017945033,0.40501598,0],[-0.40491363,-0.022077823,0.9140882,0],[0.009105905,-0.99975616,-0.020113304,0],[-0.96365714,0.64423156,-0.82170683,1]]}},"label":"ARImageAnchor didAdd","timestamp":1742641140.247221},{"timestamp":1742641140.256397,"label":"ARImageAnchor didUpdate","content":{"transform":{"columns":[[0.9143095,0.00017945033,0.40501598,0],[-0.40491363,-0.022077823,0.9140882,0],[0.009105905,-0.99975616,-0.020113304,0],[-0.96365714,0.64423156,-0.82170683,1]]},"identifier":"088EF783-5990-B052-BE99-B8AA15BA6C68","name":"Earth"}},{"content":{"identifier":"C35EAC54-3E90-1B97-807B-5E3B8F238DB7","transform":{"columns":[[0.9189195,0.0064738314,0.39439172,0],[-0.39443988,0.010051389,0.91886675,0],[0.0019844095,-0.9999285,0.011789954,0],[0.7319474,0.8263658,-0.068519235,1]]},"name":"Sailboat"},"timestamp":1742641143.447001,"label":"ARImageAnchor didAdd"},{"timestamp":1742641143.4545588,"content":{"identifier":"C35EAC54-3E90-1B97-807B-5E3B8F238DB7","transform":{"columns":[[0.9189195,0.0064738314,0.39439172,0],[-0.39443988,0.010051389,0.91886675,0],[0.0019844095,-0.9999285,0.011789954,0],[0.7319474,0.8263658,-0.068519235,1]]},"name":"Sailboat"},"label":"ARImageAnchor didUpdate"},{"timestamp":1742641146.113523,"label":"ARImageAnchor didAdd","content":{"name":"Lenna","identifier":"6BAD7D5D-D14A-EF93-1C8B-F6BEC80B8329","transform":{"columns":[[0.4340253,-0.0298128,-0.900407,0],[0.9006179,0.039392523,0.43282261,0],[0.022565663,-0.99877894,0.043947306,0],[0.40699112,-0.6181896,0.30593812,0.99999994]]}}},{"label":"ARImageAnchor didUpdate","content":{"transform":{"columns":[[0.4340253,-0.0298128,-0.900407,0],[0.9006179,0.039392523,0.43282261,0],[0.022565663,-0.99877894,0.043947306,0],[0.40699112,-0.6181896,0.30593812,0.99999994]]},"name":"Lenna","identifier":"6BAD7D5D-D14A-EF93-1C8B-F6BEC80B8329"},"timestamp":1742641146.124415},{"content":{"name":"Mandrill","identifier":"A19C2489-597B-2BED-432C-244B551E75FD","transform":{"columns":[[-0.40805835,-0.016394297,0.91280854,0],[-0.9121242,0.049984407,-0.40685472,0],[-0.038956113,-0.9986153,-0.0353502,0],[1.163228,0.83842736,0.73714346,0.99999994]]}},"timestamp":1742641148.246762,"label":"ARImageAnchor didAdd"},{"content":{"identifier":"A19C2489-597B-2BED-432C-244B551E75FD","name":"Mandrill","transform":{"columns":[[-0.40805835,-0.016394297,0.91280854,0],[-0.9121242,0.049984407,-0.40685472,0],[-0.038956113,-0.9986153,-0.0353502,0],[1.163228,0.83842736,0.73714346,0.99999994]]}},"label":"ARImageAnchor didUpdate","timestamp":1742641148.25324},{"timestamp":1742641149.846772,"content":{"name":"Peppers","identifier":"61BB3DDD-C96C-6E82-3432-BD712CCBCB28","transform":{"columns":[[-0.42117774,-0.002064505,0.9069757,0],[-0.906893,-0.012729574,-0.4211684,0],[0.01241494,-0.99991673,0.0034891386,0],[0.92816705,0.22413272,1.4338007,1]]}},"label":"ARImageAnchor didAdd"},{"timestamp":1742641149.857022,"label":"ARImageAnchor didUpdate","content":{"identifier":"61BB3DDD-C96C-6E82-3432-BD712CCBCB28","name":"Peppers","transform":{"columns":[[-0.42117774,-0.002064505,0.9069757,0],[-0.906893,-0.012729574,-0.4211684,0],[0.01241494,-0.99991673,0.0034891386,0],[0.92816705,0.22413272,1.4338007,1]]}}},{"label":"ARImageAnchor didUpdate","timestamp":1742641150.354663,"content":{"transform":{"columns":[[-0.40442276,-0.002586761,0.91456836,0],[-0.91455394,-0.0051599992,-0.40443093,0],[0.0057653575,-0.99998325,-0.00027891467,0],[0.9290346,0.22730318,1.4251055,0.99999994]]},"identifier":"61BB3DDD-C96C-6E82-3432-BD712CCBCB28","name":"Peppers"}},{"content":{"name":"Peppers","identifier":"61BB3DDD-C96C-6E82-3432-BD712CCBCB28","transform":{"columns":[[-0.40442276,-0.002586761,0.91456836,0],[-0.91455394,-0.0051599992,-0.40443093,0],[0.0057653575,-0.99998325,-0.00027891467,0],[0.9290346,0.22730318,1.4251055,0.99999994]]}},"timestamp":1742641150.388229,"label":"ARImageAnchor didUpdate"},{"content":{"name":"bunny","transform":{"columns":[[0.21462607,0.0005219559,-0.9766962,0],[0.00052628573,0.9999997,0.0006500592,0],[0.97669625,-0.00065354083,0.21462575,0],[0.19959542,-0.31039882,-0.16885406,1]]},"identifier":"C2915B8C-4FB4-4B50-A545-2FA6E95D6224"},"label":"Bunny didUpdate","timestamp":1742641155.25569},{"content":{"identifier":"088EF783-5990-B052-BE99-B8AA15BA6C68","name":"Earth","transform":{"columns":[[0.9223845,-0.00037336667,0.38627264,0],[-0.38619003,-0.021592354,0.92216635,0],[0.007996223,-0.9997667,-0.02006065,0],[-0.94286597,0.6500795,-0.839472,1]]}},"label":"ARImageAnchor didUpdate","timestamp":1742641157.2859302},{"label":"ARImageAnchor didUpdate","content":{"identifier":"088EF783-5990-B052-BE99-B8AA15BA6C68","transform":{"columns":[[0.9223845,-0.00037336667,0.38627264,0],[-0.38619003,-0.021592354,0.92216635,0],[0.007996223,-0.9997667,-0.02006065,0],[-0.94286597,0.6500795,-0.839472,1]]},"name":"Earth"},"timestamp":1742641157.319912},{"content":{"identifier":"C2915B8C-4FB4-4B50-A545-2FA6E95D6224","name":"bunny","transform":{"columns":[[0.21460018,0.00047636934,-0.9767019,0],[0.00055361696,0.99999964,0.0006093727,0],[0.976702,-0.0006714902,0.21459986,0],[0.19958931,-0.3104022,-0.16884825,1]]}},"label":"Bunny didUpdate","timestamp":1742641159.85763},{"content":{"name":"bunny","transform":{"columns":[[0.21458845,0.0004808669,-0.97670454,0],[0.0005972217,0.9999996,0.0006235495,0],[0.97670454,-0.00071711565,0.21458817,0],[0.19958192,-0.31040132,-0.16885036,1]]},"identifier":"C2915B8C-4FB4-4B50-A545-2FA6E95D6224"},"timestamp":1742641160.453187,"label":"Bunny didUpdate"},{"timestamp":1742641161.55449,"label":"ARImageAnchor didUpdate","content":{"transform":{"columns":[[0.90126127,0.011421468,0.43312532,0],[-0.4332556,0.014092499,0.9011608,0],[0.0041887453,-0.9998353,0.017649425,0],[-0.2688645,-0.6166914,0.077980384,1]]},"name":"Car","identifier":"FF85DBE1-76D3-E459-2D24-8EDCEE263300"}},{"timestamp":1742641161.586227,"content":{"transform":{"columns":[[0.90126127,0.011421468,0.43312532,0],[-0.4332556,0.014092499,0.9011608,0],[0.0041887453,-0.9998353,0.017649425,0],[-0.2688645,-0.6166914,0.077980384,1]]},"name":"Car","identifier":"FF85DBE1-76D3-E459-2D24-8EDCEE263300"},"label":"ARImageAnchor didUpdate"},{"label":"Bunny didUpdate","timestamp":1742641164.254314,"content":{"transform":{"columns":[[0.21455947,0.000516661,-0.9767109,0],[0.00074125285,0.99999946,0.0006918153,0],[0.9767108,-0.00087242544,0.21455902,0],[0.1995583,-0.31039688,-0.16886069,0.99999994]]},"identifier":"C2915B8C-4FB4-4B50-A545-2FA6E95D6224","name":"bunny"}},{"label":"Bunny didUpdate","timestamp":1742641164.6543431,"content":{"name":"bunny","identifier":"C2915B8C-4FB4-4B50-A545-2FA6E95D6224","transform":{"columns":[[0.21456368,0.00052248884,-0.97671,0],[0.0007456598,0.9999994,0.0006987539,0],[0.97671,-0.0008782209,0.2145632,0],[0.19955799,-0.31039637,-0.16886169,1]]}}},{"label":"Bunny didUpdate","timestamp":1742641165.252857,"content":{"name":"bunny","identifier":"C2915B8C-4FB4-4B50-A545-2FA6E95D6224","transform":{"columns":[[0.21454488,0.000556267,-0.9767141,0],[0.00076075114,0.9999993,0.00073663506,0],[0.9767141,-0.00090107793,0.21454436,0],[0.1995542,-0.31039342,-0.16886733,0.9999999]]}}},{"label":"ARImageAnchor didUpdate","content":{"transform":{"columns":[[0.4248786,-0.028890274,-0.90478915,0],[0.9046831,-0.02182592,0.42552572,0],[-0.032041416,-0.9993442,0.016863178,0],[0.41443437,-0.61657774,0.31813285,1]]},"identifier":"6BAD7D5D-D14A-EF93-1C8B-F6BEC80B8329","name":"Lenna"},"timestamp":1742641165.286605},{"label":"ARImageAnchor didUpdate","content":{"name":"Lenna","transform":{"columns":[[0.4248786,-0.028890274,-0.90478915,0],[0.9046831,-0.02182592,0.42552572,0],[-0.032041416,-0.9993442,0.016863178,0],[0.41443437,-0.61657774,0.31813285,1]]},"identifier":"6BAD7D5D-D14A-EF93-1C8B-F6BEC80B8329"},"timestamp":1742641165.319962},{"timestamp":1742641167.421072,"content":{"name":"Sailboat","identifier":"C35EAC54-3E90-1B97-807B-5E3B8F238DB7","transform":{"columns":[[0.9148325,0.0069313077,0.40377405,0],[-0.40365228,-0.014250899,0.91480136,0],[0.012094916,-0.99987435,-0.010239346,0],[0.7385734,0.8196291,-0.08007285,1]]}},"label":"ARImageAnchor didUpdate"},{"timestamp":1742641167.4544249,"label":"ARImageAnchor didUpdate","content":{"identifier":"C35EAC54-3E90-1B97-807B-5E3B8F238DB7","name":"Sailboat","transform":{"columns":[[0.9148325,0.0069313077,0.40377405,0],[-0.40365228,-0.014250899,0.91480136,0],[0.012094916,-0.99987435,-0.010239346,0],[0.7385734,0.8196291,-0.08007285,1]]}}},{"content":{"transform":{"columns":[[-0.41871414,-0.013842423,0.90801245,0],[-0.9078383,0.031195667,-0.41815823,0],[-0.022537734,-0.9994173,-0.02562875,0],[1.1639544,0.8440638,0.72773933,0.99999994]]},"name":"Mandrill","identifier":"A19C2489-597B-2BED-432C-244B551E75FD"},"timestamp":1742641169.586556,"label":"ARImageAnchor didUpdate"},{"timestamp":1742641169.620071,"label":"ARImageAnchor didUpdate","content":{"identifier":"A19C2489-597B-2BED-432C-244B551E75FD","name":"Mandrill","transform":{"columns":[[-0.41871414,-0.013842423,0.90801245,0],[-0.9078383,0.031195667,-0.41815823,0],[-0.022537734,-0.9994173,-0.02562875,0],[1.1639544,0.8440638,0.72773933,0.99999994]]}}},{"label":"ARImageAnchor didUpdate","content":{"name":"Peppers","identifier":"61BB3DDD-C96C-6E82-3432-BD712CCBCB28","transform":{"columns":[[-0.41212386,-0.0042446665,0.91111785,0],[-0.91106665,-0.00965116,-0.41214567,0],[0.010542762,-0.9999443,0.00011028401,0],[0.9268525,0.22606206,1.4296093,0.99999994]]}},"timestamp":1742641172.252439},{"label":"ARImageAnchor didUpdate","content":{"transform":{"columns":[[-0.41212386,-0.0042446665,0.91111785,0],[-0.91106665,-0.00965116,-0.41214567,0],[0.010542762,-0.9999443,0.00011028401,0],[0.9268525,0.22606206,1.4296093,0.99999994]]},"identifier":"61BB3DDD-C96C-6E82-3432-BD712CCBCB28","name":"Peppers"},"timestamp":1742641172.287322},{"label":"ARImageAnchor didUpdate","content":{"name":"Peppers","identifier":"61BB3DDD-C96C-6E82-3432-BD712CCBCB28","transform":{"columns":[[-0.40905318,-0.008644618,0.9124695,0],[-0.9124413,-0.008445418,-0.40912053,0],[0.011242884,-0.99992687,-0.0044330866,0],[0.9321055,0.22193354,1.4429958,1.0000001]]}},"timestamp":1742641182.4175282},{"content":{"name":"Peppers","identifier":"61BB3DDD-C96C-6E82-3432-BD712CCBCB28","transform":{"columns":[[-0.40905318,-0.008644618,0.9124695,0],[-0.9124413,-0.008445418,-0.40912053,0],[0.011242884,-0.99992687,-0.0044330866,0],[0.9321055,0.22193354,1.4429958,1.0000001]]}},"timestamp":1742641182.451442,"label":"ARImageAnchor didUpdate"},{"timestamp":1742641187.218821,"label":"ARImageAnchor didUpdate","content":{"transform":{"columns":[[-0.4156144,-0.011727761,0.9094652,0],[-0.9084015,0.05538366,-0.41441405,0],[-0.045509383,-0.9983962,-0.033671767,0],[1.1691529,0.84079444,0.7412496,1]]},"name":"Mandrill","identifier":"A19C2489-597B-2BED-432C-244B551E75FD"}},{"content":{"name":"Mandrill","identifier":"A19C2489-597B-2BED-432C-244B551E75FD","transform":{"columns":[[-0.4156144,-0.011727761,0.9094652,0],[-0.9084015,0.05538366,-0.41441405,0],[-0.045509383,-0.9983962,-0.033671767,0],[1.1691529,0.84079444,0.7412496,1]]}},"timestamp":1742641187.25215,"label":"ARImageAnchor didUpdate"},{"label":"Bunny didUpdate","timestamp":1742641189.552273,"content":{"identifier":"C2915B8C-4FB4-4B50-A545-2FA6E95D6224","transform":{"columns":[[0.21450783,0.0005253167,-0.97672236,0],[0.00092231354,0.99999917,0.00074039435,0],[0.9767221,-0.0010596649,0.21450716,0],[0.19952735,-0.31039417,-0.16886821,1]]},"name":"bunny"}}]