[{"label":"Application launched","timestamp":1742663803.02928},{"label":"Initialize ARViewModel","timestamp":1742663803.029337},{"label":"Finished Initialize ARViewModel","timestamp":1742663803.0301971},{"timestamp":1742663803.030208,"label":"Initialize AnchorManager"},{"timestamp":1742663803.030212,"label":"Fininshed Initialize AnchorManager"},{"timestamp":1742663803.030216,"label":"ContentView Initialize"},{"content":{"beaconName":"DWM3001CDK (8449B511)","position":[0.18680273,-0.36864057,-0.802328]},"timestamp":1742663829.2729058,"label":"Finished Ranging"},{"content":{"transform":{"columns":[[0.28814882,0,-0.95758563,0],[0,1,0,0],[0.95758563,0,0.28814882,0],[0.18680273,-0.36864057,-0.802328,1]]},"identifier":"0F0E0DA6-7074-4E0D-BF9C-5956F6590112","name":"bunny"},"timestamp":1742663829.3266668,"label":"Bunny didAdd"},{"timestamp":1742663832.426552,"content":{"name":"Car","identifier":"FF85DBE1-76D3-E459-2D24-8EDCEE263300","transform":{"columns":[[0.8261348,0.015044232,0.5632716,0],[-0.5634506,0.013235051,0.8260438,0],[0.0049722823,-0.9997992,0.019410584,0],[-0.30330086,-0.6895678,-0.58813256,1]]}},"label":"ARImageAnchor didAdd"},{"timestamp":1742663832.433467,"label":"ARImageAnchor didUpdate","content":{"name":"Car","identifier":"FF85DBE1-76D3-E459-2D24-8EDCEE263300","transform":{"columns":[[0.8261348,0.015044232,0.5632716,0],[-0.5634506,0.013235051,0.8260438,0],[0.0049722823,-0.9997992,0.019410584,0],[-0.30330086,-0.6895678,-0.58813256,1]]}}},{"label":"ARImageAnchor didAdd","content":{"identifier":"088EF783-5990-B052-BE99-B8AA15BA6C68","name":"Earth","transform":{"columns":[[0.86086243,-0.0017994385,0.5088347,0],[-0.5087455,-0.02210066,0.86063325,0],[0.009696926,-0.99975413,-0.019941082,0],[-0.8814234,0.5739505,-1.5726807,0.99999994]]}},"timestamp":1742663836.726379},{"label":"ARImageAnchor didUpdate","content":{"transform":{"columns":[[0.86086243,-0.0017994385,0.5088347,0],[-0.5087455,-0.02210066,0.86063325,0],[0.009696926,-0.99975413,-0.019941082,0],[-0.8814234,0.5739505,-1.5726807,0.99999994]]},"name":"Earth","identifier":"088EF783-5990-B052-BE99-B8AA15BA6C68"},"timestamp":1742663836.7326798},{"content":{"transform":{"columns":[[0.87263846,0.0028764617,0.48835826,0],[-0.48831856,-0.0088945655,0.87262005,0],[0.0068537933,-0.99995625,-0.006357107,0],[-0.8768283,0.5755306,-1.5886419,1]]},"identifier":"088EF783-5990-B052-BE99-B8AA15BA6C68","name":"Earth"},"timestamp":1742663838.298945,"label":"ARImageAnchor didUpdate"},{"label":"ARImageAnchor didUpdate","content":{"identifier":"088EF783-5990-B052-BE99-B8AA15BA6C68","transform":{"columns":[[0.87263846,0.0028764617,0.48835826,0],[-0.48831856,-0.0088945655,0.87262005,0],[0.0068537933,-0.99995625,-0.006357107,0],[-0.8768283,0.5755306,-1.5886419,1]]},"name":"Earth"},"timestamp":1742663838.332432},{"content":{"identifier":"0F0E0DA6-7074-4E0D-BF9C-5956F6590112","name":"bunny","transform":{"columns":[[0.28853035,0.0005419094,-0.95747066,0],[-0.00061132864,0.9999997,0.0003817583,0],[0.95747054,0.0004751803,0.2885306,0],[0.18678777,-0.36864936,-0.8023118,1]]}},"label":"Bunny didUpdate","timestamp":1742663841.8345451},{"content":{"name":"Lenna","identifier":"6BAD7D5D-D14A-EF93-1C8B-F6BEC80B8329","transform":{"columns":[[0.52356243,-0.03585287,-0.8512326,0],[0.8517379,-0.002145625,0.5239635,0],[-0.020612009,-0.9993547,0.029413901,0],[0.34480056,-0.68993914,-0.28806555,1]]}},"label":"ARImageAnchor didAdd","timestamp":1742663843.659369},{"content":{"name":"Lenna","identifier":"6BAD7D5D-D14A-EF93-1C8B-F6BEC80B8329","transform":{"columns":[[0.52356243,-0.03585287,-0.8512326,0],[0.8517379,-0.002145625,0.5239635,0],[-0.020612009,-0.9993547,0.029413901,0],[0.34480056,-0.68993914,-0.28806555,1]]}},"timestamp":1742663843.66753,"label":"ARImageAnchor didUpdate"},{"label":"ARImageAnchor didUpdate","content":{"identifier":"6BAD7D5D-D14A-EF93-1C8B-F6BEC80B8329","name":"Lenna","transform":{"columns":[[0.5247101,-0.03804434,-0.8504304,0],[0.8494036,-0.042910624,0.5259962,0],[-0.056503683,-0.9983542,0.009799361,0],[0.34540778,-0.6832313,-0.28383216,1]]}},"timestamp":1742663844.166116},{"label":"ARImageAnchor didUpdate","timestamp":1742663844.20183,"content":{"name":"Lenna","identifier":"6BAD7D5D-D14A-EF93-1C8B-F6BEC80B8329","transform":{"columns":[[0.5247101,-0.03804434,-0.8504304,0],[0.8494036,-0.042910624,0.5259962,0],[-0.056503683,-0.9983542,0.009799361,0],[0.34540778,-0.6832313,-0.28383216,1]]}}},{"label":"ARImageAnchor didAdd","content":{"name":"Sailboat","identifier":"C35EAC54-3E90-1B97-807B-5E3B8F238DB7","transform":{"columns":[[0.85127676,0.007844979,0.5246581,0],[-0.52470016,0.020650804,0.8510364,0],[-0.0041582477,-0.9997559,0.021695813,0],[0.7083933,0.7295413,-0.6269065,0.99999994]]}},"timestamp":1742663847.92585},{"label":"ARImageAnchor didUpdate","content":{"transform":{"columns":[[0.85127676,0.007844979,0.5246581,0],[-0.52470016,0.020650804,0.8510364,0],[-0.0041582477,-0.9997559,0.021695813,0],[0.7083933,0.7295413,-0.6269065,0.99999994]]},"name":"Sailboat","identifier":"C35EAC54-3E90-1B97-807B-5E3B8F238DB7"},"timestamp":1742663847.93311},{"timestamp":1742663848.432323,"label":"ARImageAnchor didUpdate","content":{"identifier":"C35EAC54-3E90-1B97-807B-5E3B8F238DB7","transform":{"columns":[[0.869085,0.001281976,0.49466085,0],[-0.4942941,0.0408347,0.86833495,0],[-0.019086141,-0.999165,0.0361225,0],[0.7134291,0.7393267,-0.63241756,1]]},"name":"Sailboat"}},{"timestamp":1742663848.4664788,"label":"ARImageAnchor didUpdate","content":{"transform":{"columns":[[0.869085,0.001281976,0.49466085,0],[-0.4942941,0.0408347,0.86833495,0],[-0.019086141,-0.999165,0.0361225,0],[0.7134291,0.7393267,-0.63241756,1]]},"name":"Sailboat","identifier":"C35EAC54-3E90-1B97-807B-5E3B8F238DB7"}},{"label":"ARImageAnchor didAdd","timestamp":1742663850.5924969,"content":{"transform":{"columns":[[-0.50572646,-0.013022327,0.86259556,0],[-0.8622523,0.03961929,-0.5049271,0],[-0.0276001,-0.9991299,-0.031265054,0],[1.0397089,0.7645074,0.21875075,1]]},"name":"Mandrill","identifier":"A19C2489-597B-2BED-432C-244B551E75FD"}},{"label":"ARImageAnchor didUpdate","content":{"name":"Mandrill","transform":{"columns":[[-0.50572646,-0.013022327,0.86259556,0],[-0.8622523,0.03961929,-0.5049271,0],[-0.0276001,-0.9991299,-0.031265054,0],[1.0397089,0.7645074,0.21875075,1]]},"identifier":"A19C2489-597B-2BED-432C-244B551E75FD"},"timestamp":1742663850.598994},{"timestamp":1742663852.7257838,"label":"ARImageAnchor didAdd","content":{"name":"Peppers","identifier":"61BB3DDD-C96C-6E82-3432-BD712CCBCB28","transform":{"columns":[[-0.550996,-0.00057518197,0.8345075,0],[-0.8344931,-0.005522646,-0.5509903,0],[0.0049255886,-0.99998444,0.0025629606,0],[0.7127196,0.14622296,0.88174456,1]]}}},{"timestamp":1742663852.733763,"label":"ARImageAnchor didUpdate","content":{"name":"Peppers","transform":{"columns":[[-0.550996,-0.00057518197,0.8345075,0],[-0.8344931,-0.005522646,-0.5509903,0],[0.0049255886,-0.99998444,0.0025629606,0],[0.7127196,0.14622296,0.88174456,1]]},"identifier":"61BB3DDD-C96C-6E82-3432-BD712CCBCB28"}},{"timestamp":1742663853.232667,"label":"ARImageAnchor didUpdate","content":{"transform":{"columns":[[-0.52790534,-0.004982758,0.8492885,0],[-0.8492911,-0.0022390285,-0.52792,0],[0.004532064,-0.99998504,-0.0030498176,0],[0.7170008,0.14744048,0.87897253,1]]},"identifier":"61BB3DDD-C96C-6E82-3432-BD712CCBCB28","name":"Peppers"}},{"content":{"identifier":"61BB3DDD-C96C-6E82-3432-BD712CCBCB28","transform":{"columns":[[-0.52790534,-0.004982758,0.8492885,0],[-0.8492911,-0.0022390285,-0.52792,0],[0.004532064,-0.99998504,-0.0030498176,0],[0.7170008,0.14744048,0.87897253,1]]},"name":"Peppers"},"timestamp":1742663853.2649832,"label":"ARImageAnchor didUpdate"},{"timestamp":1742663857.232796,"label":"Bunny didUpdate","content":{"name":"bunny","transform":{"columns":[[0.28792566,0.0014053914,-0.95765173,0],[-0.0015057778,0.9999983,0.0010148124,0],[0.95765156,0.00114982,0.2879273,0],[0.18661062,-0.36829996,-0.801987,1]]},"identifier":"0F0E0DA6-7074-4E0D-BF9C-5956F6590112"}},{"content":{"transform":{"columns":[[0.8698433,0.01168962,0.49318957,0],[-0.49328,0.006664056,0.869845,0],[0.006881514,-0.99990934,0.011562943,0],[0.6941863,0.7566767,-0.6273314,1]]},"identifier":"C35EAC54-3E90-1B97-807B-5E3B8F238DB7","name":"Sailboat"},"timestamp":1742663862.831769,"label":"ARImageAnchor didUpdate"},{"timestamp":1742663862.867034,"content":{"name":"Sailboat","identifier":"C35EAC54-3E90-1B97-807B-5E3B8F238DB7","transform":{"columns":[[0.8698433,0.01168962,0.49318957,0],[-0.49328,0.006664056,0.869845,0],[0.006881514,-0.99990934,0.011562943,0],[0.6941863,0.7566767,-0.6273314,1]]}},"label":"ARImageAnchor didUpdate"},{"content":{"transform":{"columns":[[0.28785458,0.0016071129,-0.9576728,0],[-0.0015625438,0.9999979,0.0012084756,0],[0.9576728,0.0011485404,0.28785652,0],[0.18661179,-0.36830333,-0.80198675,0.99999994]]},"identifier":"0F0E0DA6-7074-4E0D-BF9C-5956F6590112","name":"bunny"},"label":"Bunny didUpdate","timestamp":1742663863.4337192},{"timestamp":1742663863.53531,"label":"Bunny didUpdate","content":{"transform":{"columns":[[0.28785422,0.0016071129,-0.95767295,0],[-0.0015625431,0.9999979,0.0012084761,0],[0.9576728,0.0011485403,0.28785613,0],[0.18661195,-0.36830342,-0.8019868,1]]},"identifier":"0F0E0DA6-7074-4E0D-BF9C-5956F6590112","name":"bunny"}},{"label":"Bunny didUpdate","content":{"name":"bunny","identifier":"0F0E0DA6-7074-4E0D-BF9C-5956F6590112","transform":{"columns":[[0.28785285,0.0016071129,-0.9576733,0],[-0.0015625414,0.99999785,0.0012084784,0],[0.95767313,0.0011485403,0.28785473,0],[0.18661237,-0.36830348,-0.80198663,1]]}},"timestamp":1742663863.635567},{"timestamp":1742663863.832489,"label":"Bunny didUpdate","content":{"transform":{"columns":[[0.28785077,0.0016132725,-0.95767397,0],[-0.0015636634,0.99999774,0.0012145755,0],[0.95767367,0.001147863,0.28785264,0],[0.18661243,-0.36830345,-0.80198663,0.99999994]]},"name":"bunny","identifier":"0F0E0DA6-7074-4E0D-BF9C-5956F6590112"}},{"content":{"identifier":"0F0E0DA6-7074-4E0D-BF9C-5956F6590112","name":"bunny","transform":{"columns":[[0.28787088,0.001617068,-0.9576678,0],[-0.0015630865,0.9999977,0.0012186868,0],[0.95766747,0.0011460929,0.28787273,0],[0.18639556,-0.36812428,-0.8019285,0.9999999]]}},"label":"Bunny didUpdate","timestamp":1742663863.936336},{"timestamp":1742663864.966866,"label":"ARImageAnchor didUpdate","content":{"transform":{"columns":[[-0.52509063,-0.013573526,0.850938,0],[-0.8502888,0.050542332,-0.5238838,0],[-0.035897452,-0.9986296,-0.038080722,0],[1.0372202,0.7791654,0.23261511,1]]},"name":"Mandrill","identifier":"A19C2489-597B-2BED-432C-244B551E75FD"}},{"content":{"name":"Mandrill","transform":{"columns":[[-0.52509063,-0.013573526,0.850938,0],[-0.8502888,0.050542332,-0.5238838,0],[-0.035897452,-0.9986296,-0.038080722,0],[1.0372202,0.7791654,0.23261511,1]]},"identifier":"A19C2489-597B-2BED-432C-244B551E75FD"},"timestamp":1742663864.999878,"label":"ARImageAnchor didUpdate"},{"content":{"name":"Sailboat","identifier":"C35EAC54-3E90-1B97-807B-5E3B8F238DB7","transform":{"columns":[[0.8600931,0.006348987,0.5100973,0],[-0.51012856,0.0050022756,0.8600836,0],[0.0029090198,-0.99996734,0.0075412146,0],[0.7141827,0.75250125,-0.6248889,0.99999994]]}},"timestamp":1742663866.564139,"label":"ARImageAnchor didUpdate"},{"timestamp":1742663866.600209,"content":{"name":"Sailboat","transform":{"columns":[[0.8600931,0.006348987,0.5100973,0],[-0.51012856,0.0050022756,0.8600836,0],[0.0029090198,-0.99996734,0.0075412146,0],[0.7141827,0.75250125,-0.6248889,0.99999994]]},"identifier":"C35EAC54-3E90-1B97-807B-5E3B8F238DB7"},"label":"ARImageAnchor didUpdate"},{"timestamp":1742663868.698295,"label":"ARImageAnchor didUpdate","content":{"identifier":"61BB3DDD-C96C-6E82-3432-BD712CCBCB28","transform":{"columns":[[-0.5192682,-0.0057390253,0.85459197,0],[-0.8545917,-0.0032582656,-0.51929,0],[0.0057646865,-0.9999781,-0.0032126235,0],[0.7138471,0.16182193,0.89606583,0.99999994]]},"name":"Peppers"}},{"timestamp":1742663868.73298,"label":"ARImageAnchor didUpdate","content":{"transform":{"columns":[[-0.5192682,-0.0057390253,0.85459197,0],[-0.8545917,-0.0032582656,-0.51929,0],[0.0057646865,-0.9999781,-0.0032126235,0],[0.7138471,0.16182193,0.89606583,0.99999994]]},"name":"Peppers","identifier":"61BB3DDD-C96C-6E82-3432-BD712CCBCB28"}},{"label":"ARImageAnchor didUpdate","content":{"name":"Lenna","transform":{"columns":[[0.524654,-0.036247592,-0.8505434,0],[0.8509316,-0.007670143,0.52522033,0],[-0.025561787,-0.99931335,0.026820043,0],[0.34468848,-0.6810244,-0.27559167,1]]},"identifier":"6BAD7D5D-D14A-EF93-1C8B-F6BEC80B8329"},"timestamp":1742663877.233193},{"label":"ARImageAnchor didUpdate","timestamp":1742663877.266004,"content":{"identifier":"6BAD7D5D-D14A-EF93-1C8B-F6BEC80B8329","transform":{"columns":[[0.524654,-0.036247592,-0.8505434,0],[0.8509316,-0.007670143,0.52522033,0],[-0.025561787,-0.99931335,0.026820043,0],[0.34468848,-0.6810244,-0.27559167,1]]},"name":"Lenna"}},{"label":"ARImageAnchor didUpdate","timestamp":1742663877.7655702,"content":{"name":"Lenna","transform":{"columns":[[0.53515714,-0.03457809,-0.84404445,0],[0.8426632,-0.04837527,0.5362632,0],[-0.05937385,-0.99823046,0.0032492948,0],[0.34573954,-0.676481,-0.27263898,0.99999994]]},"identifier":"6BAD7D5D-D14A-EF93-1C8B-F6BEC80B8329"}},{"label":"ARImageAnchor didUpdate","content":{"identifier":"6BAD7D5D-D14A-EF93-1C8B-F6BEC80B8329","transform":{"columns":[[0.53515714,-0.03457809,-0.84404445,0],[0.8426632,-0.04837527,0.5362632,0],[-0.05937385,-0.99823046,0.0032492948,0],[0.34573954,-0.676481,-0.27263898,0.99999994]]},"name":"Lenna"},"timestamp":1742663877.799545},{"timestamp":1742663879.633317,"content":{"identifier":"0F0E0DA6-7074-4E0D-BF9C-5956F6590112","transform":{"columns":[[0.28776047,0.0022730774,-0.9576997,0],[-0.001952856,0.9999961,0.0017866915,0],[0.95769995,0.00135611,0.28776377,0],[0.18639547,-0.36812976,-0.80192435,0.99999994]]},"name":"bunny"},"label":"Bunny didUpdate"},{"content":{"transform":{"columns":[[0.2877592,0.0022662936,-0.9577002,0],[-0.001939007,0.9999962,0.0017837714,0],[0.9577003,0.0013436903,0.28776243,0],[0.18639557,-0.36812985,-0.8019243,1]]},"identifier":"0F0E0DA6-7074-4E0D-BF9C-5956F6590112","name":"bunny"},"timestamp":1742663879.933333,"label":"Bunny didUpdate"},{"content":{"transform":{"columns":[[0.8348862,0.0057750773,0.5503921,0],[-0.5503474,-0.0077444,0.83489966,0],[0.009084073,-0.99995327,-0.003287374,0],[-0.29644772,-0.67797107,-0.5908643,0.99999994]]},"identifier":"FF85DBE1-76D3-E459-2D24-8EDCEE263300","name":"Car"},"label":"ARImageAnchor didUpdate","timestamp":1742663880.432104},{"label":"ARImageAnchor didUpdate","timestamp":1742663880.464641,"content":{"name":"Car","identifier":"FF85DBE1-76D3-E459-2D24-8EDCEE263300","transform":{"columns":[[0.8348862,0.0057750773,0.5503921,0],[-0.5503474,-0.0077444,0.83489966,0],[0.009084073,-0.99995327,-0.003287374,0],[-0.29644772,-0.67797107,-0.5908643,0.99999994]]}}},{"content":{"name":"bunny","transform":{"columns":[[0.28773713,0.0023061978,-0.9577067,0],[-0.0019514412,0.99999607,0.0018217337,0],[0.95770687,0.0013447275,0.28774044,0],[0.18639585,-0.36813033,-0.8019243,0.99999994]]},"identifier":"0F0E0DA6-7074-4E0D-BF9C-5956F6590112"},"timestamp":1742663881.431931,"label":"Bunny didUpdate"}]