[{"timestamp":1742646991.670579,"label":"Application launched"},{"label":"Initialize ARViewModel","timestamp":1742646991.670661},{"label":"Finished Initialize ARViewModel","timestamp":1742646991.672756},{"timestamp":1742646991.672818,"label":"Initialize AnchorManager"},{"label":"Fininshed Initialize AnchorManager","timestamp":1742646991.672832},{"timestamp":1742646991.6728458,"label":"ContentView Initialize"},{"label":"Finished Ranging","timestamp":1742647016.714771,"content":{"position":[-0.31171983,-0.21084279,-0.24513395],"beaconName":"DWM3001CDK (8449B511)"}},{"timestamp":1742647016.771492,"label":"Bunny didAdd","content":{"name":"bunny","transform":{"columns":[[-0.6655638,0,-0.74634093,0],[0,1,0,0],[0.74634093,0,-0.6655638,0],[-0.31171983,-0.21084279,-0.24513395,1]]},"identifier":"B81DA59D-82E7-4C9A-B613-E76EF3C27F87"}},{"label":"Bunny didUpdate","content":{"name":"bunny","identifier":"B81DA59D-82E7-4C9A-B613-E76EF3C27F87","transform":{"columns":[[-0.66557145,6.109855e-05,-0.74633414,0],[3.30281e-05,0.9999999,5.2410807e-05,0],[0.7463341,1.0233144e-05,-0.6655714,0],[-0.31171802,-0.21084365,-0.24513133,0.99999994]]}},"timestamp":1742647017.879113},{"content":{"identifier":"B81DA59D-82E7-4C9A-B613-E76EF3C27F87","name":"bunny","transform":{"columns":[[-0.6655986,0.00015285275,-0.7463098,0],[0.00017496447,0.9999998,4.876875e-05,0],[0.74630994,-9.811736e-05,-0.66559863,0],[-0.31173936,-0.21081327,-0.24521661,1]]}},"timestamp":1742647018.483393,"label":"Bunny didUpdate"},{"label":"ARImageAnchor didAdd","content":{"identifier":"FF85DBE1-76D3-E459-2D24-8EDCEE263300","transform":{"columns":[[0.88074785,0.016076911,-0.47331223,0],[0.47331393,0.003939546,0.8808848,0],[0.016026558,-0.9998629,-0.0041396827,0],[-0.35568395,-0.5231074,0.27399498,0.99999994]]},"name":"Car"},"timestamp":1742647018.937772},{"content":{"name":"Car","transform":{"columns":[[0.88074785,0.016076911,-0.47331223,0],[0.47331393,0.003939546,0.8808848,0],[0.016026558,-0.9998629,-0.0041396827,0],[-0.35568395,-0.5231074,0.27399498,0.99999994]]},"identifier":"FF85DBE1-76D3-E459-2D24-8EDCEE263300"},"label":"ARImageAnchor didUpdate","timestamp":1742647018.9476209},{"content":{"identifier":"088EF783-5990-B052-BE99-B8AA15BA6C68","transform":{"columns":[[0.85710555,-0.009227377,-0.51505786,0],[0.5145286,-0.03338442,0.85682297,0],[-0.025101125,-0.99939996,-0.023866236,0],[-1.5008502,0.7335305,0.32556745,1]]},"name":"Earth"},"timestamp":1742647022.204496,"label":"ARImageAnchor didAdd"},{"timestamp":1742647022.210079,"label":"ARImageAnchor didUpdate","content":{"identifier":"088EF783-5990-B052-BE99-B8AA15BA6C68","transform":{"columns":[[0.85710555,-0.009227377,-0.51505786,0],[0.5145286,-0.03338442,0.85682297,0],[-0.025101125,-0.99939996,-0.023866236,0],[-1.5008502,0.7335305,0.32556745,1]]},"name":"Earth"}},{"label":"ARImageAnchor didUpdate","content":{"identifier":"088EF783-5990-B052-BE99-B8AA15BA6C68","name":"Earth","transform":{"columns":[[0.8457548,0.0029135451,-0.53356344,0],[0.53322434,-0.04067908,0.8449952,0],[-0.01924294,-0.9991679,-0.03595811,0],[-1.5081326,0.7354375,0.31908506,1]]}},"timestamp":1742647023.243878},{"label":"ARImageAnchor didUpdate","content":{"transform":{"columns":[[0.8457548,0.0029135451,-0.53356344,0],[0.53322434,-0.04067908,0.8449952,0],[-0.01924294,-0.9991679,-0.03595811,0],[-1.5081326,0.7354375,0.31908506,1]]},"name":"Earth","identifier":"088EF783-5990-B052-BE99-B8AA15BA6C68"},"timestamp":1742647023.278353},{"label":"ARImageAnchor didUpdate","timestamp":1742647026.4821,"content":{"transform":{"columns":[[0.8670489,0.01216426,-0.49807417,0],[0.4976615,0.02629192,0.8669726,0],[0.02364142,-0.99958014,0.016742619,0],[-0.35341352,-0.5285935,0.2625887,1]]},"identifier":"FF85DBE1-76D3-E459-2D24-8EDCEE263300","name":"Car"}},{"timestamp":1742647026.514996,"label":"ARImageAnchor didUpdate","content":{"identifier":"FF85DBE1-76D3-E459-2D24-8EDCEE263300","transform":{"columns":[[0.8670489,0.01216426,-0.49807417,0],[0.4976615,0.02629192,0.8669726,0],[0.02364142,-0.99958014,0.016742619,0],[-0.35341352,-0.5285935,0.2625887,1]]},"name":"Car"}},{"label":"Bunny didUpdate","timestamp":1742647026.781311,"content":{"name":"bunny","transform":{"columns":[[-0.6652561,0.00019172838,-0.746615,0],[0.00053940987,0.9999996,-0.00022383346,0],[0.7466151,-0.0005516384,-0.66525626,0],[-0.3117425,-0.21078888,-0.24524534,1]]},"identifier":"B81DA59D-82E7-4C9A-B613-E76EF3C27F87"}},{"content":{"identifier":"FF85DBE1-76D3-E459-2D24-8EDCEE263300","transform":{"columns":[[0.87472814,0.01828436,-0.4842686,0],[0.4844524,-0.0072139977,0.87478775,0],[0.012501412,-0.9998067,-0.0151682,0],[-0.3563953,-0.5259895,0.2693582,0.99999994]]},"name":"Car"},"label":"ARImageAnchor didUpdate","timestamp":1742647027.011847},{"label":"ARImageAnchor didUpdate","timestamp":1742647027.045021,"content":{"identifier":"FF85DBE1-76D3-E459-2D24-8EDCEE263300","transform":{"columns":[[0.87472814,0.01828436,-0.4842686,0],[0.4844524,-0.0072139977,0.87478775,0],[0.012501412,-0.9998067,-0.0151682,0],[-0.3563953,-0.5259895,0.2693582,0.99999994]]},"name":"Car"}},{"label":"Bunny didUpdate","content":{"transform":{"columns":[[-0.66518456,0.00010178956,-0.7466786,0],[0.0005937506,0.99999934,-0.00039262444,0],[0.7466788,-0.0007045093,-0.6651847,0],[-0.31174967,-0.21078514,-0.24527079,0.9999999]]},"name":"bunny","identifier":"B81DA59D-82E7-4C9A-B613-E76EF3C27F87"},"timestamp":1742647029.779636},{"content":{"identifier":"6BAD7D5D-D14A-EF93-1C8B-F6BEC80B8329","transform":{"columns":[[-0.49700302,-0.031651266,-0.8671712,0],[0.86772895,-0.011394936,-0.49690676,0],[0.00584629,-0.99943393,0.033128038,0],[0.22047016,-0.52876526,-0.15892315,1]]},"name":"Lenna"},"label":"ARImageAnchor didAdd","timestamp":1742647030.8039498},{"label":"ARImageAnchor didUpdate","timestamp":1742647030.811359,"content":{"transform":{"columns":[[-0.49700302,-0.031651266,-0.8671712,0],[0.86772895,-0.011394936,-0.49690676,0],[0.00584629,-0.99943393,0.033128038,0],[0.22047016,-0.52876526,-0.15892315,1]]},"name":"Lenna","identifier":"6BAD7D5D-D14A-EF93-1C8B-F6BEC80B8329"}},{"label":"ARImageAnchor didAdd","content":{"identifier":"C35EAC54-3E90-1B97-807B-5E3B8F238DB7","name":"Sailboat","transform":{"columns":[[0.8601154,0.0032881713,-0.51008856,0],[0.5100415,0.0094900755,0.8600972,0],[0.007668926,-0.99994946,0.0064854543,0],[0.076721646,0.90834445,-0.64312434,1]]}},"timestamp":1742647035.104054},{"label":"ARImageAnchor didUpdate","content":{"name":"Sailboat","identifier":"C35EAC54-3E90-1B97-807B-5E3B8F238DB7","transform":{"columns":[[0.8601154,0.0032881713,-0.51008856,0],[0.5100415,0.0094900755,0.8600972,0],[0.007668926,-0.99994946,0.0064854543,0],[0.076721646,0.90834445,-0.64312434,1]]}},"timestamp":1742647035.110454},{"label":"ARImageAnchor didAdd","content":{"name":"Mandrill","transform":{"columns":[[0.51276344,-0.012641567,0.85843676,0],[-0.85720336,0.04802288,0.5127339,0],[-0.047706384,-0.99876624,0.01378798,0],[0.9832576,0.93703794,-0.5398538,1]]},"identifier":"A19C2489-597B-2BED-432C-244B551E75FD"},"timestamp":1742647038.8372688},{"label":"ARImageAnchor didUpdate","content":{"name":"Mandrill","transform":{"columns":[[0.51276344,-0.012641567,0.85843676,0],[-0.85720336,0.04802288,0.5127339,0],[-0.047706384,-0.99876624,0.01378798,0],[0.9832576,0.93703794,-0.5398538,1]]},"identifier":"A19C2489-597B-2BED-432C-244B551E75FD"},"timestamp":1742647038.8443},{"timestamp":1742647041.503711,"content":{"transform":{"columns":[[0.49564797,-0.0033338433,0.86851686,0],[-0.86850214,0.005086758,0.49565908,0],[-0.006070398,-0.99998134,-0.00037420387,0],[1.4236145,0.32343525,0.051141664,0.99999994]]},"name":"Peppers","identifier":"61BB3DDD-C96C-6E82-3432-BD712CCBCB28"},"label":"ARImageAnchor didAdd"},{"label":"ARImageAnchor didUpdate","content":{"name":"Peppers","identifier":"61BB3DDD-C96C-6E82-3432-BD712CCBCB28","transform":{"columns":[[0.49564797,-0.0033338433,0.86851686,0],[-0.86850214,0.005086758,0.49565908,0],[-0.006070398,-0.99998134,-0.00037420387,0],[1.4236145,0.32343525,0.051141664,0.99999994]]}},"timestamp":1742647041.511344},{"content":{"transform":{"columns":[[0.5225124,-0.010017827,0.8525726,0],[-0.85263115,-0.007080027,0.522465,0],[0.00080226536,-0.99992466,-0.012240917,0],[1.4446867,0.31166822,0.049791962,1]]},"name":"Peppers","identifier":"61BB3DDD-C96C-6E82-3432-BD712CCBCB28"},"timestamp":1742647051.610497,"label":"ARImageAnchor didUpdate"},{"timestamp":1742647051.6435661,"label":"ARImageAnchor didUpdate","content":{"identifier":"61BB3DDD-C96C-6E82-3432-BD712CCBCB28","name":"Peppers","transform":{"columns":[[0.5225124,-0.010017827,0.8525726,0],[-0.85263115,-0.007080027,0.522465,0],[0.00080226536,-0.99992466,-0.012240917,0],[1.4446867,0.31166822,0.049791962,1]]}}}]