[{"label":"Application launched","timestamp":1742665266.377559},{"timestamp":1742665266.377822,"label":"Initialize ARViewModel"},{"timestamp":1742665266.379873,"label":"Finished Initialize ARViewModel"},{"timestamp":1742665266.379939,"label":"Initialize AnchorManager"},{"label":"Fininshed Initialize AnchorManager","timestamp":1742665266.379952},{"timestamp":1742665266.3799648,"label":"ContentView Initialize"},{"content":{"beaconName":"DWM3001CDK (8449B511)","position":[-0.023519374,-0.39456168,-0.37694332]},"timestamp":1742665288.957042,"label":"Finished Ranging"},{"content":{"transform":{"columns":[[-0.28940737,0,-0.957206,0],[0,1,0,0],[0.957206,0,-0.28940737,0],[-0.023519374,-0.39456168,-0.37694332,1]]},"name":"bunny","identifier":"50967CD0-E77F-4258-8412-74686C3F93EA"},"timestamp":1742665289.0112062,"label":"Bunny didAdd"},{"content":{"name":"bunny","identifier":"50967CD0-E77F-4258-8412-74686C3F93EA","transform":{"columns":[[-0.28975528,-8.2496905e-07,-0.95710087,0],[-9.669222e-05,0.9999999,2.8410921e-05,0],[0.95710087,0.00010077643,-0.2897553,0],[-0.02351538,-0.39455974,-0.37695172,1]]}},"label":"Bunny didUpdate","timestamp":1742665291.38525},{"label":"ARImageAnchor didAdd","content":{"name":"Car","identifier":"FF85DBE1-76D3-E459-2D24-8EDCEE263300","transform":{"columns":[[0.99026054,0.008420749,-0.13897043,0],[0.13890456,0.007966207,0.99027354,0],[0.0094459,-0.9999326,0.0067189224,0],[-0.2746848,-0.67427933,0.087109655,1.0000001]]}},"timestamp":1742665291.477841},{"timestamp":1742665291.487149,"label":"ARImageAnchor didUpdate","content":{"name":"Car","transform":{"columns":[[0.99026054,0.008420749,-0.13897043,0],[0.13890456,0.007966207,0.99027354,0],[0.0094459,-0.9999326,0.0067189224,0],[-0.2746848,-0.67427933,0.087109655,1.0000001]]},"identifier":"FF85DBE1-76D3-E459-2D24-8EDCEE263300"}},{"timestamp":1742665295.211067,"label":"ARImageAnchor didAdd","content":{"identifier":"088EF783-5990-B052-BE99-B8AA15BA6C68","name":"Earth","transform":{"columns":[[0.97765917,-0.0015893789,-0.21018916,0],[0.20993203,-0.042641312,0.97678554,0],[-0.010515232,-0.999089,-0.041355018,0],[-1.3451853,0.5856225,-0.28494668,1]]}}},{"timestamp":1742665295.2179651,"content":{"identifier":"088EF783-5990-B052-BE99-B8AA15BA6C68","transform":{"columns":[[0.97765917,-0.0015893789,-0.21018916,0],[0.20993203,-0.042641312,0.97678554,0],[-0.010515232,-0.999089,-0.041355018,0],[-1.3451853,0.5856225,-0.28494668,1]]},"name":"Earth"},"label":"ARImageAnchor didUpdate"},{"label":"Bunny didUpdate","content":{"name":"bunny","transform":{"columns":[[-0.28925678,0.00044442186,-0.9572515,0],[-0.00015672759,0.9999996,0.0005116275,0],[0.95725167,0.00029801956,-0.2892567,0],[-0.02350337,-0.39455253,-0.3769865,1]]},"identifier":"50967CD0-E77F-4258-8412-74686C3F93EA"},"timestamp":1742665297.686852},{"label":"Bunny didUpdate","content":{"transform":{"columns":[[-0.28925052,0.0004514066,-0.95725334,0],[-0.00014075839,0.99999946,0.0005140967,0],[0.9572536,0.00028344436,-0.28925046,0],[-0.02350467,-0.3945529,-0.3769867,1]]},"name":"bunny","identifier":"50967CD0-E77F-4258-8412-74686C3F93EA"},"timestamp":1742665298.089319},{"label":"Bunny didUpdate","content":{"name":"bunny","identifier":"50967CD0-E77F-4258-8412-74686C3F93EA","transform":{"columns":[[-0.2893831,0.00051284704,-0.95721304,0],[-0.00016332234,0.9999993,0.00058514596,0],[0.95721346,0.00032566593,-0.28938308,0],[-0.023504484,-0.39455146,-0.37699512,1]]}},"timestamp":1742665300.386091},{"timestamp":1742665300.5440922,"label":"ARImageAnchor didAdd","content":{"identifier":"6BAD7D5D-D14A-EF93-1C8B-F6BEC80B8329","name":"Lenna","transform":{"columns":[[-0.23193775,-0.03708894,-0.9720231,0],[0.9725676,-0.02712376,-0.23103271,0],[-0.01779616,-0.99894357,0.042362537,0],[0.41444057,-0.6786787,-0.10522235,1]]}}},{"timestamp":1742665300.5546951,"label":"ARImageAnchor didUpdate","content":{"identifier":"6BAD7D5D-D14A-EF93-1C8B-F6BEC80B8329","name":"Lenna","transform":{"columns":[[-0.23193775,-0.03708894,-0.9720231,0],[0.9725676,-0.02712376,-0.23103271,0],[-0.01779616,-0.99894357,0.042362537,0],[0.41444057,-0.6786787,-0.10522235,1]]}}},{"timestamp":1742665304.2773418,"content":{"name":"Sailboat","transform":{"columns":[[0.98051864,0.0018768014,-0.19641621,0],[0.19642445,-0.00661052,0.98049647,0],[0.0005417847,-0.9999763,-0.0068503846,0],[0.47090936,0.7556522,-0.6121943,1]]},"identifier":"C35EAC54-3E90-1B97-807B-5E3B8F238DB7"},"label":"ARImageAnchor didAdd"},{"timestamp":1742665304.2871099,"label":"ARImageAnchor didUpdate","content":{"name":"Sailboat","transform":{"columns":[[0.98051864,0.0018768014,-0.19641621,0],[0.19642445,-0.00661052,0.98049647,0],[0.0005417847,-0.9999763,-0.0068503846,0],[0.47090936,0.7556522,-0.6121943,1]]},"identifier":"C35EAC54-3E90-1B97-807B-5E3B8F238DB7"}},{"content":{"name":"Mandrill","transform":{"columns":[[0.17912538,-0.016057622,0.98369503,0],[-0.9834956,0.022991268,0.17946437,0],[-0.025498172,-0.9996066,-0.011674282,0],[1.2827637,0.7821158,-0.17971233,0.99999994]]},"identifier":"A19C2489-597B-2BED-432C-244B551E75FD"},"label":"ARImageAnchor didAdd","timestamp":1742665306.410657},{"label":"ARImageAnchor didUpdate","content":{"name":"Mandrill","transform":{"columns":[[0.17912538,-0.016057622,0.98369503,0],[-0.9834956,0.022991268,0.17946437,0],[-0.025498172,-0.9996066,-0.011674282,0],[1.2827637,0.7821158,-0.17971233,0.99999994]]},"identifier":"A19C2489-597B-2BED-432C-244B551E75FD"},"timestamp":1742665306.419015},{"label":"ARImageAnchor didAdd","content":{"name":"Peppers","transform":{"columns":[[0.17900427,-0.0069849105,0.9838233,0],[-0.98371094,-0.017967388,0.17885625,0],[0.01642743,-0.999814,-0.010087375,0],[1.4744105,0.16185349,0.5330677,1]]},"identifier":"61BB3DDD-C96C-6E82-3432-BD712CCBCB28"},"timestamp":1742665308.543864},{"label":"ARImageAnchor didUpdate","content":{"name":"Peppers","identifier":"61BB3DDD-C96C-6E82-3432-BD712CCBCB28","transform":{"columns":[[0.17900427,-0.0069849105,0.9838233,0],[-0.98371094,-0.017967388,0.17885625,0],[0.01642743,-0.999814,-0.010087375,0],[1.4744105,0.16185349,0.5330677,1]]}},"timestamp":1742665308.551511},{"timestamp":1742665310.651151,"label":"ARImageAnchor didUpdate","content":{"identifier":"61BB3DDD-C96C-6E82-3432-BD712CCBCB28","name":"Peppers","transform":{"columns":[[0.16822556,-0.008250391,0.9857138,0],[-0.9857423,0.002093734,0.1682479,0],[-0.0034519357,-0.9999635,-0.0077805384,0],[1.4728494,0.1634966,0.52991956,0.99999994]]}}},{"content":{"transform":{"columns":[[0.16822556,-0.008250391,0.9857138,0],[-0.9857423,0.002093734,0.1682479,0],[-0.0034519357,-0.9999635,-0.0077805384,0],[1.4728494,0.1634966,0.52991956,0.99999994]]},"identifier":"61BB3DDD-C96C-6E82-3432-BD712CCBCB28","name":"Peppers"},"timestamp":1742665310.684972,"label":"ARImageAnchor didUpdate"},{"timestamp":1742665314.920687,"label":"ARImageAnchor didUpdate","content":{"name":"Mandrill","identifier":"A19C2489-597B-2BED-432C-244B551E75FD","transform":{"columns":[[0.1719432,-0.01215451,0.9850316,0],[-0.98309696,0.0617205,0.1723671,0],[-0.0628917,-0.9980193,-0.0013366493,0],[1.2872831,0.78561026,-0.19140951,1]]}}},{"content":{"transform":{"columns":[[0.1719432,-0.01215451,0.9850316,0],[-0.98309696,0.0617205,0.1723671,0],[-0.0628917,-0.9980193,-0.0013366493,0],[1.2872831,0.78561026,-0.19140951,1]]},"name":"Mandrill","identifier":"A19C2489-597B-2BED-432C-244B551E75FD"},"timestamp":1742665314.954383,"label":"ARImageAnchor didUpdate"},{"label":"Bunny didUpdate","timestamp":1742665321.4880571,"content":{"transform":{"columns":[[-0.28923464,0.00091843243,-0.9572574,0],[7.990218e-05,0.9999988,0.0009352978,0],[0.9572582,0.00019403384,-0.2892347,0],[-0.023524221,-0.39455095,-0.37702394,0.9999999]]},"name":"bunny","identifier":"50967CD0-E77F-4258-8412-74686C3F93EA"}},{"content":{"transform":{"columns":[[-0.289222,0.00092841976,-0.957261,0],[8.6583415e-05,0.99999875,0.00094370975,0],[0.957262,0.00019005901,-0.2892221,0],[-0.02352466,-0.39455095,-0.3770245,0.99999994]]},"identifier":"50967CD0-E77F-4258-8412-74686C3F93EA","name":"bunny"},"timestamp":1742665321.8840141,"label":"Bunny didUpdate"},{"timestamp":1742665322.285212,"label":"Bunny didUpdate","content":{"identifier":"50967CD0-E77F-4258-8412-74686C3F93EA","name":"bunny","transform":{"columns":[[-0.28921744,0.00091660226,-0.9572622,0],[9.259574e-05,0.99999857,0.0009295474,0],[0.9572632,0.00018020322,-0.28921756,0],[-0.023525132,-0.3945512,-0.37702313,0.9999999]]}}},{"label":"Bunny didUpdate","content":{"name":"bunny","identifier":"50967CD0-E77F-4258-8412-74686C3F93EA","transform":{"columns":[[-0.28920564,0.0009063416,-0.95726573,0],[8.1255195e-05,0.9999985,0.00092225254,0],[0.9572667,0.00018893814,-0.28920573,0],[-0.023523953,-0.3945511,-0.3770223,0.99999994]]}},"timestamp":1742665322.788526},{"label":"Bunny didUpdate","content":{"name":"bunny","identifier":"50967CD0-E77F-4258-8412-74686C3F93EA","transform":{"columns":[[-0.28918517,0.00089542737,-0.95727175,0],[9.201351e-05,0.99999833,0.0009075969,0],[0.9572727,0.00017438199,-0.2891853,0],[-0.023524657,-0.39455146,-0.3770206,0.9999999]]}},"timestamp":1742665323.5855331},{"label":"Bunny didUpdate","content":{"transform":{"columns":[[-0.2891978,0.0008933146,-0.9572678,0],[7.6688564e-05,0.9999982,0.000910022,0],[0.95726883,0.0001897653,-0.28919792,0],[-0.02352346,-0.3945512,-0.37702107,0.99999994]]},"identifier":"50967CD0-E77F-4258-8412-74686C3F93EA","name":"bunny"},"timestamp":1742665323.885092},{"content":{"name":"bunny","identifier":"50967CD0-E77F-4258-8412-74686C3F93EA","transform":{"columns":[[-0.28920218,0.0008718749,-0.95726645,0],[5.892012e-05,0.99999815,0.0008929943,0],[0.9572674,0.0002018541,-0.2892023,0],[-0.023521924,-0.39455113,-0.37701967,0.99999994]]}},"label":"Bunny didUpdate","timestamp":1742665324.284179}]