[{"timestamp":1742634830.8953009,"label":"Application launched"},{"timestamp":1742634830.895406,"label":"Initialize ARViewModel"},{"label":"Finished Initialize ARViewModel","timestamp":1742634830.896995},{"timestamp":1742634830.8970509,"label":"Initialize AnchorManager"},{"label":"Fininshed Initialize AnchorManager","timestamp":1742634830.897064},{"timestamp":1742634830.897077,"label":"ContentView Initialize"},{"content":{"position":[-0.054306768,-0.3927592,-0.99920416],"beaconName":"DWM3001CDK (8449B511)"},"timestamp":1742634855.115175,"label":"Finished Ranging"},{"timestamp":1742634855.159285,"content":{"transform":{"columns":[[0.020754218,0,-0.99978465,0],[0,1,0,0],[0.99978465,0,0.020754218,0],[-0.054306768,-0.3927592,-0.99920416,1]]},"name":"bunny","identifier":"5E1B6CE8-F001-4A85-87A5-A364A77AF700"},"label":"Bunny didAdd"},{"label":"ARImageAnchor didAdd","content":{"transform":{"columns":[[0.97877425,0.01245251,0.2045626,0],[-0.20463063,0.0044478206,0.9788291,0],[0.0112790195,-0.9999124,0.0069016027,0],[-0.4277704,-0.6973368,-0.6538485,0.99999994]]},"identifier":"FF85DBE1-76D3-E459-2D24-8EDCEE263300","name":"Car"},"timestamp":1742634859.2257261},{"label":"ARImageAnchor didUpdate","content":{"identifier":"FF85DBE1-76D3-E459-2D24-8EDCEE263300","name":"Car","transform":{"columns":[[0.97877425,0.01245251,0.2045626,0],[-0.20463063,0.0044478206,0.9788291,0],[0.0112790195,-0.9999124,0.0069016027,0],[-0.4277704,-0.6973368,-0.6538485,0.99999994]]}},"timestamp":1742634859.231138},{"timestamp":1742634862.492209,"label":"ARImageAnchor didAdd","content":{"transform":{"columns":[[0.9814207,-0.0032464494,0.19184102,0],[-0.19186796,-0.018911315,0.9812385,0],[0.00044242872,-0.9998159,-0.019182844,0],[-1.3139842,0.56461406,-1.3801564,1.0000001]]},"name":"Earth","identifier":"088EF783-5990-B052-BE99-B8AA15BA6C68"}},{"label":"ARImageAnchor didUpdate","content":{"transform":{"columns":[[0.9814207,-0.0032464494,0.19184102,0],[-0.19186796,-0.018911315,0.9812385,0],[0.00044242872,-0.9998159,-0.019182844,0],[-1.3139842,0.56461406,-1.3801564,1.0000001]]},"identifier":"088EF783-5990-B052-BE99-B8AA15BA6C68","name":"Earth"},"timestamp":1742634862.4989672},{"label":"ARImageAnchor didAdd","timestamp":1742634867.291696,"content":{"identifier":"C35EAC54-3E90-1B97-807B-5E3B8F238DB7","name":"Sailboat","transform":{"columns":[[0.9854407,0.014641198,0.16938809,0],[-0.16877495,-0.036091793,0.9849936,0],[0.020534992,-0.9992411,-0.033095233,0],[0.5052465,0.7467441,-1.0301802,1.0000001]]}}},{"label":"ARImageAnchor didUpdate","content":{"transform":{"columns":[[0.9854407,0.014641198,0.16938809,0],[-0.16877495,-0.036091793,0.9849936,0],[0.020534992,-0.9992411,-0.033095233,0],[0.5052465,0.7467441,-1.0301802,1.0000001]]},"identifier":"C35EAC54-3E90-1B97-807B-5E3B8F238DB7","name":"Sailboat"},"timestamp":1742634867.2992969},{"timestamp":1742634869.958142,"content":{"identifier":"A19C2489-597B-2BED-432C-244B551E75FD","name":"Mandrill","transform":{"columns":[[-0.18249407,-0.012494685,0.9831274,0],[-0.9820786,0.050204623,-0.18166137,0],[-0.04708775,-0.9986606,-0.02143282,0],[1.1173491,0.7741123,-0.34940812,0.9999999]]}},"label":"ARImageAnchor didAdd"},{"timestamp":1742634869.9652839,"label":"ARImageAnchor didUpdate","content":{"name":"Mandrill","identifier":"A19C2489-597B-2BED-432C-244B551E75FD","transform":{"columns":[[-0.18249407,-0.012494685,0.9831274,0],[-0.9820786,0.050204623,-0.18166137,0],[-0.04708775,-0.9986606,-0.02143282,0],[1.1173491,0.7741123,-0.34940812,0.9999999]]}}},{"label":"ARImageAnchor didAdd","timestamp":1742634872.091455,"content":{"name":"Peppers","identifier":"61BB3DDD-C96C-6E82-3432-BD712CCBCB28","transform":{"columns":[[-0.20342264,-0.0050914944,0.9790778,0],[-0.97907734,0.0063330755,-0.20338963,0],[-0.0051650223,-0.9999669,-0.0062732673,0],[1.0498227,0.153983,0.3865125,1]]}}},{"content":{"name":"Peppers","transform":{"columns":[[-0.20342264,-0.0050914944,0.9790778,0],[-0.97907734,0.0063330755,-0.20338963,0],[-0.0051650223,-0.9999669,-0.0062732673,0],[1.0498227,0.153983,0.3865125,1]]},"identifier":"61BB3DDD-C96C-6E82-3432-BD712CCBCB28"},"label":"ARImageAnchor didUpdate","timestamp":1742634872.09939},{"content":{"identifier":"61BB3DDD-C96C-6E82-3432-BD712CCBCB28","transform":{"columns":[[-0.18681678,-0.006759429,0.98237145,0],[-0.9823813,-0.0039479225,-0.18684582,0],[0.005141286,-0.99996936,-0.0059028016,0],[1.0508633,0.15791503,0.38122413,1]]},"name":"Peppers"},"timestamp":1742634872.598901,"label":"ARImageAnchor didUpdate"},{"content":{"name":"Peppers","transform":{"columns":[[-0.18681678,-0.006759429,0.98237145,0],[-0.9823813,-0.0039479225,-0.18684582,0],[0.005141286,-0.99996936,-0.0059028016,0],[1.0508633,0.15791503,0.38122413,1]]},"identifier":"61BB3DDD-C96C-6E82-3432-BD712CCBCB28"},"label":"ARImageAnchor didUpdate","timestamp":1742634872.6318002},{"timestamp":1742634874.732586,"content":{"name":"Peppers","identifier":"61BB3DDD-C96C-6E82-3432-BD712CCBCB28","transform":{"columns":[[-0.17938489,-0.008571598,0.9837416,0],[-0.9835102,-0.021805262,-0.17953272,0],[0.022989592,-0.9997254,-0.004518722,0],[1.0515879,0.16062471,0.37676024,1]]}},"label":"ARImageAnchor didUpdate"},{"label":"ARImageAnchor didUpdate","content":{"name":"Peppers","identifier":"61BB3DDD-C96C-6E82-3432-BD712CCBCB28","transform":{"columns":[[-0.17938489,-0.008571598,0.9837416,0],[-0.9835102,-0.021805262,-0.17953272,0],[0.022989592,-0.9997254,-0.004518722,0],[1.0515879,0.16062471,0.37676024,1]]}},"timestamp":1742634874.764266},{"content":{"identifier":"5E1B6CE8-F001-4A85-87A5-A364A77AF700","transform":{"columns":[[0.021855159,-0.00037196113,-0.99976116,0],[8.652348e-05,0.9999999,-0.00037015852,0],[0.9997612,-7.8412944e-05,0.021855185,0],[-0.05413629,-0.39281547,-0.999218,1]]},"name":"bunny"},"label":"Bunny didUpdate","timestamp":1742634877.6975842},{"content":{"transform":{"columns":[[0.2174328,-0.038992412,-0.9752962,0],[0.97383374,-0.059012208,0.21946608,0],[-0.0661119,-0.9974954,0.025140928,0],[0.27389306,-0.67385685,-0.5978373,1]]},"identifier":"6BAD7D5D-D14A-EF93-1C8B-F6BEC80B8329","name":"Lenna"},"timestamp":1742634880.090822,"label":"ARImageAnchor didAdd"},{"timestamp":1742634880.098517,"label":"ARImageAnchor didUpdate","content":{"identifier":"6BAD7D5D-D14A-EF93-1C8B-F6BEC80B8329","transform":{"columns":[[0.2174328,-0.038992412,-0.9752962,0],[0.97383374,-0.059012208,0.21946608,0],[-0.0661119,-0.9974954,0.025140928,0],[0.27389306,-0.67385685,-0.5978373,1]]},"name":"Lenna"}},{"timestamp":1742634880.59779,"content":{"name":"Lenna","identifier":"6BAD7D5D-D14A-EF93-1C8B-F6BEC80B8329","transform":{"columns":[[0.19825903,-0.032405496,-0.9796138,0],[0.977924,-0.06077446,0.1999275,0],[-0.066014215,-0.99762523,0.019641025,0],[0.27584344,-0.6779794,-0.5985515,1]]}},"label":"ARImageAnchor didUpdate"},{"timestamp":1742634880.6311312,"content":{"transform":{"columns":[[0.19825903,-0.032405496,-0.9796138,0],[0.977924,-0.06077446,0.1999275,0],[-0.066014215,-0.99762523,0.019641025,0],[0.27584344,-0.6779794,-0.5985515,1]]},"name":"Lenna","identifier":"6BAD7D5D-D14A-EF93-1C8B-F6BEC80B8329"},"label":"ARImageAnchor didUpdate"},{"timestamp":1742634884.531208,"content":{"name":"bunny","identifier":"5E1B6CE8-F001-4A85-87A5-A364A77AF700","transform":{"columns":[[0.02209986,-0.00041186876,-0.9997558,0],[6.2581326e-05,0.99999976,-0.0004105859,0],[0.99975586,-5.349217e-05,0.022099879,0],[-0.0540942,-0.39282304,-0.999225,0.9999999]]}},"label":"Bunny didUpdate"},{"label":"ARImageAnchor didUpdate","timestamp":1742634891.264035,"content":{"identifier":"088EF783-5990-B052-BE99-B8AA15BA6C68","name":"Earth","transform":{"columns":[[0.9830656,-0.0021871603,0.18324122,0],[-0.18325274,-0.0076712086,0.983036,0],[-0.0007443808,-0.9999681,-0.0079421755,0],[-1.302132,0.56822604,-1.3887086,1]]}}},{"timestamp":1742634891.297449,"label":"ARImageAnchor didUpdate","content":{"transform":{"columns":[[0.9830656,-0.0021871603,0.18324122,0],[-0.18325274,-0.0076712086,0.983036,0],[-0.0007443808,-0.9999681,-0.0079421755,0],[-1.302132,0.56822604,-1.3887086,1]]},"name":"Earth","identifier":"088EF783-5990-B052-BE99-B8AA15BA6C68"}},{"timestamp":1742634891.796348,"label":"ARImageAnchor didUpdate","content":{"name":"Earth","transform":{"columns":[[0.985815,0.0025438285,0.1678161,0],[-0.16783534,0.014547224,0.9857077,0],[6.620959e-05,-0.9998908,0.0147677865,0],[-1.3131131,0.571275,-1.3934225,1]]},"identifier":"088EF783-5990-B052-BE99-B8AA15BA6C68"}},{"timestamp":1742634891.8305988,"content":{"identifier":"088EF783-5990-B052-BE99-B8AA15BA6C68","transform":{"columns":[[0.985815,0.0025438285,0.1678161,0],[-0.16783534,0.014547224,0.9857077,0],[6.620959e-05,-0.9998908,0.0147677865,0],[-1.3131131,0.571275,-1.3934225,1]]},"name":"Earth"},"label":"ARImageAnchor didUpdate"}]