[{"timestamp":1742657824.605844,"label":"Application launched"},{"timestamp":1742657824.6059542,"label":"Initialize ARViewModel"},{"label":"Finished Initialize ARViewModel","timestamp":1742657824.606797},{"timestamp":1742657824.606806,"label":"Initialize AnchorManager"},{"label":"Fininshed Initialize AnchorManager","timestamp":1742657824.606811},{"label":"ContentView Initialize","timestamp":1742657824.6068149},{"label":"Finished Ranging","content":{"beaconName":"DWM3001CDK (8449B511)","position":[-0.11104573,-0.17040282,-0.15436949]},"timestamp":1742657850.0265899},{"label":"Bunny didAdd","content":{"identifier":"87BBF836-2DC2-432B-8A85-92D17DF2CB63","transform":{"columns":[[-0.5103786,0,-0.8599498,0],[0,1,0,0],[0.8599498,0,-0.5103786,0],[-0.11104573,-0.17040282,-0.15436949,1]]},"name":"bunny"},"timestamp":1742657850.081301},{"content":{"name":"bunny","transform":{"columns":[[-0.5099389,8.31784e-05,-0.8602106,0],[3.5419325e-05,1,7.5698576e-05,0],[0.8602106,8.133569e-06,-0.5099389,0],[-0.11089283,-0.17007528,-0.15404832,1]]},"identifier":"87BBF836-2DC2-432B-8A85-92D17DF2CB63"},"timestamp":1742657850.567807,"label":"Bunny didUpdate"},{"label":"ARImageAnchor didAdd","timestamp":1742657854.5140939,"content":{"transform":{"columns":[[0.9647183,0.013542918,-0.26293588,0],[0.26296547,-0.0004244669,0.9648052,0],[0.012954652,-0.99990803,-0.00397081,0],[-0.28852332,-0.48552316,0.3544261,1]]},"name":"Car","identifier":"FF85DBE1-76D3-E459-2D24-8EDCEE263300"}},{"label":"ARImageAnchor didUpdate","content":{"transform":{"columns":[[0.9647183,0.013542918,-0.26293588,0],[0.26296547,-0.0004244669,0.9648052,0],[0.012954652,-0.99990803,-0.00397081,0],[-0.28852332,-0.48552316,0.3544261,1]]},"identifier":"FF85DBE1-76D3-E459-2D24-8EDCEE263300","name":"Car"},"timestamp":1742657854.5219889},{"content":{"transform":{"columns":[[0.9412124,0.004865023,-0.33778015,0],[0.3378033,-0.021922586,0.9409613,0],[-0.0028272145,-0.99974775,-0.022277234,0],[-1.4004254,0.756175,0.12403047,0.99999994]]},"identifier":"088EF783-5990-B052-BE99-B8AA15BA6C68","name":"Earth"},"timestamp":1742657859.314085,"label":"ARImageAnchor didAdd"},{"label":"ARImageAnchor didUpdate","content":{"name":"Earth","identifier":"088EF783-5990-B052-BE99-B8AA15BA6C68","transform":{"columns":[[0.9412124,0.004865023,-0.33778015,0],[0.3378033,-0.021922586,0.9409613,0],[-0.0028272145,-0.99974775,-0.022277234,0],[-1.4004254,0.756175,0.12403047,0.99999994]]}},"timestamp":1742657859.3197122},{"timestamp":1742657859.8199759,"label":"ARImageAnchor didUpdate","content":{"name":"Earth","identifier":"088EF783-5990-B052-BE99-B8AA15BA6C68","transform":{"columns":[[0.9451093,0.0062078717,-0.3266955,0],[0.32674775,-0.024356537,0.9447977,0],[-0.0020919864,-0.99968404,-0.025048,0],[-1.4091843,0.76102537,0.12685719,1]]}}},{"timestamp":1742657859.854702,"label":"ARImageAnchor didUpdate","content":{"identifier":"088EF783-5990-B052-BE99-B8AA15BA6C68","transform":{"columns":[[0.9451093,0.0062078717,-0.3266955,0],[0.32674775,-0.024356537,0.9447977,0],[-0.0020919864,-0.99968404,-0.025048,0],[-1.4091843,0.76102537,0.12685719,1]]},"name":"Earth"}},{"timestamp":1742657866.5228992,"label":"Bunny didUpdate","content":{"identifier":"87BBF836-2DC2-432B-8A85-92D17DF2CB63","name":"bunny","transform":{"columns":[[-0.5091979,0.0006279831,-0.860649,0],[0.00065637944,0.9999997,0.00034131907,0],[0.8606491,-0.00039111337,-0.50919825,0],[-0.1108824,-0.17004873,-0.15407841,0.99999994]]}}},{"label":"Bunny didUpdate","timestamp":1742657867.0220609,"content":{"name":"bunny","identifier":"87BBF836-2DC2-432B-8A85-92D17DF2CB63","transform":{"columns":[[-0.5092121,0.0006340609,-0.8606404,0],[0.00065430446,0.9999997,0.00034960124,0],[0.8606407,-0.00038509976,-0.5092125,0],[-0.11088312,-0.17004833,-0.15407847,0.99999994]]}}},{"label":"ARImageAnchor didAdd","timestamp":1742657867.313184,"content":{"name":"Lenna","identifier":"6BAD7D5D-D14A-EF93-1C8B-F6BEC80B8329","transform":{"columns":[[-0.32098565,-0.0359059,-0.9464032,0],[0.947078,-0.015751416,-0.32061696,0],[-0.0033951711,-0.9992309,0.039061673,0],[0.36458835,-0.4861787,0.07973537,1]]}}},{"content":{"name":"Lenna","transform":{"columns":[[-0.32098565,-0.0359059,-0.9464032,0],[0.947078,-0.015751416,-0.32061696,0],[-0.0033951711,-0.9992309,0.039061673,0],[0.36458835,-0.4861787,0.07973537,1]]},"identifier":"6BAD7D5D-D14A-EF93-1C8B-F6BEC80B8329"},"timestamp":1742657867.322823,"label":"ARImageAnchor didUpdate"},{"label":"Bunny didUpdate","content":{"transform":{"columns":[[-0.5092297,0.0006451085,-0.8606298,0],[0.00062878896,0.99999964,0.0003775262,0],[0.86063015,-0.00034890717,-0.5092302,0],[-0.11088276,-0.17004746,-0.1540796,0.99999994]]},"name":"bunny","identifier":"87BBF836-2DC2-432B-8A85-92D17DF2CB63"},"timestamp":1742657867.524133},{"label":"ARImageAnchor didAdd","timestamp":1742657871.6131,"content":{"name":"Sailboat","identifier":"C35EAC54-3E90-1B97-807B-5E3B8F238DB7","transform":{"columns":[[0.9571866,0.0038885963,-0.28944564,0],[0.28933614,0.017749282,0.95706296,0],[0.008859075,-0.99983484,0.015864262,0],[0.3392428,0.9456067,-0.4236617,0.99999994]]}}},{"label":"ARImageAnchor didUpdate","content":{"name":"Sailboat","identifier":"C35EAC54-3E90-1B97-807B-5E3B8F238DB7","transform":{"columns":[[0.9571866,0.0038885963,-0.28944564,0],[0.28933614,0.017749282,0.95706296,0],[0.008859075,-0.99983484,0.015864262,0],[0.3392428,0.9456067,-0.4236617,0.99999994]]}},"timestamp":1742657871.619782},{"timestamp":1742657874.3129702,"content":{"identifier":"A19C2489-597B-2BED-432C-244B551E75FD","transform":{"columns":[[0.29826233,-0.011496994,0.95441467,0],[-0.95263076,0.058694433,0.29841182,0],[-0.059449676,-0.99820966,0.0065539526,0],[1.1903577,0.97533876,-0.11090305,0.99999994]]},"name":"Mandrill"},"label":"ARImageAnchor didAdd"},{"label":"ARImageAnchor didUpdate","timestamp":1742657874.323176,"content":{"identifier":"A19C2489-597B-2BED-432C-244B551E75FD","transform":{"columns":[[0.29826233,-0.011496994,0.95441467,0],[-0.95263076,0.058694433,0.29841182,0],[-0.059449676,-0.99820966,0.0065539526,0],[1.1903577,0.97533876,-0.11090305,0.99999994]]},"name":"Mandrill"}},{"content":{"name":"Peppers","identifier":"61BB3DDD-C96C-6E82-3432-BD712CCBCB28","transform":{"columns":[[0.25861138,-0.0012825219,0.9659805,0],[-0.9659201,0.010918683,0.25860968,0],[-0.010878911,-0.99993944,0.0015848815,0],[1.4880321,0.3613109,0.56628025,0.99999994]]}},"timestamp":1742657876.9793801,"label":"ARImageAnchor didAdd"},{"label":"ARImageAnchor didUpdate","timestamp":1742657876.9867659,"content":{"identifier":"61BB3DDD-C96C-6E82-3432-BD712CCBCB28","name":"Peppers","transform":{"columns":[[0.25861138,-0.0012825219,0.9659805,0],[-0.9659201,0.010918683,0.25860968,0],[-0.010878911,-0.99993944,0.0015848815,0],[1.4880321,0.3613109,0.56628025,0.99999994]]}}},{"timestamp":1742657879.619464,"label":"ARImageAnchor didUpdate","content":{"identifier":"61BB3DDD-C96C-6E82-3432-BD712CCBCB28","transform":{"columns":[[0.31606197,-0.004153254,0.94872946,0],[-0.9487145,0.005722804,0.31608206,0],[-0.006742161,-0.9999749,-0.0021314924,0],[1.4859488,0.3623164,0.56288195,1]]},"name":"Peppers"}},{"label":"ARImageAnchor didUpdate","content":{"identifier":"61BB3DDD-C96C-6E82-3432-BD712CCBCB28","transform":{"columns":[[0.31606197,-0.004153254,0.94872946,0],[-0.9487145,0.005722804,0.31608206,0],[-0.006742161,-0.9999749,-0.0021314924,0],[1.4859488,0.3623164,0.56288195,1]]},"name":"Peppers"},"timestamp":1742657879.653012},{"timestamp":1742657886.020556,"label":"ARImageAnchor didUpdate","content":{"name":"Lenna","identifier":"6BAD7D5D-D14A-EF93-1C8B-F6BEC80B8329","transform":{"columns":[[-0.22918919,-0.034700286,-0.97276324,0],[0.97331804,-0.01961667,-0.22862014,0],[-0.011149197,-0.99920523,0.038270347,0],[0.34275794,-0.48821127,0.07896413,1]]}}},{"label":"ARImageAnchor didUpdate","content":{"transform":{"columns":[[-0.22918919,-0.034700286,-0.97276324,0],[0.97331804,-0.01961667,-0.22862014,0],[-0.011149197,-0.99920523,0.038270347,0],[0.34275794,-0.48821127,0.07896413,1]]},"identifier":"6BAD7D5D-D14A-EF93-1C8B-F6BEC80B8329","name":"Lenna"},"timestamp":1742657886.053615},{"content":{"identifier":"87BBF836-2DC2-432B-8A85-92D17DF2CB63","transform":{"columns":[[-0.50920016,0.0005573447,-0.86064714,0],[0.0006411131,0.9999996,0.00026827445,0],[0.86064756,-0.00041516707,-0.5092007,0],[-0.110881716,-0.17005272,-0.15407433,0.99999994]]},"name":"bunny"},"timestamp":1742657886.2207232,"label":"Bunny didUpdate"},{"content":{"name":"bunny","identifier":"87BBF836-2DC2-432B-8A85-92D17DF2CB63","transform":{"columns":[[-0.50919235,0.0005432981,-0.8606517,0],[0.000648031,0.9999996,0.000247865,0],[0.86065215,-0.00043151833,-0.50919294,0],[-0.110881686,-0.17005359,-0.15407345,1]]}},"timestamp":1742657886.5200682,"label":"Bunny didUpdate"},{"label":"ARImageAnchor didUpdate","content":{"name":"Lenna","identifier":"6BAD7D5D-D14A-EF93-1C8B-F6BEC80B8329","transform":{"columns":[[-0.27658913,-0.03410353,-0.960383,0],[0.9609883,-0.010157577,-0.27640274,0],[-0.00032889363,-0.99936664,0.035582565,0],[0.359597,-0.48574635,0.07917368,1]]}},"timestamp":1742657886.552872},{"content":{"name":"Lenna","transform":{"columns":[[-0.27658913,-0.03410353,-0.960383,0],[0.9609883,-0.010157577,-0.27640274,0],[-0.00032889363,-0.99936664,0.035582565,0],[0.359597,-0.48574635,0.07917368,1]]},"identifier":"6BAD7D5D-D14A-EF93-1C8B-F6BEC80B8329"},"label":"ARImageAnchor didUpdate","timestamp":1742657886.588581},{"label":"ARImageAnchor didUpdate","timestamp":1742657895.151277,"content":{"name":"Earth","transform":{"columns":[[0.9554516,-0.0084939245,-0.2950255,0],[0.29462954,-0.031759907,0.9550837,0],[-0.017482387,-0.9994594,-0.027842494,0],[-1.4131088,0.76003444,0.14270449,1]]},"identifier":"088EF783-5990-B052-BE99-B8AA15BA6C68"}},{"label":"ARImageAnchor didUpdate","content":{"name":"Earth","identifier":"088EF783-5990-B052-BE99-B8AA15BA6C68","transform":{"columns":[[0.9554516,-0.0084939245,-0.2950255,0],[0.29462954,-0.031759907,0.9550837,0],[-0.017482387,-0.9994594,-0.027842494,0],[-1.4131088,0.76003444,0.14270449,1]]}},"timestamp":1742657895.185398},{"content":{"name":"Earth","transform":{"columns":[[0.95567816,-0.0020891624,-0.29440597,0],[0.29376483,-0.059570815,0.95401967,0],[-0.019531108,-0.9982218,-0.056316815,0],[-1.4095545,0.76305014,0.13029817,1]]},"identifier":"088EF783-5990-B052-BE99-B8AA15BA6C68"},"timestamp":1742657896.750667,"label":"ARImageAnchor didUpdate"},{"timestamp":1742657896.7861671,"label":"ARImageAnchor didUpdate","content":{"identifier":"088EF783-5990-B052-BE99-B8AA15BA6C68","transform":{"columns":[[0.95567816,-0.0020891624,-0.29440597,0],[0.29376483,-0.059570815,0.95401967,0],[-0.019531108,-0.9982218,-0.056316815,0],[-1.4095545,0.76305014,0.13029817,1]]},"name":"Earth"}},{"timestamp":1742657898.721411,"label":"Bunny didUpdate","content":{"identifier":"87BBF836-2DC2-432B-8A85-92D17DF2CB63","name":"bunny","transform":{"columns":[[-0.5092033,0.00067191257,-0.860645,0],[0.00091850804,0.99999934,0.00023726952,0],[0.8606453,-0.0006696914,-0.50920403,0],[-0.11089717,-0.17004837,-0.15407236,0.99999994]]}}}]