[{"timestamp":1742634671.373229,"label":"Application launched"},{"label":"Initialize ARViewModel","timestamp":1742634671.3732991},{"timestamp":1742634671.374713,"label":"Finished Initialize ARViewModel"},{"timestamp":1742634671.3747802,"label":"Initialize AnchorManager"},{"timestamp":1742634671.3747869,"label":"Fininshed Initialize AnchorManager"},{"label":"ContentView Initialize","timestamp":1742634671.374792},{"timestamp":1742634697.213743,"label":"Finished Ranging","content":{"position":[-0.029827189,-0.34112638,-0.70088345],"beaconName":"DWM3001CDK (8449B511)"}},{"label":"Bunny didAdd","content":{"identifier":"8076B2E1-E87E-45CE-BCC7-DB0E003FCD48","transform":{"columns":[[-0.5822166,0,-0.81303376,0],[0,1,0,0],[0.81303376,0,-0.5822166,0],[-0.029827189,-0.34112638,-0.70088345,1]]},"name":"bunny"},"timestamp":1742634697.269944},{"content":{"name":"bunny","transform":{"columns":[[-0.5822202,-6.902478e-05,-0.8130313,0],[-4.49503e-05,1,-5.2708696e-05,0],[0.8130313,5.857933e-06,-0.58222026,0],[-0.029827232,-0.34113342,-0.70088136,1]]},"identifier":"8076B2E1-E87E-45CE-BCC7-DB0E003FCD48"},"timestamp":1742634698.377956,"label":"Bunny didUpdate"},{"content":{"transform":{"columns":[[0.9361437,0.010915795,-0.3514483,0],[0.35149735,-0.002900038,0.9361842,0],[0.009199982,-0.99993616,-0.0065517225,0],[-0.16937701,-0.6465427,-0.2041627,0.99999994]]},"identifier":"FF85DBE1-76D3-E459-2D24-8EDCEE263300","name":"Car"},"label":"ARImageAnchor didAdd","timestamp":1742634700.736304},{"content":{"name":"Car","identifier":"FF85DBE1-76D3-E459-2D24-8EDCEE263300","transform":{"columns":[[0.9361437,0.010915795,-0.3514483,0],[0.35149735,-0.002900038,0.9361842,0],[0.009199982,-0.99993616,-0.0065517225,0],[-0.16937701,-0.6465427,-0.2041627,0.99999994]]}},"timestamp":1742634700.743586,"label":"ARImageAnchor didUpdate"},{"timestamp":1742634704.469444,"label":"ARImageAnchor didAdd","content":{"name":"Earth","identifier":"088EF783-5990-B052-BE99-B8AA15BA6C68","transform":{"columns":[[0.9212542,0.00029079773,-0.38896078,0],[0.38895804,-0.004546659,0.9212442,0],[-0.0015005781,-0.99998957,-0.004301707,0],[-1.3007078,0.6067225,-0.32109496,0.99999994]]}}},{"timestamp":1742634704.475288,"label":"ARImageAnchor didUpdate","content":{"identifier":"088EF783-5990-B052-BE99-B8AA15BA6C68","name":"Earth","transform":{"columns":[[0.9212542,0.00029079773,-0.38896078,0],[0.38895804,-0.004546659,0.9212442,0],[-0.0015005781,-0.99998957,-0.004301707,0],[-1.3007078,0.6067225,-0.32109496,0.99999994]]}}},{"timestamp":1742634707.669354,"content":{"transform":{"columns":[[0.93648696,-0.0013546244,-0.3507,0],[0.35059634,-0.020996163,0.9362913,0],[-0.008631692,-0.99977857,-0.019187698,0],[0.41131762,0.78923464,-1.0392202,1]]},"identifier":"C35EAC54-3E90-1B97-807B-5E3B8F238DB7","name":"Sailboat"},"label":"ARImageAnchor didAdd"},{"label":"ARImageAnchor didUpdate","timestamp":1742634707.677352,"content":{"transform":{"columns":[[0.93648696,-0.0013546244,-0.3507,0],[0.35059634,-0.020996163,0.9362913,0],[-0.008631692,-0.99977857,-0.019187698,0],[0.41131762,0.78923464,-1.0392202,1]]},"name":"Sailboat","identifier":"C35EAC54-3E90-1B97-807B-5E3B8F238DB7"}},{"label":"ARImageAnchor didUpdate","timestamp":1742634708.176024,"content":{"name":"Sailboat","identifier":"C35EAC54-3E90-1B97-807B-5E3B8F238DB7","transform":{"columns":[[0.93321717,0.001321414,-0.35931018,0],[0.35918123,0.023606118,0.93296915,0],[0.009714749,-0.99972034,0.021555003,0],[0.4056902,0.7893968,-1.0370991,0.9999999]]}}},{"timestamp":1742634708.2091641,"content":{"identifier":"C35EAC54-3E90-1B97-807B-5E3B8F238DB7","transform":{"columns":[[0.93321717,0.001321414,-0.35931018,0],[0.35918123,0.023606118,0.93296915,0],[0.009714749,-0.99972034,0.021555003,0],[0.4056902,0.7893968,-1.0370991,0.9999999]]},"name":"Sailboat"},"label":"ARImageAnchor didUpdate"},{"content":{"transform":{"columns":[[-0.36510706,-0.035748,-0.93027884,0],[0.9309147,-0.0035915843,-0.36521867,0],[0.009714638,-0.99935424,0.034589678,0],[0.43187326,-0.65598476,-0.53309214,0.99999994]]},"name":"Lenna","identifier":"6BAD7D5D-D14A-EF93-1C8B-F6BEC80B8329"},"timestamp":1742634711.402192,"label":"ARImageAnchor didAdd"},{"label":"ARImageAnchor didUpdate","content":{"identifier":"6BAD7D5D-D14A-EF93-1C8B-F6BEC80B8329","transform":{"columns":[[-0.36510706,-0.035748,-0.93027884,0],[0.9309147,-0.0035915843,-0.36521867,0],[0.009714638,-0.99935424,0.034589678,0],[0.43187326,-0.65598476,-0.53309214,0.99999994]]},"name":"Lenna"},"timestamp":1742634711.40904},{"label":"ARImageAnchor didUpdate","content":{"transform":{"columns":[[-0.37107432,-0.035617806,-0.9279198,0],[0.92860264,-0.015355702,-0.3707579,0],[-0.0010433049,-0.99924743,0.038772892,0],[0.44738832,-0.65069985,-0.5324722,1]]},"name":"Lenna","identifier":"6BAD7D5D-D14A-EF93-1C8B-F6BEC80B8329"},"timestamp":1742634711.909106},{"label":"ARImageAnchor didUpdate","timestamp":1742634711.942009,"content":{"identifier":"6BAD7D5D-D14A-EF93-1C8B-F6BEC80B8329","transform":{"columns":[[-0.37107432,-0.035617806,-0.9279198,0],[0.92860264,-0.015355702,-0.3707579,0],[-0.0010433049,-0.99924743,0.038772892,0],[0.44738832,-0.65069985,-0.5324722,1]]},"name":"Lenna"}},{"timestamp":1742634715.135361,"label":"ARImageAnchor didAdd","content":{"transform":{"columns":[[0.36661187,-0.01208976,0.9302954,0],[-0.92915726,0.046364736,0.36676586,0],[-0.047567025,-0.99885136,0.005764558,0],[1.269511,0.78968596,-0.80170214,1]]},"name":"Mandrill","identifier":"A19C2489-597B-2BED-432C-244B551E75FD"}},{"content":{"identifier":"A19C2489-597B-2BED-432C-244B551E75FD","transform":{"columns":[[0.36661187,-0.01208976,0.9302954,0],[-0.92915726,0.046364736,0.36676586,0],[-0.047567025,-0.99885136,0.005764558,0],[1.269511,0.78968596,-0.80170214,1]]},"name":"Mandrill"},"timestamp":1742634715.145833,"label":"ARImageAnchor didUpdate"},{"content":{"transform":{"columns":[[0.3716758,-0.010602212,0.928302,0],[-0.92680633,0.05363471,0.37168953,0],[-0.05372995,-0.99850416,0.010108539,0],[1.2728152,0.80049497,-0.791058,1]]},"identifier":"A19C2489-597B-2BED-432C-244B551E75FD","name":"Mandrill"},"timestamp":1742634715.642792,"label":"ARImageAnchor didUpdate"},{"label":"ARImageAnchor didUpdate","timestamp":1742634715.676724,"content":{"transform":{"columns":[[0.3716758,-0.010602212,0.928302,0],[-0.92680633,0.05363471,0.37168953,0],[-0.05372995,-0.99850416,0.010108539,0],[1.2728152,0.80049497,-0.791058,1]]},"name":"Mandrill","identifier":"A19C2489-597B-2BED-432C-244B551E75FD"}},{"content":{"identifier":"61BB3DDD-C96C-6E82-3432-BD712CCBCB28","transform":{"columns":[[0.36330047,-0.0019436524,0.93167,0],[-0.93160677,-0.012588362,0.36324957,0],[0.0110221505,-0.9999189,-0.006384066,0],[1.6168069,0.1846302,-0.146867,1.0000001]]},"name":"Peppers"},"label":"ARImageAnchor didAdd","timestamp":1742634717.802205},{"content":{"transform":{"columns":[[0.36330047,-0.0019436524,0.93167,0],[-0.93160677,-0.012588362,0.36324957,0],[0.0110221505,-0.9999189,-0.006384066,0],[1.6168069,0.1846302,-0.146867,1.0000001]]},"identifier":"61BB3DDD-C96C-6E82-3432-BD712CCBCB28","name":"Peppers"},"timestamp":1742634717.8107061,"label":"ARImageAnchor didUpdate"},{"content":{"name":"bunny","identifier":"8076B2E1-E87E-45CE-BCC7-DB0E003FCD48","transform":{"columns":[[-0.5819422,-0.00018560479,-0.81323045,0],[-0.00017712769,1,-0.00010148008,0],[0.8132304,8.4990075e-05,-0.58194226,0],[-0.029829564,-0.34115344,-0.70093405,1]]}},"timestamp":1742634721.674303,"label":"Bunny didUpdate"},{"timestamp":1742634723.109117,"label":"ARImageAnchor didUpdate","content":{"identifier":"C35EAC54-3E90-1B97-807B-5E3B8F238DB7","name":"Sailboat","transform":{"columns":[[0.93501884,-0.0023324736,-0.35459042,0],[0.35458857,0.013467874,0.9349253,0],[0.002594886,-0.99990654,0.013419783,0],[0.39011496,0.7751977,-1.0297391,1]]}}},{"timestamp":1742634723.140827,"label":"ARImageAnchor didUpdate","content":{"transform":{"columns":[[0.93501884,-0.0023324736,-0.35459042,0],[0.35458857,0.013467874,0.9349253,0],[0.002594886,-0.99990654,0.013419783,0],[0.39011496,0.7751977,-1.0297391,1]]},"identifier":"C35EAC54-3E90-1B97-807B-5E3B8F238DB7","name":"Sailboat"}}]