[{"timestamp":1742663555.189923,"label":"Application launched"},{"label":"Initialize ARViewModel","timestamp":1742663555.190073},{"label":"Finished Initialize ARViewModel","timestamp":1742663555.191059},{"timestamp":1742663555.191073,"label":"Initialize AnchorManager"},{"label":"Fininshed Initialize AnchorManager","timestamp":1742663555.191077},{"label":"ContentView Initialize","timestamp":1742663555.191081},{"timestamp":1742663576.301621,"label":"Finished Ranging","content":{"position":[0.21158043,-0.35445762,-0.3504757],"beaconName":"DWM3001CDK (8449B511)"}},{"timestamp":1742663576.370099,"content":{"name":"bunny","identifier":"B9F1EF23-B3CD-40B7-9A4A-206BF382F322","transform":{"columns":[[-0.18375182,0,-0.9829726,0],[0,1,0,0],[0.9829726,0,-0.18375182,0],[0.21158043,-0.35445762,-0.3504757,1]]}},"label":"Bunny didAdd"},{"content":{"name":"bunny","identifier":"B9F1EF23-B3CD-40B7-9A4A-206BF382F322","transform":{"columns":[[-0.18387291,6.8979e-05,-0.98295,0],[1.0336466e-06,0.99999994,6.9982125e-05,0],[0.98294985,1.1851795e-05,-0.1838729,0],[0.21157247,-0.35445303,-0.35047704,0.99999994]]}},"timestamp":1742663577.244122,"label":"Bunny didUpdate"},{"label":"Bunny didUpdate","content":{"identifier":"B9F1EF23-B3CD-40B7-9A4A-206BF382F322","name":"bunny","transform":{"columns":[[-0.18388498,0.00012131454,-0.9829477,0],[4.5352895e-06,0.99999994,0.00012257065,0],[0.98294747,1.8080947e-05,-0.18388492,0],[0.2115713,-0.35444957,-0.35048229,1]]}},"timestamp":1742663578.544705},{"content":{"identifier":"B9F1EF23-B3CD-40B7-9A4A-206BF382F322","name":"bunny","transform":{"columns":[[-0.18388265,0.00016055985,-0.9829481,0],[2.4408062e-05,0.99999994,0.00015877908,0],[0.9829478,5.204865e-06,-0.18388265,0],[0.21157104,-0.35444856,-0.35048884,1]]}},"timestamp":1742663578.845162,"label":"Bunny didUpdate"},{"timestamp":1742663579.1363301,"label":"ARImageAnchor didAdd","content":{"name":"Car","identifier":"FF85DBE1-76D3-E459-2D24-8EDCEE263300","transform":{"columns":[[0.99625456,0.013219554,0.08545035,0],[-0.085606426,0.011724403,0.9962598,0],[0.012168253,-0.9998439,0.012812247,0],[-0.088301644,-0.6280147,0.0459024,0.99999994]]}}},{"content":{"name":"Car","transform":{"columns":[[0.99625456,0.013219554,0.08545035,0],[-0.085606426,0.011724403,0.9962598,0],[0.012168253,-0.9998439,0.012812247,0],[-0.088301644,-0.6280147,0.0459024,0.99999994]]},"identifier":"FF85DBE1-76D3-E459-2D24-8EDCEE263300"},"label":"ARImageAnchor didUpdate","timestamp":1742663579.143287},{"label":"ARImageAnchor didAdd","content":{"identifier":"088EF783-5990-B052-BE99-B8AA15BA6C68","transform":{"columns":[[0.99996644,-0.003272216,0.007496369,0],[-0.0075966613,-0.03178118,0.99946576,0],[-0.0030322126,-0.99948937,-0.031804968,0],[-1.0671649,0.6258597,-0.5138508,1.0000001]]},"name":"Earth"},"timestamp":1742663584.469603},{"label":"ARImageAnchor didUpdate","content":{"name":"Earth","transform":{"columns":[[0.99996644,-0.003272216,0.007496369,0],[-0.0075966613,-0.03178118,0.99946576,0],[-0.0030322126,-0.99948937,-0.031804968,0],[-1.0671649,0.6258597,-0.5138508,1.0000001]]},"identifier":"088EF783-5990-B052-BE99-B8AA15BA6C68"},"timestamp":1742663584.477933},{"timestamp":1742663584.977293,"label":"ARImageAnchor didUpdate","content":{"name":"Earth","identifier":"088EF783-5990-B052-BE99-B8AA15BA6C68","transform":{"columns":[[0.99823374,0.0007670801,-0.05940122,0],[0.05932815,0.038347386,0.9975015,0],[0.0030430348,-0.99926406,0.038234152,0],[-1.078247,0.630954,-0.5096324,1.0000001]]}}},{"label":"ARImageAnchor didUpdate","content":{"transform":{"columns":[[0.99823374,0.0007670801,-0.05940122,0],[0.05932815,0.038347386,0.9975015,0],[0.0030430348,-0.99926406,0.038234152,0],[-1.078247,0.630954,-0.5096324,1.0000001]]},"identifier":"088EF783-5990-B052-BE99-B8AA15BA6C68","name":"Earth"},"timestamp":1742663585.010246},{"content":{"name":"bunny","transform":{"columns":[[-0.18361603,0.0002329543,-0.98299795,0],[0.00035309687,0.99999976,0.0001710278,0],[0.98299754,-0.00031568998,-0.18361604,0],[0.21154971,-0.35442826,-0.35050204,0.99999994]]},"identifier":"B9F1EF23-B3CD-40B7-9A4A-206BF382F322"},"label":"Bunny didUpdate","timestamp":1742663589.210666},{"timestamp":1742663589.302566,"content":{"name":"Lenna","transform":{"columns":[[0.045221966,-0.03114185,-0.99849135,0],[0.9986079,-0.025753302,0.046030425,0],[-0.027147865,-0.999183,0.029933866,0],[0.6228612,-0.6292645,0.0033950321,1]]},"identifier":"6BAD7D5D-D14A-EF93-1C8B-F6BEC80B8329"},"label":"ARImageAnchor didAdd"},{"content":{"name":"Lenna","identifier":"6BAD7D5D-D14A-EF93-1C8B-F6BEC80B8329","transform":{"columns":[[0.045221966,-0.03114185,-0.99849135,0],[0.9986079,-0.025753302,0.046030425,0],[-0.027147865,-0.999183,0.029933866,0],[0.6228612,-0.6292645,0.0033950321,1]]}},"label":"ARImageAnchor didUpdate","timestamp":1742663589.3137631},{"label":"Bunny didUpdate","content":{"transform":{"columns":[[-0.18361817,0.00023829343,-0.98299754,0],[0.00030685417,0.9999997,0.00018509642,0],[0.982997,-0.0002676498,-0.18361813,0],[0.21155474,-0.35442972,-0.35050347,0.99999994]]},"identifier":"B9F1EF23-B3CD-40B7-9A4A-206BF382F322","name":"bunny"},"timestamp":1742663589.5442529},{"label":"Bunny didUpdate","timestamp":1742663589.843639,"content":{"identifier":"B9F1EF23-B3CD-40B7-9A4A-206BF382F322","transform":{"columns":[[-0.18361238,0.0002460969,-0.9829986,0],[0.00028026177,0.9999997,0.00019800356,0],[0.98299795,-0.00023914094,-0.18361229,0],[0.21155809,-0.35443035,-0.3505052,0.99999994]]},"name":"bunny"}},{"content":{"name":"Sailboat","transform":{"columns":[[0.9996406,0.0006914062,0.02679721,0],[-0.026796201,-0.0014588772,0.99963975,0],[0.0007302563,-0.99999857,-0.0014398249,0],[0.7734321,0.7963101,-0.47471714,1]]},"identifier":"C35EAC54-3E90-1B97-807B-5E3B8F238DB7"},"timestamp":1742663595.169148,"label":"ARImageAnchor didAdd"},{"content":{"name":"Sailboat","identifier":"C35EAC54-3E90-1B97-807B-5E3B8F238DB7","transform":{"columns":[[0.9996406,0.0006914062,0.02679721,0],[-0.026796201,-0.0014588772,0.99963975,0],[0.0007302563,-0.99999857,-0.0014398249,0],[0.7734321,0.7963101,-0.47471714,1]]}},"timestamp":1742663595.176707,"label":"ARImageAnchor didUpdate"},{"timestamp":1742663597.3023539,"label":"ARImageAnchor didAdd","content":{"transform":{"columns":[[-0.015964799,-0.01494131,0.99976075,0],[-0.99945813,0.029021788,-0.015526216,0],[-0.028782867,-0.999467,-0.015396537,0],[1.483637,0.8242559,0.10392516,1]]},"name":"Mandrill","identifier":"A19C2489-597B-2BED-432C-244B551E75FD"}},{"label":"ARImageAnchor didUpdate","content":{"name":"Mandrill","transform":{"columns":[[-0.015964799,-0.01494131,0.99976075,0],[-0.99945813,0.029021788,-0.015526216,0],[-0.028782867,-0.999467,-0.015396537,0],[1.483637,0.8242559,0.10392516,1]]},"identifier":"A19C2489-597B-2BED-432C-244B551E75FD"},"timestamp":1742663597.310505},{"timestamp":1742663597.808826,"label":"ARImageAnchor didUpdate","content":{"name":"Mandrill","identifier":"A19C2489-597B-2BED-432C-244B551E75FD","transform":{"columns":[[-0.019689806,-0.012901514,0.99972284,0],[-0.99853146,0.050726928,-0.019011686,0],[-0.050467588,-0.9986292,-0.0138813695,0],[1.4753746,0.8240377,0.099847645,1.0000001]]}}},{"timestamp":1742663597.8450751,"label":"ARImageAnchor didUpdate","content":{"transform":{"columns":[[-0.019689806,-0.012901514,0.99972284,0],[-0.99853146,0.050726928,-0.019011686,0],[-0.050467588,-0.9986292,-0.0138813695,0],[1.4753746,0.8240377,0.099847645,1.0000001]]},"identifier":"A19C2489-597B-2BED-432C-244B551E75FD","name":"Mandrill"}},{"content":{"name":"Peppers","identifier":"61BB3DDD-C96C-6E82-3432-BD712CCBCB28","transform":{"columns":[[-0.02209191,-0.0054576816,0.9997409,0],[-0.99970317,-0.010136212,-0.02214637,0],[0.010254455,-0.99993366,-0.0052321353,0],[1.5291113,0.20502761,0.83730334,1]]}},"label":"ARImageAnchor didAdd","timestamp":1742663599.968977},{"content":{"identifier":"61BB3DDD-C96C-6E82-3432-BD712CCBCB28","transform":{"columns":[[-0.02209191,-0.0054576816,0.9997409,0],[-0.99970317,-0.010136212,-0.02214637,0],[0.010254455,-0.99993366,-0.0052321353,0],[1.5291113,0.20502761,0.83730334,1]]},"name":"Peppers"},"timestamp":1742663599.9764872,"label":"ARImageAnchor didUpdate"},{"timestamp":1742663604.1419392,"content":{"identifier":"B9F1EF23-B3CD-40B7-9A4A-206BF382F322","name":"bunny","transform":{"columns":[[-0.18391922,0.00064854784,-0.982941,0],[0.0002038631,0.9999996,0.000621658,0],[0.98294055,-8.605053e-05,-0.18391922,0],[0.21154727,-0.3544093,-0.3505382,0.99999994]]}},"label":"Bunny didUpdate"},{"label":"ARImageAnchor didUpdate","timestamp":1742663609.0070782,"content":{"identifier":"088EF783-5990-B052-BE99-B8AA15BA6C68","transform":{"columns":[[0.999929,-0.0017749015,0.011770862,0],[-0.011849575,-0.05398003,0.9984716,0],[-0.0011368012,-0.9985403,-0.053997207,0],[-1.0643817,0.6288687,-0.543,1]]},"name":"Earth"}},{"label":"ARImageAnchor didUpdate","timestamp":1742663609.039902,"content":{"transform":{"columns":[[0.999929,-0.0017749015,0.011770862,0],[-0.011849575,-0.05398003,0.9984716,0],[-0.0011368012,-0.9985403,-0.053997207,0],[-1.0643817,0.6288687,-0.543,1]]},"identifier":"088EF783-5990-B052-BE99-B8AA15BA6C68","name":"Earth"}},{"timestamp":1742663614.342936,"content":{"identifier":"61BB3DDD-C96C-6E82-3432-BD712CCBCB28","transform":{"columns":[[-0.0051617865,-0.0075896005,0.9999578,0],[-0.9999464,-0.008912619,-0.0052293474,0],[0.008951937,-0.9999314,-0.0075431904,0],[1.5579425,0.20966104,0.84387636,1]]},"name":"Peppers"},"label":"ARImageAnchor didUpdate"},{"content":{"transform":{"columns":[[-0.0051617865,-0.0075896005,0.9999578,0],[-0.9999464,-0.008912619,-0.0052293474,0],[0.008951937,-0.9999314,-0.0075431904,0],[1.5579425,0.20966104,0.84387636,1]]},"identifier":"61BB3DDD-C96C-6E82-3432-BD712CCBCB28","name":"Peppers"},"label":"ARImageAnchor didUpdate","timestamp":1742663614.375617},{"timestamp":1742663616.4758291,"label":"ARImageAnchor didUpdate","content":{"name":"Mandrill","identifier":"A19C2489-597B-2BED-432C-244B551E75FD","transform":{"columns":[[-0.027400063,-0.014542403,0.9995187,0],[-0.99835986,0.05067722,-0.026630951,0],[-0.05026557,-0.9986091,-0.015907107,0],[1.4967859,0.83013415,0.108161874,1]]}}},{"label":"ARImageAnchor didUpdate","timestamp":1742663616.509171,"content":{"transform":{"columns":[[-0.027400063,-0.014542403,0.9995187,0],[-0.99835986,0.05067722,-0.026630951,0],[-0.05026557,-0.9986091,-0.015907107,0],[1.4967859,0.83013415,0.108161874,1]]},"name":"Mandrill","identifier":"A19C2489-597B-2BED-432C-244B551E75FD"}},{"label":"ARImageAnchor didUpdate","timestamp":1742663618.6091518,"content":{"name":"Sailboat","identifier":"C35EAC54-3E90-1B97-807B-5E3B8F238DB7","transform":{"columns":[[0.99965805,0.0019269577,0.026074681,0],[-0.026109397,0.020953601,0.99943924,0],[0.0013795269,-0.99977845,0.02099676,0],[0.77200544,0.801901,-0.4760645,1]]}}},{"label":"ARImageAnchor didUpdate","timestamp":1742663618.64192,"content":{"name":"Sailboat","identifier":"C35EAC54-3E90-1B97-807B-5E3B8F238DB7","transform":{"columns":[[0.99965805,0.0019269577,0.026074681,0],[-0.026109397,0.020953601,0.99943924,0],[0.0013795269,-0.99977845,0.02099676,0],[0.77200544,0.801901,-0.4760645,1]]}}},{"label":"Bunny didUpdate","content":{"name":"bunny","identifier":"B9F1EF23-B3CD-40B7-9A4A-206BF382F322","transform":{"columns":[[-0.18421628,0.0007511484,-0.98288524,0],[0.0002522726,0.9999995,0.00071694545,0],[0.98288494,-0.00011588195,-0.18421632,0],[0.21152219,-0.35439897,-0.3505313,1]]}},"timestamp":1742663621.3393788}]