[{"timestamp":1742672330.9336538,"label":"Application launched"},{"timestamp":1742672330.933732,"label":"Initialize ARViewModel"},{"timestamp":1742672330.9344769,"label":"Finished Initialize ARViewModel"},{"timestamp":1742672330.93449,"label":"Initialize AnchorManager"},{"label":"Fininshed Initialize AnchorManager","timestamp":1742672330.934495},{"label":"ContentView Initialize","timestamp":1742672330.934499},{"content":{"beaconName":"DWM3001CDK (8449B511)","position":[0.11828331,-0.3454189,-0.40550137]},"timestamp":1742672367.8555331,"label":"Finished Ranging"},{"content":{"name":"bunny","transform":{"columns":[[0.26191193,0,-0.96509176,0],[0,1,0,0],[0.96509176,0,0.26191193,0],[0.11828331,-0.3454189,-0.40550137,1]]},"identifier":"8BDA1E8F-5FCE-4183-981E-E627222478CF"},"label":"Bunny didAdd","timestamp":1742672367.886054},{"timestamp":1742672370.0026488,"label":"ARImageAnchor didAdd","content":{"name":"Car","transform":{"columns":[[0.9131181,0.006794842,0.40763822,0],[-0.40766227,0.0025813936,0.913129,0],[0.005152287,-0.99997336,0.0051271236,0],[-0.34165984,-0.6590207,-0.13156082,0.9999998]]},"identifier":"FF85DBE1-76D3-E459-2D24-8EDCEE263300"}},{"label":"ARImageAnchor didUpdate","content":{"transform":{"columns":[[0.9131181,0.006794842,0.40763822,0],[-0.40766227,0.0025813936,0.913129,0],[0.005152287,-0.99997336,0.0051271236,0],[-0.34165984,-0.6590207,-0.13156082,0.9999998]]},"name":"Car","identifier":"FF85DBE1-76D3-E459-2D24-8EDCEE263300"},"timestamp":1742672370.0148392},{"content":{"transform":{"columns":[[0.262125,0.00029385203,-0.9650338,0],[-6.356822e-06,0.99999994,0.00030277256,0],[0.96503395,-7.322969e-05,0.262125,0],[0.118306726,-0.34538764,-0.40553153,0.99999994]]},"name":"bunny","identifier":"8BDA1E8F-5FCE-4183-981E-E627222478CF"},"label":"Bunny didUpdate","timestamp":1742672372.311847},{"timestamp":1742672373.1548839,"label":"ARImageAnchor didAdd","content":{"transform":{"columns":[[0.9360022,-0.003260295,0.3519788,0],[-0.3519174,-0.029513206,0.93556553,0],[0.007337802,-0.9995589,-0.02877178,0],[-1.0606928,0.6069062,-0.99240077,0.99999994]]},"name":"Earth","identifier":"088EF783-5990-B052-BE99-B8AA15BA6C68"}},{"timestamp":1742672373.159445,"label":"ARImageAnchor didUpdate","content":{"name":"Earth","identifier":"088EF783-5990-B052-BE99-B8AA15BA6C68","transform":{"columns":[[0.9360022,-0.003260295,0.3519788,0],[-0.3519174,-0.029513206,0.93556553,0],[0.007337802,-0.9995589,-0.02877178,0],[-1.0606928,0.6069062,-0.99240077,0.99999994]]}}},{"content":{"name":"Earth","identifier":"088EF783-5990-B052-BE99-B8AA15BA6C68","transform":{"columns":[[0.93659645,0.000502807,0.3504093,0],[-0.35038862,-0.009614663,0.93655497,0],[0.0038399724,-0.9999535,-0.008828881,0],[-1.0563961,0.60932016,-1.0092747,0.99999994]]}},"timestamp":1742672373.677433,"label":"ARImageAnchor didUpdate"},{"timestamp":1742672373.693255,"content":{"name":"Earth","identifier":"088EF783-5990-B052-BE99-B8AA15BA6C68","transform":{"columns":[[0.93659645,0.000502807,0.3504093,0],[-0.35038862,-0.009614663,0.93655497,0],[0.0038399724,-0.9999535,-0.008828881,0],[-1.0563961,0.60932016,-1.0092747,0.99999994]]}},"label":"ARImageAnchor didUpdate"},{"content":{"name":"bunny","identifier":"8BDA1E8F-5FCE-4183-981E-E627222478CF","transform":{"columns":[[0.26223928,0.00021425284,-0.9650028,0],[0.00024824985,0.99999976,0.00028948483,0],[0.9650029,-0.00031547615,0.26223922,0],[0.11828022,-0.34540707,-0.40552112,0.9999999]]}},"label":"Bunny didUpdate","timestamp":1742672378.012737},{"content":{"transform":{"columns":[[0.2622022,0.00026225642,-0.96501285,0],[0.00023914536,0.9999997,0.00033674247,0],[0.9650129,-0.000319073,0.26220214,0],[0.118277654,-0.34540161,-0.40553102,0.9999999]]},"name":"bunny","identifier":"8BDA1E8F-5FCE-4183-981E-E627222478CF"},"label":"Bunny didUpdate","timestamp":1742672378.512704},{"content":{"name":"bunny","identifier":"8BDA1E8F-5FCE-4183-981E-E627222478CF","transform":{"columns":[[0.2621503,0.00028642165,-0.9650271,0],[0.0001685234,0.99999976,0.00034258116,0],[0.9650271,-0.0002524374,0.26215023,0],[0.118282884,-0.345396,-0.4055357,0.99999994]]}},"timestamp":1742672378.9119349,"label":"Bunny didUpdate"},{"label":"ARImageAnchor didAdd","timestamp":1742672378.985435,"content":{"name":"Lenna","identifier":"6BAD7D5D-D14A-EF93-1C8B-F6BEC80B8329","transform":{"columns":[[0.40069503,-0.038316283,-0.91540986,0],[0.9148917,-0.036872793,0.4020116,0],[-0.049157314,-0.998585,0.020280516,0],[0.35796168,-0.6574752,0.081439905,0.99999994]]}}},{"content":{"name":"Lenna","transform":{"columns":[[0.40069503,-0.038316283,-0.91540986,0],[0.9148917,-0.036872793,0.4020116,0],[-0.049157314,-0.998585,0.020280516,0],[0.35796168,-0.6574752,0.081439905,0.99999994]]},"identifier":"6BAD7D5D-D14A-EF93-1C8B-F6BEC80B8329"},"timestamp":1742672378.994642,"label":"ARImageAnchor didUpdate"},{"timestamp":1742672381.8121018,"label":"Bunny didUpdate","content":{"identifier":"8BDA1E8F-5FCE-4183-981E-E627222478CF","transform":{"columns":[[0.26213932,0.00040299713,-0.96503,0],[0.00021541814,0.9999997,0.00047611634,0],[0.9650301,-0.0003326938,0.2621392,0],[0.118274644,-0.34538576,-0.40555677,0.9999999]]},"name":"bunny"}},{"content":{"identifier":"8BDA1E8F-5FCE-4183-981E-E627222478CF","name":"bunny","transform":{"columns":[[0.26216483,0.0004420371,-0.96502304,0],[0.00020057884,0.9999997,0.0005125491,0],[0.9650231,-0.0003279356,0.2621647,0],[0.11827958,-0.34538093,-0.4055604,0.9999998]]}},"timestamp":1742672382.493554,"label":"Bunny didUpdate"},{"content":{"identifier":"C35EAC54-3E90-1B97-807B-5E3B8F238DB7","name":"Sailboat","transform":{"columns":[[0.9241133,0.0012110609,0.38211638,0],[-0.38200128,-0.02181839,0.923904,0],[0.00945607,-0.99976104,-0.019700041,0],[0.666726,0.7748418,-0.3188252,0.9999999]]}},"timestamp":1742672382.651964,"label":"ARImageAnchor didAdd"},{"timestamp":1742672382.6627588,"content":{"transform":{"columns":[[0.9241133,0.0012110609,0.38211638,0],[-0.38200128,-0.02181839,0.923904,0],[0.00945607,-0.99976104,-0.019700041,0],[0.666726,0.7748418,-0.3188252,0.9999999]]},"name":"Sailboat","identifier":"C35EAC54-3E90-1B97-807B-5E3B8F238DB7"},"label":"ARImageAnchor didUpdate"},{"content":{"name":"Sailboat","transform":{"columns":[[0.9290495,0.0014201981,0.3699524,0],[-0.36993298,0.014504474,0.928945,0],[-0.0040466804,-0.9998937,0.014000755,0],[0.66191137,0.7675382,-0.3255285,0.9999999]]},"identifier":"C35EAC54-3E90-1B97-807B-5E3B8F238DB7"},"timestamp":1742672383.17772,"label":"ARImageAnchor didUpdate"},{"label":"ARImageAnchor didUpdate","timestamp":1742672383.192714,"content":{"name":"Sailboat","identifier":"C35EAC54-3E90-1B97-807B-5E3B8F238DB7","transform":{"columns":[[0.9290495,0.0014201981,0.3699524,0],[-0.36993298,0.014504474,0.928945,0],[-0.0040466804,-0.9998937,0.014000755,0],[0.66191137,0.7675382,-0.3255285,0.9999999]]}}},{"timestamp":1742672385.318575,"label":"ARImageAnchor didAdd","content":{"identifier":"A19C2489-597B-2BED-432C-244B551E75FD","name":"Mandrill","transform":{"columns":[[-0.38996422,-0.01566282,0.92069674,0],[-0.920409,0.03685872,-0.38921532,0],[-0.027839495,-0.99919754,-0.028789783,0],[1.1229674,0.79780024,0.4723798,0.9999999]]}}},{"label":"ARImageAnchor didUpdate","timestamp":1742672385.326205,"content":{"identifier":"A19C2489-597B-2BED-432C-244B551E75FD","name":"Mandrill","transform":{"columns":[[-0.38996422,-0.01566282,0.92069674,0],[-0.920409,0.03685872,-0.38921532,0],[-0.027839495,-0.99919754,-0.028789783,0],[1.1229674,0.79780024,0.4723798,0.9999999]]}}},{"content":{"identifier":"61BB3DDD-C96C-6E82-3432-BD712CCBCB28","transform":{"columns":[[-0.39636108,-0.0066828895,0.9180704,0],[-0.91808057,0.008414557,-0.39630425,0],[-0.005076709,-0.9999421,-0.009470637,0],[0.91290075,0.18134673,1.1760086,0.99999994]]},"name":"Peppers"},"label":"ARImageAnchor didAdd","timestamp":1742672387.951707},{"label":"ARImageAnchor didUpdate","timestamp":1742672387.9597092,"content":{"transform":{"columns":[[-0.39636108,-0.0066828895,0.9180704,0],[-0.91808057,0.008414557,-0.39630425,0],[-0.005076709,-0.9999421,-0.009470637,0],[0.91290075,0.18134673,1.1760086,0.99999994]]},"name":"Peppers","identifier":"61BB3DDD-C96C-6E82-3432-BD712CCBCB28"}},{"timestamp":1742672392.710072,"label":"Bunny didUpdate","content":{"transform":{"columns":[[0.2619724,0.00016836346,-0.9650755,0],[0.00023211443,0.9999999,0.00023746437,0],[0.96507543,-0.00028621708,0.26197237,0],[0.11825451,-0.34541124,-0.4055329,0.99999994]]},"identifier":"8BDA1E8F-5FCE-4183-981E-E627222478CF","name":"bunny"}},{"timestamp":1742672393.709072,"label":"Bunny didUpdate","content":{"name":"bunny","transform":{"columns":[[0.26197547,0.00015091691,-0.96507466,0],[0.00031650814,0.9999998,0.00024229656,0],[0.96507454,-0.00036892973,0.2619754,0],[0.11824204,-0.34541672,-0.4055334,0.9999999]]},"identifier":"8BDA1E8F-5FCE-4183-981E-E627222478CF"}},{"label":"Bunny didUpdate","content":{"identifier":"8BDA1E8F-5FCE-4183-981E-E627222478CF","transform":{"columns":[[0.2619858,0.0001794148,-0.9650719,0],[0.0003043371,0.9999998,0.00026852588,0],[0.96507174,-0.00036405714,0.26198572,0],[0.11824499,-0.34541318,-0.40553665,0.99999994]]},"name":"bunny"},"timestamp":1742672394.309773},{"label":"Bunny didUpdate","timestamp":1742672395.208852,"content":{"name":"bunny","identifier":"8BDA1E8F-5FCE-4183-981E-E627222478CF","transform":{"columns":[[0.26200217,0.00020541326,-0.96506745,0],[0.00032288974,0.9999998,0.0003005086,0],[0.96506727,-0.00039034427,0.26200208,0],[0.11824387,-0.3454112,-0.4055402,0.9999999]]}}},{"content":{"identifier":"8BDA1E8F-5FCE-4183-981E-E627222478CF","transform":{"columns":[[0.26198974,0.00016829792,-0.9650709,0],[0.0003840692,0.9999999,0.00027865323,0],[0.9650707,-0.00044365824,0.26198962,0],[0.11823326,-0.34541783,-0.40553778,0.99999994]]},"name":"bunny"},"timestamp":1742672397.408256,"label":"Bunny didUpdate"}]