[{"label":"Application launched","timestamp":1742663722.739089},{"label":"Initialize ARViewModel","timestamp":1742663722.7391648},{"label":"Finished Initialize ARViewModel","timestamp":1742663722.7406511},{"label":"Initialize AnchorManager","timestamp":1742663722.740718},{"label":"Fininshed Initialize AnchorManager","timestamp":1742663722.740732},{"label":"ContentView Initialize","timestamp":1742663722.740744},{"content":{"position":[-0.14307992,-0.27128223,-0.27128562],"beaconName":"DWM3001CDK (8449B511)"},"label":"Finished Ranging","timestamp":1742663748.6755729},{"timestamp":1742663748.7303572,"content":{"name":"bunny","identifier":"703851F1-0B3E-4EB1-A598-582861965219","transform":{"columns":[[-0.05150473,0,-0.9986727,0],[0,1,0,0],[0.9986727,0,-0.05150473,0],[-0.14307992,-0.27128223,-0.27128562,1]]}},"label":"Bunny didAdd"},{"content":{"name":"Car","identifier":"FF85DBE1-76D3-E459-2D24-8EDCEE263300","transform":{"columns":[[0.9923513,0.009581637,0.12307331,0],[-0.12303458,-0.0045388257,0.99239194,0],[0.010067348,-0.99994373,-0.0033252623,0],[-0.4821442,-0.56426114,0.12488213,1]]}},"timestamp":1742663751.096318,"label":"ARImageAnchor didAdd"},{"label":"ARImageAnchor didUpdate","content":{"name":"Car","identifier":"FF85DBE1-76D3-E459-2D24-8EDCEE263300","transform":{"columns":[[0.9923513,0.009581637,0.12307331,0],[-0.12303458,-0.0045388257,0.99239194,0],[0.010067348,-0.99994373,-0.0033252623,0],[-0.4821442,-0.56426114,0.12488213,1]]}},"timestamp":1742663751.104217},{"content":{"name":"Earth","identifier":"088EF783-5990-B052-BE99-B8AA15BA6C68","transform":{"columns":[[0.998768,-0.0020557828,0.049578633,0],[-0.049613662,-0.023897102,0.99848247,0],[-0.00086787407,-0.9997123,-0.023969658,0],[-1.4299649,0.68789995,-0.4797684,0.9999999]]}},"timestamp":1742663753.763006,"label":"ARImageAnchor didAdd"},{"label":"ARImageAnchor didUpdate","content":{"identifier":"088EF783-5990-B052-BE99-B8AA15BA6C68","transform":{"columns":[[0.998768,-0.0020557828,0.049578633,0],[-0.049613662,-0.023897102,0.99848247,0],[-0.00086787407,-0.9997123,-0.023969658,0],[-1.4299649,0.68789995,-0.4797684,0.9999999]]},"name":"Earth"},"timestamp":1742663753.769135},{"content":{"transform":{"columns":[[0.99887043,0.0012137446,0.047497198,0],[-0.047466245,-0.01871709,0.9986973,0],[0.0021011722,-0.9998239,-0.018638339,0],[-1.4321353,0.6885894,-0.49495128,0.9999999]]},"name":"Earth","identifier":"088EF783-5990-B052-BE99-B8AA15BA6C68"},"timestamp":1742663754.8026161,"label":"ARImageAnchor didUpdate"},{"label":"ARImageAnchor didUpdate","timestamp":1742663754.836504,"content":{"transform":{"columns":[[0.99887043,0.0012137446,0.047497198,0],[-0.047466245,-0.01871709,0.9986973,0],[0.0021011722,-0.9998239,-0.018638339,0],[-1.4321353,0.6885894,-0.49495128,0.9999999]]},"identifier":"088EF783-5990-B052-BE99-B8AA15BA6C68","name":"Earth"}},{"timestamp":1742663757.171221,"content":{"transform":{"columns":[[-0.051403176,0.0005188735,-0.9986777,0],[0.0003650688,0.9999998,0.00050076994,0],[0.9986779,-0.00033884495,-0.05140337,0],[-0.14311974,-0.27126214,-0.27134553,0.99999994]]},"identifier":"703851F1-0B3E-4EB1-A598-582861965219","name":"bunny"},"label":"Bunny didUpdate"},{"label":"ARImageAnchor didAdd","timestamp":1742663759.629391,"content":{"name":"Lenna","identifier":"6BAD7D5D-D14A-EF93-1C8B-F6BEC80B8329","transform":{"columns":[[0.096409425,-0.03361371,-0.9947741,0],[0.99463665,-0.034359504,0.097557075,0],[-0.037459224,-0.9988441,0.030120824,0],[0.23617285,-0.5725842,0.112653844,1]]}}},{"content":{"transform":{"columns":[[0.096409425,-0.03361371,-0.9947741,0],[0.99463665,-0.034359504,0.097557075,0],[-0.037459224,-0.9988441,0.030120824,0],[0.23617285,-0.5725842,0.112653844,1]]},"identifier":"6BAD7D5D-D14A-EF93-1C8B-F6BEC80B8329","name":"Lenna"},"timestamp":1742663759.637131,"label":"ARImageAnchor didUpdate"},{"timestamp":1742663763.362561,"label":"ARImageAnchor didAdd","content":{"name":"Sailboat","transform":{"columns":[[0.99610585,0.002000985,0.08814154,0],[-0.08812835,-0.005941283,0.99609137,0],[0.0025168378,-0.9999803,-0.0057417937,0],[0.40915832,0.8594703,-0.36064494,0.99999994]]},"identifier":"C35EAC54-3E90-1B97-807B-5E3B8F238DB7"}},{"timestamp":1742663763.372638,"label":"ARImageAnchor didUpdate","content":{"name":"Sailboat","identifier":"C35EAC54-3E90-1B97-807B-5E3B8F238DB7","transform":{"columns":[[0.99610585,0.002000985,0.08814154,0],[-0.08812835,-0.005941283,0.99609137,0],[0.0025168378,-0.9999803,-0.0057417937,0],[0.40915832,0.8594703,-0.36064494,0.99999994]]}}},{"timestamp":1742663765.4958448,"label":"ARImageAnchor didAdd","content":{"transform":{"columns":[[-0.092980586,-0.012388866,0.99559087,0],[-0.9941968,0.05549173,-0.09215982,0],[-0.05410531,-0.99838215,-0.017476631,0],[1.0812395,0.8803591,0.2603865,0.99999994]]},"name":"Mandrill","identifier":"A19C2489-597B-2BED-432C-244B551E75FD"}},{"content":{"name":"Mandrill","transform":{"columns":[[-0.092980586,-0.012388866,0.99559087,0],[-0.9941968,0.05549173,-0.09215982,0],[-0.05410531,-0.99838215,-0.017476631,0],[1.0812395,0.8803591,0.2603865,0.99999994]]},"identifier":"A19C2489-597B-2BED-432C-244B551E75FD"},"timestamp":1742663765.5029988,"label":"ARImageAnchor didUpdate"},{"timestamp":1742663767.628989,"content":{"transform":{"columns":[[-0.07700885,-0.0064892396,0.9970092,0],[-0.99680775,-0.02062988,-0.07712757,0],[0.021068685,-0.999766,-0.004879835,0],[1.0932574,0.2609662,1.0018584,0.99999994]]},"identifier":"61BB3DDD-C96C-6E82-3432-BD712CCBCB28","name":"Peppers"},"label":"ARImageAnchor didAdd"},{"content":{"transform":{"columns":[[-0.07700885,-0.0064892396,0.9970092,0],[-0.99680775,-0.02062988,-0.07712757,0],[0.021068685,-0.999766,-0.004879835,0],[1.0932574,0.2609662,1.0018584,0.99999994]]},"name":"Peppers","identifier":"61BB3DDD-C96C-6E82-3432-BD712CCBCB28"},"label":"ARImageAnchor didUpdate","timestamp":1742663767.6386971},{"content":{"transform":{"columns":[[-0.051719368,0.0013478718,-0.9986605,0],[0.00073856756,0.9999989,0.0013114287,0],[0.99866146,-0.0006697521,-0.05172033,0],[-0.14318874,-0.27122208,-0.2714631,1]]},"name":"bunny","identifier":"703851F1-0B3E-4EB1-A598-582861965219"},"timestamp":1742663773.8683329,"label":"Bunny didUpdate"},{"timestamp":1742663777.2028441,"label":"ARImageAnchor didUpdate","content":{"identifier":"FF85DBE1-76D3-E459-2D24-8EDCEE263300","transform":{"columns":[[0.9890202,0.0066198246,0.14763173,0],[-0.14746584,-0.020909641,0.98884606,0],[0.009632922,-0.9997594,-0.019703818,0],[-0.4822504,-0.56939375,0.13750687,1]]},"name":"Car"}},{"timestamp":1742663777.236683,"label":"ARImageAnchor didUpdate","content":{"identifier":"FF85DBE1-76D3-E459-2D24-8EDCEE263300","transform":{"columns":[[0.9890202,0.0066198246,0.14763173,0],[-0.14746584,-0.020909641,0.98884606,0],[0.009632922,-0.9997594,-0.019703818,0],[-0.4822504,-0.56939375,0.13750687,1]]},"name":"Car"}},{"label":"Bunny didUpdate","content":{"transform":{"columns":[[-0.05187265,0.0015611639,-0.9986522,0],[0.0011225145,0.99999833,0.0015049618,0],[0.9986533,-0.0010429356,-0.051874373,0],[-0.14324836,-0.27122477,-0.2714942,1]]},"name":"bunny","identifier":"703851F1-0B3E-4EB1-A598-582861965219"},"timestamp":1742663778.270556},{"content":{"transform":{"columns":[[0.9989363,0.0044417563,0.045893434,0],[-0.045757685,-0.026940273,0.9985891,0],[0.0056718723,-0.999627,-0.026708381,0],[-1.4291012,0.68372864,-0.4965099,0.9999999]]},"name":"Earth","identifier":"088EF783-5990-B052-BE99-B8AA15BA6C68"},"timestamp":1742663780.401976,"label":"ARImageAnchor didUpdate"},{"label":"ARImageAnchor didUpdate","timestamp":1742663780.4385371,"content":{"name":"Earth","transform":{"columns":[[0.9989363,0.0044417563,0.045893434,0],[-0.045757685,-0.026940273,0.9985891,0],[0.0056718723,-0.999627,-0.026708381,0],[-1.4291012,0.68372864,-0.4965099,0.9999999]]},"identifier":"088EF783-5990-B052-BE99-B8AA15BA6C68"}},{"content":{"name":"Peppers","identifier":"61BB3DDD-C96C-6E82-3432-BD712CCBCB28","transform":{"columns":[[-0.067367755,-0.0046255295,0.9977174,0],[-0.9976725,-0.010232682,-0.06741211,0],[0.010521161,-0.99993676,-0.0039254064,0],[1.1002972,0.2696725,1.0105777,1]]}},"timestamp":1742663785.73844,"label":"ARImageAnchor didUpdate"},{"label":"ARImageAnchor didUpdate","content":{"name":"Peppers","transform":{"columns":[[-0.067367755,-0.0046255295,0.9977174,0],[-0.9976725,-0.010232682,-0.06741211,0],[0.010521161,-0.99993676,-0.0039254064,0],[1.1002972,0.2696725,1.0105777,1]]},"identifier":"61BB3DDD-C96C-6E82-3432-BD712CCBCB28"},"timestamp":1742663785.769462},{"content":{"transform":{"columns":[[-0.08270985,-0.009991529,0.9965235,0],[-0.99500275,0.056949303,-0.082012646,0],[-0.055931896,-0.99832696,-0.014651869,0],[1.0896103,0.8901445,0.26770487,0.9999999]]},"identifier":"A19C2489-597B-2BED-432C-244B551E75FD","name":"Mandrill"},"label":"ARImageAnchor didUpdate","timestamp":1742663787.871142},{"label":"ARImageAnchor didUpdate","content":{"identifier":"A19C2489-597B-2BED-432C-244B551E75FD","transform":{"columns":[[-0.08270985,-0.009991529,0.9965235,0],[-0.99500275,0.056949303,-0.082012646,0],[-0.055931896,-0.99832696,-0.014651869,0],[1.0896103,0.8901445,0.26770487,0.9999999]]},"name":"Mandrill"},"timestamp":1742663787.90323}]