[{"label":"Application launched","timestamp":1742638366.007646},{"label":"Initialize ARViewModel","timestamp":1742638366.0079231},{"timestamp":1742638366.009737,"label":"Finished Initialize ARViewModel"},{"label":"Initialize AnchorManager","timestamp":1742638366.009799},{"label":"Fininshed Initialize AnchorManager","timestamp":1742638366.0098128},{"timestamp":1742638366.009826,"label":"ContentView Initialize"},{"label":"Finished Ranging","content":{"beaconName":"DWM3001CDK (8449B511)","position":[-0.012628892,-0.36981538,-0.71091425]},"timestamp":1742638413.323697},{"content":{"identifier":"91ED2D74-1E3A-4830-B65E-96137A4FCE40","transform":{"columns":[[-0.052989006,0,-0.9985951,0],[0,1,0,0],[0.9985951,0,-0.052989006,0],[-0.012628892,-0.36981538,-0.71091425,1]]},"name":"bunny"},"timestamp":1742638413.379054,"label":"Bunny didAdd"},{"content":{"identifier":"91ED2D74-1E3A-4830-B65E-96137A4FCE40","name":"bunny","transform":{"columns":[[-0.056564502,3.0926205e-06,-0.9983989,0],[1.1570183e-05,1,2.442069e-06,0],[0.9983989,-1.1413523e-05,-0.0565645,0],[-0.01282974,-0.36979753,-0.710271,1]]}},"label":"Bunny didUpdate","timestamp":1742638413.84759},{"timestamp":1742638416.145611,"label":"ARImageAnchor didAdd","content":{"identifier":"FF85DBE1-76D3-E459-2D24-8EDCEE263300","name":"Car","transform":{"columns":[[0.9903032,0.011059451,0.1384823,0],[-0.13811722,-0.028846236,0.98999566,0],[0.014943534,-0.9995225,-0.027039053,0],[-0.36405495,-0.6959541,-0.3019855,1]]}}},{"content":{"transform":{"columns":[[0.9903032,0.011059451,0.1384823,0],[-0.13811722,-0.028846236,0.98999566,0],[0.014943534,-0.9995225,-0.027039053,0],[-0.36405495,-0.6959541,-0.3019855,1]]},"name":"Car","identifier":"FF85DBE1-76D3-E459-2D24-8EDCEE263300"},"label":"ARImageAnchor didUpdate","timestamp":1742638416.155052},{"timestamp":1742638418.812337,"content":{"transform":{"columns":[[0.99956375,0.0027736886,0.029405246,0],[-0.029257229,-0.043434817,0.99862766,0],[0.0040471014,-0.9990524,-0.04333472,0],[-1.3306081,0.56981283,-0.9284245,0.99999994]]},"identifier":"088EF783-5990-B052-BE99-B8AA15BA6C68","name":"Earth"},"label":"ARImageAnchor didAdd"},{"timestamp":1742638418.818213,"content":{"identifier":"088EF783-5990-B052-BE99-B8AA15BA6C68","transform":{"columns":[[0.99956375,0.0027736886,0.029405246,0],[-0.029257229,-0.043434817,0.99862766,0],[0.0040471014,-0.9990524,-0.04333472,0],[-1.3306081,0.56981283,-0.9284245,0.99999994]]},"name":"Earth"},"label":"ARImageAnchor didUpdate"},{"content":{"transform":{"columns":[[-0.056386698,3.498897e-05,-0.9984088,0],[5.38705e-05,1,3.2002317e-05,0],[0.99840885,-5.198027e-05,-0.056386683,0],[-0.012822142,-0.36979327,-0.7102812,1]]},"name":"bunny","identifier":"91ED2D74-1E3A-4830-B65E-96137A4FCE40"},"timestamp":1742638421.8866282,"label":"Bunny didUpdate"},{"content":{"identifier":"91ED2D74-1E3A-4830-B65E-96137A4FCE40","name":"bunny","transform":{"columns":[[-0.056514062,4.4238364e-05,-0.9984016,0],[5.011155e-05,1,4.1472656e-05,0],[0.99840164,-4.768766e-05,-0.05651406,0],[-0.012838011,-0.36980876,-0.7103215,1.0000001]]}},"timestamp":1742638422.286749,"label":"Bunny didUpdate"},{"label":"ARImageAnchor didAdd","timestamp":1742638422.545229,"content":{"name":"Lenna","transform":{"columns":[[0.13288039,-0.03288615,-0.9905863,0],[0.99108124,-0.005705342,0.13313617,0],[-0.010029979,-0.99944276,0.031834733,0],[0.3516295,-0.6960639,-0.3340833,0.99999994]]},"identifier":"6BAD7D5D-D14A-EF93-1C8B-F6BEC80B8329"}},{"timestamp":1742638422.5524979,"label":"ARImageAnchor didUpdate","content":{"name":"Lenna","transform":{"columns":[[0.13288039,-0.03288615,-0.9905863,0],[0.99108124,-0.005705342,0.13313617,0],[-0.010029979,-0.99944276,0.031834733,0],[0.3516295,-0.6960639,-0.3340833,0.99999994]]},"identifier":"6BAD7D5D-D14A-EF93-1C8B-F6BEC80B8329"}},{"label":"ARImageAnchor didAdd","content":{"identifier":"C35EAC54-3E90-1B97-807B-5E3B8F238DB7","name":"Sailboat","transform":{"columns":[[0.9968067,0.0011143149,0.07984381,0],[-0.079851605,0.014160381,0.9967061,0],[-1.9971636e-05,-0.999899,0.014204132,0],[0.519231,0.7411548,-0.81241804,1]]}},"timestamp":1742638425.7451901},{"timestamp":1742638425.750496,"label":"ARImageAnchor didUpdate","content":{"name":"Sailboat","identifier":"C35EAC54-3E90-1B97-807B-5E3B8F238DB7","transform":{"columns":[[0.9968067,0.0011143149,0.07984381,0],[-0.079851605,0.014160381,0.9967061,0],[-1.9971636e-05,-0.999899,0.014204132,0],[0.519231,0.7411548,-0.81241804,1]]}}},{"label":"ARImageAnchor didAdd","content":{"transform":{"columns":[[-0.070421204,-0.011797495,0.9974476,0],[-0.9963882,0.04839608,-0.06977397,0],[-0.047449388,-0.99875855,-0.015163001,0],[1.2065887,0.77089155,-0.19437613,1]]},"name":"Mandrill","identifier":"A19C2489-597B-2BED-432C-244B551E75FD"},"timestamp":1742638428.411988},{"label":"ARImageAnchor didUpdate","content":{"name":"Mandrill","identifier":"A19C2489-597B-2BED-432C-244B551E75FD","transform":{"columns":[[-0.070421204,-0.011797495,0.9974476,0],[-0.9963882,0.04839608,-0.06977397,0],[-0.047449388,-0.99875855,-0.015163001,0],[1.2065887,0.77089155,-0.19437613,1]]}},"timestamp":1742638428.417776},{"timestamp":1742638430.544945,"label":"ARImageAnchor didAdd","content":{"name":"Peppers","identifier":"61BB3DDD-C96C-6E82-3432-BD712CCBCB28","transform":{"columns":[[-0.08373182,-0.004686936,0.9964771,0],[-0.99643785,0.010444949,-0.08367937,0],[-0.010015966,-0.9999344,-0.005544815,0],[1.2256935,0.15057933,0.5434545,0.9999999]]}}},{"timestamp":1742638430.551847,"label":"ARImageAnchor didUpdate","content":{"identifier":"61BB3DDD-C96C-6E82-3432-BD712CCBCB28","name":"Peppers","transform":{"columns":[[-0.08373182,-0.004686936,0.9964771,0],[-0.99643785,0.010444949,-0.08367937,0],[-0.010015966,-0.9999344,-0.005544815,0],[1.2256935,0.15057933,0.5434545,0.9999999]]}}},{"label":"ARImageAnchor didUpdate","timestamp":1742638431.052259,"content":{"name":"Peppers","identifier":"61BB3DDD-C96C-6E82-3432-BD712CCBCB28","transform":{"columns":[[-0.07981213,-0.0061741774,0.9967909,0],[-0.9967881,-0.0061250096,-0.07984985,0],[0.006598348,-0.9999621,-0.0056655044,0],[1.2197585,0.15333986,0.537537,1]]}}},{"timestamp":1742638431.085342,"label":"ARImageAnchor didUpdate","content":{"transform":{"columns":[[-0.07981213,-0.0061741774,0.9967909,0],[-0.9967881,-0.0061250096,-0.07984985,0],[0.006598348,-0.9999621,-0.0056655044,0],[1.2197585,0.15333986,0.537537,1]]},"name":"Peppers","identifier":"61BB3DDD-C96C-6E82-3432-BD712CCBCB28"}},{"label":"ARImageAnchor didUpdate","content":{"name":"Earth","identifier":"088EF783-5990-B052-BE99-B8AA15BA6C68","transform":{"columns":[[0.99703556,-0.006103767,0.076699,0],[-0.076887466,-0.04166353,0.9961689,0],[-0.002884819,-0.99911296,-0.04200933,0],[-1.3415596,0.5476089,-0.9445323,1]]}},"timestamp":1742638440.1171808},{"timestamp":1742638440.1519709,"content":{"identifier":"088EF783-5990-B052-BE99-B8AA15BA6C68","name":"Earth","transform":{"columns":[[0.99703556,-0.006103767,0.076699,0],[-0.076887466,-0.04166353,0.9961689,0],[-0.002884819,-0.99911296,-0.04200933,0],[-1.3415596,0.5476089,-0.9445323,1]]}},"label":"ARImageAnchor didUpdate"},{"timestamp":1742638440.650486,"label":"ARImageAnchor didUpdate","content":{"name":"Earth","transform":{"columns":[[0.9994755,-0.0006558827,0.0323783,0],[-0.03234727,-0.068448484,0.99713004,0],[0.0015622518,-0.9976543,-0.06843379,0],[-1.325061,0.55249757,-0.9336082,0.99999994]]},"identifier":"088EF783-5990-B052-BE99-B8AA15BA6C68"}},{"label":"ARImageAnchor didUpdate","content":{"transform":{"columns":[[0.9994755,-0.0006558827,0.0323783,0],[-0.03234727,-0.068448484,0.99713004,0],[0.0015622518,-0.9976543,-0.06843379,0],[-1.325061,0.55249757,-0.9336082,0.99999994]]},"identifier":"088EF783-5990-B052-BE99-B8AA15BA6C68","name":"Earth"},"timestamp":1742638440.6846209},{"timestamp":1742638445.982654,"label":"ARImageAnchor didUpdate","content":{"name":"Sailboat","transform":{"columns":[[0.99844825,0.009581392,0.054855667,0],[-0.05489991,0.0044144075,0.99848205,0],[0.009324694,-0.99994427,0.0049335803,0],[0.5024563,0.74005985,-0.81062305,0.9999999]]},"identifier":"C35EAC54-3E90-1B97-807B-5E3B8F238DB7"}},{"label":"ARImageAnchor didUpdate","content":{"transform":{"columns":[[0.99844825,0.009581392,0.054855667,0],[-0.05489991,0.0044144075,0.99848205,0],[0.009324694,-0.99994427,0.0049335803,0],[0.5024563,0.74005985,-0.81062305,0.9999999]]},"name":"Sailboat","identifier":"C35EAC54-3E90-1B97-807B-5E3B8F238DB7"},"timestamp":1742638446.0158749},{"content":{"name":"bunny","identifier":"91ED2D74-1E3A-4830-B65E-96137A4FCE40","transform":{"columns":[[-0.056607492,0.00020875546,-0.9983961,0],[7.4276424e-05,1,0.00020487948,0],[0.9983962,-6.255957e-05,-0.056607507,0],[-0.012845328,-0.3698033,-0.71032363,1]]}},"timestamp":1742638449.884856,"label":"Bunny didUpdate"},{"timestamp":1742638455.585856,"label":"ARImageAnchor didUpdate","content":{"identifier":"61BB3DDD-C96C-6E82-3432-BD712CCBCB28","transform":{"columns":[[-0.06405869,-0.0073409355,0.99791914,0],[-0.9978685,-0.012005245,-0.06414369,0],[0.012451175,-0.9999009,-0.00655627,0],[1.2452246,0.14476283,0.54413027,1]]},"name":"Peppers"}},{"label":"ARImageAnchor didUpdate","timestamp":1742638455.617725,"content":{"transform":{"columns":[[-0.06405869,-0.0073409355,0.99791914,0],[-0.9978685,-0.012005245,-0.06414369,0],[0.012451175,-0.9999009,-0.00655627,0],[1.2452246,0.14476283,0.54413027,1]]},"name":"Peppers","identifier":"61BB3DDD-C96C-6E82-3432-BD712CCBCB28"}}]