[{"label":"Application launched","timestamp":1742634550.375519},{"timestamp":1742634550.375609,"label":"Initialize ARViewModel"},{"timestamp":1742634550.377571,"label":"Finished Initialize ARViewModel"},{"label":"Initialize AnchorManager","timestamp":1742634550.37762},{"label":"Fininshed Initialize AnchorManager","timestamp":1742634550.377633},{"label":"ContentView Initialize","timestamp":1742634550.377646},{"content":{"position":[-0.32860744,-0.31051973,-0.30986843],"beaconName":"DWM3001CDK (8449B511)"},"timestamp":1742634572.40782,"label":"Finished Ranging"},{"content":{"transform":{"columns":[[-0.58117557,0,-0.8137782,0],[0,1,0,0],[0.8137782,0,-0.58117557,0],[-0.32860744,-0.31051973,-0.30986843,1]]},"name":"bunny","identifier":"A49860DC-5E17-411B-B40E-DCD20F8FB7F1"},"label":"Bunny didAdd","timestamp":1742634572.432496},{"timestamp":1742634574.8506289,"label":"ARImageAnchor didAdd","content":{"transform":{"columns":[[0.87326205,0.011460584,-0.4871162,0],[0.4872352,-0.012486021,0.8731816,0],[0.0039250036,-0.9998563,-0.01648758,0],[-0.37133476,-0.6112038,0.19229725,1.0000001]]},"name":"Car","identifier":"FF85DBE1-76D3-E459-2D24-8EDCEE263300"}},{"label":"ARImageAnchor didUpdate","content":{"identifier":"FF85DBE1-76D3-E459-2D24-8EDCEE263300","transform":{"columns":[[0.87326205,0.011460584,-0.4871162,0],[0.4872352,-0.012486021,0.8731816,0],[0.0039250036,-0.9998563,-0.01648758,0],[-0.37133476,-0.6112038,0.19229725,1.0000001]]},"name":"Car"},"timestamp":1742634574.859998},{"content":{"identifier":"A49860DC-5E17-411B-B40E-DCD20F8FB7F1","name":"bunny","transform":{"columns":[[-0.58125585,-0.00013407125,-0.8137209,0],[-1.0417128e-05,1,-0.00015732208,0],[0.81372094,-8.2967716e-05,-0.58125585,0],[-0.32862502,-0.31055462,-0.30980444,1]]}},"timestamp":1742634574.956833,"label":"Bunny didUpdate"},{"label":"ARImageAnchor didUpdate","timestamp":1742634575.389379,"content":{"identifier":"FF85DBE1-76D3-E459-2D24-8EDCEE263300","transform":{"columns":[[0.8625143,0.009452195,-0.50594443,0],[0.5060324,-0.015132408,0.8623817,0],[0.00049526384,-0.99984074,-0.017835008,0],[-0.36697614,-0.60650814,0.19372867,1]]},"name":"Car"}},{"content":{"transform":{"columns":[[0.8625143,0.009452195,-0.50594443,0],[0.5060324,-0.015132408,0.8623817,0],[0.00049526384,-0.99984074,-0.017835008,0],[-0.36697614,-0.60650814,0.19372867,1]]},"identifier":"FF85DBE1-76D3-E459-2D24-8EDCEE263300","name":"Car"},"label":"ARImageAnchor didUpdate","timestamp":1742634575.406012},{"label":"ARImageAnchor didAdd","timestamp":1742634578.047637,"content":{"transform":{"columns":[[0.8518002,-0.007815516,-0.5238084,0],[0.5236461,-0.016312193,0.85177964,0],[-0.015201563,-0.9998363,-0.009802167,0],[-1.5054874,0.630834,0.22627398,0.9999999]]},"name":"Earth","identifier":"088EF783-5990-B052-BE99-B8AA15BA6C68"}},{"label":"ARImageAnchor didUpdate","content":{"transform":{"columns":[[0.8518002,-0.007815516,-0.5238084,0],[0.5236461,-0.016312193,0.85177964,0],[-0.015201563,-0.9998363,-0.009802167,0],[-1.5054874,0.630834,0.22627398,0.9999999]]},"name":"Earth","identifier":"088EF783-5990-B052-BE99-B8AA15BA6C68"},"timestamp":1742634578.055542},{"label":"ARImageAnchor didUpdate","content":{"transform":{"columns":[[0.85188717,-0.001990603,-0.5237219,0],[0.5237252,0.001908066,0.8518853,0],[-0.00069647137,-0.9999962,0.0026679833,0],[-1.5235392,0.645215,0.22712453,1]]},"name":"Earth","identifier":"088EF783-5990-B052-BE99-B8AA15BA6C68"},"timestamp":1742634578.5723882},{"content":{"name":"Earth","identifier":"088EF783-5990-B052-BE99-B8AA15BA6C68","transform":{"columns":[[0.85188717,-0.001990603,-0.5237219,0],[0.5237252,0.001908066,0.8518853,0],[-0.00069647137,-0.9999962,0.0026679833,0],[-1.5235392,0.645215,0.22712453,1]]}},"timestamp":1742634578.588036,"label":"ARImageAnchor didUpdate"},{"timestamp":1742634582.813298,"label":"ARImageAnchor didAdd","content":{"name":"Sailboat","identifier":"C35EAC54-3E90-1B97-807B-5E3B8F238DB7","transform":{"columns":[[0.8530845,0.0034990017,-0.5217609,0],[0.5215666,0.022377718,0.8529171,0],[0.014660176,-0.9997433,0.017265124,0],[0.05862136,0.82275313,-0.72356045,0.9999999]]}}},{"label":"ARImageAnchor didUpdate","timestamp":1742634582.820349,"content":{"transform":{"columns":[[0.8530845,0.0034990017,-0.5217609,0],[0.5215666,0.022377718,0.8529171,0],[0.014660176,-0.9997433,0.017265124,0],[0.05862136,0.82275313,-0.72356045,0.9999999]]},"identifier":"C35EAC54-3E90-1B97-807B-5E3B8F238DB7","name":"Sailboat"}},{"label":"ARImageAnchor didAdd","timestamp":1742634585.44607,"content":{"name":"Lenna","identifier":"6BAD7D5D-D14A-EF93-1C8B-F6BEC80B8329","transform":{"columns":[[-0.5153646,-0.03744847,-0.85615236,0],[0.8563961,-0.059093893,-0.5129266,0],[-0.03138505,-0.9975497,0.06252562,0],[0.1733237,-0.62137705,-0.23461245,0.9999999]]}}},{"label":"ARImageAnchor didUpdate","timestamp":1742634585.453995,"content":{"name":"Lenna","transform":{"columns":[[-0.5153646,-0.03744847,-0.85615236,0],[0.8563961,-0.059093893,-0.5129266,0],[-0.03138505,-0.9975497,0.06252562,0],[0.1733237,-0.62137705,-0.23461245,0.9999999]]},"identifier":"6BAD7D5D-D14A-EF93-1C8B-F6BEC80B8329"}},{"label":"ARImageAnchor didUpdate","timestamp":1742634585.971309,"content":{"transform":{"columns":[[-0.47433382,-0.036061633,-0.87960625,0],[0.880345,-0.018861214,-0.47395885,0],[0.0005012903,-0.9991715,0.040693194,0],[0.18225801,-0.6122059,-0.23526518,1]]},"name":"Lenna","identifier":"6BAD7D5D-D14A-EF93-1C8B-F6BEC80B8329"}},{"label":"ARImageAnchor didUpdate","content":{"identifier":"6BAD7D5D-D14A-EF93-1C8B-F6BEC80B8329","transform":{"columns":[[-0.47433382,-0.036061633,-0.87960625,0],[0.880345,-0.018861214,-0.47395885,0],[0.0005012903,-0.9991715,0.040693194,0],[0.18225801,-0.6122059,-0.23526518,1]]},"name":"Lenna"},"timestamp":1742634585.98684},{"content":{"transform":{"columns":[[0.52872586,-0.011676896,0.84871244,0],[-0.8475088,0.047717154,0.52863246,0],[-0.046670932,-0.99879265,0.015333025,0],[0.9577722,0.8228008,-0.6204817,1]]},"name":"Mandrill","identifier":"A19C2489-597B-2BED-432C-244B551E75FD"},"timestamp":1742634591.778297,"label":"ARImageAnchor didAdd"},{"timestamp":1742634591.787747,"content":{"name":"Mandrill","identifier":"A19C2489-597B-2BED-432C-244B551E75FD","transform":{"columns":[[0.52872586,-0.011676896,0.84871244,0],[-0.8475088,0.047717154,0.52863246,0],[-0.046670932,-0.99879265,0.015333025,0],[0.9577722,0.8228008,-0.6204817,1]]}},"label":"ARImageAnchor didUpdate"},{"label":"ARImageAnchor didUpdate","timestamp":1742634592.303458,"content":{"name":"Mandrill","identifier":"A19C2489-597B-2BED-432C-244B551E75FD","transform":{"columns":[[0.51200086,-0.01199265,0.85890126,0],[-0.858366,0.030812135,0.5121121,0],[-0.032606162,-0.9994532,0.005481762,0],[0.9587811,0.82862633,-0.6204517,1]]}}},{"timestamp":1742634592.320045,"label":"ARImageAnchor didUpdate","content":{"transform":{"columns":[[0.51200086,-0.01199265,0.85890126,0],[-0.858366,0.030812135,0.5121121,0],[-0.032606162,-0.9994532,0.005481762,0],[0.9587811,0.82862633,-0.6204517,1]]},"identifier":"A19C2489-597B-2BED-432C-244B551E75FD","name":"Mandrill"}},{"content":{"identifier":"61BB3DDD-C96C-6E82-3432-BD712CCBCB28","transform":{"columns":[[0.5117769,-0.0041291267,0.8591083,0],[-0.858962,-0.021531228,0.5115863,0],[0.01638524,-0.9997595,-0.014565958,0],[1.4080412,0.21115915,-0.03402175,0.9999999]]},"name":"Peppers"},"timestamp":1742634594.41146,"label":"ARImageAnchor didAdd"},{"timestamp":1742634594.418644,"label":"ARImageAnchor didUpdate","content":{"name":"Peppers","identifier":"61BB3DDD-C96C-6E82-3432-BD712CCBCB28","transform":{"columns":[[0.5117769,-0.0041291267,0.8591083,0],[-0.858962,-0.021531228,0.5115863,0],[0.01638524,-0.9997595,-0.014565958,0],[1.4080412,0.21115915,-0.03402175,0.9999999]]}}},{"content":{"identifier":"C35EAC54-3E90-1B97-807B-5E3B8F238DB7","transform":{"columns":[[0.8655073,-0.0050792056,-0.50087035,0],[0.50082344,0.025807928,0.86516446,0],[0.0085320845,-0.9996539,0.024880724,0],[0.047629893,0.8104656,-0.7170954,0.9999998]]},"name":"Sailboat"},"label":"ARImageAnchor didUpdate","timestamp":1742634600.6999002},{"label":"ARImageAnchor didUpdate","content":{"name":"Sailboat","identifier":"C35EAC54-3E90-1B97-807B-5E3B8F238DB7","transform":{"columns":[[0.8655073,-0.0050792056,-0.50087035,0],[0.50082344,0.025807928,0.86516446,0],[0.0085320845,-0.9996539,0.024880724,0],[0.047629893,0.8104656,-0.7170954,0.9999998]]}},"timestamp":1742634600.7177749},{"timestamp":1742634602.835565,"label":"ARImageAnchor didUpdate","content":{"name":"Lenna","transform":{"columns":[[-0.46756035,-0.026219541,-0.8835722,0],[0.8839334,-0.021786503,-0.46710494,0],[-0.007002671,-0.9994186,0.03336284,0],[0.17326453,-0.6309159,-0.23196375,1]]},"identifier":"6BAD7D5D-D14A-EF93-1C8B-F6BEC80B8329"}},{"timestamp":1742634602.851912,"content":{"transform":{"columns":[[-0.46756035,-0.026219541,-0.8835722,0],[0.8839334,-0.021786503,-0.46710494,0],[-0.007002671,-0.9994186,0.03336284,0],[0.17326453,-0.6309159,-0.23196375,1]]},"name":"Lenna","identifier":"6BAD7D5D-D14A-EF93-1C8B-F6BEC80B8329"},"label":"ARImageAnchor didUpdate"},{"label":"ARImageAnchor didUpdate","timestamp":1742634603.3685641,"content":{"identifier":"6BAD7D5D-D14A-EF93-1C8B-F6BEC80B8329","transform":{"columns":[[-0.48966596,-0.035093576,-0.8712037,0],[0.87180614,-0.035144113,-0.48858884,0],[-0.013471428,-0.9987658,0.047803704,0],[0.19041766,-0.6144968,-0.23775798,1]]},"name":"Lenna"}},{"timestamp":1742634603.385083,"label":"ARImageAnchor didUpdate","content":{"identifier":"6BAD7D5D-D14A-EF93-1C8B-F6BEC80B8329","transform":{"columns":[[-0.48966596,-0.035093576,-0.8712037,0],[0.87180614,-0.035144113,-0.48858884,0],[-0.013471428,-0.9987658,0.047803704,0],[0.19041766,-0.6144968,-0.23775798,1]]},"name":"Lenna"}},{"timestamp":1742634605.351934,"label":"Bunny didUpdate","content":{"name":"bunny","identifier":"A49860DC-5E17-411B-B40E-DCD20F8FB7F1","transform":{"columns":[[-0.5812674,-0.00015297084,-0.81371254,0],[0.00022954625,0.9999999,-0.0003519653,0],[0.8137126,-0.0003913706,-0.5812673,0],[-0.32868642,-0.31053218,-0.30975315,0.99999994]]}}},{"label":"Bunny didUpdate","timestamp":1742634606.250328,"content":{"identifier":"A49860DC-5E17-411B-B40E-DCD20F8FB7F1","transform":{"columns":[[-0.58135897,-7.8464735e-05,-0.81364715,0],[0.00035750523,0.9999998,-0.00035187684,0],[0.8136472,-0.0004954499,-0.58135885,0],[-0.32874084,-0.3104991,-0.30972412,0.99999994]]},"name":"bunny"}},{"content":{"transform":{"columns":[[0.85440713,-0.0025353993,-0.5195979,0],[0.5195273,-0.013026131,0.85435456,0],[-0.008934471,-0.9999118,-0.009812403,0],[-1.5117884,0.625007,0.20329559,0.99999994]]},"name":"Earth","identifier":"088EF783-5990-B052-BE99-B8AA15BA6C68"},"timestamp":1742634609.666026,"label":"ARImageAnchor didUpdate"},{"timestamp":1742634609.681909,"label":"ARImageAnchor didUpdate","content":{"identifier":"088EF783-5990-B052-BE99-B8AA15BA6C68","name":"Earth","transform":{"columns":[[0.85440713,-0.0025353993,-0.5195979,0],[0.5195273,-0.013026131,0.85435456,0],[-0.008934471,-0.9999118,-0.009812403,0],[-1.5117884,0.625007,0.20329559,0.99999994]]}}},{"content":{"identifier":"088EF783-5990-B052-BE99-B8AA15BA6C68","name":"Earth","transform":{"columns":[[0.85317653,-0.000665154,-0.52162194,0],[0.5215893,-0.010173279,0.8531361,0],[-0.0058740713,-0.99994797,-0.008332658,0],[-1.5214379,0.6335272,0.21079347,1]]}},"timestamp":1742634610.200663,"label":"ARImageAnchor didUpdate"},{"label":"ARImageAnchor didUpdate","timestamp":1742634610.216124,"content":{"transform":{"columns":[[0.85317653,-0.000665154,-0.52162194,0],[0.5215893,-0.010173279,0.8531361,0],[-0.0058740713,-0.99994797,-0.008332658,0],[-1.5214379,0.6335272,0.21079347,1]]},"name":"Earth","identifier":"088EF783-5990-B052-BE99-B8AA15BA6C68"}},{"timestamp":1742634614.997867,"label":"ARImageAnchor didUpdate","content":{"transform":{"columns":[[0.8606399,0.0031679412,-0.50920415,0],[0.5090392,0.020849807,0.86049086,0],[0.013342787,-0.9997775,0.016331572,0],[0.04890874,0.81270933,-0.74888295,1]]},"identifier":"C35EAC54-3E90-1B97-807B-5E3B8F238DB7","name":"Sailboat"}},{"label":"ARImageAnchor didUpdate","timestamp":1742634615.027003,"content":{"transform":{"columns":[[0.8606399,0.0031679412,-0.50920415,0],[0.5090392,0.020849807,0.86049086,0],[0.013342787,-0.9997775,0.016331572,0],[0.04890874,0.81270933,-0.74888295,1]]},"name":"Sailboat","identifier":"C35EAC54-3E90-1B97-807B-5E3B8F238DB7"}},{"label":"ARImageAnchor didUpdate","timestamp":1742634616.5827641,"content":{"transform":{"columns":[[0.49575672,-0.015479326,0.86832345,0],[-0.86554,0.07313336,0.4954713,0],[-0.071172975,-0.997202,0.022858385,0],[0.95800465,0.83816105,-0.6372602,1]]},"name":"Mandrill","identifier":"A19C2489-597B-2BED-432C-244B551E75FD"}},{"content":{"transform":{"columns":[[0.49575672,-0.015479326,0.86832345,0],[-0.86554,0.07313336,0.4954713,0],[-0.071172975,-0.997202,0.022858385,0],[0.95800465,0.83816105,-0.6372602,1]]},"name":"Mandrill","identifier":"A19C2489-597B-2BED-432C-244B551E75FD"},"timestamp":1742634616.600172,"label":"ARImageAnchor didUpdate"},{"label":"ARImageAnchor didUpdate","timestamp":1742634618.167045,"content":{"transform":{"columns":[[0.49898207,-0.0063667623,0.86658895,0],[-0.866594,-0.010170852,0.4989102,0],[0.005637506,-0.99992794,-0.010592467,0],[1.4065628,0.21949622,-0.045226842,1]]},"identifier":"61BB3DDD-C96C-6E82-3432-BD712CCBCB28","name":"Peppers"}},{"label":"ARImageAnchor didUpdate","timestamp":1742634618.183457,"content":{"transform":{"columns":[[0.49898207,-0.0063667623,0.86658895,0],[-0.866594,-0.010170852,0.4989102,0],[0.005637506,-0.99992794,-0.010592467,0],[1.4065628,0.21949622,-0.045226842,1]]},"identifier":"61BB3DDD-C96C-6E82-3432-BD712CCBCB28","name":"Peppers"}},{"content":{"name":"Peppers","identifier":"61BB3DDD-C96C-6E82-3432-BD712CCBCB28","transform":{"columns":[[0.4931047,-0.0065853745,0.86994517,0],[-0.86992174,-0.014264579,0.49298352,0],[0.009162937,-0.9998765,-0.012762708,0],[1.4102558,0.21187909,-0.039049387,1]]}},"label":"ARImageAnchor didUpdate","timestamp":1742634618.699542},{"content":{"identifier":"61BB3DDD-C96C-6E82-3432-BD712CCBCB28","name":"Peppers","transform":{"columns":[[0.4931047,-0.0065853745,0.86994517,0],[-0.86992174,-0.014264579,0.49298352,0],[0.009162937,-0.9998765,-0.012762708,0],[1.4102558,0.21187909,-0.039049387,1]]}},"timestamp":1742634618.715938,"label":"ARImageAnchor didUpdate"},{"timestamp":1742634619.049943,"label":"Bunny didUpdate","content":{"identifier":"A49860DC-5E17-411B-B40E-DCD20F8FB7F1","transform":{"columns":[[-0.58130467,-0.0001107601,-0.81368595,0],[0.00040928338,0.99999976,-0.0004285172,0],[0.81368595,-0.0005821272,-0.5813046,0],[-0.3287401,-0.3105015,-0.30972275,0.99999994]]},"name":"bunny"}},{"label":"Bunny didUpdate","content":{"name":"bunny","transform":{"columns":[[-0.58130866,-0.00013511031,-0.81368303,0],[0.00041106855,0.99999976,-0.000459722,0],[0.81368303,-0.00060171995,-0.5813085,0],[-0.32874167,-0.3105075,-0.30971375,0.9999999]]},"identifier":"A49860DC-5E17-411B-B40E-DCD20F8FB7F1"},"timestamp":1742634621.54827},{"label":"ARImageAnchor didUpdate","timestamp":1742634626.749613,"content":{"name":"Earth","identifier":"088EF783-5990-B052-BE99-B8AA15BA6C68","transform":{"columns":[[0.8576924,-0.008581276,-0.5140912,0],[0.51401305,-0.009824444,0.85772604,0],[-0.012411044,-0.9999149,-0.0040154606,0],[-1.4864471,0.641693,0.2574684,0.99999994]]}}},{"content":{"transform":{"columns":[[0.8576924,-0.008581276,-0.5140912,0],[0.51401305,-0.009824444,0.85772604,0],[-0.012411044,-0.9999149,-0.0040154606,0],[-1.4864471,0.641693,0.2574684,0.99999994]]},"identifier":"088EF783-5990-B052-BE99-B8AA15BA6C68","name":"Earth"},"timestamp":1742634626.784986,"label":"ARImageAnchor didUpdate"},{"label":"ARImageAnchor didUpdate","content":{"name":"Earth","identifier":"088EF783-5990-B052-BE99-B8AA15BA6C68","transform":{"columns":[[0.8452067,-0.0017102378,-0.5344371,0],[0.53440344,-0.008950615,0.8451822,0],[-0.00622901,-0.9999584,-0.00665115,0],[-1.5079049,0.64592314,0.24609375,1]]}},"timestamp":1742634630.881126},{"label":"ARImageAnchor didUpdate","content":{"name":"Earth","identifier":"088EF783-5990-B052-BE99-B8AA15BA6C68","transform":{"columns":[[0.8452067,-0.0017102378,-0.5344371,0],[0.53440344,-0.008950615,0.8451822,0],[-0.00622901,-0.9999584,-0.00665115,0],[-1.5079049,0.64592314,0.24609375,1]]}},"timestamp":1742634630.91588},{"timestamp":1742634635.0142689,"label":"ARImageAnchor didUpdate","content":{"name":"Sailboat","identifier":"C35EAC54-3E90-1B97-807B-5E3B8F238DB7","transform":{"columns":[[0.8418333,0.0063573895,-0.53970015,0],[0.53971905,-0.0016219317,0.84184366,0],[0.0044765742,-0.9999784,-0.004796606,0],[0.05918868,0.8297722,-0.7282205,1]]}}},{"label":"ARImageAnchor didUpdate","content":{"name":"Sailboat","identifier":"C35EAC54-3E90-1B97-807B-5E3B8F238DB7","transform":{"columns":[[0.8418333,0.0063573895,-0.53970015,0],[0.53971905,-0.0016219317,0.84184366,0],[0.0044765742,-0.9999784,-0.004796606,0],[0.05918868,0.8297722,-0.7282205,1]]}},"timestamp":1742634635.050087},{"content":{"transform":{"columns":[[0.5232198,-0.015789378,0.8520515,0],[-0.85073185,0.04894124,0.52331626,0],[-0.049963325,-0.9986768,0.012174491,0],[0.96416736,0.8537256,-0.63812006,0.99999994]]},"name":"Mandrill","identifier":"A19C2489-597B-2BED-432C-244B551E75FD"},"label":"ARImageAnchor didUpdate","timestamp":1742634639.146064},{"content":{"name":"Mandrill","identifier":"A19C2489-597B-2BED-432C-244B551E75FD","transform":{"columns":[[0.5232198,-0.015789378,0.8520515,0],[-0.85073185,0.04894124,0.52331626,0],[-0.049963325,-0.9986768,0.012174491,0],[0.96416736,0.8537256,-0.63812006,0.99999994]]}},"label":"ARImageAnchor didUpdate","timestamp":1742634639.1817122},{"content":{"transform":{"columns":[[0.528317,-0.007636696,0.8490129,0],[-0.84895176,-0.019748673,0.52810127,0],[0.01273393,-0.99977577,-0.016916716,0],[1.4113832,0.23527384,-0.050117537,1]]},"name":"Peppers","identifier":"61BB3DDD-C96C-6E82-3432-BD712CCBCB28"},"label":"ARImageAnchor didUpdate","timestamp":1742634641.213902},{"label":"ARImageAnchor didUpdate","timestamp":1742634641.24758,"content":{"identifier":"61BB3DDD-C96C-6E82-3432-BD712CCBCB28","name":"Peppers","transform":{"columns":[[0.528317,-0.007636696,0.8490129,0],[-0.84895176,-0.019748673,0.52810127,0],[0.01273393,-0.99977577,-0.016916716,0],[1.4113832,0.23527384,-0.050117537,1]]}}},{"content":{"transform":{"columns":[[-0.5811859,-0.00011331932,-0.8137708,0],[0.00036596577,0.9999998,-0.00040062075,0],[0.81377083,-0.00053064735,-0.58118576,0],[-0.32869935,-0.31050694,-0.30976725,1]]},"identifier":"A49860DC-5E17-411B-B40E-DCD20F8FB7F1","name":"bunny"},"timestamp":1742634643.5477,"label":"Bunny didUpdate"},{"label":"Bunny didUpdate","content":{"transform":{"columns":[[-0.58124876,-7.983044e-05,-0.8137258,0],[0.0003818789,0.9999998,-0.00037088298,0],[0.8137259,-0.00052631996,-0.5812487,0],[-0.32871926,-0.31049645,-0.3097541,1]]},"identifier":"A49860DC-5E17-411B-B40E-DCD20F8FB7F1","name":"bunny"},"timestamp":1742634646.082337},{"timestamp":1742634647.147974,"label":"Bunny didUpdate","content":{"name":"bunny","identifier":"A49860DC-5E17-411B-B40E-DCD20F8FB7F1","transform":{"columns":[[-0.5812272,-6.428428e-05,-0.8137413,0],[0.00041093066,0.9999998,-0.00037251195,0],[0.81374127,-0.00055090536,-0.5812271,0],[-0.32872075,-0.3104895,-0.30976096,0.99999994]]}}},{"label":"Bunny didUpdate","timestamp":1742634647.481364,"content":{"identifier":"A49860DC-5E17-411B-B40E-DCD20F8FB7F1","transform":{"columns":[[-0.5812215,-5.82135e-05,-0.81374526,0],[0.00040646378,0.9999997,-0.00036185645,0],[0.8137452,-0.0005410767,-0.58122134,0],[-0.3287181,-0.3104883,-0.30976522,0.9999999]]},"name":"bunny"}}]