[{"label":"Application launched","timestamp":1742632360.293783},{"label":"Initialize ARViewModel","timestamp":1742632360.2944388},{"timestamp":1742632360.297544,"label":"Finished Initialize ARViewModel"},{"label":"Initialize AnchorManager","timestamp":1742632360.297584},{"label":"Fininshed Initialize AnchorManager","timestamp":1742632360.2975879},{"label":"ContentView Initialize","timestamp":1742632360.2975922},{"content":{"beaconName":"DWM3001CDK (8449B511)","position":[0.19160661,-0.44417593,-0.71033144]},"timestamp":1742632389.56968,"label":"Finished Ranging"},{"label":"Bunny didAdd","content":{"transform":{"columns":[[0.20588213,0,-0.9785768,0],[0,1,0,0],[0.9785768,0,0.20588213,0],[0.19160661,-0.44417593,-0.71033144,1]]},"name":"bunny","identifier":"057CD427-CFC9-485F-9482-49F4253BBDA2"},"timestamp":1742632389.5924401},{"timestamp":1742632392.228481,"label":"ARImageAnchor didAdd","content":{"name":"Lenna","identifier":"6BAD7D5D-D14A-EF93-1C8B-F6BEC80B8329","transform":{"columns":[[0.34225813,-0.034049425,-0.9389887,0],[0.93690395,-0.06336358,0.34379596,0],[-0.07120374,-0.99740934,0.0102143595,0],[0.41524312,-0.7238453,-0.27175474,0.9999999]]}}},{"timestamp":1742632392.23652,"content":{"name":"Lenna","transform":{"columns":[[0.34225813,-0.034049425,-0.9389887,0],[0.93690395,-0.06336358,0.34379596,0],[-0.07120374,-0.99740934,0.0102143595,0],[0.41524312,-0.7238453,-0.27175474,0.9999999]]},"identifier":"6BAD7D5D-D14A-EF93-1C8B-F6BEC80B8329"},"label":"ARImageAnchor didUpdate"},{"timestamp":1742632397.510144,"content":{"identifier":"FF85DBE1-76D3-E459-2D24-8EDCEE263300","transform":{"columns":[[0.9280557,0.010660908,0.37228844,0],[-0.37243754,0.022232704,0.92779076,0],[0.0016141245,-0.9996959,0.02460373,0],[-0.26777178,-0.72647816,-0.47112674,0.9999999]]},"name":"Car"},"label":"ARImageAnchor didAdd"},{"timestamp":1742632397.516252,"label":"ARImageAnchor didUpdate","content":{"transform":{"columns":[[0.9280557,0.010660908,0.37228844,0],[-0.37243754,0.022232704,0.92779076,0],[0.0016141245,-0.9996959,0.02460373,0],[-0.26777178,-0.72647816,-0.47112674,0.9999999]]},"name":"Car","identifier":"FF85DBE1-76D3-E459-2D24-8EDCEE263300"}},{"timestamp":1742632400.191675,"label":"ARImageAnchor didAdd","content":{"name":"Earth","transform":{"columns":[[0.9401085,-0.004593393,0.34084436,0],[-0.34063527,-0.050181508,0.93885523,0],[0.012791554,-0.9987295,-0.04874073,0],[-1.0048786,0.5299998,-1.3375015,0.99999994]]},"identifier":"088EF783-5990-B052-BE99-B8AA15BA6C68"}},{"content":{"transform":{"columns":[[0.9401085,-0.004593393,0.34084436,0],[-0.34063527,-0.050181508,0.93885523,0],[0.012791554,-0.9987295,-0.04874073,0],[-1.0048786,0.5299998,-1.3375015,0.99999994]]},"identifier":"088EF783-5990-B052-BE99-B8AA15BA6C68","name":"Earth"},"timestamp":1742632400.198701,"label":"ARImageAnchor didUpdate"},{"content":{"name":"Sailboat","identifier":"C35EAC54-3E90-1B97-807B-5E3B8F238DB7","transform":{"columns":[[0.92508394,0.0027657624,0.37975234,0],[-0.3796193,-0.020715626,0.92491066,0],[0.010424896,-0.99978137,-0.018113758,0],[0.7125132,0.711206,-0.6864252,0.9999998]]}},"timestamp":1742632403.359556,"label":"ARImageAnchor didAdd"},{"content":{"name":"Sailboat","transform":{"columns":[[0.92508394,0.0027657624,0.37975234,0],[-0.3796193,-0.020715626,0.92491066,0],[0.010424896,-0.99978137,-0.018113758,0],[0.7125132,0.711206,-0.6864252,0.9999998]]},"identifier":"C35EAC54-3E90-1B97-807B-5E3B8F238DB7"},"label":"ARImageAnchor didUpdate","timestamp":1742632403.367117},{"label":"ARImageAnchor didAdd","timestamp":1742632405.4913,"content":{"identifier":"A19C2489-597B-2BED-432C-244B551E75FD","transform":{"columns":[[-0.3552018,-0.016726691,0.9346399,0],[-0.93409187,0.044974037,-0.35418862,0],[-0.03611014,-0.99884796,-0.031599123,0],[1.1849079,0.7336258,0.09683114,0.99999994]]},"name":"Mandrill"}},{"content":{"name":"Mandrill","identifier":"A19C2489-597B-2BED-432C-244B551E75FD","transform":{"columns":[[-0.3552018,-0.016726691,0.9346399,0],[-0.93409187,0.044974037,-0.35418862,0],[-0.03611014,-0.99884796,-0.031599123,0],[1.1849079,0.7336258,0.09683114,0.99999994]]}},"timestamp":1742632405.4990668,"label":"ARImageAnchor didUpdate"},{"content":{"transform":{"columns":[[-0.34395427,-0.008547125,0.9389474,0],[-0.93897253,-0.002265512,-0.34398413,0],[0.005067267,-0.9999608,-0.0072462824,0],[0.99359274,0.11383551,0.8096435,0.99999994]]},"name":"Peppers","identifier":"61BB3DDD-C96C-6E82-3432-BD712CCBCB28"},"timestamp":1742632407.0915,"label":"ARImageAnchor didAdd"},{"label":"ARImageAnchor didUpdate","content":{"identifier":"61BB3DDD-C96C-6E82-3432-BD712CCBCB28","transform":{"columns":[[-0.34395427,-0.008547125,0.9389474,0],[-0.93897253,-0.002265512,-0.34398413,0],[0.005067267,-0.9999608,-0.0072462824,0],[0.99359274,0.11383551,0.8096435,0.99999994]]},"name":"Peppers"},"timestamp":1742632407.099352},{"label":"ARImageAnchor didUpdate","timestamp":1742632408.682389,"content":{"identifier":"61BB3DDD-C96C-6E82-3432-BD712CCBCB28","name":"Peppers","transform":{"columns":[[-0.3575743,-0.0064456086,0.9338624,0],[-0.9338826,0.004497264,-0.3575511,0],[-0.0018952292,-0.999969,-0.0076275524,0],[0.9896902,0.11451454,0.80468833,0.99999994]]}}},{"content":{"name":"Peppers","transform":{"columns":[[-0.3575743,-0.0064456086,0.9338624,0],[-0.9338826,0.004497264,-0.3575511,0],[-0.0018952292,-0.999969,-0.0076275524,0],[0.9896902,0.11451454,0.80468833,0.99999994]]},"identifier":"61BB3DDD-C96C-6E82-3432-BD712CCBCB28"},"label":"ARImageAnchor didUpdate","timestamp":1742632408.698765},{"timestamp":1742632415.682044,"content":{"name":"bunny","identifier":"057CD427-CFC9-485F-9482-49F4253BBDA2","transform":{"columns":[[0.20560461,-0.0004123323,-0.97863495,0],[-0.00052621285,0.9999997,-0.0005318878,0],[0.9786349,0.0006243289,0.20560436,0],[0.19162774,-0.44414854,-0.710325,0.99999994]]}},"label":"Bunny didUpdate"},{"timestamp":1742632416.7755132,"label":"Bunny didUpdate","content":{"name":"bunny","transform":{"columns":[[0.20556661,-0.00048806795,-0.97864276,0],[-0.00046697765,0.9999997,-0.0005968089,0],[0.9786428,0.00057968835,0.20556635,0],[0.19162402,-0.44415253,-0.7103237,0.99999994]]},"identifier":"057CD427-CFC9-485F-9482-49F4253BBDA2"}},{"timestamp":1742632417.782037,"label":"Bunny didUpdate","content":{"name":"bunny","transform":{"columns":[[0.205549,-0.0004949828,-0.9786463,0],[-0.00044284944,0.99999964,-0.00059879647,0],[0.97864646,0.0005564751,0.20554876,0],[0.19162336,-0.4441544,-0.71032524,0.9999999]]},"identifier":"057CD427-CFC9-485F-9482-49F4253BBDA2"}},{"timestamp":1742632425.613851,"label":"ARImageAnchor didUpdate","content":{"name":"Peppers","transform":{"columns":[[-0.33209503,-0.020629654,0.94302016,0],[-0.9416128,-0.05155114,-0.33272722,0],[0.055477813,-0.998457,-0.0023052713,0],[1.0036405,0.10905853,0.82200974,0.99999994]]},"identifier":"61BB3DDD-C96C-6E82-3432-BD712CCBCB28"}},{"content":{"name":"Peppers","identifier":"61BB3DDD-C96C-6E82-3432-BD712CCBCB28","transform":{"columns":[[-0.33209503,-0.020629654,0.94302016,0],[-0.9416128,-0.05155114,-0.33272722,0],[0.055477813,-0.998457,-0.0023052713,0],[1.0036405,0.10905853,0.82200974,0.99999994]]}},"label":"ARImageAnchor didUpdate","timestamp":1742632425.631062},{"label":"ARImageAnchor didUpdate","content":{"transform":{"columns":[[-0.3512606,-0.015853075,0.93614346,0],[-0.93502736,0.057595346,-0.3498665,0],[-0.048371036,-0.998214,-0.035054043,0],[1.1997764,0.7291568,0.10598978,0.99999994]]},"identifier":"A19C2489-597B-2BED-432C-244B551E75FD","name":"Mandrill"},"timestamp":1742632429.297491},{"label":"ARImageAnchor didUpdate","content":{"transform":{"columns":[[-0.3512606,-0.015853075,0.93614346,0],[-0.93502736,0.057595346,-0.3498665,0],[-0.048371036,-0.998214,-0.035054043,0],[1.1997764,0.7291568,0.10598978,0.99999994]]},"identifier":"A19C2489-597B-2BED-432C-244B551E75FD","name":"Mandrill"},"timestamp":1742632429.3140879}]