[{"label":"Application launched","timestamp":1742576876.3925571},{"timestamp":1742576876.392772,"label":"Initialize ARViewModel"},{"timestamp":1742576876.3954391,"label":"Finished Initialize ARViewModel"},{"timestamp":1742576876.395473,"label":"Initialize AnchorManager"},{"label":"Fininshed Initialize AnchorManager","timestamp":1742576876.395478},{"label":"ContentView Initialize","timestamp":1742576876.395484},{"label":"Finished Ranging","content":{"position":[0.088172436,-0.47681418,-0.60830384],"beaconName":"DWM3001CDK (8449B511)"},"timestamp":1742576901.7366772},{"timestamp":1742576901.758224,"label":"Bunny didAdd","content":{"transform":{"columns":[[0.03752154,0,-0.9992959,0],[0,1,0,0],[0.9992959,0,0.03752154,0],[0.088172436,-0.47681418,-0.60830384,1]]},"name":"bunny","identifier":"D90671BB-9DB7-4FE4-B94E-F822663BCF74"}},{"label":"ARImageAnchor didAdd","timestamp":1742576913.2077851,"content":{"transform":{"columns":[[0.99606764,0.003758218,0.088514976,0],[-0.08838797,-0.026059978,0.9957451,0],[0.0060489248,-0.9996532,-0.02562532,0],[-1.2147539,0.5273781,-0.88502085,1]]},"name":"Earth","identifier":"088EF783-5990-B052-BE99-B8AA15BA6C68"}},{"content":{"identifier":"088EF783-5990-B052-BE99-B8AA15BA6C68","name":"Earth","transform":{"columns":[[0.99606764,0.003758218,0.088514976,0],[-0.08838797,-0.026059978,0.9957451,0],[0.0060489248,-0.9996532,-0.02562532,0],[-1.2147539,0.5273781,-0.88502085,1]]}},"timestamp":1742576913.215534,"label":"ARImageAnchor didUpdate"},{"timestamp":1742576913.731858,"content":{"transform":{"columns":[[0.9963296,-0.002159424,0.08557297,0],[-0.08550818,0.02123414,0.99611104,0],[-0.0039680935,-0.99977225,0.020971546,0],[-1.2064863,0.5247568,-0.86697197,1]]},"name":"Earth","identifier":"088EF783-5990-B052-BE99-B8AA15BA6C68"},"label":"ARImageAnchor didUpdate"},{"content":{"transform":{"columns":[[0.9963296,-0.002159424,0.08557297,0],[-0.08550818,0.02123414,0.99611104,0],[-0.0039680935,-0.99977225,0.020971546,0],[-1.2064863,0.5247568,-0.86697197,1]]},"name":"Earth","identifier":"088EF783-5990-B052-BE99-B8AA15BA6C68"},"timestamp":1742576913.7483191,"label":"ARImageAnchor didUpdate"},{"label":"ARImageAnchor didUpdate","content":{"transform":{"columns":[[0.99613756,-0.0009558451,0.087800756,0],[-0.087790936,0.0076524336,0.9961094,0],[-0.0016240164,-0.9999702,0.0075389617,0],[-1.1999731,0.521771,-0.89933705,1]]},"name":"Earth","identifier":"088EF783-5990-B052-BE99-B8AA15BA6C68"},"timestamp":1742576914.2637691},{"label":"ARImageAnchor didUpdate","content":{"name":"Earth","transform":{"columns":[[0.99613756,-0.0009558451,0.087800756,0],[-0.087790936,0.0076524336,0.9961094,0],[-0.0016240164,-0.9999702,0.0075389617,0],[-1.1999731,0.521771,-0.89933705,1]]},"identifier":"088EF783-5990-B052-BE99-B8AA15BA6C68"},"timestamp":1742576914.280676},{"timestamp":1742576917.957741,"label":"ARImageAnchor didAdd","content":{"transform":{"columns":[[0.98560494,0.007772736,0.16888574,0],[-0.16881788,-0.008688356,0.9856089,0],[0.009128223,-0.99993205,-0.0072510727,0],[-0.27797502,-0.71595716,-0.2541556,0.99999994]]},"name":"Car","identifier":"FF85DBE1-76D3-E459-2D24-8EDCEE263300"}},{"content":{"name":"Car","transform":{"columns":[[0.98560494,0.007772736,0.16888574,0],[-0.16881788,-0.008688356,0.9856089,0],[0.009128223,-0.99993205,-0.0072510727,0],[-0.27797502,-0.71595716,-0.2541556,0.99999994]]},"identifier":"FF85DBE1-76D3-E459-2D24-8EDCEE263300"},"timestamp":1742576917.96416,"label":"ARImageAnchor didUpdate"},{"label":"ARImageAnchor didUpdate","content":{"name":"Earth","transform":{"columns":[[0.9936843,-0.009368775,0.11181992,0],[-0.111949906,-0.014740893,0.99360436,0],[-0.0076605305,-0.9998474,-0.015696622,0],[-1.2182721,0.5393069,-0.9068837,1]]},"identifier":"088EF783-5990-B052-BE99-B8AA15BA6C68"},"timestamp":1742576921.645963},{"label":"ARImageAnchor didUpdate","content":{"identifier":"088EF783-5990-B052-BE99-B8AA15BA6C68","transform":{"columns":[[0.9936843,-0.009368775,0.11181992,0],[-0.111949906,-0.014740893,0.99360436,0],[-0.0076605305,-0.9998474,-0.015696622,0],[-1.2182721,0.5393069,-0.9068837,1]]},"name":"Earth"},"timestamp":1742576921.663321},{"timestamp":1742576926.4554849,"label":"ARImageAnchor didAdd","content":{"transform":{"columns":[[0.12980528,-0.03266052,-0.99100137,0],[0.99142635,-0.010822949,0.13021763,0],[-0.014978553,-0.9994079,0.030975642,0],[0.40980497,-0.71738446,-0.25683212,1]]},"identifier":"6BAD7D5D-D14A-EF93-1C8B-F6BEC80B8329","name":"Lenna"}},{"timestamp":1742576926.4637098,"label":"ARImageAnchor didUpdate","content":{"identifier":"6BAD7D5D-D14A-EF93-1C8B-F6BEC80B8329","transform":{"columns":[[0.12980528,-0.03266052,-0.99100137,0],[0.99142635,-0.010822949,0.13021763,0],[-0.014978553,-0.9994079,0.030975642,0],[0.40980497,-0.71738446,-0.25683212,1]]},"name":"Lenna"}},{"timestamp":1742576926.981769,"label":"ARImageAnchor didUpdate","content":{"transform":{"columns":[[0.13231605,-0.031093132,-0.99071974,0],[0.99053985,-0.03253131,0.13331302,0],[-0.036374524,-0.99898696,0.026494611,0],[0.41460133,-0.713331,-0.2566872,1]]},"name":"Lenna","identifier":"6BAD7D5D-D14A-EF93-1C8B-F6BEC80B8329"}},{"label":"ARImageAnchor didUpdate","timestamp":1742576926.996335,"content":{"transform":{"columns":[[0.13231605,-0.031093132,-0.99071974,0],[0.99053985,-0.03253131,0.13331302,0],[-0.036374524,-0.99898696,0.026494611,0],[0.41460133,-0.713331,-0.2566872,1]]},"name":"Lenna","identifier":"6BAD7D5D-D14A-EF93-1C8B-F6BEC80B8329"}},{"content":{"name":"Lenna","transform":{"columns":[[0.12706654,-0.03208065,-0.99137527,0],[0.9915626,-0.02173342,0.12779382,0],[-0.025645686,-0.999249,0.029048402,0],[0.4087933,-0.7183013,-0.2585954,1.0000001]]},"identifier":"6BAD7D5D-D14A-EF93-1C8B-F6BEC80B8329"},"timestamp":1742576927.512535,"label":"ARImageAnchor didUpdate"},{"label":"ARImageAnchor didUpdate","content":{"name":"Lenna","transform":{"columns":[[0.12706654,-0.03208065,-0.99137527,0],[0.9915626,-0.02173342,0.12779382,0],[-0.025645686,-0.999249,0.029048402,0],[0.4087933,-0.7183013,-0.2585954,1.0000001]]},"identifier":"6BAD7D5D-D14A-EF93-1C8B-F6BEC80B8329"},"timestamp":1742576927.529434},{"timestamp":1742576930.690654,"content":{"name":"Sailboat","identifier":"C35EAC54-3E90-1B97-807B-5E3B8F238DB7","transform":{"columns":[[0.993124,0.0028145576,0.11703242,0],[-0.11688928,-0.031107305,0.99265754,0],[0.0064344537,-0.999512,-0.0305644,0],[0.5938588,0.68465215,-0.71843493,1]]}},"label":"ARImageAnchor didAdd"},{"label":"ARImageAnchor didUpdate","timestamp":1742576930.697373,"content":{"identifier":"C35EAC54-3E90-1B97-807B-5E3B8F238DB7","name":"Sailboat","transform":{"columns":[[0.993124,0.0028145576,0.11703242,0],[-0.11688928,-0.031107305,0.99265754,0],[0.0064344537,-0.999512,-0.0305644,0],[0.5938588,0.68465215,-0.71843493,1]]}}},{"content":{"identifier":"C35EAC54-3E90-1B97-807B-5E3B8F238DB7","transform":{"columns":[[0.9935933,0.0026764588,0.11298211,0],[-0.11285249,0.076895565,0.9906316,0],[-0.006036437,-0.9970354,0.076704964,0],[0.59665155,0.69153404,-0.72083694,0.9999999]]},"name":"Sailboat"},"timestamp":1742576931.745765,"label":"ARImageAnchor didUpdate"},{"content":{"transform":{"columns":[[0.9935933,0.0026764588,0.11298211,0],[-0.11285249,0.076895565,0.9906316,0],[-0.006036437,-0.9970354,0.076704964,0],[0.59665155,0.69153404,-0.72083694,0.9999999]]},"name":"Sailboat","identifier":"C35EAC54-3E90-1B97-807B-5E3B8F238DB7"},"timestamp":1742576931.762638,"label":"ARImageAnchor didUpdate"},{"label":"ARImageAnchor didAdd","timestamp":1742576934.405047,"content":{"transform":{"columns":[[-0.12534449,-0.014407736,0.99200857,0],[-0.9874695,0.098441884,-0.12334131,0],[-0.09587816,-0.9950384,-0.026566362,0],[1.2638129,0.7158097,-0.07551426,1]]},"name":"Mandrill","identifier":"A19C2489-597B-2BED-432C-244B551E75FD"}},{"label":"ARImageAnchor didUpdate","content":{"name":"Mandrill","identifier":"A19C2489-597B-2BED-432C-244B551E75FD","transform":{"columns":[[-0.12534449,-0.014407736,0.99200857,0],[-0.9874695,0.098441884,-0.12334131,0],[-0.09587816,-0.9950384,-0.026566362,0],[1.2638129,0.7158097,-0.07551426,1]]}},"timestamp":1742576934.413496},{"label":"ARImageAnchor didUpdate","content":{"transform":{"columns":[[-0.109304324,-0.015871497,0.9938816,0],[-0.99277943,0.051446136,-0.108361535,0],[-0.0494115,-0.9985496,-0.021380184,0],[1.2519525,0.71734667,-0.08453717,1]]},"name":"Mandrill","identifier":"A19C2489-597B-2BED-432C-244B551E75FD"},"timestamp":1742576934.9301848},{"label":"ARImageAnchor didUpdate","timestamp":1742576934.947052,"content":{"identifier":"A19C2489-597B-2BED-432C-244B551E75FD","transform":{"columns":[[-0.109304324,-0.015871497,0.9938816,0],[-0.99277943,0.051446136,-0.108361535,0],[-0.0494115,-0.9985496,-0.021380184,0],[1.2519525,0.71734667,-0.08453717,1]]},"name":"Mandrill"}},{"content":{"identifier":"61BB3DDD-C96C-6E82-3432-BD712CCBCB28","name":"Peppers","transform":{"columns":[[-0.11331137,-0.0057103634,0.993543,0],[-0.99353826,0.007173917,-0.11326964,0],[-0.0064807935,-0.9999579,-0.006486329,0],[1.2433245,0.09780754,0.65010923,1.0000001]]}},"label":"ARImageAnchor didAdd","timestamp":1742576938.621479},{"label":"ARImageAnchor didUpdate","timestamp":1742576938.632361,"content":{"transform":{"columns":[[-0.11331137,-0.0057103634,0.993543,0],[-0.99353826,0.007173917,-0.11326964,0],[-0.0064807935,-0.9999579,-0.006486329,0],[1.2433245,0.09780754,0.65010923,1.0000001]]},"identifier":"61BB3DDD-C96C-6E82-3432-BD712CCBCB28","name":"Peppers"}},{"label":"ARImageAnchor didUpdate","content":{"name":"Earth","identifier":"088EF783-5990-B052-BE99-B8AA15BA6C68","transform":{"columns":[[0.99573845,-0.0043914905,0.0921173,0],[-0.09216075,-0.011001422,0.9956833,0],[-0.0033591117,-0.9999297,-0.0113592595,0],[-1.2148142,0.5196935,-0.94037694,1]]}},"timestamp":1742576949.793933},{"content":{"name":"Earth","identifier":"088EF783-5990-B052-BE99-B8AA15BA6C68","transform":{"columns":[[0.99573845,-0.0043914905,0.0921173,0],[-0.09216075,-0.011001422,0.9956833,0],[-0.0033591117,-0.9999297,-0.0113592595,0],[-1.2148142,0.5196935,-0.94037694,1]]}},"label":"ARImageAnchor didUpdate","timestamp":1742576949.811363},{"timestamp":1742576957.459991,"label":"Bunny didUpdate","content":{"transform":{"columns":[[0.03623102,-1.979973e-05,-0.99934345,0],[0.0012994158,0.9999991,2.7297388e-05,0],[0.9993426,-0.0012995517,0.03623103,0],[0.08806143,-0.47679272,-0.60828483,0.99999994]]},"name":"bunny","identifier":"D90671BB-9DB7-4FE4-B94E-F822663BCF74"}}]